9.81
6.022e+23
0
0
0
3
0
1
254.16155488522446
2
2
0
0
1
1
0
1
60
7
1000.0
1.0


3
3
0
80.10220330563587
0
5.601050757580543
150.0
350.0
287.04
9.81
79000.0
40.0
20000.0
0.0
0.0
0.0
0.0
0.0280134
0.04401
0.0319988
0.039948
0.01604
0.01801528
0.048
99000.0
2.1153802199668344e+29
0.8
1e-06
1000000.0
0.6
3.0
0.0001
400
49
3.653609138145545
0
1
6
1.0
1
0
1
1
0.02
1000000000000.0
2
279.4766145427392
278.5975955851369
277.7060443446576
276.8015564171207
275.8837068012682
274.9520484511355
274.00611069761186
273.0453975246422
272.06938568359016
271.07752262704815
270.0692242407934
269.043872349582
268.0008119689703
266.9393482712588
265.8587432288518
264.75821189267896
263.6369182566563
262.49397065126414
261.3284165999244
260.1392370606417
258.9253399606372
257.68555291640257
256.41861501598123
255.12316751356036
253.79774325324735
252.44075460633462
251.05047966368815
249.62504636899692
248.16241421016232
246.66035299998197
245.1164181681709
243.5279218475023
241.89189885769443
240.20506645823744
238.46377643706666
236.66395769974923
234.80104698656731
232.86990461910247
230.86471118554547
228.77883969903627
226.60469583088891
224.3335160615481
221.95510958458476
219.45752386632455
216.82660479399948
214.045408461509
211.09339957967532
207.94533466474928
204.5697568166894
200.9216924166555
197.6377226148887
196.67018178650406
198.0181290459327
200.68068245037435
205.16233363002624
210.3179734360508
217.41027931602883
226.34971669618477
236.87164859147072
241.01696341590625
255.16155488522446
254.44711493219708
253.72230813176085
252.98669416466961
252.24002036903065
251.48180291297123
250.71175837218965
249.92935316294574
249.13426814546355
248.325912554727
247.50392555930776
246.6676503056627
245.81667700837602
244.9502719671962
244.0679675489317
243.16894010851763
242.2526531800482
241.31817708293366
240.36461823535882
239.39119888580748
238.3957986468976
237.37860745679453
236.340462259688
235.27432494957947
235.8363214796663
234.97248166650186
235.81159235552906
234.61735805770135
233.5983977013163
232.33804850160848
231.0418913572095
229.709617157615
228.3368579709651
226.9204849796652
225.45861330953528
223.94641908738095
222.38012456386946
220.7550650156049
219.06617019349673
217.30766058748915
215.47290770194132
213.55388088027564
211.54051104139666
209.42039724799744
207.17571079912574
205.44614513145214
205.6283293396755
206.3714628253328
207.43000585434908
208.6784528185646
209.83053389100806
210.90124129132624
211.93955829468382
213.0209622734503
214.49126290588364
215.90081203335507
217.68633304885032
220.08438474030643
223.82645146282866
226.99910962891758
991.675
975.0250000000001
958.375
941.7249999999999
925.075
908.425
891.7750000000001
875.125
858.4749999999999
841.825
825.175
808.5250000000001
791.875
775.225
758.575
741.925
725.2750000000001
708.625
691.975
675.325
658.675
642.0250000000001
625.375
608.725
592.075
575.425
558.7750000000001
542.125
525.4750000000001
508.82500000000005
492.17500000000007
475.52500000000003
458.87500000000006
442.2250000000001
425.57500000000005
408.925
392.27500000000003
375.62500000000006
358.9750000000001
342.32500000000005
325.675
309.02500000000003
292.37500000000006
275.7250000000001
259.0750000000001
242.42500000000007
225.77500000000003
209.12500000000006
192.47500000000008
175.8250000000001
159.17500000000007
142.52500000000003
125.87500000000006
109.22500000000008
92.5750000000001
75.92500000000013
59.27500000000009
42.62500000000006
25.97500000000008
9.325000000000045
991.675
975.0250000000001
958.375
941.7249999999999
925.075
908.425
891.7750000000001
875.125
858.4749999999999
841.825
825.175
808.5250000000001
791.875
775.225
758.575
741.925
725.2750000000001
708.625
691.975
675.325
658.675
642.0250000000001
625.375
608.725
592.075
575.425
558.7750000000001
542.125
525.4750000000001
508.82500000000005
492.17500000000007
475.52500000000003
458.87500000000006
442.2250000000001
425.57500000000005
408.925
392.27500000000003
375.62500000000006
358.9750000000001
342.32500000000005
325.675
309.02500000000003
292.37500000000006
275.7250000000001
259.0750000000001
242.42500000000007
225.77500000000003
209.12500000000006
192.47500000000008
175.8250000000001
159.17500000000007
142.52500000000003
125.87500000000006
109.22500000000008
92.5750000000001
75.92500000000013
59.27500000000009
42.62500000000006
25.97500000000008
9.325000000000045
69.65964609483309
209.96336205482993
352.2674055867251
496.63632525205287
643.1379571939118
791.8436561987817
942.8285476375728
1096.171802607906
1251.956938908143
1410.272150830173
1571.210671170959
1734.8711693426776
1901.3581900204351
2070.7826374200667
2243.2623110648465
2418.9224998014515
2597.8966418898162
2780.327060252488
2966.365783468721
3156.1754648891065
3349.930414598344
3547.8177613964863
3750.0387644617063
3956.81029862353
4168.366542475998
4384.960903758854
4606.868223245396
4834.387307297706
5067.843850176889
5307.5938209426295
5554.027407192067
5807.573630115998
6068.70577394616
6337.947809966757
6615.882043832129
6903.158279135265
7200.504875930029
7508.742198754304
7828.799107099085
8161.733360724893
8508.7571206729
8871.269167194507
9250.896095482298
9649.54569702944
10069.477166134639
10513.39498711899
10984.576879256965
11487.052055505976
12025.841476938853
12608.12356193767
13247.216786589124
13966.320744761131
14796.92405062396
15784.170248002867
16998.6151003239
18566.63110006795
20753.330521235723
24267.786072880794
32784.62680911598
56560.69457252452
63.067783025534304
190.6224123172678
320.0279170710419
451.36291097297
584.672503754005
720.0430777544713
857.5252349620956
997.2142403125637
1139.1670723603897
1283.4892050678109
1430.2450605306017
1579.5519120197116
1731.4829217744398
1886.1690831178657
2043.6938863113305
2204.2043832385953
2367.7963534112096
2534.635780075895
2704.882201478931
2878.674475764945
3056.391172504873
3237.9983805321144
3423.3466735647203
3613.6926204686306
3810.187985322901
4012.4548468896596
4220.182458415007
4433.3985761606655
4652.620481259062
4877.640616633133
5109.053828278243
5346.9153041435275
5592.004885735341
5844.881185665845
6105.880725466726
6375.864749465743
6655.507729203364
6945.642494731985
7247.174277821507
7561.134940225358
7888.707919824706
8231.32699340986
8590.789873862079
8969.310598840304
9370.072267681408
9798.357568835323
10260.591954261512
10763.489096135214
11315.108927704678
11925.321550069375
12606.880405861397
13377.469174920809
14262.677723209583
15302.130597389212
16559.184301816356
18146.43153272391
20298.723297139324
23655.444206894215
31684.152763866776
56560.69457252452
3.521179111399233e+23
3.521179111399233e+23
3.521179111399257e+23
3.521179111399233e+23
3.521179111399233e+23
3.521179111399233e+23
3.521179111399233e+23
3.521179111399257e+23
3.521179111399233e+23
3.521179111399233e+23
3.521179111399233e+23
3.521179111399233e+23
3.521179111399257e+23
3.5211791113992086e+23
3.521179111399257e+23
3.521179111399233e+23
3.521179111399233e+23
3.521179111399257e+23
3.5211791113992086e+23
3.521179111399257e+23
3.521179111399233e+23
3.521179111399233e+23
3.521179111399257e+23
3.5211791113992086e+23
3.521179111399257e+23
3.521179111399233e+23
3.521179111399233e+23
3.521179111399233e+23
3.521179111399233e+23
3.521179111399244e+23
3.521179111399244e+23
3.521179111399233e+23
3.521179111399233e+23
3.521179111399233e+23
3.521179111399257e+23
3.521179111399233e+23
3.521179111399233e+23
3.521179111399233e+23
3.521179111399233e+23
3.521179111399257e+23
3.521179111399233e+23
3.521179111399233e+23
3.521179111399233e+23
3.521179111399233e+23
3.521179111399233e+23
3.521179111399257e+23
3.521179111399233e+23
3.521179111399233e+23
3.521179111399233e+23
3.521179111399233e+23
3.521179111399257e+23
3.521179111399233e+23
3.521179111399233e+23
3.521179111399233e+23
3.521179111399233e+23
3.521179111399233e+23
3.521179111399257e+23
3.521179111399233e+23
3.521179111399233e+23
3.521179111399257e+23
3.521179111399233e+23
3.521179111399233e+23
3.521179111399257e+23
3.521179111399233e+23
3.521179111399233e+23
3.521179111399233e+23
3.521179111399233e+23
3.521179111399257e+23
3.521179111399233e+23
3.521179111399233e+23
3.521179111399233e+23
3.521179111399233e+23
3.521179111399257e+23
3.5211791113992086e+23
3.521179111399257e+23
3.521179111399233e+23
3.521179111399233e+23
3.521179111399257e+23
3.5211791113992086e+23
3.521179111399257e+23
3.521179111399233e+23
3.521179111399233e+23
3.521179111399257e+23
3.5211791113992086e+23
3.521179111399257e+23
3.521179111399233e+23
3.521179111399233e+23
3.521179111399233e+23
3.521179111399233e+23
3.521179111399244e+23
3.521179111399244e+23
3.521179111399233e+23
3.521179111399233e+23
3.521179111399233e+23
3.521179111399257e+23
3.521179111399233e+23
3.521179111399233e+23
3.521179111399233e+23
3.521179111399233e+23
3.521179111399257e+23
3.521179111399233e+23
3.521179111399233e+23
3.521179111399233e+23
3.521179111399233e+23
3.521179111399233e+23
3.521179111399257e+23
3.521179111399233e+23
3.521179111399233e+23
3.521179111399233e+23
3.521179111399233e+23
3.521179111399257e+23
3.521179111399233e+23
3.521179111399233e+23
3.521179111399233e+23
3.521179111399233e+23
3.521179111399233e+23
3.521179111399257e+23
3.521179111399233e+23
3.521179111399233e+23
3.521179111399257e+23
-1.6658889880414387
-3.646806728479649
-3.6370650574416863
-3.5699695139856185
-3.4785284361169904
-3.387504577755816
-3.3119813199590364
-3.2473413096071226
-3.191562134170235
-3.1447956473686145
-3.0917425185679965
-3.0362778278475924
-2.9702469391915143
-2.926368873907731
-2.8922057892064075
-2.8621589198205166
-2.859708471395006
-2.8511574163804365
-2.8364447674252204
-2.8303443858143233
-2.810173391010214
-2.776242890765515
-2.746524787340854
-2.697066124683718
-2.6392696918770016
-2.5900739630235625
-2.539871348025117
-2.484744090289506
-2.4451019587425176
-2.3943283619897784
-2.349033248247375
-2.313614367720806
-2.278388393834574
-2.253580479103086
-2.241504284168701
-2.2206516143636437
-2.2135583891307595
-2.2336264962340677
-2.2383378698156906
-2.2537711096461
-2.27605445382791
-2.271941530437937
-2.2933570108157575
-2.325419587328339
-2.268464641738824
-2.164823163916881
-1.9117001041618207
-1.570258317748247
-1.1939743037780781
-0.6611142827999672
-0.22885474473516393
-0.04970650295177792
-0.014642463447140208
-0.008304893203177843
-0.006654432119658521
-0.005922929281020423
-0.006017943365196149
-0.00541095261473544
-0.0027926299433491397
-0.0012916253159439978
0.4195056224613536
-1.6086571869333635
2.440577788425218
-1.2998112820879868
2.457590713697625
-1.2154268606532388
2.3895078208949068
-1.1459662464537217
2.324375299981473
-1.0572183355592855
2.2722657063472127
-0.9564809367501306
2.2323142667480234
-0.8502267206175869
2.189895092145995
-0.7539518611566642
2.1452365234567976
-0.6585971220314695
2.125897081970853
-0.44917529972094195
1.7962648060581554
-0.10898960631066235
1.4094382668466323
-15.517343965886669
0.38306679899157836
-1.067828043992334
0.6514887073324649
-1.3197610216476459
0.15136815705944362
-0.1690017010160494
-0.1317286425978399
-0.202604541785252
-0.7692356563996172
-0.27149473725128825
-0.5509290364258973
-0.4905486003042199
-0.5619049923707947
-0.6119999731577164
-0.6187058750930201
-0.6279808323318201
-0.6276052373166331
-0.5512336570195964
-0.4780631914597684
-0.3567250044509923
-0.1303775573844892
-0.019998645529791914
-0.017624263416587627
-0.01750380291235143
-0.01358479105075211
-0.00910996811173398
-0.005717296772121072
-0.003609879214381495
-0.002361332099908464
-0.0017268889479972738
-0.0013933196629060673
-0.001199867915611219
-0.0012434897850898408
-0.0012815373918105971
-0.0015485730382113067
0.000326208222813186
-2.58299332578207
-1.9395177643288548
-1.7920554522369798
-1.693714620420053
-1.5957161460570717
-1.5162846516062984
-1.4535389896544189
-1.4097628208059518
-1.378245123738111
-1.3601006854315187
-1.3369939649452647
-1.3105777500469173
-1.277415280141895
-1.2622246936056172
-1.264046599149367
-1.268028591794149
-1.2990648511272411
-1.3252674392263373
-1.3474764632107963
-1.3773375378657988
-1.3931197922515821
-1.396771195624126
-1.40494360187148
-1.3951859234589108
-1.370748852155998
-1.3570165895038144
-1.3456380998384532
-1.3279718317718334
-1.326780736142922
-1.3140626875601527
-1.3060419674062302
-1.304900285852085
-1.309368173725403
-1.320976214174891
-1.3459663407332982
-1.3637541893812113
-1.390554761120626
-1.4481871966351036
-1.4901399609841803
-1.5446292276243128
-1.6057844513717043
-1.6371723561847205
-1.6959869581224893
-1.7657559897833721
-1.7445873804477117
-1.6759536014748733
-1.4574679635441896
-1.1514191985162938
-0.8171096038650205
-0.34764623896347757
0.13373966158545159
0.3673514318783191
0.3078723173019
0.2674686947358964
0.23012387637120924
0.1932414051678677
0.158162679545228
0.12330843482456544
0.08725679953462873
0.040389684663921344
-1.8285275402124412
0.5971889566502817
-3.16885411119328
0.5790755254723976
-3.1115456769078165
0.5199304754651166
-3.0321529874125446
0.4823362169695429
-2.90897468104599
0.47498413382478333
-2.7584930980084508
0.48928367912478166
-2.5880921648018287
0.5168952713373471
-2.4235930357190156
0.5448920808797766
-2.2616765107445147
0.5813569123529518
-2.043340019736675
0.5387659594615855
-1.650794674093362
0.13219590096026934
-1.1977346376436486
-12.643988563514128
-1.9702799043548112
-1.009197259719187
-2.528050206531347
-0.9201243264502068
-2.1134973838486104
-1.39365182609464
-1.5590918698579088
-1.5685405561983714
-1.1519793509269078
-1.6457419445673196
-1.3409829621831193
-1.4638220367123722
-1.4468962191347998
-1.467574903960724
-1.4392778222898812
-1.4121096035194114
-1.376579934734508
-1.2644026623895286
-1.1556446936045006
-1.0265910287305076
-0.7626567170851217
-0.5229275830939741
-0.5138757907662352
-0.4829338448884357
-0.44668759179333506
-0.4083058987798722
-0.36986236653308424
-0.3319837558741199
-0.29466903681642975
-0.2576702364047776
-0.22106982691633448
-0.18454613937979047
-0.14817264968024801
-0.11186964781171582
-0.07565877350248229
-0.03833539468325853
-2.18465513338628
-2.1482806254153983
-2.111906117444517
-2.0755316094736354
-2.039157101502754
-2.002782593531872
-1.966408085560991
-1.9300335775901092
-1.8936590696192275
-1.857284561648346
-1.8209100536774645
-1.784535545706583
-1.7481610377357015
-1.7117865297648196
-1.6754120217939386
-1.6390375138230564
-1.6026630058521751
-1.5662884978812939
-1.5299139899104117
-1.4935394819395307
-1.457164973968649
-1.4207904659977673
-1.3844159580268858
-1.348041450056004
-1.3116669420851226
-1.275292434114241
-1.2389179261433594
-1.202543418172478
-1.1661689102015964
-1.129794402230715
-1.0934198942598334
-1.0570453862889517
-1.0206708783180702
-0.9842963703471886
-0.947921862376307
-0.9115473544054253
-0.8751728464345437
-0.8387983384636625
-0.8024238304927809
-0.7660493225218993
-0.7296748145510176
-0.6933003065801361
-0.6569257986092545
-0.620551290638373
-0.5841767826674914
-0.54780227469661
-0.5114277667257282
-0.47505325875484666
-0.4386787507839652
-0.4023042428130837
-0.3659297348422022
-0.32955522687132033
-0.2931807189004389
-0.25680621092955735
-0.22043170295867584
-0.18405719498779435
-0.1476826870169128
-0.11130817904603106
-0.07493367107514956
-0.03855916310426803
2.1899130423987208
2.153450990242782
2.1169889380868434
2.0805268859309045
2.044064833774966
2.007602781619027
1.9711407294630885
1.93467867730715
1.898216625151211
1.8617545729952725
1.8252925208393338
1.7888304686833953
1.7523684165274565
1.7159063643715176
1.6794443122155793
1.6429822600596402
1.6065202079037018
1.5700581557477629
1.5335961035918237
1.4971340514358855
1.4606719992799466
1.424209947124008
1.3877478949680693
1.3512858428121306
1.314823790656192
1.278361738500253
1.2418996863443146
1.2054376341883757
1.1689755820324372
1.1325135298764986
1.0960514777205599
1.059589425564621
1.0231273734086825
0.9866653212527438
0.9502032690968051
0.9137412169408663
0.8772791647849275
0.840817112628989
0.8043550604730503
0.7678930083171116
0.7314309561611728
0.694968904005234
0.6585068518492954
0.6220447996933568
0.585582747537418
0.5491206953814795
0.5126586432255406
0.4761965910696019
0.43973453891366326
0.4032724867577246
0.366810434601786
0.3303483824458471
0.29388633028990846
0.2574242781339698
0.2209622259780311
0.1845001738220925
0.1480381216661538
0.11157606951021491
0.07511401735427627
0.038651965198337614
-16.649999999999977
-16.649999999999977
-16.65000000000009
-16.649999999999977
-16.649999999999977
-16.649999999999977
-16.649999999999977
-16.65000000000009
-16.649999999999977
-16.649999999999977
-16.649999999999977
-16.649999999999977
-16.65000000000009
-16.649999999999864
-16.65000000000009
-16.649999999999977
-16.649999999999977
-16.65000000000009
-16.649999999999864
-16.65000000000009
-16.649999999999977
-16.649999999999977
-16.65000000000009
-16.649999999999864
-16.65000000000009
-16.649999999999977
-16.649999999999977
-16.649999999999977
-16.649999999999977
-16.650000000000034
-16.650000000000034
-16.649999999999977
-16.649999999999977
-16.649999999999977
-16.65000000000009
-16.649999999999977
-16.649999999999977
-16.649999999999977
-16.649999999999977
-16.65000000000009
-16.649999999999977
-16.649999999999977
-16.649999999999977
-16.649999999999977
-16.649999999999977
-16.65000000000009
-16.649999999999977
-16.649999999999977
-16.649999999999977
-16.649999999999977
-16.65000000000009
-16.649999999999977
-16.649999999999977
-16.649999999999977
-16.649999999999977
-16.649999999999977
-16.65000000000009
-16.649999999999977
-16.649999999999977
-16.65000000000009
-16.649999999999977
-16.649999999999977
-16.65000000000009
-16.649999999999977
-16.649999999999977
-16.649999999999977
-16.649999999999977
-16.65000000000009
-16.649999999999977
-16.649999999999977
-16.649999999999977
-16.649999999999977
-16.65000000000009
-16.649999999999864
-16.65000000000009
-16.649999999999977
-16.649999999999977
-16.65000000000009
-16.649999999999864
-16.65000000000009
-16.649999999999977
-16.649999999999977
-16.65000000000009
-16.649999999999864
-16.65000000000009
-16.649999999999977
-16.649999999999977
-16.649999999999977
-16.649999999999977
-16.650000000000034
-16.650000000000034
-16.649999999999977
-16.649999999999977
-16.649999999999977
-16.65000000000009
-16.649999999999977
-16.649999999999977
-16.649999999999977
-16.649999999999977
-16.65000000000009
-16.649999999999977
-16.649999999999977
-16.649999999999977
-16.649999999999977
-16.649999999999977
-16.65000000000009
-16.649999999999977
-16.649999999999977
-16.649999999999977
-16.649999999999977
-16.65000000000009
-16.649999999999977
-16.649999999999977
-16.649999999999977
-16.649999999999977
-16.649999999999977
-16.65000000000009
-16.649999999999977
-16.649999999999977
-16.65000000000009
280.4766145427392
279.60376311356276
278.7185766275347
277.82066063260413
276.9096007724609
275.9849614008991
275.04628407219553
274.0930858938519
273.12485772625627
272.1410622117478
271.14113161317226
270.1244654392383
269.09042783074943
268.03834467801494
266.96750043532643
265.87713459320094
264.7664377629808
263.63454732115565
262.4805425521965
261.3034392184763
260.10218347363104
258.8756450184673
257.62260938516175
256.3417692176246
255.03171438031998
253.69092069699855
252.31773708649453
250.91037081170563
249.46687049711204
247.98510649403644
246.46274807675135
244.8972368304143
243.28575543541422
241.6251908507985
239.9120906365002
238.14261080845694
236.31245316186536
234.41678938209307
232.45016842693565
230.40640251497908
228.27842545391724
226.05811477868437
223.73606591523563
221.3013018247577
218.74089447871523
216.0394636801075
213.17850181373427
210.13544591644012
206.88237198388217
203.38429022032034
199.789313178599
197.3273807708619
197.28173952876338
199.31446349831776
202.89276923342592
207.7142344803284
213.83884945073493
221.8534141617373
231.58372680860242
238.92852207685064
243.09540206332485
255.16155488522446
254.45506317743627
253.73267497916973
253.00544957656385
252.26144704498728
251.5121019852859
250.74501213286842
249.97201290372277
249.18020171438062
248.3818428687584
247.56349053290754
246.73786887791994
245.89094002561745
245.03592228334654
244.1581299432578
243.27131344681757
242.36007506242962
241.43873958987874
240.49112286820053
239.53162189472903
238.5442841690979
237.54082141690927
236.50990178889177
235.4645310226962
234.51971337630283
235.4044015730841
235.39203701101547
234.66972448112358
233.5631271540172
232.66355436521235
231.38556245112022
230.07124007641437
228.72101405193126
227.32572170311454
225.88826806933145
224.40197836285475
222.86387962502278
221.2693893158318
219.6137605284937
217.89159967161547
216.09674131647856
214.22209390051978
212.2586876731472
210.19535422276184
208.01846008634874
206.06478661478343
205.53723723556382
205.99989608250416
206.90073433984094
208.05422933645684
209.25449335478635
210.36588759116717
211.42039979300503
212.48026028406707
213.75611258966697
215.19603746961934
216.7935725411027
218.88535889457836
221.95541810156755
225.41278054587312
228.58543871196204
1000.0
983.35
966.7
950.05
933.4
916.75
900.1
883.45
866.8
850.15
833.5
816.85
800.2
783.55
766.9000000000001
750.25
733.6
716.95
700.3
683.6500000000001
667.0
650.35
633.7
617.05
600.4000000000001
583.75
567.1
550.45
533.8000000000001
517.1500000000001
500.50000000000006
483.85
467.20000000000005
450.55000000000007
433.9000000000001
417.25
400.6
383.95000000000005
367.30000000000007
350.6500000000001
334.0
317.35
300.70000000000005
284.05000000000007
267.4000000000001
250.7500000000001
234.10000000000002
217.45000000000005
200.80000000000007
184.1500000000001
167.5000000000001
150.85000000000002
134.20000000000005
117.55000000000007
100.90000000000009
84.25000000000011
67.60000000000014
50.950000000000045
34.30000000000007
17.65000000000009
1.0
1000.0
983.35
966.7
950.05
933.4
916.75
900.1
883.45
866.8
850.15
833.5
816.85
800.2
783.55
766.9000000000001
750.25
733.6
716.95
700.3
683.6500000000001
667.0
650.35
633.7
617.05
600.4000000000001
583.75
567.1
550.45
533.8000000000001
517.1500000000001
500.50000000000006
483.85
467.20000000000005
450.55000000000007
433.9000000000001
417.25
400.6
383.95000000000005
367.30000000000007
350.6500000000001
334.0
317.35
300.70000000000005
284.05000000000007
267.4000000000001
250.7500000000001
234.10000000000002
217.45000000000005
200.80000000000007
184.1500000000001
167.5000000000001
150.85000000000002
134.20000000000005
117.55000000000007
100.90000000000009
84.25000000000011
67.60000000000014
50.950000000000045
34.30000000000007
17.65000000000009
1.0
0.0
139.31929218966619
280.60743191999364
423.92737925345654
569.3452712506491
716.9306431371745
866.7566692603889
1018.9004260147567
1173.4431792010555
1330.4706986152303
1490.0736030451153
1652.3477392968025
1817.3945993885527
1985.3217806523176
2156.2434941878155
2330.281127941877
2507.5638716610256
2688.2294121186064
2872.42470838637
3060.3068585510714
3252.0440712271416
3447.8167579695473
3647.818764823425
3852.2587640999873
4061.361833147073
4275.371251804923
4494.550555712786
4719.185890778004
4949.588723817408
5186.098976536369
5429.088665348889
5678.966149035245
5936.181111196751
6201.230436695568
6474.665183237946
6757.098904426313
7049.217653844215
7351.792098015842
7665.692299492765
7991.905914705404
8331.56080674438
8685.95343460142
9056.584899787593
9445.207291177003
9853.884102881875
10285.070229387404
10741.719744850576
11227.434013663355
11746.670097348597
12305.012856529109
12911.23426734623
13583.19930583202
14349.442183690244
15244.405917557677
16323.934578448057
17673.29562219974
19459.966577936153
22046.694464535292
26488.877681226295
39080.375937005665
51671.87419278512
0.0
126.13556605106861
255.10925858346695
384.94657555861676
517.7792463873233
651.5657611206866
788.5203943882559
926.5300755359353
1067.898405089192
1210.4357396315872
1356.5426705040345
1503.9474505571688
1655.1563734822544
1807.8094700666252
1964.528696169106
2122.8590764535547
2285.5496900236362
2450.043016798783
2619.228543353008
2790.5358596048545
2966.8130919250348
3145.969253084711
3330.027507979518
3516.6658391499227
3710.7194017873385
3909.6565688584633
4115.253124920856
4325.111791909158
4541.685360412174
4763.555602105951
4991.725631160315
5226.38202539617
5467.4485828908855
5716.561188579796
5973.201182751894
6238.560268181558
6513.169230749929
6797.846227656799
7093.4387618071705
7400.909793835842
7721.360086614875
8056.055753034536
8406.598233785186
8774.98151393897
9163.63968374164
9576.504851621175
10020.210286049469
10500.973622473557
11026.00456979687
11604.213285612483
12246.429814526267
12967.330997196526
13787.607352645091
14737.748093774075
15866.513101004351
17251.855502628357
19041.007562819465
21556.43903145918
25754.44938232925
37613.8561454043
49473.26290847943
382.3622067606782
381.1295763818067
379.2136243970608
377.12829917058826
374.93879398683276
372.6910496379699
370.40324887423793
368.0891218649229
365.76940300203205
363.4572086576326
361.16216773045295
358.89926940755515
356.6739172595667
354.4908160352251
352.33623867868266
350.2054453574738
348.0930879924913
345.9906496367759
343.90710556266276
341.84379496621193
339.7949851016621
337.7690514406636
335.76759111967215
333.78892890090367
331.8388921191617
329.91783230345845
328.0208735594069
326.15080192500307
324.3108772537967
322.4985492852159
320.7220444196027
318.9845656703661
317.28078648902687
315.61618404942925
313.9905404500488
312.4035746073842
310.8684841217033
309.3820363627014
307.93663772930347
306.54760341987264
305.21049450154106
303.92852573954156
302.7195956756561
301.57799196019954
300.51083110655196
299.5485951362923
298.67639830998843
297.90748074483383
297.23457350836867
296.62809580857135
296.09366693119387
295.72713874886546
295.804963392479
296.27834700654154
297.02893559842335
297.92702713477365
298.9385414190909
300.04843146821474
301.2926032895397
302.6295430452404
304.04808892241084
249.60806401246253
248.10886093291612
245.94941330189667
245.59294006659158
243.33618910238718
242.88151629519632
240.61279777560367
240.0933491292592
237.8493048031931
237.29030288778682
235.08695329780224
234.4974441114664
232.33961433927615
231.721720628024
229.6047468731423
228.9538202201905
226.87225551568332
226.18646165520232
224.1381793017662
223.4226827909596
221.46248536901672
220.6805955939719
219.00402246439958
218.30852773119955
344.8790887354961
345.561255165339
345.0366999074581
345.0111029716676
343.989225205056
343.438031605694
342.3984670128987
341.4527319499556
340.4566760319142
339.3227404772498
338.4531641475761
337.424348376838
336.5146561276697
335.6284668594353
334.78540836891136
333.9881478743648
333.2267172430371
332.49936561472555
331.8180715129856
331.18005091909777
330.59681124984957
330.17658692765167
329.9786613518261
330.07336391974957
330.3506969350989
330.7464070556169
331.2153928566184
331.70567800925085
332.194262144753
332.6741756878618
333.1511038224109
333.6120264103648
334.0426858543499
334.4543948310953
334.87156721732117
335.30813409272173
336.1020057648087
350.9143924890475
349.1910881241479
346.7768775533417
344.1864527036046
341.4853019389326
338.7191307340784
335.9065118623345
333.0614635966194
330.2048218628084
327.3499006190982
324.5064782872934
321.6895993906401
318.9048815131596
316.1572836386067
313.4336092601346
310.7294690416664
308.0397538996861
305.3562627602476
302.6879560737135
300.0362494491938
297.3955450695468
294.774231472424
292.1739153953648
289.5929887222145
287.0372270219764
284.5069912239545
281.9974562745738
279.5113709812642
277.0519960275175
274.6168023432596
272.2139631957168
269.8466828925455
267.5096435363485
265.208285533568
262.9424039940047
260.7117276691643
258.529410888279
256.3922415423073
254.2926483843376
252.2459182317721
250.2476505595109
248.301081859198
246.4241040997968
244.6110838872646
242.8691812277451
241.2288958201994
239.6755080074113
238.22236374656
236.8623761694576
235.5661981810004
234.3396295265142
233.2787967869844
232.6607082345518
232.4375888621157
232.4928357844724
232.7135204136334
233.0728745998338
233.6072245110085
234.4496792046979
235.652323749
236.4606905616794
240.3648282792682
238.8458245359704
236.6650976723921
236.2861761743423
234.0059387356614
233.5267703414162
231.2326017359227
230.6868147554388
228.4155796676032
227.8286224642309
225.5966176352018
224.9778433469079
222.7902127004358
222.1420542513849
219.9944387674945
219.312554116693
217.1997553741976
216.4825070183388
214.4025573662802
213.6552054276349
211.662995849982
210.8489446569186
209.1400729379164
208.412162037237
189.0461868078796
189.734008640146
189.1595685785346
189.04055685131
187.8894499305773
187.1784362238602
185.9516668923654
184.7945571287634
183.5654880810681
182.178318858925
181.0371689869086
179.7199209770648
178.5055429194774
177.2998578483783
176.1236535004239
174.9798561619233
173.860161035957
172.7638230250313
171.7028860502073
170.67643566086
169.69682966326
168.8721803780089
168.2631175077773
167.9405785045114
167.7950554111431
167.7629815245903
167.8000453149919
167.8560848781266
167.9138701017798
167.9727367977424
168.0487274629933
168.159203567437
168.2980011067865
168.5140873354977
168.8667922916098
169.3995979026507
169.8313017170391
31.44781427163072
31.93848825765882
32.43674684371912
32.94184646698367
33.45349204790019
33.97191890389151
34.49673701190343
35.02765826830352
35.56458113922365
36.10730803853434
36.65568944315954
37.20967001691503
37.76903574640707
38.3335323966184
38.90262941854809
39.47597631580742
40.05333409280519
40.6343868765283
41.21914948894924
41.80754551701815
42.39944003211531
42.99481996823959
43.59367572430733
44.19594017868917
44.80166509718531
45.41084107950395
46.0234172848331
46.63943094373888
47.25888122627923
47.8817469419563
48.5080812238859
49.13788277782059
49.77114295267837
50.40789851586122
51.04813645604409
51.69184693821988
52.33907323342427
52.9897948203941
53.64398934496586
54.30168518810052
54.96284394203015
55.62744388034355
56.29549157585925
56.96690807293494
57.64164987880685
58.31969931609294
59.0008903025771
59.68511699827384
60.37219733891105
61.06189762757092
61.75403740467965
62.44834196188108
63.14425515792722
63.84075814442586
64.53609981395093
65.21350672114023
65.86566681925707
66.44120695720626
66.84292408484181
66.97721929624038
67.58739836073143
9.24323573319432
9.263036396945719
9.28431562950457
9.30676389224927
9.33025036672577
9.354745953780096
9.380196039680953
9.40653437382038
9.433725135589903
9.46168042355593
9.490335662600438
9.519600764558495
9.54940163884034
9.579666376639084
9.610308105647803
9.641266103497479
9.672500141485717
9.703954636863536
9.735621935485998
9.767477363324698
9.799489519034715
9.83165093705331
9.863949526483204
9.896365693962547
155.8329019276165
155.827246525193
155.8771313289235
155.9705461203576
156.0997752744787
156.2595953818338
156.4468001205333
156.6581748211922
156.8911879508461
157.1444216183248
157.4159951606675
157.7044273997732
158.0091132081923
158.328609011057
158.6617548684875
159.0082917124415
159.3665562070801
159.7355425896943
160.1151854627783
160.5036152582378
160.8999815865896
161.3044065496428
161.7155438440488
162.1327854152382
162.5556415239558
162.9834255310266
163.4153475416265
163.8495931311242
164.2803920429732
164.7014388901194
165.1023763594176
165.4528228429278
165.7446847475634
165.9403074955976
166.0047749257114
165.908536190071
166.2707040477696
550.411469139467
546.5958454348137
542.7403756857389
538.8629950070293
534.9797752028536
531.1363147079337
527.3322292925953
523.5645632936262
519.8350816099291
516.1446421417916
512.4895005291805
508.8896082413375
505.353678343302
501.8931618388185
498.4763597886707
495.0815198683123
491.70113391153563
488.29963070469296
484.89081919135344
481.48003213169204
478.0538847292762
474.6348312760262
471.23659975941064
467.8529939387706
464.50777123356977
461.2159625657106
457.9619872321552
454.74627749791284
451.5783809949347
448.43927229021097
445.34870473703756
442.3051840203948
439.2965045532035
436.32253393988043
433.37591412632514
430.4429819429272
427.544137267865
424.6671347477426
421.7735489177095
418.8943746472945
416.01263650133853
413.1248832879674
410.2787808678971
407.4411901943183
404.60827335088726
401.90145000018
399.35329957240106
397.1269140437024
395.30258760872084
393.8790003050585
392.99692518871774
392.7641366679747
393.2093127434665
393.99056867483085
395.0086259614485
396.13684137417016
397.3415970636553
398.6096497923244
399.9771300484739
401.40132660370904
402.8602621655435
219.28231543961076
215.95458481985185
214.39232614548274
210.8669987989843
209.1893233602524
205.62310487615358
203.87431683202618
200.3227151982691
198.5610070891726
195.09303049272037
193.36466503656047
190.01666275221623
188.34811665915072
185.1421307830967
183.54205229955244
180.46753261088153
178.93085998725414
175.98338961602875
174.5164641749455
171.75762764440228
170.3361961819209
167.90351173278276
166.35913450417067
164.46590513332708
278.3924775741094
277.10436409959755
275.57061158199747
273.0169644396756
271.0749623466138
268.4102713634032
265.97705494451316
263.47222801171233
260.9076315374725
258.621716631881
256.10639835764016
253.7365996247189
251.36308533883818
249.02999985146914
246.71936645698452
244.48282814014794
242.30928790530086
240.2053563422548
238.2596595781253
236.46599429063295
234.85616359265413
233.6732825533713
232.95242939445174
232.533256171609
232.32765534206987
232.27667787079452
232.33735777301607
232.45778055911552
232.61438093874347
232.79962544503587
233.0188833431802
233.2587361042178
233.5048494088231
233.7683857358883
234.07368847430243
234.43459657620042
235.1901328536042
276.9522153363301
271.0972909406785
265.1332159466445
259.0834362587102
252.9716522635171
246.8634253869816
240.7629486849194
234.6730259339958
228.6078786797737
222.5794750675247
216.5970777709978
210.6991780781554
204.9064774281857
199.2389130187471
193.6511746094134
188.1117556364523
182.6056169784396
177.0772310302764
171.5449800978378
166.0116912147723
160.4526999212299
154.8938393484607
149.3496465196084
143.8060800154891
138.295509483526
132.8338334850584
127.3974608690034
121.9943638900074
116.6344652000237
111.292823137023
106.0015933185737
100.7602754643674
95.55391784817007
90.39440094423504
85.27208213308835
80.16958491743036
75.1276123261609
70.13143773471413
65.1388015787121
60.20381334926601
55.29870747528831
50.41336080029161
45.61716690309296
40.86415123104373
36.16584611582645
31.70922093060947
27.53131406663087
23.82227447140909
20.64991711844811
17.98166935231695
15.95717676247299
14.6603721439041
14.08744413716763
13.87478476881439
13.88974490587073
13.90824835279361
13.83834109007068
13.37025141586459
11.83057425438343
7.257133386645051
0.0
188.2647459482502
184.85462509323
183.2096382572507
179.6014419362431
177.8410456752269
174.1928092340813
172.3630872947205
168.73197831633
166.8925853068376
163.3489112429957
161.5469843707126
158.1275623993349
156.3896754069383
153.1163804079486
151.4507056741829
148.3121614720418
146.7129135768106
143.7040960704582
142.177110813066
139.359479315801
137.8803293068257
135.391076340109
133.7912395756967
131.8435637771207
89.67222063954642
87.31130325616105
84.69257831440063
81.04418242255716
77.99839987830109
74.22197531128349
70.67390126111108
67.05122529563292
63.36627016261675
59.96429177362222
56.33745862258839
52.86223863440991
49.40018440928129
45.99400474071056
42.62289124087842
39.35168600918334
36.16067485132825
33.05474112100357
30.14470962749011
27.41418171412115
24.89720745635363
22.8603311982813
21.32264346393023
20.12545889490129
19.16625770116678
18.36932420717373
17.68114300917328
17.03176113141263
16.37149843779517
15.66828236091495
14.88981425783069
13.9363815450148
12.7343283423661
11.1359569742443
8.925069931431516
5.443323473089195
0.0
273.459253803137
275.4985544941352
277.6071597390943
279.7795587483191
282.0081229393365
284.2728893209521
286.569280607676
288.8915373596303
291.2272029301554
293.5651670742669
295.8924227581827
298.1904301631821
300.4472009151163
302.6542488200714
304.8251851792573
306.96976423186
309.095516933096
311.2223996744166
313.3458390935157
315.4683409169198
317.6011848080463
319.7409919275655
321.8869532398022
324.0469139232815
326.2122617500438
328.3821290806522
330.5645263631518
332.7519136079054
334.943915794911
337.146449153188
339.3471114184639
341.5449085560274
343.7425867050334
345.9281329956454
348.1038319932368
350.2733970254968
352.4165249417041
354.5356970130284
356.6347473389974
358.6905612980285
360.7139290260502
362.7115224876758
364.6616139648042
366.5770389632746
368.4424272350608
370.1922290695705
371.8219855057702
373.3046395722933
374.6526704902727
375.8973309527416
377.0397484262447
378.1037645240706
379.1218686062989
380.1157839060165
381.1188810555778
382.2285930213765
383.5032559735846
385.2393983764598
388.1465557940905
394.144193217064
402.8602621655435
31.01756949136055
31.09995972662184
31.18268788823205
31.2655568627412
31.3482776850255
31.43029564207227
31.5112295373057
31.5907368819391
31.66842178233501
31.74411924972465
31.81768066584785
31.88910035288135
31.95844125221242
32.02575037514808
32.09134662536953
32.15537113883975
32.21794641044355
32.27929354557053
32.33935336187948
32.39814832860128
32.45586687509521
32.51243539267375
32.56789492847398
32.62234135620639
188.720256934563
189.7930608434365
190.8780332675968
191.9727820171184
193.0765624683127
194.1882960521197
195.3031536834021
196.4210027160794
197.5413613748558
198.6574248582588
199.7689397350518
200.874360990309
201.9629009295569
203.0359951107586
204.0964752161061
205.1311421309646
206.1486130539726
207.1506152212512
208.1149499506352
209.0518125765118
209.9589561363005
210.81295135509
211.6297859305215
212.4077972767077
213.1613976409031
213.9073536636208
214.6562147638428
215.4260194277029
216.2428825009483
217.1313430841209
218.1290690853495
219.322354559203
220.770521066457
222.632428761644
225.1486185428709
228.9912731031112
235.1901328536042
168.0492623787889
165.46626905300684
163.52675128867799
161.734695836441
160.04098121602095
158.44526506996388
156.92898041835758
155.47544142870316
154.0656786078972
152.6874334841591
151.32733279872758
149.99033883378232
148.6797610837354
147.4023458035935
146.1401211099879
144.87607451083852
143.60804591904437
142.30898106791713
140.9837136286908
139.63623716548
138.2588996276142
136.86577983536262
135.4690086397385
134.064065037867
132.6688791144081
131.2981302622521
129.9411136727483
128.59547557290983
127.267503741138
125.94072300499508
124.62666031743493
123.3206183500287
122.01571806417661
120.70634989045121
119.38537367627632
118.03940733554302
116.6756531461618
115.28509838504118
113.83691118840608
112.3467712274219
110.80214199979758
109.19635754842588
107.55918519224116
105.86319823411867
104.0974422443353
102.35285486388759
100.67690126241271
99.21943329886852
98.06801410035223
97.25090449648721
96.90325825752373
97.03699791910918
97.4043493509875
97.7122216682894
97.9796903630253
98.20981423939651
98.40305564456438
98.5612183241096
98.68452675893417
98.7717835584688
98.81217324313272
-30.3257485728518
-32.15427611306424
-31.55708715641396
-34.72594126760724
-34.14686574213484
-37.25841141904266
-36.73848094357754
-39.77063393099009
-39.288297714020544
-42.197272395066534
-41.72228826124175
-44.4807813592502
-43.99149768012542
-46.57958984492725
-46.0626945735899
-48.48628760930892
-47.94139552842914
-50.203072039173655
-49.6217151268207
-51.66505514655738
-51.12628918709579
-52.777083861189155
-52.644887960228886
-53.842622597872534
-66.48661116138666
-68.45689106574147
-69.46608832546066
-71.99413853199201
-72.91426285844221
-75.02776024229082
-76.42141206838546
-77.98050393824337
-79.54904449444174
-80.70102384536865
-82.34676578993597
-83.68774875211909
-85.15157078883146
-86.59846700796626
-88.06604191192699
-89.50531973421687
-90.91742933773628
-92.29400927247079
-93.55841193486032
-94.71405662846482
-95.74064765719532
-96.50330437428045
-97.02623195737442
-97.54010774814066
-98.02304159302909
-98.46972918482243
-98.8780350836023
-99.24789745013538
-99.5798812060095
-99.87455024282593
-100.13222047923071
-100.35329030614704
-100.53783644552684
-100.68600909520708
-100.7978787430188
-100.87353751652128
-100.91187291120454
73.96217715271742
78.09379718346946
81.6436616066972
85.10301644489441
88.51364967541546
91.85570534709672
95.14356317741502
98.38843766262362
101.5969431830346
104.7704255515735
107.9094005162956
110.9904213124847
113.9984040849739
116.9183706198595
119.7824346507212
122.6177134052141
125.4341369212465
128.2790317299712
131.1429759758757
134.0245582344216
136.9428451483168
139.8803921239633
142.8242688757564
145.7869087067254
148.7417175384504
151.6731577388962
154.5999954055704
157.5170070912567
160.4175308274937
163.3239792062366
166.2123698771431
169.0864074281781
171.9557256881784
174.8138845893329
177.6703218609164
180.5421427517339
183.4017985621181
186.2608038075931
189.1538468056255
192.0421048825061
194.9489430842225
197.8877210589064
200.8069371967038
203.7469326562209
206.7033351119187
209.51967488959
212.1441939407804
214.4000892751509
216.2124590510095
217.5845288286835
218.3824527640413
218.6184246430803
218.5732640973842
218.5628040933012
218.6030908786016
218.8052720608398
219.2345335097631
220.2369730951439
222.6191049503144
228.3951903623549
236.4606905616794
52.10008233101803
53.99119944274037
53.45545941514144
56.68473423809917
56.16489306043457
59.33396110733483
58.86951444120228
61.95483643910881
61.52299436076566
64.47971122123525
64.04963326448916
66.85028094757305
66.4005372934975
69.02567384343624
68.54373309331163
71.00039264465119
70.48684179738697
72.77841094788064
72.22544655321418
74.29572611183394
73.7826665431563
75.4578683168096
75.34883336221966
76.56859826011637
99.3739661683332
102.422705383985
104.466990264134
107.9963744287528
109.8910500522762
112.9564609125767
115.2777656312543
117.7433318331305
120.1992179184514
122.2140270853027
124.6997103643202
126.8576823426549
129.1053585101961
131.3058531076678
133.5007622595455
135.62817015274
137.6994861846288
139.7090819040277
141.5581764227172
143.2622539467388
144.7996222069063
146.0118491797276
146.9404740438471
147.8151196096101
148.6287977099764
149.3936573174166
150.1189023058186
150.824323746714
151.5423716639846
152.3044544368274
153.1589132051626
154.2228220224222
155.5636727644204
157.3781303612534
159.9417223601783
163.9562744295615
169.8313017170391
242.0114395315063
243.5600662364763
245.1704128953752
246.8377122813354
248.5546308914364
250.3009704170606
252.0725435957726
253.8638790913268
255.6626217909318
257.4578590357326
259.2367333150232
260.980760146267
262.6781651687093
264.320716423453
265.9225557607091
267.4937879160526
269.0421828402909
270.5880127978883
272.1266896045665
273.6607953999016
275.201744775931
276.7461719593259
278.2932775154949
279.8509737445924
281.4105966528585
282.9712880011483
284.5411090783187
286.1124826641665
287.6850345686317
289.2647022112317
290.839030194578
292.4070257782068
293.971443752355
295.5202344797841
297.0556955371927
298.5815500872769
300.0774517082799
301.5459021926343
302.9907579940316
304.388876109928
305.7510850840201
307.0840786073323
308.366122388945
309.6101308903396
310.800777356254
311.8725297534776
312.8210952031931
313.6195225740194
314.2804731513617
314.8354333251707
315.285711021565
315.6554225621895
315.9776134483717
316.2750257615906
316.5827812416269
317.0150863002363
317.6375891543275
318.7981914192535
321.3036317092486
327.1669739208237
335.2728638048121
21.77433375816623
21.83692332967612
21.89837225872748
21.95879297049193
22.01802731829973
22.07554968829217
22.13103349762474
22.18420250811872
22.23469664674511
22.28243882616872
22.32734500324741
22.36949958832285
22.40903961337207
22.44608399850899
22.48103851972173
22.51410503534227
22.54544626895783
22.57533890870699
22.60373142639348
22.63067096527657
22.6563773560605
22.68078445562044
22.70394540199078
22.72597566224384
32.88735500694654
33.96581431824353
35.00090193867334
36.00223589676079
36.97678719383398
37.92870067028588
38.85635356286883
39.76282789488712
40.65017342400966
41.51300323993405
42.35294457438423
43.16993359053581
43.95378772136465
44.70738609970152
45.43472034761851
46.12285041852314
46.78205684689251
47.41507263155691
47.99976448785688
48.548197318274
49.05897454971097
49.50854480544715
49.91424208647269
50.27501186146944
50.6057561169473
50.92392813259417
51.24086722221631
51.5764262965786
51.9624904579751
52.42990419400146
53.0266927259319
53.86953171627516
55.02583631889356
56.69212126604632
59.14384361715949
63.08273691304021
68.91942880583457
-2.061087679958618
-1.7669860679155962
-1.7216609231700233
-1.6975830210705023
-1.6637137877182229
-1.6372939182873365
-1.616694599165165
-1.5996282011864007
-1.583282576894453
-1.5672407947036178
-1.5392796149414918
-1.5036084750612644
-1.4602900661412759
-1.43303272810755
-1.4194089105893228
-1.4107325308660317
-1.4258884695236698
-1.4362980230063067
-1.4459687454445647
-1.4651859736060866
-1.4756004241851937
-1.4794382955301415
-1.4895155489131344
3.653609138145545
-0.938257756415262
-0.9579094758496373
-0.9700404096957737
-0.9752635494527827
-0.9897386339733478
-0.9928883137020016
-0.9963523656944622
-1.0036573665240207
-1.010430616541576
-1.0211596425266802
-1.0405854366864922
-1.0512179052007273
-1.0662235855764883
-1.096776958136946
-1.114223975638619
-1.1382954954401239
-1.1677489203330311
-1.1823332804120659
-1.2112367310386012
-1.2386333015046147
-1.1987095414227158
-1.1237827149981423
-0.9598334254102164
-0.7503905947564775
-0.533735379662305
-0.24353515649426513
0.0505509881103631
0.2185531320528405
0.2422083468511498
0.28207729116766606
0.324783441388516
0.36864021072256037
0.3367902451830598
0.03602859931269209
-0.9293518404350718
-1.1271166086045494
0.0
-0.9261938665573008
0.3025167994388801
-1.6051172741237443
0.2933410039309147
-1.576089449677206
0.2633807574074372
-1.535875632488564
0.2443363539883742
-1.4734831957031929
0.240610489877693
-1.3972607365884988
0.2478520102667187
-1.310948271904118
0.2618368002022113
-1.2276249197522109
0.27601702504475517
-1.1456094924292888
0.29448681293615764
-1.0350152906993557
0.2729121389349911
-0.8361780213171562
0.0669692449407209
-0.6066878755920948
-6.401399715948782
-0.9976738480189601
-0.5108653372678372
-1.2802286857006937
-0.4657659760979136
-1.0702587419145118
-0.7056392619890456
-0.7894472091893763
-0.7942393767862548
-0.5832442076933358
-0.8333596584770201
-0.6789957651895171
-0.7412286145414422
-0.7326646983595162
-0.7431475224430543
-0.7288265012338309
-0.7150740242948559
-0.6970853099049941
-0.6402789073525412
-0.5852006714770909
-0.5198423926270545
-0.386169784049578
-0.2647524478456492
-0.2601816624776801
-0.2445180094609949
-0.22616199523168012
-0.20672070445138543
-0.1872417855251898
-0.16803889404977923
-0.149111838752817
-0.13032955675153812
-0.1117120228737431
-0.09311194335251416
-0.07452554009908285
-0.05588736864992794
-0.03707302405769575
-0.01756475979256278
0.0
-2.092811382837243
-1.79813163291003
-1.752285333299235
-1.727606119243765
-1.692869165051749
-1.665416045334694
-1.643643463817399
-1.625221299401536
-1.607480836736725
-1.590001618666664
-1.560645786647809
-1.523649449559335
-1.479066118430105
-1.450749526904329
-1.436168768365497
-1.426617924536006
-1.441039639259838
-1.450688851595378
-1.459623127582
-1.478215331111467
-1.487971232227015
-1.49117748727272
-1.500681649171491
-1.496714971637074
-1.484877935031868
-1.482546589217156
-1.477569383010841
-1.469217654625775
-1.472218695182067
-1.463071828764874
-1.455801466915818
-1.453410979426004
-1.447758370269353
-1.446886304121782
-1.454678650272367
-1.44851660763182
-1.448187073541816
-1.465428396671255
-1.463004665210468
-1.472416154278081
-1.488594776691067
-1.478686015817535
-1.48921147573368
-1.497522198430727
-1.426575508100384
-1.329411539280582
-1.142690615090403
-0.9180292642101276
-0.6950017734908612
-0.404176638249832
-0.1195280860308282
0.0228754104647853
0.0052983612835723
-0.0204066787911377
-0.102411905362587
-0.2174360758814625
-0.5077710339470752
-1.206633868752125
-2.92579114453519
-4.08546054569049
0.0
-0.9579175694359259
0.2713712344444462
-1.635741684252956
0.263317905757652
-1.605244827010732
0.2352586303600796
-1.562824497140798
0.2187432557732389
-1.497681455545465
0.2178496659146469
-1.418626908294816
0.2278110357686482
-1.329724324192947
0.2441200014054323
-1.244384777528385
0.2601316313747808
-1.160760662165457
0.2800959843470863
-1.048669672836791
0.2598827814296108
-0.8485488293589777
0.0552300531981425
-0.6178539758504513
-11.5517238257314
-1.544294026635566
-1.035502450635356
-1.787757659015761
-0.9597200812709058
-1.552738803123231
-1.175822777051918
-1.248896310410732
-1.243992989688238
-1.020571961421113
-1.259086320072122
-1.093088978775392
-1.138527316972535
-1.114628186324844
-1.111798960977363
-1.07760719080568
-1.049194683132813
-1.01793116626303
-0.9366316427580103
-0.8631754161721698
-0.7787312895531667
-0.6140357507272461
-0.470381272128089
-0.4430388521578667
-0.4121566789146451
-0.3874283890602364
-0.3673621862069523
-0.3573208596663811
-0.3637166156378344
-0.3860218243203945
-0.4328135267103419
-0.5389073696248461
-0.679188229956537
-0.9190868192292179
-1.298549836714745
-2.033512328157814
-2.975908696878504
0.0
0.031723702878625
0.0311455649944339
0.0306244101292116
0.0300230981732627
0.029155377333526
0.0281221270473576
0.0269488646522341
0.0255930982151353
0.0241982598422721
0.0227608239630461
0.0213661717063172
0.0200409744980705
0.0187760522888292
0.017716798796779
0.0167598577761741
0.0158853936699744
0.0151511697361682
0.0143908285890713
0.0136543821374353
0.0130293575053803
0.0123708080418214
0.0117391917425784
0.0111661002583565
5.150324109782619
0.546620178616606
0.5246371133675188
0.5075289733150673
0.4939541051729922
0.4824800612087192
0.4701835150628725
0.4594491012213557
0.4497536129019833
0.4373277537277772
0.425726661595102
0.4140932135858748
0.3972987024310928
0.3819634879653278
0.3686514385343088
0.348780689571849
0.334120658837957
0.3208458563580359
0.296352735405469
0.2779747446950789
0.2588888969261123
0.2278659666776681
0.2056288242824398
0.1828571896801866
0.1676386694536502
0.1612663938285563
0.1606414817555669
0.1700790741411913
0.1956777215880552
0.2369099855675775
0.3024839699588038
0.427195346751103
0.5860762866040229
0.844561279130135
1.242662468064817
1.996439304100118
2.958343937085941
0.0
0.031723702878625
0.0311455649944339
0.0306244101292116
0.0300230981732627
0.029155377333526
0.0281221270473576
0.0269488646522341
0.0255930982151353
0.0241982598422721
0.0227608239630461
0.0213661717063172
0.0200409744980705
0.0187760522888292
0.017716798796779
0.0167598577761741
0.0158853936699744
0.0151511697361682
0.0143908285890713
0.0136543821374353
0.0130293575053803
0.0123708080418214
0.0117391917425784
0.0111661002583565
5.150324109782619
0.546620178616606
0.5246371133675188
0.5075289733150673
0.4939541051729922
0.4824800612087192
0.4701835150628725
0.4594491012213557
0.4497536129019833
0.4373277537277772
0.425726661595102
0.4140932135858748
0.3972987024310928
0.3819634879653278
0.3686514385343088
0.348780689571849
0.334120658837957
0.3208458563580359
0.296352735405469
0.2779747446950789
0.2588888969261123
0.2278659666776681
0.2056288242824398
0.1828571896801866
0.1676386694536502
0.1612663938285563
0.1606414817555669
0.1700790741411913
0.1956777215880552
0.2369099855675775
0.3024839699588038
0.427195346751103
0.5860762866040229
0.844561279130135
1.242662468064817
1.996439304100118
2.958343937085941
0.0
1.0
1.0
1.0
1.0
1.0
1.0
1.0
1.0
1.0
1.0
1.0
1.0
1.0
1.0
1.0
1.0
1.0
1.0
1.0
1.0
1.0
1.0
1.0
1.0
1.0
1.0
1.0
0.0
1.0
1.0
0.0
1.0
0.0
1.0
1.0
1.0
1.0
0.0
1.0
1.0
1.0
1.0
0.0
1.0
1.0
1.0
0.0
1.0
1.0
1.0
0.0
0.0
0.0
0.0
0.0
0.0
0.0
0.0
0.0
0.0
0.0
1.0
1.0
1.0
1.0
1.0
1.0
1.0
1.0
1.0
1.0
1.0
1.0
1.0
1.0
1.0
1.0
1.0
1.0
1.0
1.0
1.0
1.0
1.0
0.0
0.0
0.0
0.0
1.0
0.0
0.0
1.0
1.0
0.0
0.0
1.0
0.0
1.0
1.0
1.0
0.0
0.0
1.0
1.0
0.0
0.0
0.0
0.0
0.0
0.0
0.0
0.0
0.0
0.0
0.0
0.0
0.0
0.0
0.0
0.0
0.0
0.0
1.0
1.0
1.0
1.0
1.0
1.0
1.0
1.0
1.0
1.0
1.0
1.0
1.0
1.0
1.0
1.0
0.7015986081859769
0.7015986081859769
0.7015986081859769
0.7015986081859769
0.7015986081859769
0.7015986081859769
0.7015986081859769
0.7015986081859769
0.7015986081859769
0.7015986081859769
0.7015986081859769
0.7015986081859769
0.7015986081859769
0.7015986081859769
0.7015986081859769
0.7015986081859769
0.7015986081859769
0.7015986081859769
0.7015986081859769
0.7015986081859769
0.7015986081859769
0.7015986081859769
0.7015986081859769
0.7015986081859769
0.7015986081859769
0.7015986081859769
0.7015986081859769
0.7015986081859769
0.7015986081859769
1.0
1.0
1.0
1.0
1.0
1.0
1.0
1.0
1.0
1.0
1.0
1.0
1.0
1.0
1.0
1.0
1.0
1.0
1.0
1.0
1.0
1.0
1.0
1.0
1.0
1.0
1.0
1.0
1.0
0.012713954004375586
0.012522643316805774
0.012241180006835217
0.011870308005544427
0.01135040266031158
0.010807615946805646
0.010242417305406388
0.009627244491207885
0.008979260998492836
0.008306093871310167
0.007603293920370283
0.0069122527476502965
0.006252357025018315
0.005701225607961229
0.0052255857915459785
0.004805950185013031
0.004468973961144485
0.004131997737275937
0.0038109840341600974
0.0035305558891282635
0.00325012774409643
0.0029850657439348524
0.0027512965008038796
0.0025175272576729076
0.00229981876900209
0.0021087215835990263
0.0019176243981959642
0.0017410619733969394
0.0015842915630374572
0.0014275211526779757
0.0012836469802999441
0.001154287935352099
0.0010249288904042534
0.0009090354256542688
0.0008056959447637976
0.0007023564638733273
0.0006122852173578464
0.0005324474494826503
0.00045260968160745426
0.0003851992836228362
0.0003256805706096482
0.0002661618575964602
0.0002166170653874699
0.00017224112879281296
0.00012786519219815638
9.253792268836469e-05
6.333616885667669e-05
4.20429840806223e-05
2.7624225201019283e-05
1.7049318260112626e-05
1.0628768167837769e-05
6.782626702029576e-06
4.202743077801144e-06
2.924316786566879e-06
2.568634166351592e-06
2.3954756135574008e-06
2.4150621409845113e-06
2.474259716154873e-06
2.722521816921607e-06
3.959857006500464e-06
0.0004
0.0004
0.0004
0.0004
0.0004
0.0004
0.0004
0.0004
0.0004
0.0004
0.0004
0.0004
0.0004
0.0004
0.0004
0.0004
0.0004
0.0004
0.0004
0.0004
0.0004
0.0004
0.0004
0.0004
0.0004
0.0004
0.0004
0.0004
0.0004
0.0004
0.0004
0.0004
0.0004
0.0004
0.0004
0.0004
0.0004
0.0004
0.0004
0.0004
0.0004
0.0004
0.0004
0.0004
0.0004
0.0004
0.0004
0.0004
0.0004
0.0004
0.0004
0.0004
0.0004
0.0004
0.0004
0.0004
0.0004
0.0004
0.0004
0.0004
1.162045634587232e-08
1.820430393861804e-08
2.3397995420096767e-08
2.725212375375048e-08
2.960057246018744e-08
3.1556832458202534e-08
3.319749498422714e-08
3.464152348962763e-08
3.592600138599948e-08
3.705020883204817e-08
3.780025092524557e-08
3.837559316289666e-08
3.8829381782503677e-08
3.913902643840657e-08
3.937410144042347e-08
3.955735715982691e-08
3.967034486289783e-08
3.978333256596876e-08
3.9893025990365636e-08
3.999434353600619e-08
4.009566108164673e-08
4.022175415018773e-08
4.0398301931018384e-08
4.0574849711849056e-08
4.077639849341144e-08
4.101937180544153e-08
4.126234511747164e-08
4.152830315333734e-08
4.182555953655365e-08
4.2122815919769966e-08
4.2490072217123994e-08
4.2936115651879853e-08
4.338215908663571e-08
4.392681279327238e-08
4.456340102804553e-08
4.519998926281867e-08
4.592997988028456e-08
4.6732009569508185e-08
4.753403925873179e-08
4.8485534159784347e-08
4.9531943139707e-08
5.057835211962966e-08
5.2002938603837294e-08
5.362351069436888e-08
5.5244082784900455e-08
5.751180313026143e-08
6.028929328200166e-08
6.387341799947444e-08
6.840970116114401e-08
7.370642590357204e-08
8.017592488363205e-08
9.04862884477832e-08
1.0938081657783701e-07
1.4422883304751184e-07
3.6525748107579245e-07
6.672230955892941e-07
1.5515058449280014e-06
3.6506609890247675e-06
7.375069553347444e-06
2.758957962742941e-06
0.0
0.0
0.0
0.0
0.0
0.0
0.0
0.0
0.0
0.0
0.0
0.0
0.0
0.0
0.0
0.0
0.0
0.0
0.0
0.0
0.0
0.0
0.0
0.0
0.0
0.0
0.0
0.0
0.0
0.0
0.0
0.0
0.0
0.0
0.0
0.0
0.0
0.0
0.0
0.0
0.0
0.0
0.0
0.0
0.0
0.0
0.0
0.0
0.0
0.0
0.0
0.0
0.0
0.0
0.0
0.0
0.0
0.0
0.0
0.0
0.0
0.0
0.0
0.0
0.0
0.0
0.0
0.0
0.0
0.0
0.0
0.0
0.0
0.0
0.0
0.0
0.0
0.0
0.0
0.0
0.0
0.0
0.0
0.0
0.0
0.0
0.0
0.0
0.0
0.0
0.0
0.0
0.0
0.0
0.0
0.0
0.0
0.0
0.0
0.0
0.0
0.0
0.0
0.0
0.0
0.0
0.0
0.0
0.0
0.0
0.0
0.0
0.0
0.0
0.0
0.0
0.0
0.0
0.0
0.0
0.0
0.0
0.0
0.0
0.0
0.0
0.0
0.0
0.0
0.0
0.0
0.0
0.0
0.0
0.0
0.0
0.0
0.0
0.0
0.0
0.0
0.0
0.0
0.0
0.0
0.0
0.0
0.0
0.0
0.0
0.0
0.0
0.0
0.0
0.0
0.0
0.0
0.0
0.0
0.0
0.0
0.0
0.0
0.0
0.0
0.0
0.0
0.0
0.0
0.0
0.0
0.0
0.0
0.0
0.0
0.0
0.0
0.0
0.0
0.0
0.0
0.0
0.0
0.0
0.0
0.0
0.0
0.0
0.0
0.0
0.0
0.0
0.0
0.0
0.0
0.0
0.0
0.0
0.0
0.0
0.0
0.0
0.0
0.0
0.0
0.0
0.0
0.0
0.0
0.0
0.0
0.0
0.0
0.0
0.0
0.0
0.0
0.0
0.0
0.0
0.0
0.0
0.0
0.0
0.0
0.0
0.0
0.0
0.0
0.0
0.0
0.0
0.0
0.0
0.0
0.0
0.0
0.0
0.0
0.0
0.0
0.0
0.0
0.0
0.0
0.0
0.0
0.0
0.0
0.0
0.0
0.0
0.0
0.0
0.0
0.0
0.0
0.0
0.0
0.0
0.0
0.0
0.0
0.0
0.0
0.0
0.0
0.0
0.0
0.0
0.0
0.0
0.0
0.0
0.0
0.0
0.0
0.0
0.0
0.0
0.0
0.0
0.0
0.0
0.0
0.0
0.0
0.0
0.0
0.0
0.0
0.0
0.0
0.0
0.0
0.0
0.0
0.0
0.0
0.0
0.003570119022669338
0.0034996041578075655
0.003409540347023282
0.003299771279415631
0.003151251770058267
0.0029839708546992886
0.0028011180721289387
0.002604291313674109
0.0024083964683669027
0.0022150455849895105
0.0020336640534813193
0.0018666491438649583
0.0017126801861556545
0.001583721655396795
0.0014696337966006803
0.001366684215309443
0.0012803628962826381
0.0011940415772558322
0.0011119462292084807
0.0010405956371620795
0.0009692450451156782
0.0009009175021233207
0.0008387463204264312
0.0007765751387295417
0.0007168764676946636
0.0006612745364002989
0.0006056726051059345
0.0005525506983162698
0.0005028058461713033
0.00045306099402633686
0.0004067486529023704
0.000364299712480764
0.00032185077205915737
0.00028328669611704324
0.00024834448609198
0.00021340227606691685
0.00018270909280556347
0.00015529308444175237
0.00012787707607794126
0.00010572038238966507
8.690348263609823e-05
6.808658288253137e-05
5.376356942586015e-05
4.17694544908324e-05
2.9775339555804754e-05
2.1103949537266697e-05
1.4453040429115102e-05
9.93672573768964e-06
6.927207350205891e-06
4.764876598171457e-06
3.525337907350755e-06
2.8814058790235313e-06
2.5001055366884254e-06
2.35643836583194e-06
2.312563767431987e-06
2.298500334632782e-06
2.429364117616755e-06
2.7212248126938336e-06
3.176123844993294e-06
4.107939098779703e-06
0.0004
0.0004
0.0004
0.0004
0.0004
0.0004
0.0004
0.0004
0.0004
0.0004
0.0004
0.0004
0.0004
0.0004
0.0004
0.0004
0.0004
0.0004
0.0004
0.0004
0.0004
0.0004
0.0004
0.0004
0.0004
0.0004
0.0004
0.0004
0.0004
0.0004
0.0004
0.0004
0.0004
0.0004
0.0004
0.0004
0.0004
0.0004
0.0004
0.0004
0.0004
0.0004
0.0004
0.0004
0.0004
0.0004
0.0004
0.0004
0.0004
0.0004
0.0004
0.0004
0.0004
0.0004
0.0004
0.0004
0.0004
0.0004
0.0004
0.0004
1.530423069415213e-08
1.6826539649258388e-08
1.808721999581265e-08
1.9096758113918802e-08
1.9842467105754935e-08
2.052806856901885e-08
2.1163789892716428e-08
2.1754826211472416e-08
2.232117428905451e-08
2.2864743870556376e-08
2.3362715353827973e-08
2.3835625440069187e-08
2.429093676573531e-08
2.4724873785834516e-08
2.5152500193879194e-08
2.5580282996960746e-08
2.6016884610834346e-08
2.645348622470795e-08
2.6897815907637448e-08
2.7361794617209027e-08
2.7825773326780614e-08
2.830593906361297e-08
2.8819069263256004e-08
2.933219946289905e-08
2.9860472421681895e-08
3.041383564361395e-08
3.0967198865545996e-08
3.1551824608466535e-08
3.217902059273311e-08
3.280621657699968e-08
3.354295970468272e-08
3.4403001638466414e-08
3.526304357225011e-08
3.64703563005798e-08
3.8001430195198023e-08
3.9532504089816245e-08
4.2062446211803566e-08
4.536279201979365e-08
4.8663137827783724e-08
5.5497766277502105e-08
6.457675097106768e-08
7.365573566463323e-08
8.992625995249775e-08
1.099237067352801e-07
1.299211535180623e-07
1.5591366465459985e-07
1.8534955496373646e-07
2.1795727292589614e-07
2.5520913026591375e-07
2.989581120925996e-07
3.5573084478974945e-07
4.5121005984659787e-07
5.904474839433308e-07
8.009882108699423e-07
1.2359227430857984e-06
1.7346680040168692e-06
2.5195929471898077e-06
3.6181427137168562e-06
5.093409992380401e-06
2.5854019949177616e-06
0.0
0.0
0.0
0.0
0.0
0.0
0.0
0.0
0.0
0.0
0.0
0.0
0.0
0.0
0.0
0.0
0.0
0.0
0.0
0.0
0.0
0.0
0.0
0.0
0.0
0.0
0.0
0.0
0.0
0.0
0.0
0.0
0.0
0.0
0.0
0.0
0.0
0.0
0.0
0.0
0.0
0.0
0.0
0.0
0.0
0.0
0.0
0.0
0.0
0.0
0.0
0.0
0.0
0.0
0.0
0.0
0.0
0.0
0.0
0.0
0.0
0.0
0.0
0.0
0.0
0.0
0.0
0.0
0.0
0.0
0.0
0.0
0.0
0.0
0.0
0.0
0.0
0.0
0.0
0.0
0.0
0.0
0.0
0.0
0.0
0.0
0.0
0.0
0.0
0.0
0.0
0.0
0.0
0.0
0.0
0.0
0.0
0.0
0.0
0.0
0.0
0.0
0.0
0.0
0.0
0.0
0.0
0.0
0.0
0.0
0.0
0.0
0.0
0.0
0.0
0.0
0.0
0.0
0.0
0.0
0.0
0.0
0.0
0.0
0.0
0.0
0.0
0.0
0.0
0.0
0.0
0.0
0.0
0.0
0.0
0.0
0.0
0.0
0.0
0.0
0.0
0.0
0.0
0.0
0.0
0.0
0.0
0.0
0.0
0.0
0.0
0.0
0.0
0.0
0.0
0.0
0.0
0.0
0.0
0.0
0.0
0.0
0.0
0.0
0.0
0.0
0.0
0.0
0.0
0.0
0.0
0.0
0.0
0.0
0.0
0.0
0.0
0.0
0.0
0.0
0.0
0.0
0.0
0.0
0.0
0.0
0.0
0.0
0.0
0.0
0.0
0.0
0.0
0.0
0.0
0.0
0.0
0.0
0.0
0.0
0.0
0.0
0.0
0.0
0.0
0.0
0.0
0.0
0.0
0.0
0.0
0.0
0.0
0.0
0.0
0.0
0.0
0.0
0.0
0.0
0.0
0.0
0.0
0.0
0.0
0.0
0.0
0.0
0.0
0.0
0.0
0.0
0.0
0.0
0.0
0.0
0.0
0.0
0.0
0.0
0.0
0.0
0.0
0.0
0.0
0.0
0.0
0.0
0.0
0.0
0.0
0.0
0.0
0.0
0.0
0.0
0.0
0.0
0.0
0.0
0.0
0.0
0.0
0.0
0.0
0.0
0.0
0.0
0.0
0.0
0.0
0.0
0.0
0.0
0.0
0.0
0.0
0.0
0.0
0.0
0.0
0.0
0.0
0.0
0.0
0.0
0.0
0.0
0.0
0.0
0.0
0.0
0.0
0.0
0.0
0.0
0.0
0.0
0.0
0.0
2
2
2
2
1
1
280.4766145427392
255.16155488522446
98.81217324313272
-100.91187291120454
0.0
0.0
-104.62835070887888
100.59479974450596
49.0
42.0
6.265115300673023
5.601050757580543
1.0
1.0
2.0
2.0
3.0
3.0
4.0
4.0
5.0
5.0
6.0
6.0
7.0
7.0
8.0
8.0
9.0
9.0
10.0
10.0
11.0
11.0
12.0
12.0
13.0
13.0
14.0
14.0
15.0
15.0
16.0
16.0
17.0
17.0
18.0
18.0
19.0
19.0
20.0
20.0
21.0
21.0
22.0
22.0
23.0
23.0
24.0
24.0
25.0
25.0
26.0
26.0
27.0
27.0
28.0
28.0
29.0
29.0
30.0
30.0
31.0
31.0
32.0
32.0
33.0
33.0
34.0
34.0
35.0
35.0
36.0
36.0
37.0
37.0
38.0
38.0
39.0
39.0
40.0
40.0
41.0
41.0
42.0
42.0
43.0
43.0
44.0
44.0
45.0
45.0
46.0
46.0
47.0
47.0
48.0
48.0
49.0
49.0
50.0
50.0
51.0
51.0
52.0
52.0
53.0
53.0
54.0
54.0
55.0
55.0
56.0
56.0
57.0
57.0
58.0
58.0
59.0
59.0
60.0
60.0
0.0
0.0
0.0
0.0
0.0
0.0
0.0
0.0
0.0
0.0
0.0
0.0
0.0
0.0
0.0
0.0
0.0
0.0
0.0
0.0
0.0
0.0
0.0
0.0
0.0
0.0
0.0
0.0
0.0
0.0
0.0
0.0
0.0
0.0
0.0
0.0
0.0
0.0
0.0
0.0
0.0
0.0
0.0
0.0
0.0
0.0
0.0
0.5
0.0
0.0
0.0
0.0
0.0
0.0
0.0
0.0
0.0
0.0
0.0
0.0
0.0
0.0
0.0
0.0
0.0
0.0
0.0
0.0
0.0
0.0
0.0
0.0
0.0
0.0
0.0
0.0
0.0
0.0
0.0
0.0
0.0
0.0
0.0
0.0
0.0
0.0
0.0
0.0
0.0
0.0
0.0
0.0
0.0
0.0
0.0
0.0
0.0
0.0
0.0
0.0
0.0
0.0
0.0
0.0
0.0
0.0
0.0
0.0
0.0
0.0
0.0
0.0
0.0
0.0
0.0
0.0
0.0
0.0
0.0
0.0
0.0
0.0
0.0
0.0
0.0
0.0
0.0
0.0
0.0
0.0
0.0
0.0
0.0
0.0
0.0
0.0
0.0
0.0
0.0
0.0
0.0
0.0
0.0
0.0
0.0
0.0
0.0
0.0
0.0
0.0
0.0
0.0
0.0
0.0
0.0
0.0
0.0
0.0
0.0
0.0
0.0
0.0
0.0
0.0
0.0
0.0
0.0
220.0
0.0
0.0
0.0
0.0
0.0
0.0
0.0
0.0
0.0
0.0
0.0
0.0
0.0
0.0
0.0
0.0
0.0
0.0
0.0
0.0
0.0
0.0
0.0
0.0
0.0
0.0
0.0
0.0
0.0
0.0
0.0
0.0
0.0
0.0
0.0
0.0
0.0
0.0
0.0
0.0
0.0
0.0
0.0
0.0
0.0
0.0
0.0
0.0
0.0
0.0
0.0
0.0
0.0
0.0
0.0
0.0
0.0
0.0
0.0
0.0
0.0
0.0
0.0
0.0
0.0
0.0
0.0
0.0
0.0
0.0
0.0
0.0
0.0
0.0
0.0
0.0
0.0
0.0
0.0
0.0
0.0
0.0
0.0
0.0
0.0
0.0
0.0
0.0
0.0
0.0
0.0
0.0
0.0
0.0
0.0
0.0
0.0
0.0
0.0
0.0
0.0
0.0
0.0
0.0
0.0
0.0
0.0
0.0
0.0
0.0
0.0
0.0
0.0
0.0
0.0
0.0
0.0
0.0
0.0
0.5
0.0
0.0
0.0
0.0
0.0
0.0
0.0
0.0
0.0
0.0
0.0
0.0
0.0
0.0
0.0
0.0
0.0
0.0
0.0
0.0
0.0
0.0
0.0
0.0
0.0
0.0
0.0
0.0
0.0
0.0
0.0
0.0
0.0
0.0
0.0
0.0
0.0
0.0
0.0
0.0
0.0
0.0
0.0
0.0
0.0
0.0
0.0
0.0
0.0
0.0
0.0
0.0
0.0
0.0
0.0
0.0
0.0
0.0
0.0
0.0
0.0
0.0
0.0
0.0
0.0
0.0
0.0
0.0
0.0
0.0
0.0
0.0
14.999999999999998
60.0
