9.81
6.022e+23
0
0
0
3
0
1
295.0
2
2
0
0
1
1
0
1
60
7
1000.0
1.0


3
3
0
82.89447300661956
0
4.450138748639506
150.0
1000.0
287.04
9.81
79000.0
40.0
20000.0
0.0
0.0
0.0
0.0
0.0280134
0.04401
0.0319988
0.039948
0.01604
0.01801528
0.048
99000.0
2.1153802199668344e+29
0.8
1e-06
1000000.0
0.6
3.0
0.0001
300
53
12.271618511609818
0
1
6
1.0
1
0
1
1
0.1
1000000000000.0
1
295.1829151237287
294.6575342464187
294.03941034115843
293.3863590776457
292.71220138672226
292.02121192250013
291.3138750848253
290.59199860203887
289.855841471448
289.1045084756454
288.3370906024611
287.5549221381841
286.7571624712859
285.943205463222
285.1113041607866
284.2627021512861
283.39716574702015
282.5130861093094
281.6097190199004
280.6874385226892
279.74568289700056
278.7824200808386
277.79706364124655
276.78747753767476
275.74533189055734
274.6197210803026
272.3343583776833
272.0880938600381
271.00309680614157
269.82985982437117
268.6075943425233
267.3424645641012
266.03416963763226
264.6814827097896
263.2828583591643
261.8348212727158
260.3317448631025
258.7657714140919
257.13132535590944
255.42977731539048
253.6519829929769
251.77546470212496
249.82377183357167
247.79069209204891
245.65304617435663
243.39486972987385
241.0153476974474
238.48843394237585
235.7685062639773
232.83531802005464
229.62508297955932
226.08785168940486
222.1548272744289
217.89795999621933
215.3068168199214
213.11538568155933
210.22191148485456
206.77679707139094
203.55081686237574
218.07103965462062
991.675
975.0250000000001
958.375
941.7249999999999
925.075
908.425
891.7750000000001
875.125
858.4749999999999
841.825
825.175
808.5250000000001
791.875
775.225
758.575
741.925
725.2750000000001
708.625
691.975
675.325
658.675
642.0250000000001
625.375
608.725
592.075
575.425
558.7750000000001
542.125
525.4750000000001
508.82500000000005
492.17500000000007
475.52500000000003
458.87500000000006
442.2250000000001
425.57500000000005
408.925
392.27500000000003
375.62500000000006
358.9750000000001
342.32500000000005
325.675
309.02500000000003
292.37500000000006
275.7250000000001
259.0750000000001
242.42500000000007
225.77500000000003
209.12500000000006
192.47500000000008
175.8250000000001
159.17500000000007
142.52500000000003
125.87500000000006
109.22500000000008
92.5750000000001
75.92500000000013
59.27500000000009
42.62500000000006
25.97500000000008
9.325000000000045
73.61383156217013
221.9632914429919
372.5869781601856
525.5514513193552
680.9316854081768
838.8080959489739
999.2662826730482
1162.3973564154026
1328.297597282192
1497.068530627376
1668.8180257093127
1843.6608316807356
2021.718566807582
2203.1200227307595
2388.002416702447
2576.5126436902183
2768.8072066788163
2965.0529620285865
3165.428837002805
3370.1270936129968
3579.353790942533
3793.330240863017
4012.2945995035125
4236.500568225558
4466.198593773703
4701.1704393647515
4942.145543958846
5190.026943306509
5444.8282478541405
5706.943679504536
5976.830800158923
6254.999154880832
6542.01401753513
6838.504261720112
7145.171201539719
7462.798170032709
7792.261990454441
8134.550064310037
8490.787923081949
8862.26395157005
9250.445257947136
9657.04517257155
10084.093492954325
10533.973215665903
11009.505972855233
11514.101196651882
12051.924399738258
12628.095284807208
13249.045913274924
13923.017035568057
14660.822389033568
15477.133360368334
16392.977650374516
17445.42632969348
18695.635299792448
20243.174312778094
22288.577126942742
25378.865163030176
32983.46470200722
56560.69457252452
3.521179111399233e+23
3.521179111399233e+23
3.521179111399257e+23
3.521179111399233e+23
3.521179111399233e+23
3.521179111399233e+23
3.521179111399233e+23
3.521179111399257e+23
3.521179111399233e+23
3.521179111399233e+23
3.521179111399233e+23
3.521179111399233e+23
3.521179111399257e+23
3.5211791113992086e+23
3.521179111399257e+23
3.521179111399233e+23
3.521179111399233e+23
3.521179111399257e+23
3.5211791113992086e+23
3.521179111399257e+23
3.521179111399233e+23
3.521179111399233e+23
3.521179111399257e+23
3.5211791113992086e+23
3.521179111399257e+23
3.521179111399233e+23
3.521179111399233e+23
3.521179111399233e+23
3.521179111399233e+23
3.521179111399244e+23
3.521179111399244e+23
3.521179111399233e+23
3.521179111399233e+23
3.521179111399233e+23
3.521179111399257e+23
3.521179111399233e+23
3.521179111399233e+23
3.521179111399233e+23
3.521179111399233e+23
3.521179111399257e+23
3.521179111399233e+23
3.521179111399233e+23
3.521179111399233e+23
3.521179111399233e+23
3.521179111399233e+23
3.521179111399257e+23
3.521179111399233e+23
3.521179111399233e+23
3.521179111399233e+23
3.521179111399233e+23
3.521179111399257e+23
3.521179111399233e+23
3.521179111399233e+23
3.521179111399233e+23
3.521179111399233e+23
3.521179111399233e+23
3.521179111399257e+23
3.521179111399233e+23
3.521179111399233e+23
3.521179111399257e+23
0.7613022086289716
1.3223770020767303
1.5395418199654731
1.6546858860399651
1.7267211875165969
1.774934953842199
1.8029235279498654
1.8199108819060332
1.8287420291461909
1.8275821081888557
1.8146441815923628
1.797604712808158
1.7752205291174388
1.7473520050268738
1.7092718888072707
1.6688742100517016
1.6280883246516606
1.583306120084249
1.5347453886259812
1.487524084625977
1.4431210222250592
1.3971773700795627
1.3516636440980547
1.3023881735614404
1.2193175343989973
0.886516972036361
-21.88176823093083
-0.5959504208489368
-0.3923861846317469
-0.4206414854150191
-0.5090113448952436
-0.6224121315948588
-0.7516049616571245
-0.890059887899727
-1.031227457699319
-1.175055092780159
-1.3287278838336687
-1.5066505023074268
-1.7111890824949159
-1.912776166801938
-2.1222966432959307
-2.401577634517344
-2.614999323501457
-2.7442760880023576
-2.83363817906352
-2.8864017384429204
-2.82872912998662
-2.6742979381973067
-2.4938448931464534
-2.2190038106857717
-1.9150195064792204
-1.518036220630715
-0.9250755102715503
0.013424181051153616
0.02918239912235171
0.047040913796809525
0.06407268781323994
0.07954903149256379
0.0657516100615558
0.10000902318246742
-3.375505071383344
-2.7455424997939843
-2.459495680619213
-2.2754739584070336
-2.134558903420057
-2.017467674702104
-1.920598333934123
-1.834738501890243
-1.757026638232432
-1.6893084599613104
-1.633369592179207
-1.5815304890361972
-1.5350373754379092
-1.4940276050295438
-1.4632310989677961
-1.434750386405426
-1.4066591776585682
-1.382563466144532
-1.3622466649413951
-1.3405904120207168
-1.316115892526767
-1.2931820492389647
-1.2698183760466009
-1.2502166531822212
-1.264410803340681
-1.5283380213271585
-24.22758443463114
-2.873045448503376
-2.600602906384111
-2.559974349239724
-2.579466468314621
-2.6239821053392944
-2.6843025896407795
-2.75388563072147
-2.826173111346492
-2.901120793846843
-2.985907334868614
-3.0949501464591265
-3.2306085274240957
-3.3633115867692993
-3.50394619601704
-3.714338503493053
-3.858864804940879
-3.9192418597866947
-3.9396864429928655
-3.9234948574166424
-3.796899077247218
-3.573480288398031
-3.3239953088069
-2.9800715769996486
-2.606908825742096
-2.140653250466528
-1.4781609692515474
-0.4711588966639795
-0.3881505195264481
-0.30217282903061005
-0.21765445570019892
-0.13497618349413187
-0.0803636388084783
0.023982165056622762
4.136790039170033
4.067912485017852
3.9990349308656707
3.9301573767134896
3.861279822561309
3.792402268409128
3.7235247142569468
3.654647160104766
3.5857696059525845
3.5168920518004034
3.4480144976482228
3.379136943496042
3.3102593893438605
3.2413818351916794
3.172504281039499
3.103626726887317
3.0347491727351366
2.965871618582956
2.896994064430774
2.8281165102785932
2.759238956126412
2.690361401974231
2.62148384782205
2.552606293669869
2.483728739517688
2.4148511853655066
2.345973631213326
2.277096077061145
2.208218522908964
2.139340968756783
2.070463414604602
2.0015858604524204
1.9327083063002397
1.8638307521480586
1.7949531979958777
1.7260756438436964
1.6571980896915153
1.5883205355393346
1.5194429813871535
1.4505654272349724
1.381687873082791
1.31281031893061
1.243932764778429
1.1750552106262482
1.106177656474067
1.0373001023218864
0.968422548169705
0.8995449940175237
0.8306674398653429
0.761789885713162
0.6929123315609811
0.6240347774087996
0.5551572232566185
0.48627966910443765
0.4174021149522567
0.34852456080007577
0.27964700664789477
0.21076945249571336
0.1418918983435324
0.07301434419135146
-16.649999999999977
-16.649999999999977
-16.65000000000009
-16.649999999999977
-16.649999999999977
-16.649999999999977
-16.649999999999977
-16.65000000000009
-16.649999999999977
-16.649999999999977
-16.649999999999977
-16.649999999999977
-16.65000000000009
-16.649999999999864
-16.65000000000009
-16.649999999999977
-16.649999999999977
-16.65000000000009
-16.649999999999864
-16.65000000000009
-16.649999999999977
-16.649999999999977
-16.65000000000009
-16.649999999999864
-16.65000000000009
-16.649999999999977
-16.649999999999977
-16.649999999999977
-16.649999999999977
-16.650000000000034
-16.650000000000034
-16.649999999999977
-16.649999999999977
-16.649999999999977
-16.65000000000009
-16.649999999999977
-16.649999999999977
-16.649999999999977
-16.649999999999977
-16.65000000000009
-16.649999999999977
-16.649999999999977
-16.649999999999977
-16.649999999999977
-16.649999999999977
-16.65000000000009
-16.649999999999977
-16.649999999999977
-16.649999999999977
-16.649999999999977
-16.65000000000009
-16.649999999999977
-16.649999999999977
-16.649999999999977
-16.649999999999977
-16.649999999999977
-16.65000000000009
-16.649999999999977
-16.649999999999977
-16.65000000000009
295.0
294.3448164714587
293.67964864048923
293.0042238620125
292.31822238214755
291.6212966610298
290.9130785180601
290.19317427247535
289.46116669332406
288.7166160918955
287.95905855307717
287.18799792564874
286.40290906152865
285.6032346724828
284.7883857654019
283.95773006177353
283.1105924341357
282.246255089957
281.3639507538596
280.4628541989264
279.5420794668197
278.6006785328543
277.63762968464476
276.6518349789402
275.6421343464723
274.6074588109846
273.55081971666414
272.46271351016134
271.545583456832
270.416466044703
269.23326124973283
268.01439577793735
266.7574857017463
265.45988385447066
264.11864025326395
262.7304629908348
261.29167209305683
259.7981435637677
258.24521325173293
256.6275277656612
254.93897351460168
253.17260641964887
251.32012144407443
249.37175786349525
247.31606707154245
245.139384365464
242.82502955595066
240.3526086135198
237.69694879298416
234.82597570804734
231.69841877942272
228.25930332322628
224.43302461046994
220.10803499787278
216.59705578996898
214.20201756299187
211.65563244488726
208.48280201575315
205.14731087219292
210.79188562498138
225.30358791333322
1000.0
983.35
966.7
950.05
933.4
916.75
900.1
883.45
866.8
850.15
833.5
816.85
800.2
783.55
766.9000000000001
750.25
733.6
716.95
700.3
683.6500000000001
667.0
650.35
633.7
617.05
600.4000000000001
583.75
567.1
550.45
533.8000000000001
517.1500000000001
500.50000000000006
483.85
467.20000000000005
450.55000000000007
433.9000000000001
417.25
400.6
383.95000000000005
367.30000000000007
350.6500000000001
334.0
317.35
300.70000000000005
284.05000000000007
267.4000000000001
250.7500000000001
234.10000000000002
217.45000000000005
200.80000000000007
184.1500000000001
167.5000000000001
150.85000000000002
134.20000000000005
117.55000000000007
100.90000000000009
84.25000000000011
67.60000000000014
50.950000000000045
34.30000000000007
17.65000000000009
1.0
0.0
147.22766312434027
296.69891976164354
448.4750365587276
602.6278660799828
759.2355047363708
918.380687161577
1080.1518781845193
1244.6428346462858
1411.9523599180984
1582.1847013366537
1755.451350081972
1931.8703132794994
2111.5668203356645
2294.6732251258545
2481.3316082790398
2671.6936791013964
2865.9207342562363
3064.1851898009368
3266.672484204673
3473.5817030213207
3685.125878863745
3901.5346028622885
4123.054596144736
4349.9465403063805
4582.450647241024
4819.890231488479
5064.4008564292135
5315.653030183804
5574.003465524478
5839.8838934845935
6113.777706833252
6396.220602928413
6687.807432141846
6989.201091298377
7301.141311781061
7624.455028284358
7960.068952624522
8309.031175995551
8672.544670168347
9051.983232971756
9448.907282922517
9865.183062220585
10303.003923688068
10764.942507643738
11254.069438066728
11774.132955237035
12329.71584423948
12926.474725374936
13571.617101174912
14274.416969961201
15047.227808105936
15907.038912630733
16878.916388118298
18011.936271268667
19379.334328316225
21107.014297239966
23470.139956645515
27287.59036941484
38679.33903459961
50071.08769978445
472.90899164853255
471.81991649098103
470.0309031302238
467.95991907715444
465.73142386109714
463.38696932220137
460.95373674345524
458.4533093925567
455.8932265358067
453.28104796050786
450.6221557264097
447.9261780620657
445.18974567753605
442.41849746726473
439.61809012601395
436.7944116544555
433.95195246974845
431.0992254603024
428.2356386063818
425.36254331323073
422.49137171318523
419.6204165621215
416.74958444857816
413.87824860859706
411.0078342138406
408.1296976762607
405.2004294442475
429.43470314063666
427.71301410832103
425.3657779946673
422.85864768618933
420.27962682703014
417.65938840622994
415.0083035733661
412.33696492040013
409.6547249272447
406.9674810178299
404.27524092270096
401.5726016146617
398.864975908686
396.17597384789985
393.5141241192975
390.8633203861877
388.28517885783526
385.80642450550016
383.42127046052553
381.10484357877465
378.8791144469205
376.74890025309907
374.6728467317635
372.65621633064416
370.68278366325995
368.6915801514339
366.6713729940128
364.7837376959318
363.3384877573575
361.92102636015545
360.5164428953151
359.30763350056895
358.84207688748324
360.1897893049927
429.4301781285403
428.3842871566973
426.6290216338739
424.5840564995069
422.3748888969054
420.0439892661533
417.6192028154579
415.1226351048677
412.5622605247585
409.9459639401286
407.2793534797156
404.5722695026516
401.8214798771344
399.0327630351914
396.2119268306775
393.3649791603258
390.4965062285019
387.6150616430783
384.7201809725886
381.8133577066469
378.906014727224
375.9965773886036
373.0850784441005
370.1710182270701
367.2559009121166
364.3312116903317
361.3536928645178
340.8901377598944
339.0801229639851
336.6152774669811
333.9633842344905
331.2155911017543
328.4049892850441
325.5438353813143
322.6439869237438
319.7157158297768
316.7655649188435
313.7943067176991
310.7974338491648
307.7806330140166
304.7675643157244
301.7669242068093
298.7629791075396
295.8173259347488
292.9569059990529
290.1762966767175
287.452124699794
284.8062280896848
282.2436940447143
279.7245654150027
277.2538866579652
274.8162292241979
272.3555724698829
269.864887839293
267.5133299992948
265.6235091909997
263.7890083144084
261.9920234578473
260.3951140304011
259.5618710710142
260.3180150368817
43.47881351999225
43.43562933428371
43.4018814963499
43.37586257764753
43.3565349641917
43.3429800560481
43.3345339279973
43.33067428768902
43.3309660110482
43.3350840203793
43.34280224669409
43.35390855941407
43.36826580040166
43.38573443207329
43.40616329533646
43.4294324941297
43.45544624124655
43.48416381722411
43.51545763379324
43.54918560658382
43.58535698596127
43.62383917351789
43.66450600447771
43.707230381527
43.75193330172404
43.798485985929
43.8467365797297
88.54456538074228
88.63289114433591
88.75050052768621
88.89526345169887
89.06403572527589
89.25439912118581
89.46446819205184
89.69297799665635
89.93900909746787
90.20191609898644
90.48093420500184
90.7751677654969
91.08434289466942
91.40840953217545
91.74719991248821
92.10034127864812
92.46785292308648
92.84951850644728
93.244973783808
93.65271887898066
94.07288635723569
94.50520620838478
94.94828131676083
95.40232967267895
95.86655443906206
96.33600768155107
96.80648515471982
97.270407696637
97.71497856635779
98.13201804574703
98.52441943746778
98.91251947016785
99.28020581646908
99.871774268111
432.3765960843039
427.91201585536896
423.3774599948177
418.84698026112915
414.3430110866648
409.86399764434896
405.41329739090077
400.99227170606804
396.5974503474279
392.2282451338966
387.88004443983704
383.5506971833139
379.2327343097481
374.9264487240388
370.6320137777586
366.3451042072324
362.0678946361199
357.8085084490152
353.56235812895
349.3270161708577
345.1152541587914
340.9281831152009
336.76416895241863
332.6230147363909
328.5023836884522
324.3598363475316
319.9022300941912
319.9089193559492
315.3141848751302
310.3663458550924
305.2992411973749
300.1407538699011
294.8965333437614
289.56114592125687
284.1359216375694
278.6275085330675
273.0391438298058
267.3609963998082
261.5634069453098
255.62517271191012
249.57285906435462
243.40706313973521
237.0419209031324
230.60491456983908
224.2069183577173
217.88207786974974
211.6421561305823
205.61952792148077
199.9158334392614
194.5157846091189
189.51908263099983
184.9387411378737
180.80688437558118
177.3085162489085
174.94972205416354
173.11632159606273
171.39668736982998
169.77444944928945
168.43066387104926
167.8847436191551
169.2564382017211
366.9949217933518
362.2980295832726
357.5313298466294
352.769060450782
348.0339259854393
343.324187748792
338.6431226046259
333.9920363425335
329.3673890110233
324.7686398241789
320.1913527199849
315.6335314686215
311.0880153992592
306.5553615476447
302.0359428818368
297.5257146774138
293.0272080711585
288.549172111564
284.0871884137903
279.6389635516785
275.2182021353118
270.8260900517349
266.4610320580899
262.1228030423716
257.8091351423139
253.477167625964
248.8329472378809
202.2903851451745
196.7251088291584
190.7763435025395
184.6868572346796
178.4845950456987
172.1736912103111
165.7457689401276
159.1994128470805
152.5377471856675
145.7597559711892
138.8476588312854
131.7589641888713
124.4616459813116
116.9828928529194
109.3217295403561
101.3797708640215
93.3279818305741
85.31596162247212
77.39330274057573
69.5818775729015
62.04260016486499
54.89289222451633
48.0993607582261
41.75568842350703
35.85113352305732
30.37528360306178
25.50126490936599
21.70261609407332
18.38613497985101
14.92229154152186
11.22105703544276
7.423601499587862
3.652820028888623
0.0
65.3816742909521
65.61398627209638
65.84613014818831
66.07791981034715
66.30908510122548
66.53980989555694
66.77017478627488
67.00023536353456
67.2300613364046
67.45960530971772
67.68869171985216
67.91716571469236
68.14471891048889
68.3710871763941
68.59607089592178
68.81938952981858
69.04068656496138
69.25933633745122
69.4751697151597
69.68805261917917
69.8970520234796
70.10209306346599
70.30313689432872
70.50021169401933
70.69324854613832
70.8826687215676
71.06928285631035
117.6185342107747
118.5890760459718
119.5900023525529
120.6123839626953
121.6561588242024
122.7228421334503
123.8153769811293
124.9365087904889
126.0897613474
127.2793878586166
128.5133375685228
129.8044427564385
131.1635267305985
132.5899662114352
134.0853335993791
135.6621500391109
137.276932739265
138.8909567352452
140.488775129174
142.0602785576808
143.5769277566158
145.0229412147451
146.4164238508928
147.7633942074928
149.0876076148164
150.4316007725194
151.8072513395425
153.2471059600902
154.7301866162117
156.4743958283081
158.5533924138467
161.0070623714614
164.2319235902665
169.2564382017211
-40.53239556422872
-43.907900635612066
-46.65344313540605
-49.11293881602526
-51.3884127744323
-53.522971677852354
-55.54043935255446
-57.46103768648858
-59.295776188378824
-61.052802826611256
-62.742111286572566
-64.37548087875177
-65.95701136778797
-67.49204874322588
-68.98607634825542
-70.44930744722322
-71.88405783362865
-73.29071701128721
-74.67328047743175
-76.03552714237314
-77.37611755439386
-78.69223344692062
-79.98541549615959
-81.25523387220619
-82.50545052538841
-83.76986132872909
-85.29819935005625
-109.52578378468739
-112.39882923319077
-114.99943213957488
-117.5594064888146
-120.13887295712922
-122.76285506246852
-125.4471576521093
-128.20104328283077
-131.02721639417726
-133.9283371880241
-136.91424452289272
-140.00919466935184
-143.23980319677594
-146.60311478354524
-150.10706097956228
-153.82139948305533
-157.6802642879962
-161.5995061477829
-165.53919259077577
-169.4626874481924
-173.25958652543963
-176.83306681383766
-180.15706212264456
-183.1371336996442
-185.7440425253863
-187.88469577585283
-189.36285674510438
-189.83401564176836
-190.2221661612948
-190.52433899032542
-190.74199344602562
-190.87696962951975
-190.95733326832823
-190.9333511032716
62.43525633518857
66.08625757342475
69.09769178724446
71.81499604872488
74.34096291146608
76.71980151736119
78.97608021083204
81.13059876233412
83.19487151373522
85.17732411594967
87.08800075973063
88.93873803403007
90.7334644778752
92.47740148754669
94.17598394884077
95.83926448291209
97.46929815734347
99.06588953151432
100.6329925587982
102.1743941549685
103.6878125919122
105.1704873368687
106.6240463860106
108.0482151846985
109.4467657698027
110.8540440643677
112.5207456266369
138.5997526147198
142.3550141348267
145.8389339644416
149.276526999811
152.7309960560557
156.231298074733
159.7980664411867
163.4445740766633
167.1779686441094
171.0058089476543
174.9466478864137
179.0384696602935
183.318987032705
187.784671462805
192.4451946664532
197.3832082435181
202.4893441041747
207.6409443765808
212.7829939361418
217.8702471268925
222.7636279248198
227.350801820198
231.6252046567766
235.4981982344581
238.9650957011406
241.9802888668212
244.363622929927
245.8107139052216
247.2373742111487
248.8667167728865
250.7709664224045
252.9715125308133
255.9090510421256
260.3180150368817
21.90286077095985
22.17835693781268
22.44424865183841
22.70205723269962
22.95255013703378
23.19682983950884
23.43564085827758
23.66956107584554
23.8990953253564
24.12452128933842
24.34588947315807
24.5632571552783
24.77645311008723
24.98535274432081
25.18990760058534
25.38995703568887
25.58524032371482
25.7751725202271
25.95971208136645
26.13886701259536
26.31169503751834
26.47825388994808
26.63863088985101
26.79298131249232
26.94131524441428
27.0841827356386
27.22254627658065
29.0739688300324
29.95618490163592
30.83950182486672
31.71712051099641
32.59212309892646
33.46844301226447
34.35090878907741
35.24353079383251
36.15075224993214
37.07747175963017
38.032403363521
39.02927499094164
40.07918383592906
41.18155667925976
42.33813368689093
43.56180876046278
44.80907981617849
46.04143822879789
47.24380134536601
48.4075596787001
49.50404139938016
50.51773500636034
51.46814253413202
52.36106453481389
53.2210531757543
54.09559309096837
55.00076618482263
55.97669826345323
57.01520804985391
58.34237778256107
60.02897297637891
62.09454290129356
64.9517177737974
69.3846639336101
-1.7097249815034952
-1.390629752617794
-1.2457395087104641
-1.1525283339705255
-1.0811518576560022
-1.02184275385087
-0.9727765665718632
-0.9292869237612064
-0.8899244263642809
-0.8556240673330001
-0.8272903266595498
-0.8010333158621975
-0.7774842770363062
-0.7567127604742312
-0.7411146738228627
-0.7266897011163191
-0.712462211592972
-0.7002585956429656
-0.6899691286105892
-0.6790014812281494
-0.6666062640139547
-0.6549914259518064
-0.6431588145625378
-0.6332317606000509
-0.6404233345737564
-0.7741132167965584
-12.271538769017658
-1.4550187798282312
-1.3170166660306601
-1.2964386772405339
-1.3063129543367487
-1.3288612774722977
-1.359413780304028
-1.39465682158133
-1.4312683459807725
-1.469225800953911
-1.5121642178711099
-1.5673849326527702
-1.636083848824895
-1.7032859723089104
-1.7745051531866385
-1.8810549759899782
-1.9542551561170818
-1.984843001160654
-1.9952084293608685
-1.9870190788808908
-1.9229152116932315
-1.8097719987210605
-1.6834191470890603
-1.5092278919812703
-1.3202182447838071
-1.084038717262127
-0.7484532645610413
-0.23834869992733293
-0.1962821550260062
-0.1526397545501207
-0.10971407778513653
-0.06771426922266399
-0.03979970951495715
0.013555517396107053
0.0
-1.849360999622879
-1.525397726421669
-1.376410523409916
-1.279491377151691
-1.20496572174953
-1.142884800006504
-1.091339696186142
-1.045627012953225
-1.004182219315672
-0.9678251628328443
-0.9374637564601987
-0.9090922937737924
-0.883365652607514
-0.8603919729368169
-0.8425103007166886
-0.8256695927667563
-0.8087298872438303
-0.7937929986706594
-0.7807743166066143
-0.7665998587132886
-0.7510270935358684
-0.7362789658845845
-0.7213917666173314
-0.7084152371695742
-0.7128361300807342
-0.8442431722538601
-13.20993757207079
-1.902172512553111
-1.764728368543393
-1.741262212022342
-1.749810512282727
-1.773026525559431
-1.806694076826674
-1.847084831210683
-1.891096129174192
-1.938936228238756
-1.996174025582525
-2.072652160938991
-2.168233142142208
-2.262026792858587
-2.360719509048514
-2.501278177994796
-2.586438048987375
-2.609467378334011
-2.604629605158469
-2.576873310162554
-2.478670099920925
-2.323565495337666
-2.16513591391296
-1.961807955401957
-1.756105940865504
-1.527301768222064
-1.207242829506716
-0.7330026581718706
-0.722653802978798
-0.8253195197927038
-0.9645696633796179
-1.11465427843271
-1.487966944743011
-2.233295890248059
0.0
0.1396360181193838
0.134767973803875
0.1306710146994519
0.1269630431811654
0.1238138640935277
0.1210420461556338
0.1185631296142787
0.1163400891920187
0.114257792951391
0.1122010954998441
0.1101734298006489
0.1080589779115949
0.1058813755712078
0.1036792124625857
0.101395626893826
0.0989798916504372
0.0962676756508584
0.0935344030276939
0.0908051879960251
0.0875983774851392
0.0844208295219136
0.0812875399327781
0.0782329520547936
0.0751834765695233
0.0724127955069778
0.0701299554573017
0.9383988030531331
0.4471537327248797
0.4477117025127328
0.4448235347818082
0.4434975579459783
0.4441652480871334
0.4472802965226459
0.4524280096293528
0.4598277831934195
0.469710427284845
0.4840098077114153
0.5052672282862211
0.5321492933173132
0.5587408205496763
0.5862143558618754
0.6202232020048177
0.6321828928702931
0.6246243771733573
0.6094211757976008
0.5898542312816631
0.5557548882276934
0.5137934966166052
0.4817167668238996
0.4525800634206868
0.435887696081697
0.443263050959937
0.4587895649456745
0.4946539582445377
0.5263716479527918
0.6726797652425831
0.8548555855944814
1.046940009210046
1.448167235228054
2.246851407644166
0.0
1.0
1.0
1.0
1.0
1.0
1.0
1.0
1.0
1.0
1.0
1.0
1.0
1.0
1.0
1.0
1.0
1.0
1.0
1.0
1.0
1.0
1.0
1.0
1.0
1.0
1.0
1.0
1.0
1.0
1.0
1.0
1.0
1.0
1.0
1.0
1.0
1.0
1.0
1.0
1.0
1.0
1.0
1.0
1.0
1.0
1.0
1.0
1.0
1.0
1.0
1.0
1.0
1.0
1.0
0.0
0.0
0.0
0.0
0.0
0.0
0.0
1.0
1.0
1.0
1.0
1.0
1.0
1.0
1.0
1.0
1.0
1.0
1.0
1.0
1.0
1.0
1.0
0.3345146001807895
0.3345146001807895
0.3345146001807895
0.3345146001807895
0.3345146001807895
0.3345146001807895
0.3345146001807895
0.3345146001807895
0.3345146001807895
0.3345146001807895
0.3345146001807895
0.3345146001807895
0.3345146001807895
0.3345146001807895
0.3345146001807895
0.3345146001807895
0.3345146001807895
0.3345146001807895
0.3345146001807895
0.3345146001807895
0.3345146001807895
0.3345146001807895
0.3345146001807895
0.3345146001807895
0.3345146001807895
0.3345146001807895
0.3345146001807895
0.3345146001807895
0.3345146001807895
1.0
1.0
1.0
1.0
1.0
1.0
1.0
1.0
1.0
1.0
1.0
1.0
1.0
1.0
1.0
1.0
1.0
1.0
1.0
1.0
1.0
1.0
1.0
1.0
1.0
1.0
1.0
1.0
1.0
0.015005545485512601
0.01458594135887348
0.01416707098609432
0.013750514725976118
0.013357179487583958
0.012978056273191338
0.012610836511241307
0.01225614856532509
0.011907159824978787
0.011562562706172886
0.011221421801731078
0.010880992092897243
0.010541422354285686
0.010201561192744308
0.009857043751992011
0.009504214488008533
0.009128505047344384
0.00875855168656271
0.008374057171883586
0.007947152420812186
0.007531534598924276
0.007126724611899612
0.006732304256741503
0.006349263122128864
0.005998798118400238
0.005691398016407449
0.00539213506594329
0.005119017902423632
0.004950718172424658
0.004715098927649156
0.004480551662703078
0.004254506057029899
0.004029122992863031
0.003806450970240037
0.00358634599369526
0.003367402621129185
0.003157140676882619
0.00295284299085313
0.0027490702170922766
0.002515279835437614
0.002270642113568106
0.0020369088273026782
0.001728439325979231
0.0014101450573710734
0.001130018731819752
0.0008790444456619716
0.0006648848499977216
0.0004930803534930876
0.0003634234572595497
0.0002658776201318233
0.0001976860059641595
0.0001502313501934558
0.00011217756941512403
8.078657556572818e-05
6.288100321589277e-05
5.723875872666941e-05
5.448596456514734e-05
4.909951381473514e-05
3.1380234194703264e-05
1.2763629694440505e-08
0.0004
0.0004
0.0004
0.0004
0.0004
0.0004
0.0004
0.0004
0.0004
0.0004
0.0004
0.0004
0.0004
0.0004
0.0004
0.0004
0.0004
0.0004
0.0004
0.0004
0.0004
0.0004
0.0004
0.0004
0.0004
0.0004
0.0004
0.0004
0.0004
0.0004
0.0004
0.0004
0.0004
0.0004
0.0004
0.0004
0.0004
0.0004
0.0004
0.0004
0.0004
0.0004
0.0004
0.0004
0.0004
0.0004
0.0004
0.0004
0.0004
0.0004
0.0004
0.0004
0.0004
0.0004
0.0004
0.0004
0.0004
0.0004
0.0004
0.0004
1.8773226216432527e-08
1.877095031835031e-08
1.876832220921395e-08
1.876568407675483e-08
1.8769335947603097e-08
1.8779997812492683e-08
1.87963020454428e-08
1.8816134095254587e-08
1.8835188145698223e-08
1.885352964810307e-08
1.887046628602802e-08
1.8899797168902408e-08
1.89490171386796e-08
1.905706034620368e-08
1.924291658298672e-08
1.951597410078659e-08
1.9970057612538964e-08
2.0424141124291348e-08
2.0955522451498848e-08
2.168343758608693e-08
2.2411352720675015e-08
2.3191469918052262e-08
2.407789526761416e-08
2.4964320617176045e-08
2.5804319907065242e-08
2.656739516723079e-08
2.733047042739633e-08
2.8009659812301375e-08
2.8574621622383624e-08
2.913958343246586e-08
2.9694270662182702e-08
3.023739352378613e-08
3.078051638538956e-08
3.157247195760499e-08
3.259641469909505e-08
3.362035744058511e-08
3.584791085846282e-08
3.9003781021426747e-08
4.215965118439069e-08
4.9949805561599495e-08
6.06828441861521e-08
7.141588281070471e-08
9.175447216909068e-08
1.1707101411142368e-07
1.4238755605375652e-07
1.7188869026138428e-07
2.0319331714906281e-07
2.3469440725547267e-07
2.7066267249474884e-07
3.14892052060593e-07
3.769183317406037e-07
4.910384404144355e-07
6.585727236838624e-07
9.106057881670588e-07
1.3931332719414156e-06
1.9200067952766016e-06
2.479662343274163e-06
2.920054741943086e-06
3.6699031813738386e-06
2.339684190033935e-06
0.0
0.0
0.0
0.0
0.0
0.0
0.0
0.0
0.0
0.0
0.0
0.0
0.0
0.0
0.0
0.0
0.0
0.0
0.0
0.0
0.0
0.0
0.0
0.0
0.0
0.0
0.0
0.0
0.0
0.0
0.0
0.0
0.0
0.0
0.0
0.0
0.0
0.0
0.0
0.0
0.0
0.0
0.0
0.0
0.0
0.0
0.0
0.0
0.0
0.0
0.0
0.0
0.0
0.0
0.0
0.0
0.0
0.0
0.0
0.0
0.0
0.0
0.0
0.0
0.0
0.0
0.0
0.0
0.0
0.0
0.0
0.0
0.0
0.0
0.0
0.0
0.0
0.0
0.0
0.0
0.0
0.0
0.0
0.0
0.0
0.0
0.0
0.0
0.0
0.0
0.0
0.0
0.0
0.0
0.0
0.0
0.0
0.0
0.0
0.0
0.0
0.0
0.0
0.0
0.0
0.0
0.0
0.0
0.0
0.0
0.0
0.0
0.0
0.0
0.0
0.0
0.0
0.0
0.0
0.0
0.0
0.0
0.0
0.0
0.0
0.0
0.0
0.0
0.0
0.0
0.0
0.0
0.0
0.0
0.0
0.0
0.0
0.0
0.0
0.0
0.0
0.0
0.0
0.0
0.0
0.0
0.0
0.0
0.0
0.0
0.0
0.0
0.0
0.0
0.0
0.0
0.0
0.0
0.0
0.0
0.0
0.0
0.0
0.0
0.0
0.0
0.0
0.0
0.0
0.0
0.0
0.0
0.0
0.0
0.0
0.0
0.0
0.0
0.0
0.0
0.0
0.0
0.0
0.0
0.0
0.0
0.0
0.0
0.0
0.0
0.0
0.0
0.0
0.0
0.0
0.0
0.0
0.0
0.0
0.0
0.0
0.0
0.0
0.0
0.0
0.0
0.0
0.0
0.0
0.0
0.0
0.0
0.0
0.0
0.0
0.0
0.0
0.0
0.0
0.0
0.0
0.0
0.0
0.0
0.0
0.0
0.0
0.0
0.0
0.0
0.0
0.0
0.0
0.0
0.0
0.0
0.0
0.0
0.0
0.0
0.0
0.0
0.0
0.0
0.0
0.0
0.0
0.0
0.0
0.0
0.0
0.0
0.0
0.0
0.0
0.0
0.0
0.0
0.0
0.0
0.0
0.0
0.0
0.0
0.0
0.0
0.0
0.0
0.0
0.0
0.0
0.0
0.0
0.0
0.0
0.0
0.0
0.0
0.0
0.0
0.0
0.0
0.0
0.0
0.0
0.0
0.0
0.0
0.0
0.0
0.0
0.0
0.0
0.0
0.0
0.0
0.0
0.0
0.0
0.0
2
2
1
295.0
-190.9333511032716
0.0
0.0
53.0
4.450138748639506
1.0
2.0
3.0
4.0
5.0
6.0
7.0
8.0
9.0
10.0
11.0
12.0
13.0
14.0
15.0
16.0
17.0
18.0
19.0
20.0
21.0
22.0
23.0
24.0
25.0
26.0
27.0
28.0
29.0
30.0
31.0
32.0
33.0
34.0
35.0
36.0
37.0
38.0
39.0
40.0
41.0
42.0
43.0
44.0
45.0
46.0
47.0
48.0
49.0
50.0
51.0
52.0
53.0
54.0
55.0
56.0
57.0
58.0
59.0
60.0
0.0
0.0
0.0
0.0
0.0
0.0
0.0
0.0
0.0
0.0
0.0
0.0
0.0
0.0
0.0
0.0
0.0
0.0
0.0
0.0
0.0
0.0
0.0
0.0
0.0
0.0
0.99
0.0
0.0
0.0
0.0
0.0
0.0
0.0
0.0
0.0
0.0
0.0
0.0
0.0
0.0
0.0
0.0
0.0
0.0
0.0
0.0
0.0
0.0
0.0
0.0
0.0
0.0
0.0
0.0
0.0
0.0
0.0
0.0
0.0
0.0
0.0
0.0
0.0
0.0
0.0
0.0
0.0
0.0
0.0
0.0
0.0
0.0
0.0
0.0
0.0
0.0
0.0
0.0
0.0
0.0
0.0
0.0
0.0
0.0
0.0
6.5
0.0
0.0
0.0
0.0
0.0
0.0
0.0
0.0
0.0
0.0
0.0
0.0
0.0
0.0
0.0
0.0
0.0
0.0
0.0
0.0
0.0
0.0
0.0
0.0
0.0
0.0
0.0
0.0
0.0
0.0
0.0
0.0
0.0
0.0
0.0
0.0
0.0
0.0
0.0
0.0
0.0
0.0
0.0
0.0
0.0
0.0
0.0
0.0
0.0
0.0
0.0
0.0
0.0
0.0
0.0
0.0
0.0
0.0
0.0
0.5
0.0
0.0
0.0
0.0
0.0
0.0
0.0
0.0
0.0
0.0
0.0
0.0
0.0
0.0
0.0
0.0
0.0
0.0
0.0
0.0
0.0
0.0
0.0
0.0
0.0
0.0
0.0
0.0
0.0
0.0
0.0
0.0
0.0
85.0
