9.81
6.022e+23
0
0
0
3
0
1
265.67506615605015
2
2
0
0
1
1
0
1
60
7
1000.0
1.0


3
3
0
80.10220330563587
0
5.601050757580543
150.0
350.0
287.04
9.81
79000.0
40.0
20000.0
0.0
0.0
0.0
0.0
0.0280134
0.04401
0.0319988
0.039948
0.01604
0.01801528
0.048
99000.0
2.1153802199668344e+29
0.8
1e-06
1000000.0
0.6
3.0
0.0001
400
53
5.652455334699206
0
1
6
1.0
1
0
1
1
0.02
1000000000000.0
2
294.88606089383285
293.9608939846192
293.02255781604185
292.0706278301508
291.10465786046547
290.1241786141112
289.1286960168635
288.1176894058612
287.0906095527244
286.0468764974752
284.985877170949
283.90696278023745
282.80944592803627
281.692597432484
280.5556428090529
279.39775837014014
278.2180668910267
277.0156327826056
275.78945670144424
274.5384695160071
273.2615255337918
271.9573948771813
270.62475487532294
269.2621803144322
267.86813235849644
266.4409459149982
264.97881517415453
263.47977699288487
261.94169172313485
260.3622209941297
258.73880184405675
257.06861645109456
255.34855652643944
253.57518118905432
251.74466682387538
249.852747004918
247.89464000339586
245.86496064282213
243.75761222658122
241.5656528276793
239.2811282127425
236.89486079224315
234.396179806375
231.77257176556245
229.00922080750516
226.08839415315109
222.98860484079523
219.6834461076662
216.13994536281282
212.31392181665902
208.4071959390475
204.5411906608111
200.3720886448602
194.28541776818028
208.19419526823785
214.95267599887117
222.50093004544826
231.2435038730311
240.8445111062115
243.13968992174944
264.77975466523895
264.0329373236017
263.27527118070407
262.50630007168695
261.7257546726037
260.9331336228347
260.1281399954257
259.3133992770335
258.48214166736676
257.633859287801
256.7745516975815
255.90025370867363
255.01057597595855
254.1083543275365
253.185812736145
252.24594058519781
251.2878304300463
250.3108712255679
249.3145712878913
248.29767989577928
247.2618381883733
246.20340001646733
245.12214576777131
244.01598315379695
242.88361636409155
241.7236424131465
240.53453878874603
239.31464924989518
238.06216742904476
236.7751178153586
235.45133359691852
234.08843071350955
232.68377730908944
231.2344575620111
229.73722859457277
228.18846879767003
226.58411541728628
224.91958858835233
223.18969809654757
221.3885278935503
219.50929162535556
217.54414990920162
215.4839764239669
213.31805441668348
211.03368136935526
208.61504287681123
206.04119254221698
203.28698931943535
200.3227224369449
197.1106557432098
193.60298515229948
189.73823438203812
185.43343468286952
180.1991357474301
200.8332369987158
206.3993352568311
210.51395824645425
214.40403110255502
219.29079283876115
224.10068647438976
991.675
975.0250000000001
958.375
941.7249999999999
925.075
908.425
891.7750000000001
875.125
858.4749999999999
841.825
825.175
808.5250000000001
791.875
775.225
758.575
741.925
725.2750000000001
708.625
691.975
675.325
658.675
642.0250000000001
625.375
608.725
592.075
575.425
558.7750000000001
542.125
525.4750000000001
508.82500000000005
492.17500000000007
475.52500000000003
458.87500000000006
442.2250000000001
425.57500000000005
408.925
392.27500000000003
375.62500000000006
358.9750000000001
342.32500000000005
325.675
309.02500000000003
292.37500000000006
275.7250000000001
259.0750000000001
242.42500000000007
225.77500000000003
209.12500000000006
192.47500000000008
175.8250000000001
159.17500000000007
142.52500000000003
125.87500000000006
109.22500000000008
92.5750000000001
75.92500000000013
59.27500000000009
42.62500000000006
25.97500000000008
9.325000000000045
991.675
975.0250000000001
958.375
941.7249999999999
925.075
908.425
891.7750000000001
875.125
858.4749999999999
841.825
825.175
808.5250000000001
791.875
775.225
758.575
741.925
725.2750000000001
708.625
691.975
675.325
658.675
642.0250000000001
625.375
608.725
592.075
575.425
558.7750000000001
542.125
525.4750000000001
508.82500000000005
492.17500000000007
475.52500000000003
458.87500000000006
442.2250000000001
425.57500000000005
408.925
392.27500000000003
375.62500000000006
358.9750000000001
342.32500000000005
325.675
309.02500000000003
292.37500000000006
275.7250000000001
259.0750000000001
242.42500000000007
225.77500000000003
209.12500000000006
192.47500000000008
175.8250000000001
159.17500000000007
142.52500000000003
125.87500000000006
109.22500000000008
92.5750000000001
75.92500000000013
59.27500000000009
42.62500000000006
25.97500000000008
9.325000000000045
73.31755001062938
220.98712428235808
370.7586964793654
522.700031986604
676.8823452125962
833.3805418617343
992.27348308833
1153.64427396487
1317.5805790200156
1484.1749679751674
1653.5252952408478
1825.7351172365602
2000.9141521831775
2179.1787877011075
2360.6526423497035
2545.4671881870963
2733.762442543659
2925.6877385221514
3121.4025853071234
3321.077631240069
3524.895744863317
3733.0532318405185
3945.7612089331633
4163.247160188421
4385.756705349712
4613.555616463915
4846.932126020989
5086.199579104994
5331.699493461685
5583.80510576151
5842.925500544757
6109.51044157254
6384.056055197614
6667.11155414344
6959.287240835479
7261.2640965134815
7573.8053519492405
7897.7705566048835
8234.132828503458
8584.000196254288
8948.642266718878
9329.523911505685
9728.348333076943
10147.112859330868
10588.18230904402
11054.387081690473
11549.156796786197
12076.706342885367
12642.298606522196
13252.985459442973
13918.743291931756
14652.900382184336
15470.30773430595
16449.814741471862
17687.77419642169
19292.14347229155
21528.436564877396
25109.11014433841
33719.615608453256
56560.69457252452
65.93691204099252
199.27213322722105
334.54427691779443
471.83478584174844
611.1917445386134
752.7046648949045
896.4265596339338
1041.8886798065728
1190.299691533563
1341.7502704124818
1495.1692675634204
1651.2646194444205
1810.1058389264956
1971.1866231348831
2135.8952878694226
2303.6981148077693
2474.7571172377657
2649.1813898898527
2827.058716983914
3008.612399698849
3193.549432451867
3382.5207911694215
3575.565684974863
3773.057666720836
3975.228087721368
4182.327434102961
4394.627532042819
4612.424083377378
4836.039593227078
5065.826765204449
5302.172457420944
5545.502315048887
5796.286224214329
6055.044769674181
6322.356928095877
6598.869294066963
6885.307223273796
7182.488395338906
7491.339460375855
7812.916657397242
8148.431607989566
8499.28393931227
8867.103045833745
9253.802274429743
9661.649506350737
10093.468212737323
10552.998119891043
11044.727858110975
11573.961927000384
12147.437660886182
12773.689902246964
13463.694499157777
14232.26452029933
15166.78540967982
16357.417843208861
17884.70695665307
19975.062538992846
23256.787334226916
31167.248254327314
56560.69457252452
3.521179111399233e+23
3.521179111399233e+23
3.521179111399257e+23
3.521179111399233e+23
3.521179111399233e+23
3.521179111399233e+23
3.521179111399233e+23
3.521179111399257e+23
3.521179111399233e+23
3.521179111399233e+23
3.521179111399233e+23
3.521179111399233e+23
3.521179111399257e+23
3.5211791113992086e+23
3.521179111399257e+23
3.521179111399233e+23
3.521179111399233e+23
3.521179111399257e+23
3.5211791113992086e+23
3.521179111399257e+23
3.521179111399233e+23
3.521179111399233e+23
3.521179111399257e+23
3.5211791113992086e+23
3.521179111399257e+23
3.521179111399233e+23
3.521179111399233e+23
3.521179111399233e+23
3.521179111399233e+23
3.521179111399244e+23
3.521179111399244e+23
3.521179111399233e+23
3.521179111399233e+23
3.521179111399233e+23
3.521179111399257e+23
3.521179111399233e+23
3.521179111399233e+23
3.521179111399233e+23
3.521179111399233e+23
3.521179111399257e+23
3.521179111399233e+23
3.521179111399233e+23
3.521179111399233e+23
3.521179111399233e+23
3.521179111399233e+23
3.521179111399257e+23
3.521179111399233e+23
3.521179111399233e+23
3.521179111399233e+23
3.521179111399233e+23
3.521179111399257e+23
3.521179111399233e+23
3.521179111399233e+23
3.521179111399233e+23
3.521179111399233e+23
3.521179111399233e+23
3.521179111399257e+23
3.521179111399233e+23
3.521179111399233e+23
3.521179111399257e+23
3.521179111399233e+23
3.521179111399233e+23
3.521179111399257e+23
3.521179111399233e+23
3.521179111399233e+23
3.521179111399233e+23
3.521179111399233e+23
3.521179111399257e+23
3.521179111399233e+23
3.521179111399233e+23
3.521179111399233e+23
3.521179111399233e+23
3.521179111399257e+23
3.5211791113992086e+23
3.521179111399257e+23
3.521179111399233e+23
3.521179111399233e+23
3.521179111399257e+23
3.5211791113992086e+23
3.521179111399257e+23
3.521179111399233e+23
3.521179111399233e+23
3.521179111399257e+23
3.5211791113992086e+23
3.521179111399257e+23
3.521179111399233e+23
3.521179111399233e+23
3.521179111399233e+23
3.521179111399233e+23
3.521179111399244e+23
3.521179111399244e+23
3.521179111399233e+23
3.521179111399233e+23
3.521179111399233e+23
3.521179111399257e+23
3.521179111399233e+23
3.521179111399233e+23
3.521179111399233e+23
3.521179111399233e+23
3.521179111399257e+23
3.521179111399233e+23
3.521179111399233e+23
3.521179111399233e+23
3.521179111399233e+23
3.521179111399233e+23
3.521179111399257e+23
3.521179111399233e+23
3.521179111399233e+23
3.521179111399233e+23
3.521179111399233e+23
3.521179111399257e+23
3.521179111399233e+23
3.521179111399233e+23
3.521179111399233e+23
3.521179111399233e+23
3.521179111399233e+23
3.521179111399257e+23
3.521179111399233e+23
3.521179111399233e+23
3.521179111399257e+23
-6.529715994192029
-3.8354843163662884
-3.528574912337005
-3.3476916442214124
-3.192793244878743
-3.0651334441180755
-2.958531353915079
-2.868117324383535
-2.800814573861006
-2.7529624285400476
-2.7025119794682024
-2.6515361302825697
-2.587007389530134
-2.5461059101738415
-2.5248084148385668
-2.509230861572682
-2.5251284208696427
-2.5355024999336653
-2.5403736535081785
-2.559165714882876
-2.571011606739699
-2.570271641768639
-2.5715872853369155
-2.556438594120151
-2.5292229717707775
-2.5140359926072904
-2.4974746870848468
-2.4745881803817737
-2.4675613735764887
-2.4455876249773807
-2.422384611812465
-2.413694799051687
-2.3984029842840093
-2.3880212596782027
-2.390923599776378
-2.378300207350129
-2.381030763298462
-2.41561452206657
-2.425989459911472
-2.4522041044143164
-2.4892114521457205
-2.4905250438340083
-2.5210803619797533
-2.551124518425395
-2.4743839988548175
-2.3534038688852514
-2.065264588341961
-1.6949568901873855
-1.315300373520843
-0.833297269190711
-0.3965877097068671
-0.016429477479352445
0.47864902826651284
12.261747380431425
0.0023955800127112986
0.00426868034194508
-0.0011271558852640334
-0.006619669249794451
-0.011445191611025286
-0.00011010097662213572
-0.4585409929322044
-2.393001481991261
1.6687825784216637
-2.6846369207465557
1.5215537745765808
-2.6806106346381444
1.4454003623756981
-2.023882119432446
-2.1017020023816824
0.5859191946624757
0.5071733376785533
-2.658076388867875
0.9970909730191978
-1.6824496779304432
-1.6096585753781496
0.8892040416188868
-2.399949782887336
0.8085021634475316
-2.408711901987578
0.3812850388655864
-1.507948404863078
-0.3016992180350826
-0.6109588646525104
-0.6880527038225794
-0.7352740135756712
-0.7775400892310276
-0.8195280778661209
-0.8628867875148861
-0.9125332021182101
-0.9571898170929448
-1.0023755220842645
-1.051697341668409
-1.094735092963633
-1.1436478698017916
-1.2120608738146958
-1.2526041335224218
-1.2899873798667632
-1.3284344175754779
-1.3232546865217278
-1.3266490433602485
-1.330051215675689
-1.269505202127833
-1.2132290659603293
-1.1382712025416057
-0.9447040947019014
-0.7128652791715429
-0.4680698893416901
-0.2711118965725126
-0.06467344539302639
0.15596767750273627
0.3740324169973931
0.6801839365367547
1.1888026012939261
2.4348985512761234
0.04603125537554818
0.019676840534133336
0.015017573268431242
0.012352569567582364
0.00979274952633271
0.0028904680807058415
-1.2706501421566827
-2.297879270953729
-2.2317415202322906
-2.158108768072296
-2.0716310003327862
-1.9916307888794194
-1.922929312881891
-1.8725008352876955
-1.8374535817088145
-1.8173114577425906
-1.7934280765589108
-1.761877451038771
-1.7231571017348983
-1.7073398167946152
-1.7013862717599864
-1.7070116276523208
-1.743576502878625
-1.770572667385153
-1.7935993744149243
-1.8290482881081687
-1.8586635259830189
-1.8743925166800182
-1.8911061275310033
-1.8915418862726767
-1.882617361966112
-1.884390118816583
-1.8831031630318762
-1.8754976392235676
-1.8836981836082884
-1.8766133901772832
-1.8730086810904822
-1.8801675886211342
-1.880477144829058
-1.8857597665876256
-1.9053531734198828
-1.909949290269509
-1.9306008260925012
-1.9816001404909969
-2.007240039985504
-2.0482561829603867
-2.1042595122767978
-2.123514616029439
-2.169795861908881
-2.2182364589617123
-2.15972408744679
-2.0579426074459946
-1.7909654540114843
-1.4426971398632418
-1.0832851247250233
-0.622165896041281
-0.2101021427700971
0.1544204895456005
0.6326187864209487
12.482080402609597
0.03823252771806551
0.05698579440942808
0.0450889722550869
0.029710895439507112
0.016567133294415726
0.013430321533689948
-2.749582284978885
-0.5148640757265781
-4.039308322945615
0.4077772907032511
-3.8151721855964382
0.36307651467430446
-3.815421098517092
-0.3674274554524999
-0.3090927276973048
-3.0110941194035092
-2.8846365269573937
0.24496250980229206
-3.4661143401213934
-0.43090217632540373
-0.433062344000092
-3.3063300879743167
0.06596995250860971
-3.164689874985612
-0.08183659200049931
-2.88327282780989
-0.6375433978730882
-1.6116956842334105
-1.1869045916088083
-1.3194236026228054
-1.3553194855091704
-1.381230513092106
-1.4065929475270025
-1.432494713795819
-1.464216744692493
-1.4919081711965134
-1.5193382036062815
-1.5506257951843168
-1.5764251211963938
-1.6076388061050864
-1.6585229005286237
-1.6820593085113842
-1.7017536525771106
-1.7226020167986746
-1.7000216591175104
-1.6860708461734077
-1.6722244753638904
-1.5943195137553232
-1.5209677997390543
-1.4287528770399263
-1.2188289424989023
-0.9721857399185865
-0.7026684927692202
-0.4911388565778907
-0.2682751439355968
-0.030576620942014188
0.20645280181580006
0.5262982078985203
1.056198562047598
2.3220364042693973
-0.08701096341479797
-0.07757138214151382
-0.06533117636769248
-0.05080705857997714
-0.03545870940692453
-0.01711500767561347
-0.9982539145692583
-0.9816329868916802
-0.965012059214102
-0.9483911315365238
-0.9317702038589457
-0.9151492761813674
-0.8985283485037895
-0.8819074208262113
-0.8652864931486329
-0.848665565471055
-0.8320446377934768
-0.8154237101158988
-0.7988027824383205
-0.7821818547607423
-0.7655609270831644
-0.748939999405586
-0.732319071728008
-0.7156981440504299
-0.6990772163728515
-0.6824562886952735
-0.6658353610176954
-0.6492144333401171
-0.632593505662539
-0.6159725779849609
-0.5993516503073828
-0.5827307226298045
-0.5661097949522264
-0.5494888672746483
-0.5328679395970701
-0.5162470119194921
-0.49962608424191385
-0.4830051565643357
-0.4663842288867575
-0.4497633012091794
-0.43314237353160123
-0.41652144585402306
-0.3999005181764449
-0.3832795904988668
-0.3666586628212887
-0.3500377351437105
-0.3334168074661323
-0.3167958797885541
-0.300174952110976
-0.2835540244333979
-0.2669330967558198
-0.25031216907824166
-0.23369124140066339
-0.21707031372308527
-0.20044938604550713
-0.18382845836792902
-0.1672075306903509
-0.15058660301277263
-0.1339656753351945
-0.11734474765761639
-0.10072381998003825
-0.08410289230246012
-0.067481964624882
-0.050861036947303755
-0.03424010926972563
-0.0176191815921475
1.0208907621820724
1.003892930991741
0.9868950998014095
0.969897268611078
0.9528994374207465
0.9359016062304149
0.9189037750400835
0.901905943849752
0.8849081126594204
0.8679102814690888
0.8509124502787574
0.833914619088426
0.8169167878980944
0.7999189567077629
0.7829211255174315
0.7659232943270998
0.7489254631367683
0.731927631946437
0.7149298007561052
0.697931969565774
0.6809341383754425
0.6639363071851108
0.6469384759947794
0.6299406448044478
0.6129428136141164
0.5959449824237848
0.5789471512334534
0.5619493200431217
0.5449514888527903
0.5279536576624589
0.5109558264721273
0.49395799528179574
0.4769601640914643
0.4599623329011328
0.4429645017108013
0.42596667052046977
0.4089688393301383
0.3919710081398068
0.3749731769494753
0.3579753457591438
0.3409775145688122
0.3239796833784807
0.3069818521881492
0.2899840209978178
0.2729861898074863
0.2559883586171548
0.2389905274268232
0.2219926962364917
0.2049948650461602
0.18799703385582872
0.17099920266549726
0.15400137147516565
0.13700354028483416
0.12000570909450269
0.1030078779041712
0.08601004671383973
0.06901221552350824
0.052014384333176636
0.03501655314284515
0.01801872195251367
-16.649999999999977
-16.649999999999977
-16.65000000000009
-16.649999999999977
-16.649999999999977
-16.649999999999977
-16.649999999999977
-16.65000000000009
-16.649999999999977
-16.649999999999977
-16.649999999999977
-16.649999999999977
-16.65000000000009
-16.649999999999864
-16.65000000000009
-16.649999999999977
-16.649999999999977
-16.65000000000009
-16.649999999999864
-16.65000000000009
-16.649999999999977
-16.649999999999977
-16.65000000000009
-16.649999999999864
-16.65000000000009
-16.649999999999977
-16.649999999999977
-16.649999999999977
-16.649999999999977
-16.650000000000034
-16.650000000000034
-16.649999999999977
-16.649999999999977
-16.649999999999977
-16.65000000000009
-16.649999999999977
-16.649999999999977
-16.649999999999977
-16.649999999999977
-16.65000000000009
-16.649999999999977
-16.649999999999977
-16.649999999999977
-16.649999999999977
-16.649999999999977
-16.65000000000009
-16.649999999999977
-16.649999999999977
-16.649999999999977
-16.649999999999977
-16.65000000000009
-16.649999999999977
-16.649999999999977
-16.649999999999977
-16.649999999999977
-16.649999999999977
-16.65000000000009
-16.649999999999977
-16.649999999999977
-16.65000000000009
-16.649999999999977
-16.649999999999977
-16.65000000000009
-16.649999999999977
-16.649999999999977
-16.649999999999977
-16.649999999999977
-16.65000000000009
-16.649999999999977
-16.649999999999977
-16.649999999999977
-16.649999999999977
-16.65000000000009
-16.649999999999864
-16.65000000000009
-16.649999999999977
-16.649999999999977
-16.65000000000009
-16.649999999999864
-16.65000000000009
-16.649999999999977
-16.649999999999977
-16.65000000000009
-16.649999999999864
-16.65000000000009
-16.649999999999977
-16.649999999999977
-16.649999999999977
-16.649999999999977
-16.650000000000034
-16.650000000000034
-16.649999999999977
-16.649999999999977
-16.649999999999977
-16.65000000000009
-16.649999999999977
-16.649999999999977
-16.649999999999977
-16.649999999999977
-16.65000000000009
-16.649999999999977
-16.649999999999977
-16.649999999999977
-16.649999999999977
-16.649999999999977
-16.65000000000009
-16.649999999999977
-16.649999999999977
-16.649999999999977
-16.649999999999977
-16.65000000000009
-16.649999999999977
-16.649999999999977
-16.649999999999977
-16.649999999999977
-16.649999999999977
-16.65000000000009
-16.649999999999977
-16.649999999999977
-16.65000000000009
295.88606089383285
294.96737508507397
294.03572707540553
293.09070274791935
292.1318671036234
291.1587628085487
290.17090861091486
289.1677976140533
288.1488953889102
287.1136379077797
286.0614292784118
284.9916392547273
283.90360049698876
282.79660555032495
281.66990350588424
280.5226963034629
279.35413462805866
278.1633133452361
276.94926641121657
275.71096118291325
274.4472920403424
273.15707321848265
271.8390307271214
270.49179321476595
269.1138816053399
267.70369730289434
266.2595087183434
264.77943582120696
263.26143235580406
261.70326528170693
260.10249089779376
258.45642698156104
256.76212011186936
255.0163071322508
253.2153694370991
251.35527840189292
249.43152979918432
247.43906439884867
245.37217107803687
243.2243675663669
240.98825228023304
238.65531833649334
236.21571743923437
233.657956364757
230.96850135760926
228.1312544486424
225.12684804890108
221.9316758239307
218.51653058264304
214.84467433422392
210.8644834903354
206.50257516848714
201.66532585185735
196.26027255116762
200.87119325211475
211.66535816079954
218.77914727095526
226.9177818182411
236.08399121948037
242.0147397368667
244.2829577567741
264.77975466523895
264.0411226829595
263.28611998196436
262.52579039716426
261.74817776393013
260.96469959899787
260.162935664392
259.35471234418
258.5334542276076
257.6921971248465
256.83688946847604
255.97358194440747
255.0882934906603
254.1942264789773
253.2838501938162
252.34914329619434
251.40410589192183
250.43292298589134
249.45018748296502
248.44032311053815
247.41640469874096
246.36863969572616
245.29952835492898
244.2061311983341
243.08720312698026
241.9413976189233
240.76725522509014
239.56319037012236
238.3274761473884
237.05822672842152
235.7533769200161
234.41065829154132
233.02757115319818
231.6013514827011
230.12893165904148
228.60689354782443
227.031412065236
225.39818678705697
223.70235840736808
221.93840580344744
220.10001800137354
218.17993326705795
216.16973456906567
214.05958629658858
211.8378905544988
209.49084020193217
207.00061356941075
204.3431395327437
201.4922071238475
198.41460576776277
195.0680737363773
191.39926458594212
187.33857219585457
182.78966518760492
191.4586534371462
203.61628612777344
208.45664675164267
212.45899467450465
216.84741197065807
221.69573965657546
226.50563329220407
1000.0
983.35
966.7
950.05
933.4
916.75
900.1
883.45
866.8
850.15
833.5
816.85
800.2
783.55
766.9000000000001
750.25
733.6
716.95
700.3
683.6500000000001
667.0
650.35
633.7
617.05
600.4000000000001
583.75
567.1
550.45
533.8000000000001
517.1500000000001
500.50000000000006
483.85
467.20000000000005
450.55000000000007
433.9000000000001
417.25
400.6
383.95000000000005
367.30000000000007
350.6500000000001
334.0
317.35
300.70000000000005
284.05000000000007
267.4000000000001
250.7500000000001
234.10000000000002
217.45000000000005
200.80000000000007
184.1500000000001
167.5000000000001
150.85000000000002
134.20000000000005
117.55000000000007
100.90000000000009
84.25000000000011
67.60000000000014
50.950000000000045
34.30000000000007
17.65000000000009
1.0
1000.0
983.35
966.7
950.05
933.4
916.75
900.1
883.45
866.8
850.15
833.5
816.85
800.2
783.55
766.9000000000001
750.25
733.6
716.95
700.3
683.6500000000001
667.0
650.35
633.7
617.05
600.4000000000001
583.75
567.1
550.45
533.8000000000001
517.1500000000001
500.50000000000006
483.85
467.20000000000005
450.55000000000007
433.9000000000001
417.25
400.6
383.95000000000005
367.30000000000007
350.6500000000001
334.0
317.35
300.70000000000005
284.05000000000007
267.4000000000001
250.7500000000001
234.10000000000002
217.45000000000005
200.80000000000007
184.1500000000001
167.5000000000001
150.85000000000002
134.20000000000005
117.55000000000007
100.90000000000009
84.25000000000011
67.60000000000014
50.950000000000045
34.30000000000007
17.65000000000009
1.0
0.0
146.63510002125875
295.3391485434574
446.1782444152735
599.2218195579346
754.5428708672578
912.2182128562108
1072.328753320449
1234.9597946092908
1400.2013634307405
1568.1485725195942
1738.9020179621016
1912.568216511019
2089.260087855336
2269.0974875468783
2452.207797152528
2638.726579221664
2828.798305865653
3022.57717117865
3220.227999435597
3421.9272630445407
3627.864226682093
3838.2422369989436
4053.280180867383
4273.214139509459
4498.299271189966
4728.811961737864
4965.052290304114
5207.346867905874
5456.052119017497
5711.558092505525
5974.292908583989
6244.727974561092
6523.384135834136
6810.838972452744
7107.735509218213
7414.792683808751
7732.818020089731
8062.723093120036
8405.542563886878
8762.457828621697
9134.826704816058
9524.221118195312
9932.475547958575
10361.75017070316
10814.614447384876
11294.15971599607
11804.153877576326
12349.258808194409
12935.338404849983
13570.632514035962
14266.85406982755
15038.94669454112
15901.66877407078
16997.960708872943
18377.587683970436
20206.69926061267
22850.17386914212
27368.046419534705
40071.18479737181
52774.323175209
0.0
131.87382408198505
266.67044237245705
402.4181114631318
541.2514602203651
681.1320288568619
824.2773009329469
968.5758183349208
1115.2015412782246
1265.3978417889014
1418.1026990360624
1572.2358360907783
1730.2934027980625
1889.9182750549287
2052.4549712148378
2219.335604524008
2388.0606250915303
2561.4536093840006
2736.909170395704
2917.208263572124
3100.0165358255745
3287.0823290781595
3477.9592532606835
3673.1721166890425
3872.94321675263
4077.512958690106
4287.141909515816
4502.113154569824
4722.735012184934
4949.344174269221
5182.309356139676
5422.03555870221
5668.969071395564
5923.603377033094
6186.486162315269
6458.227693876485
6739.510894257442
7031.103552290151
7333.873238387661
7648.805682364049
7977.027632430434
8319.835583548698
8678.732295075844
9055.473796591643
9452.130752267843
9871.168260433631
10315.768165041018
10790.228074741068
11299.22764148088
11848.696212519888
12446.179109252475
13101.200695241454
13826.1883030741
14638.340737524559
15695.230081835081
17019.60560458264
18749.8083087235
21200.316769262197
25313.257899191638
37021.23860946299
48729.21931973443
464.65535062977204
460.95981721869606
458.24562361192363
455.4410134221883
452.5594289412377
449.6352568141961
446.6729760185679
443.6853805998584
440.69527052249987
437.7146492598063
434.7553009169263
431.8342687658441
428.9535455706872
426.11970743709344
423.31930801447567
420.5401397960326
417.78781394167345
415.0421388784215
412.3148858642893
409.6104635753969
406.9248091283106
404.2688283876206
401.6410636853965
399.0367149377996
396.46835314973475
393.9329132708001
391.4265599646918
388.9534947260258
386.51716158534174
384.11487146631447
381.7586089240316
379.4445645968084
377.1723665229016
374.9497206551925
372.77479487809035
370.6493309183918
368.5884949572039
366.58552821273247
364.6354173905026
362.7568521002606
360.9450889585408
359.20104297835314
357.54797874933996
355.9819838226176
354.5105795974231
353.16598805722765
351.93438483939906
350.8304509225335
349.8406266595338
348.93441978986846
348.1156296692148
347.3900481345253
346.76291681348204
346.1956843055033
348.86325909657165
350.3323756164455
351.4677571270683
352.5007201924477
353.4447810098502
354.21609512009525
355.2792483409476
325.18821376532804
325.62719773256487
324.64997243917344
324.9110541649476
322.81841844353283
322.7268593935665
320.5054996778567
320.2775765867733
318.03479894651394
316.50827419242114
316.299565903826
315.3110436481172
313.0729779053893
312.66366869491577
310.52556991624
309.0246686011445
308.67861323106547
306.65486709323767
306.20011437298047
304.1998719014572
303.57384104000886
301.69735365317524
300.4748203573412
299.03229170571575
297.7308263164623
296.4759163386524
295.2519783410622
294.0538944836823
292.88030364741866
291.73052983929676
290.60947857074603
289.51598426043796
288.4495466915458
287.4146855732217
286.4105268734078
285.4431000780305
284.5163139298233
283.6283890894846
282.77628008191664
281.9699960357464
281.2022754190681
280.47000828744274
279.7865621326337
279.134311899735
278.5135254656399
277.9408042129498
277.3945668683448
276.893278066901
276.44578083430196
276.0189370565946
275.6064576540481
275.18658179925126
274.7248130162877
274.1965413207279
274.1295488537798
275.77555963876057
276.86951567424205
277.81096553928126
278.7209259904696
279.70806378836494
280.95510088500146
434.6178344862166
430.4606836044105
427.2769070532992
423.9955882206246
420.6306092793668
417.2162362224659
413.7573983343019
410.2672112864315
406.7685913618494
403.2736024881868
399.7940822468983
396.3471510270411
392.93502731841
389.5645471850912
386.2227795081652
382.8978594694263
379.5956310026503
376.2962222434406
373.0114200188286
369.7457200037786
366.4951625700191
363.2706022130532
360.0705832487859
356.8903574506814
353.7424345826883
350.6237423490159
347.5304724007717
344.4667699893913
341.4360546105444
338.4356274451699
335.4773922709145
332.5575196960293
329.6756083572801
326.8392820225563
324.0466666766039
321.2994544873471
318.6127079162651
315.9796173694545
313.3951133159848
310.8777744229714
308.4227994803779
306.0310206266632
303.7255808374553
301.5025133309374
299.369236315836
297.3578285612752
295.4544405841395
293.6736475041451
292.0018323444952
290.4084565570295
288.8971911477762
287.473737903618
286.1434669830737
284.8683309565986
269.9126390025193
270.7706431202365
271.3226418804753
271.8668310598712
272.5401069079997
273.3772179966783
273.9226323015052
278.7084427071238
278.8577387604553
277.5843789208605
277.5428577970319
275.1412789337573
274.7339544363707
272.1900774136838
271.6329092608981
269.0539515678644
267.1846676314236
266.6270173642948
265.2833944485614
262.6841662668031
261.9081295515449
259.3978227903951
257.5195138040157
256.7910303287779
254.3798098073435
253.5326430647117
251.1348855040212
250.1064366402287
247.8224264633398
246.1872651614978
244.326941465758
242.6024012438906
240.9190488022071
239.2612282351176
237.6237085906157
236.0050246722896
234.4044015556213
232.8265991564256
231.2703464250545
229.7350366616634
228.2250350520712
226.7393545714599
225.283905997741
223.8624153356019
222.4730221422925
221.1125730409813
219.7908746379537
218.5007317407354
217.2389907763133
216.0187938378084
214.8227937403297
213.6512740508402
212.520574978873
211.4092958130783
210.3358687990167
209.3090860142828
208.2958525937602
207.2900206034204
206.2704223160477
205.2049470228383
204.0716398476616
203.4027857590702
204.4631460487033
204.9914709132
205.4040547149335
205.836519788868
206.4059843758978
206.9753050978245
30.03751614355541
30.49913361428554
30.96871655862439
31.44542520156371
31.92881966187088
32.41902059173019
32.91557768426598
33.41816931342684
33.92667916065044
34.44104677161956
34.96121867002796
35.48711773880301
36.01851825227723
36.55516025200221
37.09652850631047
37.64228032660631
38.19218293902317
38.74591663498093
39.30346584546069
39.86474357161829
40.42964655829151
40.9982261745674
41.57048043661055
42.14635748711825
42.72591856704646
43.30917092178421
43.89608756392008
44.48672473663447
45.08110697479736
45.67924402114454
46.28121665311708
46.8870449007791
47.49675816562148
48.11043863263621
48.72812820148646
49.3498764310447
49.97578704093881
50.60591084327799
51.24030407451776
51.87907767728915
52.52228947816291
53.17002235168995
53.82239791188465
54.47947049168023
55.14134328158705
55.80815949595247
56.47994425525956
57.15680341838842
57.83879431503864
58.52596323283893
59.2184385214386
59.91631023090729
60.61944983040833
61.32735334890468
78.95062009405233
79.561732496209
80.14511524659298
80.63388913257654
80.9046741018505
80.83887712341694
81.35661603944241
46.47977105820424
46.76945897210958
47.06559351831292
47.36819636791566
47.67713950977555
47.99290495719577
48.31542226417287
48.64466732587521
48.98084737864957
49.32360656099754
49.67254853953126
50.02764919955583
50.38881163858616
50.75553914337085
51.12774712584491
51.50515479712883
51.88758290228759
52.27505728589419
52.66747130826878
53.06498639743599
53.46740439978013
53.87492718983546
54.28755519584334
54.70535023995773
55.12842507257167
55.55686753644531
55.99075010594462
56.43018589306662
56.87527897512907
57.32612828367546
57.78287941432043
58.24563783538344
58.71451002988239
59.18965052115047
59.67117230194785
60.15919408028954
60.65389859422141
61.15536694719206
61.66370704093537
62.17912139779271
62.7015436783327
63.23101751112942
63.7677682948253
64.3115181594053
64.86225141479972
65.4202292340768
65.98527105526647
66.55740926788431
67.13669482001917
67.72308446283438
68.3164370506277
68.91615948320359
69.5198659934494
70.12490147306626
70.7267630947096
71.3124135900573
71.87804476104208
72.40691082434775
72.88440620160156
73.30207941246718
73.97979578717694
591.8567886368343
586.8906050836017
581.8785322058757
576.8421804959081
571.8024872468851
566.8066841195107
561.8527725350032
556.9422478034116
552.0796368907654
547.2615620463631
542.4849022457405
537.7704420180993
533.1278413719037
528.570846136575
524.0631068971628
519.5825524069596
515.1232149249482
510.6339633588176
506.1361376773001
501.6381160139929
497.1234132787984
492.6087690121254
488.1066117932212
483.61115691809346
479.15125324375595
474.733196002855
470.3424525779302
465.98628417623206
461.6744533963248
457.3884650936892
453.1555891612289
448.9685361529153
444.81617049038744
440.71304747784916
436.65236193415956
432.62154480104095
428.65075954958365
424.71719197901973
420.7854810162987
416.8996756860712
413.0396563613911
409.19135086892663
405.4147720238839
401.6789812352529
397.9893405510966
394.4850249234542
391.1954790981799
388.30057972730276
385.8680583244398
383.87856633004947
382.4376103133546
381.5019266358949
381.02921580439727
381.0946020828394
396.24425727651715
397.75160632410933
398.9439736291414
400.02202566677613
400.995797379618
401.7836786231574
402.8602621655435
349.4289014527805
347.11830313503845
345.6262137659204
341.847987168749
340.16312873803736
336.25639750247467
334.3981143014392
330.35477011183866
327.7445650161269
325.9089475343367
322.6891451263382
318.8159863436719
316.82288311074626
312.9474595601514
310.3784586051502
308.44449494605453
304.7921094880014
302.834333302682
299.2148907074393
297.1328116439155
293.62350795465716
291.1094771699506
288.2752481898831
285.6458149466488
283.0249259547726
280.41469649145347
277.80952798077124
275.20485117586423
272.59876562580473
269.9847750729905
267.3718156332433
264.75898311932883
262.14191975525245
259.5306335157319
256.9188360098127
254.292886313907
251.68404085718845
249.09436236427263
246.51965133990592
244.01334563461816
241.55955417176662
239.15506256477724
236.87729689621287
234.70407886357498
232.65453955244018
230.86298935725114
229.34456627272746
228.14060897851445
227.20197288933758
226.50685396769455
226.0637979442061
225.8503748912251
225.91490431615995
226.4428311826477
228.6978751199691
230.25687494153507
231.2732595948751
232.14937828354655
233.00853167615492
233.96021076464348
235.1901328536042
330.6609967840986
323.7804757261888
316.7884738208461
309.7133991715386
302.5824092559392
295.4602363883058
288.3480876561446
281.251899840724
274.1870789248413
267.1629847082302
260.1906405758286
253.3079030303999
246.5355267093112
239.8952262890141
233.3381514736138
226.8332760440164
220.3677748420839
213.8715047467939
207.3693599108148
200.866837697985
194.3375116910106
187.8038596166681
181.2790994776151
174.75013888096
168.2538459115983
161.797222175632
155.3581510988516
148.9505995254789
142.5843726042005
136.2351786590124
129.9414663818028
123.6954633134752
117.4828656747171
111.329414153854
105.2264105985678
99.1579672452186
93.17303806464915
87.24637366235012
81.33882466833734
75.51571179124448
69.74696866283193
64.01270416771034
58.39381599856501
52.84812643685125
47.39523043992294
42.23365034236399
37.39518815301376
33.08345980986704
29.35473353032489
26.16109695514704
23.60684543787661
21.62669349333663
20.14859134034145
19.2271951956676
14.91464498076067
15.35673489506854
15.31592497442801
14.6959707302601
12.79661189271441
7.613447361689739
0.0
193.4565157693664
190.0598753673083
187.4545654165667
182.5399843364337
179.6965174090808
174.6197787236457
171.582891630316
166.3586593684764
162.5726681834145
159.5676926975159
155.1852894057555
150.1589922722834
147.0229954153166
142.0117455378495
138.3100218297906
135.242220581782
130.4521326247622
127.3480665869981
122.5749552121939
119.3317924891536
114.6484878948406
110.9499887651721
106.9210123681027
103.0839798103851
99.24519564669279
95.40761915406645
91.56450515318981
87.71355883697986
83.85405901853764
79.97935157580082
76.103656162412
72.22676408016403
68.34392457862246
64.47177789257583
60.60499275177811
56.7305264485592
52.89098860079204
49.08661876542202
45.31044884252161
41.62901731267977
38.01767972056033
34.47131664240184
31.08946136944496
27.83962069567139
24.74311365495058
21.95796649725133
19.48336487759087
17.36390328769104
15.53611048069051
13.96141232238137
12.63778051165868
11.5247430873638
10.64495643911374
10.1601389410072
11.29773105643868
11.53930006253576
10.9833165626191
9.874206086969162
8.095198482455903
5.084746355064953
0.0
261.1957918527357
263.110129357413
265.0900583850295
267.1287813243695
269.2200779909459
271.3464477312049
273.5046848788585
275.6903479626877
277.8925579659242
280.0985773381329
282.2942616699119
284.4625389876994
286.5923146625925
288.6756198475609
290.724955423549
292.7492763629432
294.7554400828643
296.7624586120237
298.7667777664853
300.7712783160079
302.7859015877878
304.8049093954573
306.8275123156061
308.8610180371335
310.8974073321576
312.935973827223
314.9843014790786
317.0356846507532
319.0900807921243
321.1532864346768
323.2141227794261
325.2730728394401
327.3333048156703
329.3836333239951
331.4259513355918
333.4635775558224
335.4777214849345
337.4708183166696
339.4466563479614
341.3839638948267
343.2926876985592
345.1786467012163
347.0209560253189
348.8308547984016
350.5941101111736
352.2513745810902
353.8002909451661
355.2171199174357
356.5133247941149
357.7174693749024
358.830764875478
359.8752331425583
360.8806244640558
361.8674068871718
381.3296122957565
382.3948714290408
383.6280486547134
385.326054936516
388.1991854869036
394.1702312614677
402.8602621655435
155.9723856834141
157.0584277677301
158.1716483493537
159.3080028323153
160.4666113289566
161.636618778829
162.8152226711232
163.9961107433623
165.1718968327124
166.3412548368208
167.5038557205827
168.6569940713885
169.7998876954297
170.9357140223019
172.0684367753596
173.2022743642725
174.3399768632392
175.4862667156839
176.6399354952454
177.8010191547619
178.9750200598166
180.1594884047785
181.3542358217804
182.5618351362637
183.7797303080798
185.007077337387
186.2450228275814
187.4912923388844
188.7447066072671
190.0054234971897
191.2681594708313
192.5322190391648
193.79799517663
195.0588556231561
196.3138432580346
197.5623598653478
198.7930522563964
200.0077435988506
201.2092024973843
202.3843283219384
203.5418744512063
204.6837459223754
205.7878355267679
206.8644581679036
207.9114258974896
208.9050228599998
209.8612013951366
210.7767056908234
211.6658624086471
212.5454416453132
213.4260174325474
214.3256318038613
215.2699478770462
216.2826922416405
217.4001440635304
218.7175748789993
220.289943032256
222.2751721965774
224.913333193699
228.8754644095785
235.1901328536042
127.2014380070624
125.93078786490571
123.63290859395198
121.40116707371969
119.2430583056474
117.17142730531461
115.17979651643519
113.2568672035533
111.3843663682656
109.54691278655679
107.7296013288142
105.93617325225529
104.17429580121652
102.45113869948162
100.743798882687
99.04241261092702
97.3354009832747
95.59182448039607
93.82125181301092
92.027652438596
90.19860415048782
88.3399406245048
86.46554810782479
84.57444198029378
82.68290009402111
80.800282732055
78.91589261323841
77.03278945020654
75.15729181098297
73.27359362737468
71.3969802371974
69.52397155610691
67.64380396748578
65.76332682265672
63.8775670560691
61.972213882649214
60.062264592379705
58.131663766287204
56.15006362579621
54.1428235858107
52.094567402850316
49.99030789057352
47.86679327454408
45.6969974126352
43.478760953673486
41.319036866226696
39.2610942587807
37.47012880476922
36.027431664905976
34.94414654018095
34.32198064413967
34.111878501369574
34.266298990915175
34.89891777733612
47.38099817994572
47.419230707663786
47.476216502073214
47.5213054743283
47.55101636976781
47.567583503062224
47.581013824595914
24.240687687452464
21.49110540247358
20.976241326747
16.936933003801386
17.344710294504637
13.529538108908199
13.892614623582503
10.077193525065411
9.709766069612911
9.400673341915606
6.389579222512097
3.5049426955547034
3.7499052053569955
0.28379086523560204
-0.1471113110898017
-0.5801736550898937
-3.8865037430642104
-3.8205337905556007
-6.985223665541213
-7.067060257541712
-9.950333085351602
-10.58787648322469
-12.1995721674581
-13.386476759066909
-14.705900361689714
-16.061219847198885
-17.44245036029099
-18.849043307817993
-20.281538021613812
-21.745754766306305
-23.23766293750282
-24.7570011411091
-26.307626936293417
-27.88405205748981
-29.491690863594897
-31.15021376412352
-32.832273072634905
-34.534026725212016
-36.25662874201069
-37.9566504011282
-39.64272124730161
-41.3149457226655
-42.90926523642082
-44.430233036159876
-45.8589859131998
-47.077814855698705
-48.05000059561729
-48.75266908838651
-49.2438079449644
-49.5120830889
-49.54265970984201
-49.33620690802621
-48.80990870012769
-47.753710138080095
-45.4316737338107
-45.518684697225495
-45.59625607936701
-45.6615872557347
-45.71239431431468
-45.7478530237216
-45.76496803139722
103.9568377021179
106.6802078782217
110.4884332324531
114.282189049086
118.0482000234276
121.7559998341601
125.4093106781573
129.0153114457075
132.5815124370081
136.1106177799566
139.6034416710697
143.0392479966411
146.3995006090988
149.6693208960771
152.8846280345515
156.0645834254099
159.2278561605664
162.4247174966467
165.6420601080137
168.8788823057936
172.1576508790085
175.4667425963851
178.7914837711708
182.1402185697214
185.48858867109
188.8265201733838
192.1723213019201
195.5161704639123
198.8516820063439
202.2004487861575
205.5359258891117
208.8620563825541
212.192742682563
215.5098678687022
218.8202560780362
222.1414872421285
225.439669851616
228.7332437071044
232.0562886476474
235.3620626317269
238.675830817546
242.0183164589528
245.3317648388902
248.6543868940862
251.974005875913
255.1241782189111
258.0592524311258
260.5901876942781
262.6470988141703
264.2473596018825
265.2903457098997
265.8470444102814
265.9948756427323
265.641135760931
254.9979940217586
255.413908225168
256.0067169060472
257.1708603296111
259.7434950152853
265.7637706349886
273.9226323015052
85.25192693775733
88.79786339314703
90.1298135042938
95.00287346059821
95.44476152467647
100.114175712725
100.6071857833678
105.2742498924217
106.48128338445
107.6169749339077
111.4417279585393
115.124402176278
115.6611708514866
119.8963840136954
121.0878009606045
122.2772932222336
126.3388977040158
127.0317432203454
130.9576878525178
131.8030930148676
135.4579487453881
136.8724376981677
139.2662527933951
141.2429616553729
143.3572055971978
145.5114296481406
147.6967230819278
149.9101497536358
152.1509656537519
154.4250499798205
156.7229429940136
159.0435823448905
161.391112083041
163.7532571594954
166.1343618196817
168.5533795491818
170.9714267348099
173.3864033768705
175.8021241984597
178.1618573252739
180.4830520201751
182.7676741339115
184.9293324683634
186.9831730446583
188.9081603958897
190.5626084816217
191.9259309354874
192.9719655113256
193.7729755335923
194.3344402713788
194.6522400917617
194.7456792286839
194.5599905837245
193.9115009066544
192.1050547026316
192.9238459861675
194.0081543505809
195.5298486279644
197.7413213064121
201.3212380208329
206.9753050978245
231.1582757091803
232.6109957431274
234.1213418264051
235.6833561228057
237.291258329075
238.9274271394747
240.5891071945925
242.2721786492608
243.9658788052737
245.6575305665134
247.3330429998839
248.9754212488964
250.5737964103153
252.1204595955587
253.6284269172385
255.1069960363369
256.5632571438411
258.0165419770428
259.4633119210246
260.9065347443896
262.3562550294963
263.8066832208899
265.2570318789956
266.7146605500152
268.1714887651111
269.6268029054388
271.0882139151585
272.5489599141188
274.0089738173269
275.4740424135322
276.9329061263091
278.386027938661
279.8365466500488
281.2731946913589
282.6978231341053
284.1137011247777
285.5019344439957
286.8649074733916
288.2063522734436
289.5048862175376
290.7703982203963
292.0086243495263
293.1985581134343
294.3513843067214
295.4527668295865
296.4432150851378
297.3203466899065
298.0603164990473
298.6745304790763
299.1915061420635
299.6123263540394
299.958922911651
300.2611746336475
300.5400535382671
302.3789922017043
302.8331389328318
303.4829334081204
304.6921658039394
307.2945113850531
313.3313541380508
321.5036461261011
109.4926146252098
110.2889687956206
111.1060548310408
111.9398064643996
112.7894718191811
113.6437138216332
114.4998004069503
115.3514434174871
116.1910494540629
117.0176482758233
117.8313071810514
118.6293448718327
119.4110760568436
120.180174878931
120.9406896495147
121.6971195671437
122.4523939609516
123.2112094297898
123.9724641869766
124.7360327573259
125.5076156600365
126.284561214943
127.066680625937
127.856484896306
128.6513052355081
129.4502098009417
130.2542727216368
131.0611064458178
131.8694276321381
132.6792952135142
133.4852800565108
134.2865812037814
135.0834851467476
135.8692051020056
136.6426709560868
137.4031657850583
138.139153662175
138.8523766516585
139.545495456449
140.2052069241457
140.8403307728735
141.452728411246
142.0200672319426
142.5529400084984
143.0491744826899
143.484793625923
143.8759303398701
144.2192964229391
144.5291675886279
144.8223571824788
145.1095803819197
145.4094723206577
145.7500818835968
146.1577907685743
146.6733809688209
147.405161288942
148.4118982712139
149.8682613722297
152.0289269920974
155.5733849971113
161.2103370664273
-0.9758487401264055
-1.514858175967107
-1.499081838570404
-1.4769621815142515
-1.445156485489604
-1.41662096840791
-1.3949089832982473
-1.3808499663735687
-1.368652455023839
-1.35683325262239
-1.3358695001860843
-1.3058638765808808
-1.266459460845895
-1.2431974779259454
-1.2273609892917752
-1.2194963158622945
-1.2347153238539865
-1.2438534524730012
-1.2525477877761255
-1.2697330203292807
-1.282374687624374
-1.2876793064759005
-1.2959378309379441
-1.2932106901440563
-1.2858530695355326
-1.2872247859278387
-1.2848316563215783
-1.2798544332852981
-1.2857848841548598
-1.281021170753215
-1.27866072766101
-1.2831971400433257
-1.2819965932664918
-1.2847951028545141
-1.2968618432537746
-1.2976083552445699
-1.3068123069066995
-1.331930315118522
-1.3401145701543922
-1.356626220332855
-1.3826914698053243
-1.3908212622036236
-1.4129372653323458
-1.4299863307458773
-1.374878680501772
-1.2884699309460101
-1.1079719685573086
-0.8848390023980679
-0.6619845926547661
-0.3827293808249985
-0.12998645730784442
0.09775719132513261
0.38583014787026293
5.652455334699206
0.16022971801526442
0.20998898980589764
0.14848205675648274
-0.20799074324956401
-1.252963452444723
-1.2756461865538586
0.0
-1.3925075953973356
-0.2605373581783126
-2.0457874824184556
0.2068234068915603
-1.9322481105102267
0.1841829250860148
-1.9323750190136033
-0.18584835447601022
-0.1563038862844761
-1.5249670751308608
-1.4609168014720653
0.12433040051905342
-1.7554650284330702
-0.2180256569467129
-0.21912115528877807
-1.6745330546980965
0.03365707519860872
-1.6027853881314233
-0.04121064747571551
-1.4602344405687617
-0.32269151197142404
-0.8161323875001405
-0.6009582645123211
-0.6680822283478673
-0.6862634631104576
-0.6993866751228877
-0.7122327635208272
-0.725352450061304
-0.7414202873640519
-0.7554482053189512
-0.7693439722864771
-0.7851936381593757
-0.7982654589763549
-0.8140801835095461
-0.8398588924476305
-0.8517886961807399
-0.8617718057219905
-0.8723386222871341
-0.8609114827510682
-0.8538527114829979
-0.8468462527430964
-0.8073989484648815
-0.7702546610237867
-0.7235561823656049
-0.61724154836148
-0.4923221859007781
-0.35581735664636227
-0.24868076585519452
-0.1357977261110005
-0.015396928628916007
0.10467086364619141
0.2666967817645487
0.5351313232049414
1.1763571298839484
-0.04384174375940836
-0.03897294878116864
-0.032630071475841405
-0.025049438350703834
-0.016835527521823046
-0.0068793131217002035
0.0
-1.379483123280348
-1.929000564046072
-1.921671232509043
-1.907617490555476
-1.878131481459212
-1.850530896464926
-1.826566672801005
-1.806406681284481
-1.787616425997919
-1.769238589986387
-1.740357180442682
-1.702086557867689
-1.656279392946675
-1.62866655903304
-1.61075965102525
-1.60230929705055
-1.619323109023486
-1.629697597900973
-1.639564696006432
-1.660812015780644
-1.676171758640072
-1.684098761209817
-1.696252378569816
-1.696067646574123
-1.690780127682716
-1.694766371155342
-1.693777631200591
-1.689554332593149
-1.696268578208418
-1.689536887782198
-1.684802500149353
-1.687110176985443
-1.680240994132427
-1.676828477579821
-1.682320816897838
-1.670645910426277
-1.668311413846657
-1.683239558692526
-1.674491209616233
-1.678540554975425
-1.693086959894747
-1.678378562007892
-1.683025352337241
-1.681504189673808
-1.595673486006776
-1.486718690265605
-1.282008047333705
-1.041898086744292
-0.8105885747248841
-0.5283092788671075
-0.2819875420048014
-0.0748817373595029
0.1791817363859781
5.391126970801254
-0.2106752248997123
-0.3002785217311098
-0.5896797357829583
-1.303130276740614
-3.049482104103161
-4.132751424281428
0.0
-1.796141978551278
-0.6746797462572777
-2.468376876357095
-0.2238319021496642
-2.365223106479835
-0.2497270029710012
-2.364032708516361
-0.6114050693869224
-0.5752678572585562
-1.937372412494858
-1.865404481728663
-0.2718922807677548
-2.14528496053385
-0.6034947380538076
-0.602519817022253
-2.057346035886352
-0.3509507099708908
-1.988629533559395
-0.428227555706022
-1.851313436020125
-0.7164885829871219
-1.212551842234057
-1.001272812144193
-1.070939184777934
-1.091190521257641
-1.106928260350391
-1.12117873839984
-1.135052349369155
-1.15190398141761
-1.163963922347934
-1.17548574477482
-1.189106675101493
-1.19650985984229
-1.206113558234853
-1.225317866091694
-1.224826251362447
-1.223270912661948
-1.223647865861138
-1.195288122212909
-1.175767046125568
-1.157241742832519
-1.09495624826915
-1.040342748028682
-0.9750740412935356
-0.838036353866484
-0.690570945220373
-0.5298534354227586
-0.4057398502014186
-0.2844017081811186
-0.160976826671025
-0.0473302210507656
0.0940578530799132
0.3284829117206566
0.9150287659859965
-0.4147466866743851
-0.5492404603181761
-0.7707918640152824
-1.120188971841754
-1.813354179180261
-2.863984550849269
0.0
0.4036343831539424
0.4141423880789651
0.4225893939386392
0.4306553090412245
0.4329749959696082
0.433909928057016
0.4316576895027577
0.4255567149109122
0.4189639709740801
0.412405337363997
0.4044876802565978
0.3962226812868082
0.3898199321007799
0.3854690811070947
0.3833986617334749
0.3828129811882554
0.3846077851694995
0.3858441454279717
0.3870169082303065
0.3910789954513633
0.3937970710156979
0.3964194547339166
0.4003145476318718
0.4028569564300665
0.4049270581471834
0.4075415852275032
0.4089459748790127
0.4096998993078509
0.4104836940535581
0.4085157170289829
0.4061417724883428
0.4039130369421172
0.3982444008659352
0.3920333747253068
0.3854589736440634
0.3730375551817071
0.3614991069399576
0.3513092435740039
0.3343766394618408
0.3219143346425701
0.3103954900894226
0.2875572998042685
0.2700880870048953
0.2515178589279307
0.220794805505004
0.1982487593195949
0.1740360787763964
0.1570590843462241
0.1486039820701181
0.145579898042109
0.152001084696957
0.1726389286846355
0.2066484114842848
0.2613283638979518
0.3709049429149767
0.5102675115370074
0.738161792539441
1.09513953349105
1.796518651658438
2.857105237727569
0.0
0.4036343831539424
0.4141423880789651
0.4225893939386392
0.4306553090412245
0.4329749959696082
0.433909928057016
0.4316576895027577
0.4255567149109122
0.4189639709740801
0.412405337363997
0.4044876802565978
0.3962226812868082
0.3898199321007799
0.3854690811070947
0.3833986617334749
0.3828129811882554
0.3846077851694995
0.3858441454279717
0.3870169082303065
0.3910789954513633
0.3937970710156979
0.3964194547339166
0.4003145476318718
0.4028569564300665
0.4049270581471834
0.4075415852275032
0.4089459748790127
0.4096998993078509
0.4104836940535581
0.4085157170289829
0.4061417724883428
0.4039130369421172
0.3982444008659352
0.3920333747253068
0.3854589736440634
0.3730375551817071
0.3614991069399576
0.3513092435740039
0.3343766394618408
0.3219143346425701
0.3103954900894226
0.2875572998042685
0.2700880870048953
0.2515178589279307
0.220794805505004
0.1982487593195949
0.1740360787763964
0.1570590843462241
0.1486039820701181
0.145579898042109
0.152001084696957
0.1726389286846355
0.2066484114842848
0.2613283638979518
0.3709049429149767
0.5102675115370074
0.738161792539441
1.09513953349105
1.796518651658438
2.857105237727569
0.0
1.0
1.0
1.0
1.0
1.0
1.0
1.0
1.0
1.0
1.0
1.0
1.0
1.0
1.0
1.0
1.0
1.0
1.0
1.0
1.0
1.0
1.0
1.0
1.0
1.0
1.0
1.0
1.0
1.0
1.0
1.0
1.0
1.0
1.0
1.0
1.0
1.0
1.0
1.0
1.0
1.0
1.0
1.0
1.0
1.0
1.0
1.0
1.0
1.0
1.0
1.0
1.0
1.0
1.0
0.0
0.0
0.0
0.0
0.0
0.0
0.0
1.0
1.0
1.0
1.0
1.0
1.0
1.0
1.0
1.0
1.0
1.0
1.0
1.0
1.0
1.0
1.0
1.0
1.0
1.0
1.0
1.0
1.0
1.0
1.0
1.0
1.0
1.0
1.0
1.0
1.0
1.0
1.0
1.0
1.0
1.0
1.0
1.0
1.0
1.0
1.0
1.0
1.0
1.0
1.0
1.0
1.0
1.0
1.0
1.0
1.0
1.0
1.0
1.0
1.0
0.0
0.0
0.0
0.0
0.0
0.0
0.0
1.0
1.0
1.0
1.0
1.0
1.0
1.0
1.0
1.0
1.0
1.0
1.0
1.0
1.0
1.0
1.0
0.7015986081859769
0.7015986081859769
0.7015986081859769
0.7015986081859769
0.7015986081859769
0.7015986081859769
0.7015986081859769
0.7015986081859769
0.7015986081859769
0.7015986081859769
0.7015986081859769
0.7015986081859769
0.7015986081859769
0.7015986081859769
0.7015986081859769
0.7015986081859769
0.7015986081859769
0.7015986081859769
0.7015986081859769
0.7015986081859769
0.7015986081859769
0.7015986081859769
0.7015986081859769
0.7015986081859769
0.7015986081859769
0.7015986081859769
0.7015986081859769
0.7015986081859769
0.7015986081859769
1.0
1.0
1.0
1.0
1.0
1.0
1.0
1.0
1.0
1.0
1.0
1.0
1.0
1.0
1.0
1.0
1.0
1.0
1.0
1.0
1.0
1.0
1.0
1.0
1.0
1.0
1.0
1.0
1.0
0.012713954004375586
0.012522643316805774
0.012241180006835217
0.011870308005544427
0.01135040266031158
0.010807615946805646
0.010242417305406388
0.009627244491207885
0.008979260998492836
0.008306093871310167
0.007603293920370283
0.0069122527476502965
0.006252357025018315
0.005701225607961229
0.0052255857915459785
0.004805950185013031
0.004468973961144485
0.004131997737275937
0.0038109840341600974
0.0035305558891282635
0.00325012774409643
0.0029850657439348524
0.0027512965008038796
0.0025175272576729076
0.00229981876900209
0.0021087215835990263
0.0019176243981959642
0.0017410619733969394
0.0015842915630374572
0.0014275211526779757
0.0012836469802999441
0.001154287935352099
0.0010249288904042534
0.0009090354256542688
0.0008056959447637976
0.0007023564638733273
0.0006122852173578464
0.0005324474494826503
0.00045260968160745426
0.0003851992836228362
0.0003256805706096482
0.0002661618575964602
0.0002166170653874699
0.00017224112879281296
0.00012786519219815638
9.253792268836469e-05
6.333616885667669e-05
4.20429840806223e-05
2.7624225201019283e-05
1.7049318260112626e-05
1.0628768167837769e-05
6.782626702029576e-06
4.202743077801144e-06
2.924316786566879e-06
2.568634166351592e-06
2.3954756135574008e-06
2.4150621409845113e-06
2.474259716154873e-06
2.722521816921607e-06
3.959857006500464e-06
0.0004
0.0004
0.0004
0.0004
0.0004
0.0004
0.0004
0.0004
0.0004
0.0004
0.0004
0.0004
0.0004
0.0004
0.0004
0.0004
0.0004
0.0004
0.0004
0.0004
0.0004
0.0004
0.0004
0.0004
0.0004
0.0004
0.0004
0.0004
0.0004
0.0004
0.0004
0.0004
0.0004
0.0004
0.0004
0.0004
0.0004
0.0004
0.0004
0.0004
0.0004
0.0004
0.0004
0.0004
0.0004
0.0004
0.0004
0.0004
0.0004
0.0004
0.0004
0.0004
0.0004
0.0004
0.0004
0.0004
0.0004
0.0004
0.0004
0.0004
1.162045634587232e-08
1.820430393861804e-08
2.3397995420096767e-08
2.725212375375048e-08
2.960057246018744e-08
3.1556832458202534e-08
3.319749498422714e-08
3.464152348962763e-08
3.592600138599948e-08
3.705020883204817e-08
3.780025092524557e-08
3.837559316289666e-08
3.8829381782503677e-08
3.913902643840657e-08
3.937410144042347e-08
3.955735715982691e-08
3.967034486289783e-08
3.978333256596876e-08
3.9893025990365636e-08
3.999434353600619e-08
4.009566108164673e-08
4.022175415018773e-08
4.0398301931018384e-08
4.0574849711849056e-08
4.077639849341144e-08
4.101937180544153e-08
4.126234511747164e-08
4.152830315333734e-08
4.182555953655365e-08
4.2122815919769966e-08
4.2490072217123994e-08
4.2936115651879853e-08
4.338215908663571e-08
4.392681279327238e-08
4.456340102804553e-08
4.519998926281867e-08
4.592997988028456e-08
4.6732009569508185e-08
4.753403925873179e-08
4.8485534159784347e-08
4.9531943139707e-08
5.057835211962966e-08
5.2002938603837294e-08
5.362351069436888e-08
5.5244082784900455e-08
5.751180313026143e-08
6.028929328200166e-08
6.387341799947444e-08
6.840970116114401e-08
7.370642590357204e-08
8.017592488363205e-08
9.04862884477832e-08
1.0938081657783701e-07
1.4422883304751184e-07
3.6525748107579245e-07
6.672230955892941e-07
1.5515058449280014e-06
3.6506609890247675e-06
7.375069553347444e-06
2.758957962742941e-06
0.0
0.0
0.0
0.0
0.0
0.0
0.0
0.0
0.0
0.0
0.0
0.0
0.0
0.0
0.0
0.0
0.0
0.0
0.0
0.0
0.0
0.0
0.0
0.0
0.0
0.0
0.0
0.0
0.0
0.0
0.0
0.0
0.0
0.0
0.0
0.0
0.0
0.0
0.0
0.0
0.0
0.0
0.0
0.0
0.0
0.0
0.0
0.0
0.0
0.0
0.0
0.0
0.0
0.0
0.0
0.0
0.0
0.0
0.0
0.0
0.0
0.0
0.0
0.0
0.0
0.0
0.0
0.0
0.0
0.0
0.0
0.0
0.0
0.0
0.0
0.0
0.0
0.0
0.0
0.0
0.0
0.0
0.0
0.0
0.0
0.0
0.0
0.0
0.0
0.0
0.0
0.0
0.0
0.0
0.0
0.0
0.0
0.0
0.0
0.0
0.0
0.0
0.0
0.0
0.0
0.0
0.0
0.0
0.0
0.0
0.0
0.0
0.0
0.0
0.0
0.0
0.0
0.0
0.0
0.0
0.0
0.0
0.0
0.0
0.0
0.0
0.0
0.0
0.0
0.0
0.0
0.0
0.0
0.0
0.0
0.0
0.0
0.0
0.0
0.0
0.0
0.0
0.0
0.0
0.0
0.0
0.0
0.0
0.0
0.0
0.0
0.0
0.0
0.0
0.0
0.0
0.0
0.0
0.0
0.0
0.0
0.0
0.0
0.0
0.0
0.0
0.0
0.0
0.0
0.0
0.0
0.0
0.0
0.0
0.0
0.0
0.0
0.0
0.0
0.0
0.0
0.0
0.0
0.0
0.0
0.0
0.0
0.0
0.0
0.0
0.0
0.0
0.0
0.0
0.0
0.0
0.0
0.0
0.0
0.0
0.0
0.0
0.0
0.0
0.0
0.0
0.0
0.0
0.0
0.0
0.0
0.0
0.0
0.0
0.0
0.0
0.0
0.0
0.0
0.0
0.0
0.0
0.0
0.0
0.0
0.0
0.0
0.0
0.0
0.0
0.0
0.0
0.0
0.0
0.0
0.0
0.0
0.0
0.0
0.0
0.0
0.0
0.0
0.0
0.0
0.0
0.0
0.0
0.0
0.0
0.0
0.0
0.0
0.0
0.0
0.0
0.0
0.0
0.0
0.0
0.0
0.0
0.0
0.0
0.0
0.0
0.0
0.0
0.0
0.0
0.0
0.0
0.0
0.0
0.0
0.0
0.0
0.0
0.0
0.0
0.0
0.0
0.0
0.0
0.0
0.0
0.0
0.0
0.0
0.0
0.0
0.0
0.0
0.0
0.0
0.0
0.0
0.0
0.0
0.0
0.003570119022669338
0.0034996041578075655
0.003409540347023282
0.003299771279415631
0.003151251770058267
0.0029839708546992886
0.0028011180721289387
0.002604291313674109
0.0024083964683669027
0.0022150455849895105
0.0020336640534813193
0.0018666491438649583
0.0017126801861556545
0.001583721655396795
0.0014696337966006803
0.001366684215309443
0.0012803628962826381
0.0011940415772558322
0.0011119462292084807
0.0010405956371620795
0.0009692450451156782
0.0009009175021233207
0.0008387463204264312
0.0007765751387295417
0.0007168764676946636
0.0006612745364002989
0.0006056726051059345
0.0005525506983162698
0.0005028058461713033
0.00045306099402633686
0.0004067486529023704
0.000364299712480764
0.00032185077205915737
0.00028328669611704324
0.00024834448609198
0.00021340227606691685
0.00018270909280556347
0.00015529308444175237
0.00012787707607794126
0.00010572038238966507
8.690348263609823e-05
6.808658288253137e-05
5.376356942586015e-05
4.17694544908324e-05
2.9775339555804754e-05
2.1103949537266697e-05
1.4453040429115102e-05
9.93672573768964e-06
6.927207350205891e-06
4.764876598171457e-06
3.525337907350755e-06
2.8814058790235313e-06
2.5001055366884254e-06
2.35643836583194e-06
2.312563767431987e-06
2.298500334632782e-06
2.429364117616755e-06
2.7212248126938336e-06
3.176123844993294e-06
4.107939098779703e-06
0.0004
0.0004
0.0004
0.0004
0.0004
0.0004
0.0004
0.0004
0.0004
0.0004
0.0004
0.0004
0.0004
0.0004
0.0004
0.0004
0.0004
0.0004
0.0004
0.0004
0.0004
0.0004
0.0004
0.0004
0.0004
0.0004
0.0004
0.0004
0.0004
0.0004
0.0004
0.0004
0.0004
0.0004
0.0004
0.0004
0.0004
0.0004
0.0004
0.0004
0.0004
0.0004
0.0004
0.0004
0.0004
0.0004
0.0004
0.0004
0.0004
0.0004
0.0004
0.0004
0.0004
0.0004
0.0004
0.0004
0.0004
0.0004
0.0004
0.0004
1.530423069415213e-08
1.6826539649258388e-08
1.808721999581265e-08
1.9096758113918802e-08
1.9842467105754935e-08
2.052806856901885e-08
2.1163789892716428e-08
2.1754826211472416e-08
2.232117428905451e-08
2.2864743870556376e-08
2.3362715353827973e-08
2.3835625440069187e-08
2.429093676573531e-08
2.4724873785834516e-08
2.5152500193879194e-08
2.5580282996960746e-08
2.6016884610834346e-08
2.645348622470795e-08
2.6897815907637448e-08
2.7361794617209027e-08
2.7825773326780614e-08
2.830593906361297e-08
2.8819069263256004e-08
2.933219946289905e-08
2.9860472421681895e-08
3.041383564361395e-08
3.0967198865545996e-08
3.1551824608466535e-08
3.217902059273311e-08
3.280621657699968e-08
3.354295970468272e-08
3.4403001638466414e-08
3.526304357225011e-08
3.64703563005798e-08
3.8001430195198023e-08
3.9532504089816245e-08
4.2062446211803566e-08
4.536279201979365e-08
4.8663137827783724e-08
5.5497766277502105e-08
6.457675097106768e-08
7.365573566463323e-08
8.992625995249775e-08
1.099237067352801e-07
1.299211535180623e-07
1.5591366465459985e-07
1.8534955496373646e-07
2.1795727292589614e-07
2.5520913026591375e-07
2.989581120925996e-07
3.5573084478974945e-07
4.5121005984659787e-07
5.904474839433308e-07
8.009882108699423e-07
1.2359227430857984e-06
1.7346680040168692e-06
2.5195929471898077e-06
3.6181427137168562e-06
5.093409992380401e-06
2.5854019949177616e-06
0.0
0.0
0.0
0.0
0.0
0.0
0.0
0.0
0.0
0.0
0.0
0.0
0.0
0.0
0.0
0.0
0.0
0.0
0.0
0.0
0.0
0.0
0.0
0.0
0.0
0.0
0.0
0.0
0.0
0.0
0.0
0.0
0.0
0.0
0.0
0.0
0.0
0.0
0.0
0.0
0.0
0.0
0.0
0.0
0.0
0.0
0.0
0.0
0.0
0.0
0.0
0.0
0.0
0.0
0.0
0.0
0.0
0.0
0.0
0.0
0.0
0.0
0.0
0.0
0.0
0.0
0.0
0.0
0.0
0.0
0.0
0.0
0.0
0.0
0.0
0.0
0.0
0.0
0.0
0.0
0.0
0.0
0.0
0.0
0.0
0.0
0.0
0.0
0.0
0.0
0.0
0.0
0.0
0.0
0.0
0.0
0.0
0.0
0.0
0.0
0.0
0.0
0.0
0.0
0.0
0.0
0.0
0.0
0.0
0.0
0.0
0.0
0.0
0.0
0.0
0.0
0.0
0.0
0.0
0.0
0.0
0.0
0.0
0.0
0.0
0.0
0.0
0.0
0.0
0.0
0.0
0.0
0.0
0.0
0.0
0.0
0.0
0.0
0.0
0.0
0.0
0.0
0.0
0.0
0.0
0.0
0.0
0.0
0.0
0.0
0.0
0.0
0.0
0.0
0.0
0.0
0.0
0.0
0.0
0.0
0.0
0.0
0.0
0.0
0.0
0.0
0.0
0.0
0.0
0.0
0.0
0.0
0.0
0.0
0.0
0.0
0.0
0.0
0.0
0.0
0.0
0.0
0.0
0.0
0.0
0.0
0.0
0.0
0.0
0.0
0.0
0.0
0.0
0.0
0.0
0.0
0.0
0.0
0.0
0.0
0.0
0.0
0.0
0.0
0.0
0.0
0.0
0.0
0.0
0.0
0.0
0.0
0.0
0.0
0.0
0.0
0.0
0.0
0.0
0.0
0.0
0.0
0.0
0.0
0.0
0.0
0.0
0.0
0.0
0.0
0.0
0.0
0.0
0.0
0.0
0.0
0.0
0.0
0.0
0.0
0.0
0.0
0.0
0.0
0.0
0.0
0.0
0.0
0.0
0.0
0.0
0.0
0.0
0.0
0.0
0.0
0.0
0.0
0.0
0.0
0.0
0.0
0.0
0.0
0.0
0.0
0.0
0.0
0.0
0.0
0.0
0.0
0.0
0.0
0.0
0.0
0.0
0.0
0.0
0.0
0.0
0.0
0.0
0.0
0.0
0.0
0.0
0.0
0.0
0.0
0.0
0.0
0.0
0.0
0.0
0.0
0.0
0.0
0.0
0.0
2
2
2
2
1
1
295.88606089383285
264.77975466523895
47.581013824595914
-45.76496803139722
0.0
0.0
-45.054130213246395
46.38937860317171
53.0
53.0
6.265115300673023
5.601050757580543
1.0
1.0
2.0
2.0
3.0
3.0
4.0
4.0
5.0
5.0
6.0
6.0
7.0
7.0
8.0
8.0
9.0
9.0
10.0
10.0
11.0
11.0
12.0
12.0
13.0
13.0
14.0
14.0
15.0
15.0
16.0
16.0
17.0
17.0
18.0
18.0
19.0
19.0
20.0
20.0
21.0
21.0
22.0
22.0
23.0
23.0
24.0
24.0
25.0
25.0
26.0
26.0
27.0
27.0
28.0
28.0
29.0
29.0
30.0
30.0
31.0
31.0
32.0
32.0
33.0
33.0
34.0
34.0
35.0
35.0
36.0
36.0
37.0
37.0
38.0
38.0
39.0
39.0
40.0
40.0
41.0
41.0
42.0
42.0
43.0
43.0
44.0
44.0
45.0
45.0
46.0
46.0
47.0
47.0
48.0
48.0
49.0
49.0
50.0
50.0
51.0
51.0
52.0
52.0
53.0
53.0
54.0
54.0
55.0
55.0
56.0
56.0
57.0
57.0
58.0
58.0
59.0
59.0
60.0
60.0
0.0
0.0
0.0
0.0
0.0
0.0
0.0
0.0
0.0
0.0
0.0
0.0
0.0
0.0
0.0
0.0
0.0
0.0
0.0
0.0
0.0
0.0
0.0
0.0
0.0
0.0
0.0
0.0
0.0
0.0
0.0
0.0
0.0
0.0
0.0
0.0
0.0
0.0
0.0
0.0
0.0
0.0
0.0
0.0
0.0
0.0
0.0
0.0
0.0
0.0
0.0
0.0
0.0
0.0
0.0
0.0
0.0
0.0
0.0
0.0
0.0
0.0
0.0
0.0
0.0
0.0
0.0
0.0
0.0
0.0
0.0
0.0
0.0
0.0
0.0
0.0
0.0
0.0
0.0
0.0
0.0
0.0
0.0
0.0
0.0
0.0
0.0
0.0
0.0
0.0
0.0
0.0
0.0
0.0
0.0
0.0
0.0
0.0
0.0
0.0
0.0
0.0
0.0
0.0
0.0
0.0
0.99
0.0
0.0
0.0
0.0
0.0
0.0
0.0
0.0
0.0
0.0
0.0
0.0
0.0
0.0
0.0
0.0
0.0
0.0
0.0
0.0
0.0
0.0
0.0
0.0
0.0
0.0
0.0
0.0
0.0
0.0
0.0
0.0
0.0
0.0
0.0
0.0
0.0
0.0
0.0
0.0
0.0
0.0
0.0
0.0
0.0
0.0
0.0
0.0
0.0
0.0
0.0
0.0
0.0
0.0
0.0
0.0
0.0
0.0
0.0
0.0
0.0
0.0
0.0
0.0
0.0
0.0
0.0
0.0
0.0
0.0
0.0
0.0
0.0
0.0
0.0
0.0
0.0
0.0
0.0
0.0
0.0
0.0
0.0
0.0
0.0
0.0
0.0
0.0
0.0
0.0
0.0
0.0
0.0
0.0
0.0
0.0
0.0
0.0
0.0
0.0
0.0
0.0
0.0
0.0
0.0
0.0
0.0
0.0
0.0
0.0
0.0
0.0
0.0
0.0
0.0
0.0
0.0
0.0
0.0
0.8
0.0
0.0
0.0
0.0
0.0
0.0
0.0
0.0
0.0
0.0
0.0
0.0
0.0
0.0
0.0
0.0
0.0
0.0
0.0
0.0
0.0
0.0
0.0
0.0
0.0
0.0
0.0
0.0
0.0
0.0
0.0
0.0
0.0
0.0
0.0
0.0
0.0
0.0
0.0
0.0
0.0
0.0
0.0
0.0
0.0
0.0
0.0
0.0
0.0
0.0
0.0
0.0
0.0
0.0
0.0
0.0
0.0
0.0
0.0
0.0
0.0
0.0
0.0
0.0
0.0
0.0
0.0
0.0
0.0
0.0
0.0
0.0
0.0
0.0
0.0
0.0
0.0
0.0
0.0
0.0
0.0
0.0
0.0
0.0
0.0
0.0
0.0
0.0
0.0
0.0
0.0
0.0
0.0
0.0
0.0
0.0
0.0
0.0
0.0
0.0
0.0
0.0
0.0
0.0
0.0
0.0
0.0
0.0
0.0
0.0
0.0
0.0
0.0
0.0
0.0
0.0
0.0
0.0
0.0
0.5
0.0
0.0
0.0
0.0
0.0
0.0
0.0
0.0
0.0
0.0
0.0
0.0
0.0
14.999999999999998
60.0
