9.81
6.022e+23
0
0
0
3
0
1
276.7167620007463
2
2
0
0
1
1
0
1
60
7
1000.0
1.0


3
3.0
0
77.072922555375
0
5.783625987995279
150.0
1000.0
287.04
9.81
79000.0
40.0
20000.0
0.0
0.0
0.0
0.0
0.0280134
0.04401
0.0319988
0.039948
0.01604
0.01801528
0.048
99000.0
2.1153802199668344e+29
0.8
1e-06
1000000.0
0.6
3.0
0.0001
5000
46
0.7330857510339783
0
2
6.0
1.0
1.0
0.0
1
1
0.0001
1000000000000.0
1
259.92414155036494
259.2054343595983
258.44589583202725
257.66244166127854
256.8674691391391
256.0620446477368
255.24780632107775
254.42789349516207
253.59817103037017
252.7573857787745
251.90357052648045
251.036004658473
250.15724256571534
249.2538064599918
248.33552813310538
247.39916425182443
246.44103326917713
245.46328707239672
244.4647158883645
243.443470905091
242.4002839944851
241.33415715894927
240.24342291115525
239.12771510061026
237.98555502015304
236.8149579571201
235.61421949173868
234.38218358293733
233.1163670174901
231.81636227693053
230.47934608247544
229.10260292840871
227.6829419485293
226.21782245022277
224.7035148176295
223.1375247669308
221.51647237986688
219.83475216138825
218.0873777536802
216.2721972767447
214.38391259615213
212.4093868163268
210.34768369295193
208.1885233274894
205.9167357050116
203.53218094781045
201.02224509369404
198.87107678386232
203.3746639746368
206.39858428868516
207.50384849671022
208.665450272111
209.88452069726947
211.16167621595304
213.01399550125754
214.78874326646752
217.21218689656578
220.5898967467458
224.8450583242965
234.78152717338858
276.1737771742634
275.4079112036272
274.6005302626332
273.76852781673176
272.92427779174886
272.0688219857985
271.20377264327556
270.3322418093415
269.4500655476737
268.555960293091
267.6479266679694
266.72521000856784
265.79032861945734
264.82976641976376
263.85331451578367
262.85768628900024
261.83915407735736
260.79982056691176
259.738423410999
258.65305753111585
257.54439447967343
256.4113714811584
255.2522513539527
254.0665928179829
252.85283601126645
251.6089083680126
250.33301014627634
249.0238816277144
247.6789265438667
246.29761375705695
244.8769844236643
243.41417390988084
241.90582675412045
240.34921994708859
238.74042115025907
237.07670973233357
235.35445191598708
233.56775610594573
231.7113117996201
229.78259774159733
227.77589220419847
225.6775691175608
223.4861229404136
221.1906054943573
218.77505479138256
216.23836166526823
213.5700305851108
210.76088096546744
207.58762962989454
206.39858428868516
207.50384849671022
208.665450272111
209.88452069726947
211.16167621595304
213.01399550125754
214.78874326646752
217.21218689656578
220.5898967467458
224.8450583242965
234.78152717338858
991.675
975.0250000000001
958.375
941.7249999999999
925.075
908.425
891.7750000000001
875.125
858.4749999999999
841.825
825.175
808.5250000000001
791.875
775.225
758.575
741.925
725.2750000000001
708.625
691.975
675.325
658.675
642.0250000000001
625.375
608.725
592.075
575.425
558.7750000000001
542.125
525.4750000000001
508.82500000000005
492.17500000000007
475.52500000000003
458.87500000000006
442.2250000000001
425.57500000000005
408.925
392.27500000000003
375.62500000000006
358.9750000000001
342.32500000000005
325.675
309.02500000000003
292.37500000000006
275.7250000000001
259.0750000000001
242.42500000000007
225.77500000000003
209.12500000000006
192.47500000000008
175.8250000000001
159.17500000000007
142.52500000000003
125.87500000000006
109.22500000000008
92.5750000000001
75.92500000000013
59.27500000000009
42.62500000000006
25.97500000000008
9.325000000000045
991.675
975.0250000000001
958.375
941.7249999999999
925.075
908.425
891.7750000000001
875.125
858.4749999999999
841.825
825.175
808.5250000000001
791.875
775.225
758.575
741.925
725.2750000000001
708.625
691.975
675.325
658.675
642.0250000000001
625.375
608.725
592.075
575.425
558.7750000000001
542.125
525.4750000000001
508.82500000000005
492.17500000000007
475.52500000000003
458.87500000000006
442.2250000000001
425.57500000000005
408.925
392.27500000000003
375.62500000000006
358.9750000000001
342.32500000000005
325.675
309.02500000000003
292.37500000000006
275.7250000000001
259.0750000000001
242.42500000000007
225.77500000000003
209.12500000000006
192.47500000000008
175.8250000000001
159.17500000000007
142.52500000000003
125.87500000000006
109.22500000000008
92.5750000000001
75.92500000000013
59.27500000000009
42.62500000000006
25.97500000000008
9.325000000000045
64.75689358622921
195.20266151282996
327.5391603034838
461.82463852913816
598.1240714577978
736.5067748298694
877.0473063476177
1019.8242226652046
1164.9191611067465
1312.4177097206393
1462.4098941653497
1614.9919305484136
1770.2627225993242
1928.3265380938092
2089.2966845694405
2253.291886269155
2420.4386455490758
2590.8728071228943
2764.739053610697
2942.1925122647363
3123.4001246463354
3308.5409713368203
3497.8078428816534
3691.408825750488
3889.5683765000686
4092.5291538649435
4300.554592253421
4513.93112843703
4732.971544740631
4958.018279461094
5189.446371486706
5427.667917453791
5673.137663472151
5926.359241270278
6187.89303889712
6458.365843618324
6738.480389386296
7029.028131682304
7330.908580994135
7645.1505830291635
7972.9310022199015
8315.61157033849
8674.784371487185
9052.316553556642
9450.434211991535
9871.826854723404
10320.355498081608
10809.384365390979
11352.71371185555
11956.207386342041
12630.384650957134
13393.175536078139
14270.260871675822
15301.680185901227
16551.278989199316
18133.010015208805
20286.2421434923
23655.40424108775
31896.958680828233
56560.69457252452
68.80473336809489
207.4043445700886
348.0128881856121
490.69245607984675
635.5120635401465
782.545276929976
931.871130314892
1083.5728989873023
1237.7371992763703
1394.4548784318445
1553.8215232825505
1715.939237025909
1880.913162797663
2048.8541892474514
2219.8826585147667
2394.124778951187
2571.715026299139
2752.7977522498895
2937.5267294901587
3126.066813860105
3318.5953762776116
3515.3026975496114
3716.3936184976556
3922.0892156396103
4132.627977356124
4348.267752355545
4569.288456432165
4795.994452356187
5028.7180699187775
5267.823121414735
5513.7080851521605
5766.810842299807
6027.614597824496
6296.654506357565
6574.526007084911
6861.895023184519
7159.508181326912
7468.206404269595
7788.945247752138
8122.8174231979165
8471.07303512278
8835.1583944691
9216.764017871807
9617.872600088296
10040.847170224486
10488.544828050512
10964.46030907246
11472.669707028008
12021.330572805155
12624.824247291646
13299.00151190674
14061.792397027744
14938.877732625428
15970.297046850832
17219.89585014892
18801.62687615841
20954.859004441907
24324.021102037354
32565.575541777842
56560.69457252452
3.521179111399233e+23
3.521179111399233e+23
3.521179111399257e+23
3.521179111399233e+23
3.521179111399233e+23
3.521179111399233e+23
3.521179111399233e+23
3.521179111399257e+23
3.521179111399233e+23
3.521179111399233e+23
3.521179111399233e+23
3.521179111399233e+23
3.521179111399257e+23
3.5211791113992086e+23
3.521179111399257e+23
3.521179111399233e+23
3.521179111399233e+23
3.521179111399257e+23
3.5211791113992086e+23
3.521179111399257e+23
3.521179111399233e+23
3.521179111399233e+23
3.521179111399257e+23
3.5211791113992086e+23
3.521179111399257e+23
3.521179111399233e+23
3.521179111399233e+23
3.521179111399233e+23
3.521179111399233e+23
3.521179111399244e+23
3.521179111399244e+23
3.521179111399233e+23
3.521179111399233e+23
3.521179111399233e+23
3.521179111399257e+23
3.521179111399233e+23
3.521179111399233e+23
3.521179111399233e+23
3.521179111399233e+23
3.521179111399257e+23
3.521179111399233e+23
3.521179111399233e+23
3.521179111399233e+23
3.521179111399233e+23
3.521179111399233e+23
3.521179111399257e+23
3.521179111399233e+23
3.521179111399233e+23
3.521179111399233e+23
3.521179111399233e+23
3.521179111399257e+23
3.521179111399233e+23
3.521179111399233e+23
3.521179111399233e+23
3.521179111399233e+23
3.521179111399233e+23
3.521179111399257e+23
3.521179111399233e+23
3.521179111399233e+23
3.521179111399257e+23
3.521179111399233e+23
3.521179111399233e+23
3.521179111399257e+23
3.521179111399233e+23
3.521179111399233e+23
3.521179111399233e+23
3.521179111399233e+23
3.521179111399257e+23
3.521179111399233e+23
3.521179111399233e+23
3.521179111399233e+23
3.521179111399233e+23
3.521179111399257e+23
3.5211791113992086e+23
3.521179111399257e+23
3.521179111399233e+23
3.521179111399233e+23
3.521179111399257e+23
3.5211791113992086e+23
3.521179111399257e+23
3.521179111399233e+23
3.521179111399233e+23
3.521179111399257e+23
3.5211791113992086e+23
3.521179111399257e+23
3.521179111399233e+23
3.521179111399233e+23
3.521179111399233e+23
3.521179111399233e+23
3.521179111399244e+23
3.521179111399244e+23
3.521179111399233e+23
3.521179111399233e+23
3.521179111399233e+23
3.521179111399257e+23
3.521179111399233e+23
3.521179111399233e+23
3.521179111399233e+23
3.521179111399233e+23
3.521179111399257e+23
3.521179111399233e+23
3.521179111399233e+23
3.521179111399233e+23
3.521179111399233e+23
3.521179111399233e+23
3.521179111399257e+23
3.521179111399233e+23
3.521179111399233e+23
3.521179111399233e+23
3.521179111399233e+23
3.521179111399257e+23
3.521179111399233e+23
3.521179111399233e+23
3.521179111399233e+23
3.521179111399233e+23
3.521179111399233e+23
3.521179111399257e+23
3.521179111399233e+23
3.521179111399233e+23
3.521179111399257e+23
-2.521434268950099
-2.393174509734978
-2.354314853766376
-2.3529579632299815
-2.3490714960626677
-2.338487592775802
-2.317919440251076
-2.275998816362879
-2.2241697829850846
-2.16149865888281
-2.0953495710792778
-2.0273510219915645
-1.921419172763002
-1.8957560969883906
-1.8420233284485796
-1.7897950064612138
-1.7539003009271714
-1.725092727744289
-1.6941701382313967
-1.668347946636192
-1.6452324690979994
-1.6229278902065971
-1.6049040355308988
-1.5870270429231934
-1.5698641451285082
-1.5547160009389753
-1.5372296179569953
-1.5226597894746072
-1.5092009123309076
-1.4938924336212716
-1.4781506322402371
-1.4603831191132022
-1.4429276203565895
-1.4244891586908852
-1.407214169642815
-1.3864706911951075
-1.3626351157572842
-1.3342888470344334
-1.3011609754747253
-1.2537248070154743
-1.178034839975218
-1.0914881982704099
-0.9645294081989884
-0.8025452388348335
-0.6083270189395059
-0.3365000288427985
0.06223512381046936
0.6629474652040951
-0.09791315060091141
-0.4160541481949028
-0.2655840801471273
-0.2080843928243013
-0.18218577060494845
-0.17080094989589995
-0.1724401262988946
-0.1697230855218575
-0.17154633547201248
-0.16913605075683566
-0.14535761593249044
-0.03847052983262175
-1.9989145886529256
-1.8296192785490635
-1.8198085860337052
-1.8777520636686131
-1.9371461228755225
-1.9899435303097923
-2.022203773406579
-2.015377705041138
-1.9885155699236412
-1.9488625532137784
-1.9010969666253243
-1.8449567482079134
-1.7904983482428711
-1.7267019210856571
-1.674600659565536
-1.6259047556202353
-1.5903429952543415
-1.5527066590405199
-1.5253029767681132
-1.5088387167850466
-1.4915767214661855
-1.4750986453030042
-1.460533849657322
-1.445045346071849
-1.4295688395194888
-1.4176426946931988
-1.415125207996439
-1.412594012737543
-1.4174674793596158
-1.4196107219592031
-1.4230536750382483
-1.432153392142995
-1.4492406874519923
-1.472512544992898
-1.5038896671010664
-1.5385899426144682
-1.5705390404701984
-1.6097136523929452
-1.6545854759106835
-1.683057319811075
-1.6965162298383147
-1.7213638253070431
-1.7182946914631636
-1.6776040643040984
-1.6156087902321234
-1.4493523102560253
-1.1472351742457019
-0.6646855600383874
0.09628378826517353
0.4154471356013308
0.2651785656008244
0.20760918083279412
0.18200841164895454
0.1704699028973268
0.17267313171481904
0.16951706478268352
0.17145565127023762
0.1691962166599281
0.14530141029550325
0.03844603921969326
-1.7887170823858156
-1.672657091299996
-1.645997184145287
-1.656840039857812
-1.6651533177328872
-1.666769158205227
-1.6584007501966909
-1.6286798702768834
-1.589050580775293
-1.5385792005734373
-1.4846298568987777
-1.4288310515146065
-1.3350989467597003
-1.3216356156698907
-1.2801025922640008
-1.240074015903815
-1.2163790570196795
-1.1997712311702173
-1.1810483893378034
-1.1674259476547775
-1.1565102189987329
-1.1464053912336851
-1.1405812895858958
-1.1349040511036037
-1.1299409088721006
-1.1269925252242956
-1.1217059021068962
-1.119335840313397
-1.1180767309260204
-1.1149680265155837
-1.1114260064740904
-1.1058582781626
-1.1006025809783182
-1.0943639273914982
-1.0892887764411796
-1.0807451543945206
-1.0691094880615708
-1.0529632906122401
-1.032036037848684
-0.9968017574583996
-0.933315876282478
-0.8589758299017092
-0.7442245157004947
-0.59444617096662
-0.41243073113318474
-0.1528029048783992
0.2337288360366756
0.8224257769015253
0.04924236249900105
-0.28112309197581453
-0.14285405229549042
-0.09754861840349349
-0.08385714030072222
-0.08466319649338061
-0.0985187792176987
-0.1079862236318263
-0.12201302086199917
-0.1318070269055056
-0.1202239375718932
-0.02553795788819002
-1.9907133234028862
-1.8215546013037027
-1.8118804668244053
-1.869960499413395
-1.929491111849586
-1.9824250706389108
-2.0148218658387833
-2.008132348975721
-1.981406765140008
-1.9418902998498027
-1.8942612643569987
-1.838257597714886
-1.783935748165817
-1.7202758731396557
-1.6683111627701521
-1.6197518105131792
-1.5843266022113767
-1.5468268165776067
-1.5195596857481064
-1.5032319799894935
-1.486106535908334
-1.469765000897894
-1.4553367702348794
-1.4399848195625111
-1.4246448645634757
-1.41285527652812
-1.4104743274187967
-1.4080797040898858
-1.4130897075100108
-1.4153695221912983
-1.4189490348105096
-1.428185311405315
-1.4454091458920004
-1.4688175856848602
-1.500331275372531
-1.5351681180167702
-1.5672537896585084
-1.6065649816871144
-1.6515733987631052
-1.6801818449152108
-1.6937773859913818
-1.718761646089007
-1.7158292036779983
-1.6752752586448025
-1.6134166784770798
-1.4472969625851135
-1.1453160102201139
-0.6629049215745795
0.09792477376672082
0.41696848423239885
0.2665547885140995
0.2088525498847673
0.18310729784880664
0.17144078476471236
0.17349071196750288
0.17021321382867427
0.17201139259231013
0.16961086045961338
0.14558393479839538
0.038590936292791866
-0.7327171659218797
-0.7205174251092805
-0.7083176842966811
-0.6961179434840817
-0.6839182026714826
-0.6717184618588833
-0.659518721046284
-0.6473189802336847
-0.6351192394210853
-0.622919498608486
-0.6107197577958867
-0.5985200169832876
-0.5863202761706882
-0.5741205353580888
-0.5619207945454897
-0.5497210537328903
-0.5375213129202909
-0.5253215721076917
-0.5131218312950924
-0.5009220904824931
-0.4887223496698938
-0.47652260885729447
-0.4643228680446952
-0.4521231272320959
-0.43992338641949663
-0.4277236456068973
-0.41552390479429807
-0.40332416398169874
-0.39112442316909946
-0.3789246823565002
-0.36672494154390084
-0.3545252007313015
-0.3423254599187022
-0.330125719106103
-0.31792597829350366
-0.30572623748090433
-0.293526496668305
-0.28132675585570577
-0.2691270150431065
-0.25692727423050715
-0.24472753341790784
-0.23252779260530856
-0.22032805179270926
-0.20812831098011
-0.19592857016751072
-0.18372882935491144
-0.17152908854231208
-0.15932934772971277
-0.1471296069171135
-0.13492986610451424
-0.12273012529191493
-0.11053038447931557
-0.0983306436667163
-0.08613090285411702
-0.07393116204151773
-0.061731421228918455
-0.04953168041631917
-0.037331939603719805
-0.02513219879112052
-0.012932457978521243
-0.008201217553934584
-0.008064667281661574
-0.007928117009388563
-0.007791566737115551
-0.007655016464842541
-0.0075184661925695295
-0.007381915920296519
-0.007245365648023509
-0.007108815375750496
-0.006972265103477486
-0.006835714831204476
-0.006699164558931465
-0.006562614286658454
-0.006426064014385443
-0.006289513742112434
-0.006152963469839421
-0.00601641319756641
-0.0058798629252934005
-0.005743312653020388
-0.005606762380747379
-0.005470212108474368
-0.005333661836201356
-0.005197111563928347
-0.005060561291655334
-0.004924011019382325
-0.004787460747109313
-0.0046509104748363025
-0.004514360202563292
-0.004377809930290281
-0.004241259658017272
-0.004104709385744259
-0.003968159113471249
-0.003831608841198238
-0.0036950585689252274
-0.0035585082966522164
-0.003421958024379205
-0.0032854077521061943
-0.003148857479833184
-0.0030123072075601736
-0.002875756935287162
-0.002739206663014151
-0.0026026563907411405
-0.0024661061184681294
-0.0023295558461951193
-0.0021930055739221082
-0.002056455301649098
-0.0019199050293760864
-0.0017833547571030756
-0.0016468044848300647
-0.0015102542125570544
-0.001373703940284044
-0.001237153668011032
-0.0011006033957380215
-0.0009640531234650109
-0.0008275028511920002
-0.0006909525789189896
-0.000554402306645979
-0.00041785203437296744
-0.00028130176209995673
-0.00014475148982694613
-16.649999999999977
-16.649999999999977
-16.65000000000009
-16.649999999999977
-16.649999999999977
-16.649999999999977
-16.649999999999977
-16.65000000000009
-16.649999999999977
-16.649999999999977
-16.649999999999977
-16.649999999999977
-16.65000000000009
-16.649999999999864
-16.65000000000009
-16.649999999999977
-16.649999999999977
-16.65000000000009
-16.649999999999864
-16.65000000000009
-16.649999999999977
-16.649999999999977
-16.65000000000009
-16.649999999999864
-16.65000000000009
-16.649999999999977
-16.649999999999977
-16.649999999999977
-16.649999999999977
-16.650000000000034
-16.650000000000034
-16.649999999999977
-16.649999999999977
-16.649999999999977
-16.65000000000009
-16.649999999999977
-16.649999999999977
-16.649999999999977
-16.649999999999977
-16.65000000000009
-16.649999999999977
-16.649999999999977
-16.649999999999977
-16.649999999999977
-16.649999999999977
-16.65000000000009
-16.649999999999977
-16.649999999999977
-16.649999999999977
-16.649999999999977
-16.65000000000009
-16.649999999999977
-16.649999999999977
-16.649999999999977
-16.649999999999977
-16.649999999999977
-16.65000000000009
-16.649999999999977
-16.649999999999977
-16.65000000000009
-16.649999999999977
-16.649999999999977
-16.65000000000009
-16.649999999999977
-16.649999999999977
-16.649999999999977
-16.649999999999977
-16.65000000000009
-16.649999999999977
-16.649999999999977
-16.649999999999977
-16.649999999999977
-16.65000000000009
-16.649999999999864
-16.65000000000009
-16.649999999999977
-16.649999999999977
-16.65000000000009
-16.649999999999864
-16.65000000000009
-16.649999999999977
-16.649999999999977
-16.65000000000009
-16.649999999999864
-16.65000000000009
-16.649999999999977
-16.649999999999977
-16.649999999999977
-16.649999999999977
-16.650000000000034
-16.650000000000034
-16.649999999999977
-16.649999999999977
-16.649999999999977
-16.65000000000009
-16.649999999999977
-16.649999999999977
-16.649999999999977
-16.649999999999977
-16.65000000000009
-16.649999999999977
-16.649999999999977
-16.649999999999977
-16.649999999999977
-16.649999999999977
-16.65000000000009
-16.649999999999977
-16.649999999999977
-16.649999999999977
-16.649999999999977
-16.65000000000009
-16.649999999999977
-16.649999999999977
-16.649999999999977
-16.649999999999977
-16.649999999999977
-16.65000000000009
-16.649999999999977
-16.649999999999977
-16.65000000000009
260.46712637684783
259.7180670715535
258.9582273100392
258.1872974444216
257.40491334668667
256.6106875595512
255.8042057476632
254.98501981864575
254.15266918026273
253.3066701052516
252.44651630235296
251.5716727133504
250.6815614405003
249.7756163371859
248.85319745838913
247.91363409229018
246.95622363747515
245.9802054107291
244.9847687452341
243.969050727485
242.93211987497182
241.87297661509942
240.79054905025473
239.68556901205034
238.55663506839164
237.40025649909123
236.2145887367295
234.99820155273923
233.74927531911206
232.4663646700389
231.147854208609
229.7909745402502
228.39292053092723
226.95156413557345
225.4638427347784
223.92633679818607
222.33521564991537
220.6861812651478
218.9743767037223
217.1942540413326
215.3394602847434
213.40273533975756
211.37853760544994
209.26810669675302
207.05263324718445
204.7244621937491
202.2772163297651
199.94675794003763
201.12306263611399
204.88675650171
206.95127631959357
208.08470143636526
209.275024203319
210.52312839233687
212.08784210942108
213.90136830852384
216.00048208320334
218.90104384304794
222.71747750261642
229.81329741723525
239.74976275035718
276.7167620007463
275.9208803127367
275.1135453741985
274.29442585875887
273.46313486054044
272.61926096820156
271.7623646324207
270.89197119556843
270.00759204898355
269.1087138884225
268.1947991650997
267.26527975086617
266.31954272045874
265.3569847819959
264.3769265504075
263.3786553829129
262.36142403848856
261.3244242433607
260.2691219878818
259.1957404712209
258.0987260068464
256.9778829824355
255.83181142121128
254.65942209213532
253.45971442263465
252.23087220009415
250.97095926944456
249.6784459023966
248.35140410468887
246.98827017329037
245.5872991192666
244.14557920158063
242.6601916355466
241.12879644514192
239.54813922194714
237.91458677928208
236.22406940263048
234.4720203876787
232.65327927331197
230.76195336662832
228.7912956921585
226.73359295144064
224.5818483797978
222.3383674039177
219.98283387382781
217.50671209138184
214.90420011698805
212.1654489708792
209.17424479654824
206.99314106410242
206.95127631959357
208.08470143636526
209.275024203319
210.52312839233687
212.08784210942108
213.90136830852384
216.00048208320334
218.90104384304794
222.71747750261642
229.81329741723525
239.74976275035718
1000.0
983.35
966.7
950.05
933.4
916.75
900.1
883.45
866.8
850.15
833.5
816.85
800.2
783.55
766.9000000000001
750.25
733.6
716.95
700.3
683.6500000000001
667.0
650.35
633.7
617.05
600.4000000000001
583.75
567.1
550.45
533.8000000000001
517.1500000000001
500.50000000000006
483.85
467.20000000000005
450.55000000000007
433.9000000000001
417.25
400.6
383.95000000000005
367.30000000000007
350.6500000000001
334.0
317.35
300.70000000000005
284.05000000000007
267.4000000000001
250.7500000000001
234.10000000000002
217.45000000000005
200.80000000000007
184.1500000000001
167.5000000000001
150.85000000000002
134.20000000000005
117.55000000000007
100.90000000000009
84.25000000000011
67.60000000000014
50.950000000000045
34.30000000000007
17.65000000000009
1.0
1000.0
983.35
966.7
950.05
933.4
916.75
900.1
883.45
866.8
850.15
833.5
816.85
800.2
783.55
766.9000000000001
750.25
733.6
716.95
700.3
683.6500000000001
667.0
650.35
633.7
617.05
600.4000000000001
583.75
567.1
550.45
533.8000000000001
517.1500000000001
500.50000000000006
483.85
467.20000000000005
450.55000000000007
433.9000000000001
417.25
400.6
383.95000000000005
367.30000000000007
350.6500000000001
334.0
317.35
300.70000000000005
284.05000000000007
267.4000000000001
250.7500000000001
234.10000000000002
217.45000000000005
200.80000000000007
184.1500000000001
167.5000000000001
150.85000000000002
134.20000000000005
117.55000000000007
100.90000000000009
84.25000000000011
67.60000000000014
50.950000000000045
34.30000000000007
17.65000000000009
1.0
0.0
129.51378717245842
260.8915358532015
394.1867847537661
529.4624923045102
666.7856506110852
806.2278990486536
947.8667136465818
1091.7817316838275
1238.0565905296655
1386.7788289116133
1538.0409594190858
1691.9429016777412
1848.582543520907
2008.0705326667116
2170.5228364721693
2336.06093606614
2504.8163550320114
2676.9292592137767
2852.5488480076174
3031.8361765218547
3214.964072770816
3402.1178699028246
3593.4978158604827
3789.3198356404937
3989.816917359644
4195.241390370244
4405.867794136599
4621.994462737461
4843.9486267438015
5072.087932178387
5306.804810795025
5548.531024112558
5797.744302831743
6054.974179708814
6320.811898085427
6595.919789151221
6881.040989621371
7177.015273743235
7484.801888245035
7805.499277813292
8140.362726626511
8490.860414050469
8858.708328923904
9245.924778189381
9654.943645793688
10088.710063653121
10552.000932510095
11066.767798271861
11638.659625439237
12273.755147244843
12987.014154669423
13799.336917486853
14741.18482586479
15862.175545937665
17240.382432460967
19025.637597956644
21546.84668902796
25763.961793147537
38029.95556850893
50295.94934387041
0.0
137.60946673618977
277.1992224039874
418.8265539672368
562.5583581924567
708.4657688878364
856.6247849721157
1007.1174756576683
1160.0283223169363
1315.4460762358044
1473.4636806278847
1634.1793659372163
1797.6991081146018
1964.1272174807245
2133.5811610141777
2306.1841560153557
2482.0654018870187
2661.364650711259
2844.2308537885197
3030.8226051917977
3221.3110225284126
3415.87973002681
3614.7256650724125
3818.061571922898
4026.1168593563225
4239.139095355925
4457.396409355164
4681.180503509167
4910.808401203208
5146.627738634348
5389.018504195123
5638.397666109198
5895.224018490415
6160.005177158577
6433.303835556554
6715.7481786132685
7008.04186775577
7310.974494898052
7625.438313641136
7952.45218186314
8293.182664532693
8648.963405712866
9021.353383225332
9412.174652518279
9823.570547658315
10258.123792790657
10718.965863310368
11209.954754834549
11735.384659221467
12307.276486388842
12942.372008194448
13655.631015619028
14467.953778436458
15409.801686814395
16530.79240688727
17908.999293410572
19694.25445890625
22215.463549977565
26432.578654097142
38698.57242945854
50964.56620482002
292.15547748082145
291.7773960696747
291.18008034657015
290.4671094547138
289.6792484841026
288.852473071502
288.00641558354573
287.15580072982414
286.31540520079784
285.4859051840834
284.6695697597205
283.86553931989005
283.07352382138595
282.74544717984537
281.9667631446982
281.194674172233
280.4266023350183
279.6611040410993
278.90480099108805
278.1549649411948
277.4085836603483
276.66846599946166
275.93484762540476
275.20754316466525
274.4883362692805
273.7771594046427
273.07416178965326
272.3812801081202
271.6997276424285
271.02915345868723
270.3721807640035
269.7289198400579
269.0991308911255
268.48528803977115
267.8881016094237
267.30895655619764
266.7497280743239
266.2119735425129
265.69598977407816
265.2042076187565
264.7384779153602
264.29651801304
263.8828947771759
263.5004879178429
263.1468184085723
262.8200761542606
262.52237915960865
262.2713653976315
262.3314380171384
263.1500916798806
263.95782724790615
264.6049488483379
265.2467415000244
265.89171893544926
266.5516152881196
267.2255994998761
267.9034669713186
268.6333778305318
269.44609688985713
270.5158056984196
272.26646728378137
361.9078547680515
361.01581874804833
359.7980034794504
358.4194378413272
356.939452251076
355.41262324227006
353.86546646117085
352.3180161025542
350.79100199678464
349.28355629968013
347.7969529123321
346.32871656942996
344.87789253478826
343.4449040672871
342.0154698295253
340.5929055107837
339.1750663992961
337.7544311767848
336.3387203078841
334.9253918876674
333.50841920251577
332.0941491241785
330.6850734292426
329.2804430912898
327.88438506227703
326.49751450323095
325.1193270697043
323.7488020104482
322.38629406615587
321.0348106816293
319.6993543804617
318.38087365226676
317.0797465869384
315.79376193433166
314.5262436688924
313.2820823019038
312.0686240198237
310.88873668859895
309.7381884941427
308.6190256536714
307.5394529530267
306.50550757444324
305.5167638030508
304.57984936230616
303.6958567591846
302.86676179163055
302.0987646099792
301.3915125363046
300.74240659170556
300.2201963670207
300.0984991025814
300.3375541857958
300.674264640981
301.05358566575933
301.458692653184
301.86200921277305
302.2630182812882
302.7002390744203
303.2128594079323
304.01803764927075
305.7056838155239
260.991303620714
260.1837784183243
259.152706176494
258.0017321614596
256.7715612311661
255.4974296201089
254.1987434881197
252.8901288359713
251.5862862877265
250.2882029122359
248.9984278537444
247.7164294284755
246.4421707740396
245.1704834132951
243.9046767762355
242.6412817665674
241.3779318155582
240.1133540547981
238.8541694903866
237.5976678202908
236.3408611041129
235.0865049220675
233.8347913168684
232.5854970887536
231.3403324032946
230.0991639865069
228.8620785706652
227.6309344241633
226.4068688864484
225.1894530919185
223.981215377728
222.7821847145604
221.5920385845742
220.413155065066
219.2461654176973
218.0923724178232
216.9535495289247
215.8311941097261
214.7255376881926
213.6389126089582
212.5732056284342
211.5261262402824
210.5021507741687
209.5044060829
208.5305028924824
207.5785406744418
206.6510353324645
205.7658641157142
205.18776814568
205.3644953199256
205.5266858105252
205.5248493519893
205.51595482713
205.5110298725678
205.5262253570303
205.576833151657
205.6573784937901
205.8434295874931
206.2018625138783
206.9146434274931
207.9966358365203
332.4711257153602
331.1635801770117
329.5252750781728
327.7212538645833
325.8107493216713
323.8473933653923
321.8574431289611
319.8608260655232
317.878198419442
315.9091269664809
313.9552764060696
312.0146120423004
310.0865328764272
308.1717347550956
306.2562617360657
304.3436034477142
302.4317283136388
300.5132549821552
298.5958672956916
296.6770353377342
294.7507727725861
292.8233571159248
290.8972267807818
288.9715887309839
287.0504868069717
285.1344660084206
283.2229577019951
281.3148606622222
279.4104517469374
277.5126595021536
275.6263866794014
273.7524992097444
271.8912919078692
270.0404575567177
268.2032384657497
266.3844382715049
264.5912993210144
262.8266268121344
261.0861257385356
259.3717447829476
257.6917173661249
256.0520709400915
254.4522964928368
252.899262500211
251.394152041147
249.9388647514495
248.5400085302573
247.1974658687564
245.9089634302125
244.7434474387265
243.9747035491044
243.563267658197
243.2477197272921
242.9754932935903
242.7341198703787
242.5115464102171
242.3121725375456
242.2014754912629
242.2541600367893
242.6949427920706
243.7101870695491
31.16417386010741
31.59361765135039
32.02737417007615
32.46537729325421
32.90768725293648
33.35504345139313
33.80767209542605
34.26567189385287
34.72911891307134
35.19770227184747
35.67114190597607
36.14910989141455
36.63135304734635
37.57496376655025
38.06208636846269
38.55339240566559
39.0486705194601
39.54774998630123
40.05063150070145
40.55729712090399
41.06772255623542
41.58196107739416
42.10005630853637
42.62204607591165
43.14800386598593
43.67799541813579
44.21208321898805
44.7503456839569
45.29285875598013
45.83970036676872
46.39096538627547
46.94673512549754
47.50709230655131
48.07213297470517
48.6419361917264
49.21658413837443
49.79617854539922
50.38077943278678
50.97045208588558
51.56529500979834
52.16527228692597
52.77039177275761
53.38074400300719
53.99608183494289
54.6163155160899
55.2415354798188
55.87134382714415
56.50550128191727
57.14366987145842
57.78559635995498
58.43114143738097
59.0800994963486
59.73078667289442
60.38068906288147
61.02538993108925
61.64876634821914
62.24608847752848
62.78994824303872
63.24423437597885
63.60116227092655
64.26983144726107
29.43672905269131
29.85223857103668
30.2727284012776
30.69818397674388
31.12870292940465
31.56522987687775
32.00802333220972
32.45719003703103
32.91280357734261
33.37442933319919
33.84167650626252
34.31410452712954
34.79135965836106
35.27316931219151
35.75920809345959
36.24930206306948
36.74333808565729
37.24117619462961
37.7428530121925
38.24835654993316
38.75764642992963
39.27079200825367
39.78784664846082
40.30885436030585
40.83389825530534
41.36304849481035
41.8963693677092
42.43394134822598
42.97584231921851
43.52215117947572
44.07296770106035
44.62837444252235
45.18845467906923
45.75330437761396
46.32300520314273
46.89764403039893
47.47732469880929
48.06210987646457
48.65206275560713
49.24728087072376
49.84773558690174
50.45343663435174
51.06446731021404
51.68058686209519
52.3017047180376
52.92789704018106
53.55875607972191
54.19404666754819
54.83344316149305
55.47674892829422
56.12379555347698
56.77428652759882
57.42654491368892
58.07809237216907
58.72457278280535
59.35046280255591
59.95084574374263
60.49876358315744
60.95869937114299
61.32309485720013
61.99549674597479
381.2685734421261
379.10177494859363
376.83180213418905
374.4728340581874
372.02813304771837
369.5362043173849
367.02337767122333
364.5143620673052
362.0452866680019
359.6267360705122
357.2718214455759
354.98316114884665
352.762314598828
351.0991390105276
348.9988193597107
346.9466277949814
344.938481941863
342.95660459092414
341.0005303097428
339.06964587051164
337.15583864201034
335.259210762125
333.37918699683456
331.511301246509
329.6571903000208
327.8160725265109
325.98608238629697
324.17149480265704
322.37060649665216
320.58195558198474
318.8100148607854
317.0553279303657
315.3196807032707
313.6052352709381
311.91368491319906
310.2452510835319
308.6052774472637
306.9984134273909
305.4294663683441
303.9056481751738
302.44311671431893
301.0678409357162
299.7952418699505
298.66861049491695
297.72049481467974
296.981321829235
296.53082192970464
296.51353700376416
297.3960354001724
298.26393142541366
298.7905439014634
299.29481144959965
299.8390554828828
300.4001757780068
300.97540893418375
301.5508743667227
302.1207556145331
302.7286534528846
303.4095654853043
304.35905035629503
306.0841739837684
437.413760378122
434.5310110347159
431.49164116481415
428.3011950598666
424.95124897020196
421.49492884954645
417.9653469978084
414.4030747733529
410.8679283186076
407.3790758563631
403.9505821691654
400.58808456190627
397.2990029295497
394.08207871388265
390.9323686029812
387.8414931214695
384.80390219946867
381.798940374746
378.8364026892677
375.9035145833028
372.9833099181617
370.0829333039162
367.2040926080824
364.3441254998947
361.5080826513195
358.6965672277099
355.9055245176552
353.1245251309802
350.353937482598
347.5893643905614
344.8385385672025
342.1011088041971
339.37179642746344
336.64040262896475
333.9040667778406
331.1595741354795
328.4109477353826
325.66380661449926
322.906693438356
320.13595719912155
317.37620265356156
314.6484798889868
311.9409744715053
309.2882308270827
306.72896296531627
304.286451319285
302.0711571750486
300.21858909115406
298.9065782249803
298.48229277406233
298.77756399385527
299.28317386558376
299.8287368706538
300.3911651932808
300.96771296547035
301.54452023702675
302.1157425193708
302.72497470509506
303.40720589906675
304.35796807520353
306.0842051777495
157.065884401856
153.620417471561
150.0265048248544
146.299654928703
142.4450949422547
138.5229889510249
134.5745327062527
130.6397038979563
126.7732175366779
122.9908221097453
119.3096135785271
115.7306633865854
112.2536993024424
108.8427070865633
105.543178492304
102.3119249471481
99.14126296182211
96.00585254876808
92.9065736648895
89.84098556053192
86.79664906322813
83.77476255684444
80.77438656941307
77.78916065680507
74.82189054314345
71.87180645439267
68.93603416263414
66.01896964698095
63.11838582954536
60.23198390334374
57.36509992325924
54.51761402708868
51.69062968265557
48.8866178626792
46.10741737092336
43.35404826918642
40.63397106076676
37.9543380549707
35.32239782850953
32.74785759332037
30.25133254135092
27.86125306400073
25.59278169837699
23.49597885045004
21.60663308411506
19.95323924162694
18.61409037833853
17.72790152761414
17.74883784805026
17.72813009114656
17.32703120760215
16.88207684369509
16.43946509220502
15.95169666979723
15.37359696013334
14.59274857081876
13.53704475522803
12.0212714764792
9.647878880499029
5.647851171828837
0.0
225.6387317895578
221.2744552989437
216.6997091508213
211.9226839936622
206.9380120633864
201.8261712756567
196.6376957473218
191.4306806397858
186.2863119188061
181.2282131734251
176.2740516618678
171.4269275129955
166.691548187031
162.0642354299964
157.5295687306859
153.073462727017
148.685679697313
144.3352640879109
140.0337593253621
135.7656659340615
131.5068957472239
127.2658481190191
123.0435492376747
118.8345702292258
114.6454417776606
110.4766248572472
106.3225642743493
102.1727671718966
98.02680145272396
93.87905113522869
89.7390280365835
85.60608471823681
81.47463726836585
77.33515701647288
73.18545767963272
69.02356906956467
64.8557015172121
60.68961618595125
56.51313271162769
52.32110985023485
48.14300995070119
44.00395709481889
39.89297915101959
35.86260891070601
31.96566356786399
28.22930823282755
24.7818804219369
21.77106210620448
19.38843591325572
17.97842752802289
17.32703120760215
16.88207684369509
16.43946509220502
15.95169666979723
15.37359696013334
14.59274857081876
13.53704475522803
12.0212714764792
9.647878880499029
5.647851171828837
0.0
224.2026890402701
225.4813574770326
226.8052973093346
228.1731791294844
229.5830381054637
231.01321536636
232.4488449649706
233.8746581693489
235.272069131324
236.6359139607669
237.9622078670488
239.2524977622612
240.5086152963856
242.2564319239643
243.4556408674067
244.6347028478333
245.7972189800409
246.9507520421561
248.0939566448533
249.2286603099797
250.3591895787822
251.4844482052806
252.6048004274215
253.7221405897039
254.8352997568773
255.9442660721182
257.0500482236628
258.1525251556761
259.2522206671068
260.349971678641
261.4449149375261
262.537713903277
263.6290510206151
264.7186174082589
265.8062675422757
266.8912028143455
267.9713063864969
269.0440753724202
270.1070685398346
271.1577905818534
272.191784172968
273.2065878717155
274.2024601715735
275.1726316444669
276.1138617305647
277.0280825876081
277.9167315513661
278.78563547615
279.6471975521222
280.5358013342671
281.4635126938613
282.4127346059046
283.3995903906778
284.4484791082096
285.6018119740504
286.958125795904
288.5837108593051
290.7073819764054
293.7616866048053
298.7111991844662
306.0841739837684
211.7750285885642
213.2565557357722
214.7919320139929
216.3785110662044
218.0132369068156
219.6687575738898
221.3276512504866
222.9723941335671
224.5816163998015
226.150862682938
227.6765305072976
229.1611570489108
230.6074547425187
232.0178432838863
233.4027998722953
234.7680303944525
236.1182225021557
237.4636762868351
238.8026433639056
240.1378486492413
241.4764141709378
242.8170851848971
244.1605433704077
245.5095552706689
246.8626408736589
248.2199423704627
249.5829602433059
250.9517579590836
252.327136029874
253.7103132553327
255.099510530619
256.4950240859603
257.8971591590976
259.3052456124919
260.7186090982079
262.1360050659148
263.5552462181705
264.974190428548
266.3935607267283
267.8148473488867
269.2331927028604
270.6445227941679
272.0479953204857
273.4256219163767
274.7632993974523
276.0571430864575
277.2892767531117
278.4475269849496
279.5181423117246
280.5038652460394
281.4505327862531
282.4010970218887
283.3892717784488
284.4394685234836
285.594116005337
286.951771666208
288.5786977641428
290.7037032286159
293.7593270185677
298.7101169033747
306.0842051777495
89.11309596130471
87.32437887891889
85.6517217876189
84.00572460347361
82.3488845636158
80.68373124588291
79.01696208767768
77.35856133748099
75.72988146720411
74.14083088642882
72.60225168585538
71.1176218289566
69.688790777442
68.3536918306823
67.0320562150124
65.7519536227484
64.51187960684459
63.29550054982491
62.09572931865469
60.91468092931689
59.74725498166211
58.59074476266338
57.44433937142969
56.303758081843796
55.16885403074019
54.03891312186809
52.911920596643796
51.7902146945369
50.6708788542235
49.55280212329748
48.4378340967819
47.32640809030781
46.22054981214521
45.11994723116689
44.02558330377539
42.93629452733421
41.85554937293969
40.78643988487812
39.73347659426588
38.7014405564172
37.7046387989588
36.77132292267632
35.91234709277461
35.168122577074115
34.573676406107495
34.16124567497431
34.00844277009591
34.24217160613259
35.06459738303411
35.11383974553311
34.8327166535573
34.68986260126181
34.592313982858315
34.50845684255759
34.42379364606421
34.32527486684651
34.21728864321469
34.09527562235269
33.96346859544718
33.84324465787529
33.8177066999871
75.50590561007049
73.5151922866676
71.6936376853639
69.88175721853949
68.0117967191261
66.08230560727651
64.0998805366376
62.085058670798816
60.076926321823095
58.09551955668309
56.153629256833284
54.259367992476285
52.4211103947614
50.63717464659558
48.91689877345593
47.248587610685775
45.628835800172595
44.04450919796122
42.49768238138361
40.978122695635506
39.47489071564601
37.98878417973768
36.519019178839784
35.063682408604905
33.62369758904239
32.19905272447892
30.786197447950798
29.375723120532
27.967643416442115
26.554553708932104
25.139184186740806
23.720235151930297
22.29204984052498
20.84664069463298
19.37782310894812
17.87749183357559
16.34232371555882
14.775069925900311
13.168504944213197
11.516931545450092
9.836749700534881
8.1429723145435
6.424210668454492
4.708381464776494
3.0331062061316914
1.4196895276546115
-0.027607434930501995
-1.1729234451506159
-1.8358283667251953
-1.7379035929584745
-1.3209351087260757
-1.0543803202119761
-0.8455277703272088
-0.6624204724784022
-0.4909796877136898
-0.31748897574618695
-0.14727576191751268
0.02473563067479745
0.19434649113441083
0.3399304259328062
0.37852136222559807
103.925419218858
106.5633609467633
109.1262013516396
111.7020772327566
114.3264662889114
116.974440669084
119.6242107818669
122.250424938015
124.8130687510486
127.2973808024906
129.6888142752173
131.9857660418901
134.1884714715972
136.3277763267318
138.3614982839315
140.3293568194193
142.2366688537362
144.10750150603
145.9475958254971
147.7566822597588
149.5442120408847
151.311742365223
153.0604047474554
154.7963364319485
156.5184418601511
158.2273575321143
159.926044408031
161.6119647771824
163.2884830569031
164.9574691885748
166.6161154544687
168.2645706874717
169.9014089019186
171.5265372023868
173.1387480467739
174.7383241486368
176.319578468158
177.8768560547554
179.4031398596831
180.8910550156378
182.3218730870833
183.6648731762816
184.9093690757917
186.0084272324499
186.9238698083673
187.6253014328149
188.036944954126
188.0379625881001
187.4389302976297
187.636365228779
188.199654602923
188.6427725082942
189.076489734925
189.5593332027706
190.152628396897
190.9840845808383
192.120333738562
193.822158111014
196.5539836333792
201.2667922556643
207.9966358365203
106.8323939258024
109.889124878068
112.8255659273514
115.798569870921
118.8727372582849
122.0212220897356
125.2197473816393
128.4301454257373
131.5918865006358
134.6809137930557
137.6812247442018
140.5876845293049
143.3949846893962
146.1074993250992
148.7266930053798
151.2701407206972
153.7460486163258
156.1779908942443
158.5621079703295
160.9113694036727
163.2438770253622
165.5575089969057
167.853677543107
170.1370185017581
172.4050450293111
174.6578411511734
176.9003934276459
179.1420934903256
181.3836502942134
183.6336083669249
185.8873586428179
188.1464144915076
190.4166546395034
192.7053005402449
195.017780786117
197.3608692019402
199.7355978038024
202.1370106261831
204.5729930269079
207.0506349327128
209.5487074154237
212.0481138452726
214.5593173418172
217.036653589505
219.428488473283
221.7095565186219
223.7581281083203
225.426403762552
226.5205275169567
226.7650199107036
226.6476723415022
226.6811908145019
226.8082546350871
227.023796623793
227.3605229102453
227.9187978393984
228.7751277823176
230.1802040147837
232.6062811562903
237.0470916202417
243.7101870695491
193.0385151801627
193.8877398256822
194.7779231392585
195.7078018362302
196.6753508525272
197.6581719149669
198.6411728695446
199.608986275496
200.5429502182527
201.4382116889194
202.2910659610727
203.1033878708467
203.8772622490392
204.6814681574141
205.3935544989439
206.0813104421677
206.7485484605808
207.4030020558549
208.0433251441518
208.6713631890757
209.2914670225468
209.9024871278864
210.5047441188851
211.1000945137923
211.6872958908913
212.2662706539824
212.8379650046748
213.4021794717193
213.9593619111266
214.5102713118723
215.0539495512506
215.5909787777795
216.1219587140638
216.6464844335537
217.1643313505493
217.674618675971
218.1751278410977
218.6632959396335
219.136616453949
219.592495572055
220.0265118860421
220.4361960989579
220.8217161685663
221.176549809524
221.4975462144748
221.7865471077892
222.0453877242219
222.2801341942327
222.5035276806638
222.7502049743121
223.0323712564803
223.332635109556
223.6688037177833
224.0677900453282
224.5764220429612
225.3093594476848
226.3376223817767
227.9174337333667
230.5174522288264
235.1100369135396
241.8143425365074
182.3382995358729
183.4043171647356
184.5192036127153
185.6803270894605
186.884533977411
188.1035276970121
189.3196279182769
190.5152040965361
191.6688128224589
192.7764333497388
193.8348540010351
194.8470525217812
195.8160950841576
196.7446739716948
197.6435917788357
198.518728331383
199.3748844164984
200.2225000922055
201.0597903517131
201.8894920993082
202.7187677410082
203.5462931766434
204.3726967219468
205.200700910363
206.0287426183535
206.8568938756523
207.6865908755967
208.5178166108576
209.3512937106555
210.188162075857
211.0265428295587
211.8666496434379
212.7087044800284
213.5519412348779
214.3956038950651
215.2383610355158
216.0779215193612
216.9120805520834
217.7414979711211
218.5675664781629
219.3854571159586
220.1910861598161
220.9835280102717
221.7450350542815
222.4615946794147
223.1292460462765
223.7305206733898
224.2534803174014
224.6846991502315
225.0271163177451
225.3267372327761
225.6268104942899
225.9627268647599
226.3613761513146
226.8695432225316
227.6013088636522
228.6278520204001
230.2049396454585
232.8006276474247
237.3870220461745
244.0887084317747
-0.7958965224476936
-0.7330857510339783
-0.7162533099367538
-0.7189899956237661
-0.7234420469429725
-0.7258182267820261
-0.7242889730215678
-0.7133596732819554
-0.6969911207736175
-0.6748819397434069
-0.6504514393613142
-0.6245860636133497
-0.6129805637182709
-0.5745329022835952
-0.5532243510851879
-0.532175715147739
-0.5180263513828881
-0.5076897674669227
-0.4958294380109062
-0.48512620528279404
-0.47588287141930624
-0.46689422606029957
-0.4596343877611371
-0.45261188400977725
-0.4458752815251161
-0.4399105712035145
-0.43266904104028403
-0.4267654403318546
-0.42123126893191826
-0.4152272035145844
-0.40919022710867115
-0.40231843628573066
-0.3957878928794335
-0.3890288740806237
-0.383087896274731
-0.37542750131933
-0.3660201806778924
-0.352724036671787
-0.3349863672356312
-0.31020965488553515
-0.27194157096050936
-0.22872968849512737
-0.17073973300206813
-0.1005136876094625
-0.016898876798710494
0.09624578642935913
0.2645481199660107
0.5219954952927773
0.0735473565664221
-0.13346223534408333
-0.0723618715121464
-0.04943291387690879
-0.04252073161714459
-0.04295902809140012
-0.05026440295166085
-0.05524397795336988
-0.06268275341091223
-0.06813418570478791
-0.06257683383566892
-0.012134459176557755
0.0
-1.0080280469410137
-0.9223276647218293
-0.9174126913317169
-0.9468185965845591
-0.9769682574529814
-1.0037820948789722
-1.0201987326974529
-1.0168235832556134
-1.0033007354705294
-0.98329987462241
-0.9591887650125243
-0.9308346354408658
-0.903331550643034
-0.8710949959110872
-0.8447805877234457
-0.8201895891076689
-0.80224818271935
-0.7832564965220827
-0.7694471420561433
-0.7611767180686705
-0.7525026319371022
-0.7442254238953601
-0.7369165074869211
-0.7291401906661714
-0.7213699272039404
-0.7153975938587117
-0.7141910736348875
-0.7129773974617283
-0.7155140641229865
-0.7166683904649982
-0.718480991836621
-0.7231588733481134
-0.7318829781557236
-0.7437400439297902
-0.7597031276741013
-0.7773502332530188
-0.7936044737523602
-0.8135184858381509
-0.8363179012508539
-0.850811685966554
-0.8577022011456124
-0.8703617984347372
-0.868886236347574
-0.84835850499981
-0.8170404817332473
-0.7329160602333182
-0.5799769179006269
-0.33564780618706735
0.049711090733972396
0.211304401474048
0.13511469895909628
0.1058978604879399
0.09287690273185671
0.08700217997368237
0.08811154530668747
0.08654498488870727
0.08763065406016668
0.08673816145744406
0.07519983430768384
0.021675825517692093
0.0
-1.336210598828178
-1.298169127799488
-1.304772056639516
-1.329345692206493
-1.341292491332495
-1.342202093285096
-1.330270169775149
-1.298069547091894
-1.258391744903798
-1.211345466371313
-1.163487147254926
-1.115748050889661
-1.083633421965419
-1.030151957313172
-0.9967898093796141
-0.9661208693758251
-0.9476427747378112
-0.9320727241642659
-0.916366135796464
-0.9054469300798526
-0.895316499279298
-0.8857592206050436
-0.8793106728340121
-0.8723071859858869
-0.8656261088806756
-0.8604448626287818
-0.8539781763220184
-0.8492156861519272
-0.8454003872965716
-0.8401628803052162
-0.8350007624244952
-0.8291163324701564
-0.823184847705299
-0.8166417002419426
-0.8102417571742887
-0.8009611276988732
-0.7888160661461282
-0.773116621716894
-0.7536815466816401
-0.724759857973954
-0.680276950180782
-0.6303811011185212
-0.5567117507260022
-0.4637039778474024
-0.3552998768036943
-0.2085119736710657
-0.0005154675281917
0.303430999668979
-0.100007761653662
-0.2853259509019275
-0.224454860175277
-0.219693084569598
-0.2445772597951204
-0.3005249578636311
-0.4211619057733064
-0.575550305527655
-0.8620341153706914
-1.383766054617253
-2.387203919150395
-3.408903322643143
0.0
-1.548342123321498
-1.487411041487339
-1.505931438034479
-1.557174293167286
-1.594818701842504
-1.620165961382042
-1.626179929451034
-1.601533457065552
-1.56470135960071
-1.519763401250316
-1.472224472906136
-1.421996622717177
-1.373984408890182
-1.326714050940664
-1.288346046017872
-1.254134743335755
-1.231864606074273
-1.207639453219426
-1.189983839841701
-1.181497442865729
-1.171936259797094
-1.163090418440104
-1.156592792559796
-1.148835492642281
-1.1411207545595
-1.135931885283979
-1.135500208916622
-1.135427643281801
-1.13968318248764
-1.14160406725563
-1.144291527152445
-1.149956769532539
-1.159279932981589
-1.171352870091109
-1.186856988573659
-1.202883859632562
-1.216400359220596
-1.233911070883258
-1.255013080696863
-1.265361889054973
-1.266037580365885
-1.272013211058131
-1.254858254071508
-1.21154879523775
-1.155441481738231
-1.037673820333743
-0.8450405053948293
-0.5542123018108657
-0.1238440274861117
0.0594406859162038
-0.0169782897040343
-0.0643623102047493
-0.1091796254461191
-0.1705637497985486
-0.2827859575149581
-0.4337613426855778
-0.7117207078996125
-1.228893707455021
-2.249427251007042
-3.375093037948893
0.0
0.5403140763804845
0.5650833767655097
0.5885187467027622
0.6103556965827269
0.6178504443895225
0.6163838665030699
0.6059811967535811
0.5847098738099386
0.5614006241301805
0.5364635266279061
0.5130357078936117
0.4911619872763112
0.470652858247148
0.4556190550295769
0.4435654582944263
0.4339451542280861
0.4296164233549231
0.4243829566973432
0.4205366977855578
0.4203207247970585
0.4194336278599918
0.4188649945447441
0.419676285072875
0.4196953019761096
0.4197508273555595
0.4205342914252673
0.4213091352817344
0.4224502458200726
0.4241691183646534
0.4249356767906318
0.425810535315824
0.4267978961844257
0.4273969548258655
0.4276128261613189
0.4271538608995577
0.4255336263795432
0.4227958854682358
0.420392585045107
0.4186951794460089
0.4145502030884189
0.4083353792202727
0.4016514126233938
0.3859720177239341
0.3631902902379399
0.3384010000049838
0.3047577601004248
0.2650635874942024
0.2185644956237983
0.1735551182200841
0.1518637155578442
0.1520929886631306
0.1702601706926892
0.2020565281779758
0.257565929772231
0.3708975028216456
0.5203063275742851
0.7993513619597792
1.315631868912465
2.324627085314726
3.396768863466585
0.0
0.5403140763804845
0.5650833767655097
0.5885187467027622
0.6103556965827269
0.6178504443895225
0.6163838665030699
0.6059811967535811
0.5847098738099386
0.5614006241301805
0.5364635266279061
0.5130357078936117
0.4911619872763112
0.470652858247148
0.4556190550295769
0.4435654582944263
0.4339451542280861
0.4296164233549231
0.4243829566973432
0.4205366977855578
0.4203207247970585
0.4194336278599918
0.4188649945447441
0.419676285072875
0.4196953019761096
0.4197508273555595
0.4205342914252673
0.4213091352817344
0.4224502458200726
0.4241691183646534
0.4249356767906318
0.425810535315824
0.4267978961844257
0.4273969548258655
0.4276128261613189
0.4271538608995577
0.4255336263795432
0.4227958854682358
0.420392585045107
0.4186951794460089
0.4145502030884189
0.4083353792202727
0.4016514126233938
0.3859720177239341
0.3631902902379399
0.3384010000049838
0.3047577601004248
0.2650635874942024
0.2185644956237983
0.1735551182200841
0.1518637155578442
0.1520929886631306
0.1702601706926892
0.2020565281779758
0.257565929772231
0.3708975028216456
0.5203063275742851
0.7993513619597792
1.315631868912465
2.324627085314726
3.396768863466585
0.0
1.0
1.0
1.0
1.0
1.0
1.0
1.0
1.0
1.0
1.0
1.0
1.0
1.0
1.0
1.0
1.0
1.0
1.0
1.0
1.0
1.0
1.0
1.0
1.0
1.0
1.0
1.0
1.0
1.0
1.0
1.0
1.0
1.0
1.0
1.0
1.0
1.0
1.0
1.0
1.0
1.0
1.0
1.0
1.0
1.0
1.0
1.0
0.0
0.0
0.0
0.0
0.0
0.0
0.0
0.0
0.0
0.0
0.0
0.0
0.0
0.0
1.0
1.0
1.0
1.0
1.0
1.0
1.0
1.0
1.0
1.0
1.0
1.0
1.0
1.0
1.0
1.0
1.0
1.0
1.0
1.0
1.0
1.0
1.0
1.0
1.0
1.0
1.0
1.0
1.0
1.0
1.0
1.0
1.0
1.0
1.0
1.0
1.0
1.0
1.0
1.0
1.0
1.0
1.0
1.0
1.0
1.0
1.0
1.0
1.0
0.0
0.0
0.0
0.0
0.0
0.0
0.0
0.0
0.0
0.0
0.0
0.0
1.0
1.0
1.0
1.0
1.0
1.0
1.0
1.0
1.0
1.0
1.0
1.0
1.0
1.0
1.0
1.0
0.8605561031037754
0.8605561031037754
0.8605561031037754
0.8605561031037754
0.8605561031037754
0.8605561031037754
0.8605561031037754
0.8605561031037754
0.8605561031037754
0.8605561031037754
0.8605561031037754
0.8605561031037754
0.8605561031037754
0.8605561031037754
0.8605561031037754
0.8605561031037754
0.8605561031037754
0.8605561031037754
0.8605561031037754
0.8605561031037754
0.8605561031037754
0.8605561031037754
0.8605561031037754
0.8605561031037754
0.8605561031037754
0.8605561031037754
0.8605561031037754
0.8605561031037754
0.8605561031037754
1.0
1.0
1.0
1.0
1.0
1.0
1.0
1.0
1.0
1.0
1.0
1.0
1.0
1.0
1.0
1.0
1.0
1.0
1.0
1.0
1.0
1.0
1.0
1.0
1.0
1.0
1.0
1.0
1.0
0.0011754517998345535
0.0011602394707682442
0.001134907415359887
0.0010998476287539445
0.001035287557102175
0.0009563076172144928
0.0008678717432667051
0.0007717026333426135
0.0006825170074826264
0.0006007539795616679
0.0005300874554389018
0.00046906475634449045
0.0004162791651461012
0.0003740356979833408
0.0003385623796553226
0.0003083563382051376
0.0002844921317351601
0.0002618917347279716
0.00024141743420571499
0.00022414031647920662
0.0002076183058238035
0.0001923695866556535
0.00017877231751859584
0.0001657077815753596
0.00015350978000422242
0.0001422676766349538
0.00013138798654839458
0.00012122247245751731
0.00011180275954645047
0.00010266345104885422
9.408348858220624e-05
8.603039735845669e-05
7.82220486260079e-05
7.083046241250031e-05
6.382721289571417e-05
5.710290381811016e-05
5.0643039883841234e-05
4.450286846729408e-05
3.8743800169890984e-05
3.307183729240728e-05
2.7750344540704984e-05
2.2996380176808123e-05
1.831791298424103e-05
1.4179916325954482e-05
1.0773186559095065e-05
7.63886476613975e-06
5.047168328592839e-06
3.0676071939297493e-06
2.79828038658289e-06
3.212866495576836e-06
2.5945690994611713e-06
2.1540413771995797e-06
2.0339933916379553e-06
2.457377783691985e-06
2.945912555649732e-06
3.5497265573883965e-06
4.334355509792771e-06
5.524310682237473e-06
6.623772210520902e-06
1.502788325490219e-07
0.004020926506781391
0.0039863631526298755
0.003916715705385493
0.0038128774418885987
0.0036052347614043264
0.003345361507323673
0.0030500342332927927
0.0027248246990796083
0.002421615966547648
0.0021421942192427104
0.001900013521428481
0.0016903086083681692
0.0015084110728956442
0.0013631236206091129
0.0012411667494807545
0.0011373566513790347
0.0010559796719160598
0.0009784361004909871
0.0009081896857649954
0.0008494675413794632
0.0007928181375141854
0.0007403291748267244
0.0006935312029319456
0.0006480551126085386
0.0006052828353964998
0.00056573881208245
0.0005271046135944732
0.0004908055028304998
0.0004570135733103268
0.000423854038723578
0.0003924845207272405
0.00036280401290327013
0.00033364321477392174
0.00030573249717156576
0.00027896651205976103
0.00025287664957777956
0.0002273952014186219
0.0002027674322398709
0.00017928110330037966
0.00015557038241040898
0.00013284239799160377
0.00011216269107292136
9.113926658930874e-05
7.206782099593953e-05
5.6021685338321986e-05
4.0714943540786955e-05
2.7630969891820853e-05
1.6670947638228296e-05
8.629775636766239e-06
4.301705347520322e-06
2.5945690994611713e-06
2.1540413771995797e-06
2.0339933916379553e-06
2.457377783691985e-06
2.945912555649732e-06
3.5497265573883965e-06
4.334355509792771e-06
5.524310682237473e-06
6.623772210520902e-06
1.502788325490219e-07
0.0004
0.0004
0.0004
0.0004
0.0004
0.0004
0.0004
0.0004
0.0004
0.0004
0.0004
0.0004
0.0004
0.0004
0.0004
0.0004
0.0004
0.0004
0.0004
0.0004
0.0004
0.0004
0.0004
0.0004
0.0004
0.0004
0.0004
0.0004
0.0004
0.0004
0.0004
0.0004
0.0004
0.0004
0.0004
0.0004
0.0004
0.0004
0.0004
0.0004
0.0004
0.0004
0.0004
0.0004
0.0004
0.0004
0.0004
0.0004
0.0004
0.0004
0.0004
0.0004
0.0004
0.0004
0.0004
0.0004
0.0004
0.0004
0.0004
0.0004
0.0004
0.0004
0.0004
0.0004
0.0004
0.0004
0.0004
0.0004
0.0004
0.0004
0.0004
0.0004
0.0004
0.0004
0.0004
0.0004
0.0004
0.0004
0.0004
0.0004
0.0004
0.0004
0.0004
0.0004
0.0004
0.0004
0.0004
0.0004
0.0004
0.0004
0.0004
0.0004
0.0004
0.0004
0.0004
0.0004
0.0004
0.0004
0.0004
0.0004
0.0004
0.0004
0.0004
0.0004
0.0004
0.0004
0.0004
0.0004
0.0004
0.0004
0.0004
0.0004
0.0004
0.0004
0.0004
0.0004
0.0004
0.0004
0.0004
0.0004
1.3065442837795994e-08
1.609813246251006e-08
1.8451320475760573e-08
2.016080036876345e-08
2.1358414023579076e-08
2.2454492528502163e-08
2.346184864599769e-08
2.435074770331274e-08
2.5168293008394306e-08
2.59248194795521e-08
2.6578860853539352e-08
2.717492227184444e-08
2.7727500794852817e-08
2.821868937946919e-08
2.867559255048391e-08
2.9106915692640655e-08
2.950022653046024e-08
2.9893537368279825e-08
3.0281774756529767e-08
3.065711262938458e-08
3.1032450502239386e-08
3.142093683129147e-08
3.1836199651687564e-08
3.225146247208365e-08
3.2701440677579656e-08
3.320893932168535e-08
3.3716437965791035e-08
3.428270566534462e-08
3.492899931274215e-08
3.557529296013967e-08
3.6371436914800125e-08
3.733624217274159e-08
3.8301047430683085e-08
3.959226158737696e-08
4.118778732859431e-08
4.278331306981166e-08
4.513146211348355e-08
4.806009189575067e-08
5.0988721678017794e-08
5.632170630050282e-08
6.318151527324084e-08
7.004132424597885e-08
8.255287402060394e-08
9.799336545699721e-08
1.1343385689339041e-07
1.3646888186188418e-07
1.6453988297575865e-07
1.9889493840858378e-07
2.3731543525971197e-07
2.78963375570315e-07
3.2556784487230723e-07
3.9737569592667986e-07
5.064205645747201e-07
6.801946019508522e-07
1.1053081705738778e-06
1.6111307341008319e-06
2.5512822486276946e-06
4.137854497676283e-06
6.1841356611202155e-06
2.780474791942962e-06
1.3065442837795994e-08
1.609813246251006e-08
1.8451320475760573e-08
2.016080036876345e-08
2.1358414023579076e-08
2.2454492528502163e-08
2.346184864599769e-08
2.435074770331274e-08
2.5168293008394306e-08
2.59248194795521e-08
2.6578860853539352e-08
2.717492227184444e-08
2.7727500794852817e-08
2.821868937946919e-08
2.867559255048391e-08
2.9106915692640655e-08
2.950022653046024e-08
2.9893537368279825e-08
3.0281774756529767e-08
3.065711262938458e-08
3.1032450502239386e-08
3.142093683129147e-08
3.1836199651687564e-08
3.225146247208365e-08
3.2701440677579656e-08
3.320893932168535e-08
3.3716437965791035e-08
3.428270566534462e-08
3.492899931274215e-08
3.557529296013967e-08
3.6371436914800125e-08
3.733624217274159e-08
3.8301047430683085e-08
3.959226158737696e-08
4.118778732859431e-08
4.278331306981166e-08
4.513146211348355e-08
4.806009189575067e-08
5.0988721678017794e-08
5.632170630050282e-08
6.318151527324084e-08
7.004132424597885e-08
8.255287402060394e-08
9.799336545699721e-08
1.1343385689339041e-07
1.3646888186188418e-07
1.6453988297575865e-07
1.9889493840858378e-07
2.3731543525971197e-07
2.78963375570315e-07
3.2556784487230723e-07
3.9737569592667986e-07
5.064205645747201e-07
6.801946019508522e-07
1.1053081705738778e-06
1.6111307341008319e-06
2.5512822486276946e-06
4.137854497676283e-06
6.1841356611202155e-06
2.780474791942962e-06
0.0
0.0
0.0
0.0
0.0
0.0
0.0
0.0
0.0
0.0
0.0
0.0
0.0
0.0
0.0
0.0
0.0
0.0
0.0
0.0
0.0
0.0
0.0
0.0
0.0
0.0
0.0
0.0
0.0
0.0
0.0
0.0
0.0
0.0
0.0
0.0
0.0
0.0
0.0
0.0
0.0
0.0
0.0
0.0
0.0
0.0
0.0
0.0
0.0
0.0
0.0
0.0
0.0
0.0
0.0
0.0
0.0
0.0
0.0
0.0
0.0
0.0
0.0
0.0
0.0
0.0
0.0
0.0
0.0
0.0
0.0
0.0
0.0
0.0
0.0
0.0
0.0
0.0
0.0
0.0
0.0
0.0
0.0
0.0
0.0
0.0
0.0
0.0
0.0
0.0
0.0
0.0
0.0
0.0
0.0
0.0
0.0
0.0
0.0
0.0
0.0
0.0
0.0
0.0
0.0
0.0
0.0
0.0
0.0
0.0
0.0
0.0
0.0
0.0
0.0
0.0
0.0
0.0
0.0
0.0
0.0
0.0
0.0
0.0
0.0
0.0
0.0
0.0
0.0
0.0
0.0
0.0
0.0
0.0
0.0
0.0
0.0
0.0
0.0
0.0
0.0
0.0
0.0
0.0
0.0
0.0
0.0
0.0
0.0
0.0
0.0
0.0
0.0
0.0
0.0
0.0
0.0
0.0
0.0
0.0
0.0
0.0
0.0
0.0
0.0
0.0
0.0
0.0
0.0
0.0
0.0
0.0
0.0
0.0
0.0
0.0
0.0
0.0
0.0
0.0
0.0
0.0
0.0
0.0
0.0
0.0
0.0
0.0
0.0
0.0
0.0
0.0
0.0
0.0
0.0
0.0
0.0
0.0
0.0
0.0
0.0
0.0
0.0
0.0
0.0
0.0
0.0
0.0
0.0
0.0
0.0
0.0
0.0
0.0
0.0
0.0
0.0
0.0
0.0
0.0
0.0
0.0
0.0
0.0
0.0
0.0
0.0
0.0
0.0
0.0
0.0
0.0
0.0
0.0
0.0
0.0
0.0
0.0
0.0
0.0
0.0
0.0
0.0
0.0
0.0
0.0
0.0
0.0
0.0
0.0
0.0
0.0
0.0
0.0
0.0
0.0
0.0
0.0
0.0
0.0
0.0
0.0
0.0
0.0
0.0
0.0
0.0
0.0
0.0
0.0
0.0
0.0
0.0
0.0
0.0
0.0
0.0
0.0
0.0
0.0
0.0
0.0
0.0
0.0
0.0
0.0
0.0
0.0
0.0
0.0
0.0
0.0
0.0
0.0
0.0
0.0
0.0
0.0
0.0
0.0
0.0
0.0
0.0
0.0
0.0
0.0
0.0
0.0
0.0
0.0
0.0
0.0
0.0
0.0
0.0
0.0
0.0
0.0
0.0
0.0
0.0
0.0
0.0
0.0
0.0
0.0
0.0
0.0
0.0
0.0
0.0
0.0
0.0
0.0
0.0
0.0
0.0
0.0
0.0
0.0
0.0
0.0
0.0
0.0
0.0
0.0
0.0
0.0
0.0
0.0
0.0
0.0
0.0
0.0
0.0
0.0
0.0
0.0
0.0
0.0
0.0
0.0
0.0
0.0
0.0
0.0
0.0
0.0
0.0
0.0
0.0
0.0
0.0
0.0
0.0
0.0
0.0
0.0
0.0
0.0
0.0
0.0
0.0
0.0
0.0
0.0
0.0
0.0
0.0
0.0
0.0
0.0
0.0
0.0
0.0
0.0
0.0
0.0
0.0
0.0
0.0
0.0
0.0
0.0
0.0
0.0
0.0
0.0
0.0
0.0
0.0
0.0
0.0
0.0
0.0
0.0
0.0
0.0
0.0
0.0
0.0
0.0
0.0
0.0
0.0
0.0
0.0
0.0
0.0
0.0
0.0
0.0
0.0
0.0
0.0
0.0
0.0
0.0
0.0
0.0
0.0
0.0
0.0
0.0
0.0
0.0
0.0
0.0
0.0
0.0
0.0
0.0
0.0
0.0
0.0
0.0
0.0
0.0
0.0
0.0
0.0
0.0
0.0
0.0
0.0
0.0
0.0
0.0
0.0
0.0
0.0
0.0
0.0
0.0
0.0
0.0
0.0
0.0
0.0
0.0
0.0
0.0
0.0
0.0
0.0
0.0
0.0
0.0
0.0
0.0
0.0
0.0
0.0
0.0
0.0
0.0
0.0
0.0
0.0
0.0
0.0
0.0
0.0
0.0
0.0
0.0
0.0
0.0
0.0
0.0
0.0
0.0
0.0
0.0
0.0
0.0
0.0
0.0
0.0
0.0
0.0
0.0
0.0
0.0
0.0
0.0
0.0
0.0
0.0
0.0
0.0
0.0
0.0
0.0
0.0
0.0
0.0
0.0
0.0
0.0
0.0
0.0
0.0
0.0
0.0
0.0
0.0
0.0
0.0
0.0
0.0
0.0
0.0
0.0
0.0
0.0
0.0
0.0
0.0
0.0
0.0
0.0
0.0
0.0
0.0
0.0
0.0
0.0
0.0
0.0
0.0
0.0
0.0
0.0
0.0
0.0
0.0
0.0
0.0
0.0
0.0
0.0
0.0
0.0
0.0
0.0
0.0
0.0
0.0
0.0
0.0
0.0
0.0
0.0
0.0
0.0
0.0
0.0
0.0
0.0
2.0
2.0
2.0
2.0
1.0
1.0
260.46712637684783
276.7167620007463
33.8177066999871
0.37852136222559807
0.0
-0.0
0.0
0.0
46.0
48.0
5.783625987995279
5.783625987995279
1.0
1.0
2.0
2.0
3.0
3.0
4.0
4.0
5.0
5.0
6.0
6.0
7.0
7.0
8.0
8.0
9.0
9.0
10.0
10.0
11.0
11.0
12.0
12.0
13.0
13.0
14.0
14.0
15.0
15.0
16.0
16.0
17.0
17.0
18.0
18.0
19.0
19.0
20.0
20.0
21.0
21.0
22.0
22.0
23.0
23.0
24.0
24.0
25.0
25.0
26.0
26.0
27.0
27.0
28.0
28.0
29.0
29.0
30.0
30.0
31.0
31.0
32.0
32.0
33.0
33.0
34.0
34.0
35.0
35.0
36.0
36.0
37.0
37.0
38.0
38.0
39.0
39.0
40.0
40.0
41.0
41.0
42.0
42.0
43.0
43.0
44.0
44.0
45.0
45.0
46.0
46.0
47.0
47.0
48.0
48.0
49.0
49.0
50.0
50.0
51.0
51.0
52.0
52.0
53.0
53.0
54.0
54.0
55.0
55.0
56.0
56.0
57.0
57.0
58.0
58.0
59.0
59.0
60.0
60.0
0.0
0.0
0.0
0.0
0.0
0.0
0.0
0.0
0.0
0.0
0.0
0.0
0.0
0.0
0.0
0.0
0.0
0.0
0.0
0.0
0.0
0.0
0.0
0.0
0.1
0.0
0.0
0.0
0.0
0.0
0.0
0.0
0.0
0.0
0.0
0.0
0.0
0.0
0.0
0.0
0.0
0.0
0.0
0.0
0.0
0.0
0.0
0.0
0.0
0.0
0.0
0.0
0.0
0.0
0.0
0.0
0.0
0.0
0.0
0.0
0.0
0.0
0.0
0.0
0.0
0.0
0.0
0.0
0.0
0.0
0.0
0.0
0.0
0.0
0.0
0.0
0.0
0.0
0.0
0.0
0.0
0.0
0.0
0.0
0.0
0.0
0.0
0.0
0.0
0.0
0.0
0.0
0.0
0.0
0.0
0.0
0.0
0.0
0.0
0.0
0.0
0.0
0.0
0.0
0.0
0.0
0.0
0.0
0.0
0.0
0.0
0.0
0.0
0.0
0.0
0.0
0.0
0.0
0.0
0.0
0.0
0.0
0.0
0.0
0.0
0.0
0.0
0.0
0.0
0.0
0.0
0.0
0.0
0.0
0.0
0.0
0.0
0.0
0.0
0.0
0.0
0.0
0.0
0.0
0.15
0.0
0.0
0.0
0.0
0.0
0.0
0.0
0.0
0.0
0.0
0.0
0.0
0.0
0.0
0.0
0.0
0.0
0.0
0.0
0.0
0.0
0.0
0.0
0.0
0.0
0.0
0.0
0.0
0.0
0.0
0.0
0.0
0.0
0.0
0.0
0.0
0.0
0.0
0.0
0.0
0.0
0.0
0.0
0.0
0.0
0.0
0.0
0.0
0.0
0.0
0.0
0.0
0.0
0.0
0.0
0.0
0.0
0.0
0.0
0.0
0.0
0.0
0.0
0.0
0.0
0.0
0.0
0.0
0.0
0.0
0.0
0.0
0.0
0.0
0.0
0.0
0.0
0.0
0.0
0.0
0.0
0.0
0.0
0.0
0.0
0.0
0.0
0.0
0.0
0.0
0.0
0.0
0.0
0.0
0.0
0.0
0.0
0.0
0.0
0.0
0.0
0.0
0.0
0.0
0.0
0.0
0.0
0.0
0.0
0.0
0.0
0.0
0.0
0.0
0.0
0.0
0.0
0.0
0.0
0.99
0.0
0.0
0.0
0.0
0.0
0.0
0.0
0.0
0.0
0.0
0.0
0.0
0.0
0.0
0.0
0.0
0.0
0.0
0.0
0.0
0.0
0.0
0.0
0.0
0.0
0.0
0.0
0.0
0.0
0.0
0.0
0.0
0.0
0.0
0.0
0.0
0.0
0.0
0.0
0.0
0.0
0.0
0.0
0.0
0.0
0.0
0.0
0.0
0.0
0.0
0.0
0.0
0.0
0.0
0.0
0.0
0.0
0.0
0.0
0.0
0.0
0.0
0.0
0.0
0.0
0.0
0.0
0.0
0.0
0.0
0.0
0.0
0.0
0.0
0.0
0.0
0.0
0.0
0.0
0.0
0.0
0.0
0.0
0.0
0.0
0.0
0.0
0.0
0.0
0.0
0.0
0.0
0.0
0.0
0.0
45.0
