9.81
6.022e+23
0
0
0
3
0
1
276.7167620007463
2
2
0
0
1
1
0
1
60
7
1000.0
1.0


3
3.0
0
77.072922555375
0
5.783625987995279
150.0
1000.0
287.04
9.81
79000.0
40.0
20000.0
0.0
0.0
0.0
0.0
0.0280134
0.04401
0.0319988
0.039948
0.01604
0.01801528
0.048
99000.0
2.1153802199668344e+29
0.8
1e-06
1000000.0
0.6
3.0
0.0001
5000
46
0.8346538244268424
0
2
6.0
1.0
1.0
0.0
1
1
0.0001
1000000000000.0
1
259.9441513790173
259.2262117680393
258.466119604281
257.6818756140316
256.88621059790427
256.08019882535257
255.26557591119789
254.44548504022322
253.61559728792727
252.7747544667054
251.92081685942708
251.05299675344207
250.17047833143036
249.2704160820378
248.35224768393405
247.4158020564919
246.45737594266183
245.47945121619267
244.480816168358
243.45944000145678
242.41629325326105
241.35038065760253
240.25991889804678
239.1453872516553
238.00577867718735
236.84412877672878
235.88832053819308
234.41448224673164
233.13872823388456
231.8355872754145
230.4968778415057
229.11881631904373
227.69802376568975
226.23190952594848
224.71685909947678
223.14979010955636
221.52795856601128
219.8453339812844
218.09731144774418
216.2813731917664
214.39247012592207
212.41720399154585
210.3551988721764
208.19636320045063
205.92555840601275
203.54348575448034
201.03378654619425
199.9918939066461
204.55230737466502
206.9606310045827
208.08293789124465
209.24041504093816
210.4425936829375
211.6912814989523
213.5113411005739
215.2631158201476
217.65916118191222
221.00673912956805
225.1985821605254
235.03571041424289
276.19378700291577
275.42868861206824
274.62075403488694
273.78796176948475
272.94301925051394
272.08697616341414
271.22154223339555
270.34983335440256
269.46749180523074
268.57332898102186
267.66517300091596
266.74220210353684
265.80356438517225
264.84637604180966
263.87003406661233
262.87432409366767
261.85549675084206
260.8159847107076
259.75452369099236
258.6690266274814
257.5604037384492
256.4275949798116
255.26874734084407
254.0842649690278
252.8730596683006
251.63807918762114
250.60711119273057
249.05618029150855
247.701287760261
246.31683875554072
244.89451618269436
243.4303873005157
241.92090857128073
240.36330702281415
238.75376543210623
237.08897507495902
235.36593810213137
233.57833792584177
231.72124549368397
229.79177365661894
227.78444973396833
225.68538629277975
223.49363811964523
221.1984453658883
218.7838777580534
216.24962026236452
213.58906300070646
210.7559547674997
207.5782735737445
206.9606310045827
208.08293789124465
209.24041504093816
210.4425936829375
211.6912814989523
213.5113411005739
215.2631158201476
217.65916118191222
221.00673912956805
225.1985821605254
235.03571041424289
991.675
975.0250000000001
958.375
941.7249999999999
925.075
908.425
891.7750000000001
875.125
858.4749999999999
841.825
825.175
808.5250000000001
791.875
775.225
758.575
741.925
725.2750000000001
708.625
691.975
675.325
658.675
642.0250000000001
625.375
608.725
592.075
575.425
558.7750000000001
542.125
525.4750000000001
508.82500000000005
492.17500000000007
475.52500000000003
458.87500000000006
442.2250000000001
425.57500000000005
408.925
392.27500000000003
375.62500000000006
358.9750000000001
342.32500000000005
325.675
309.02500000000003
292.37500000000006
275.7250000000001
259.0750000000001
242.42500000000007
225.77500000000003
209.12500000000006
192.47500000000008
175.8250000000001
159.17500000000007
142.52500000000003
125.87500000000006
109.22500000000008
92.5750000000001
75.92500000000013
59.27500000000009
42.62500000000006
25.97500000000008
9.325000000000045
991.675
975.0250000000001
958.375
941.7249999999999
925.075
908.425
891.7750000000001
875.125
858.4749999999999
841.825
825.175
808.5250000000001
791.875
775.225
758.575
741.925
725.2750000000001
708.625
691.975
675.325
658.675
642.0250000000001
625.375
608.725
592.075
575.425
558.7750000000001
542.125
525.4750000000001
508.82500000000005
492.17500000000007
475.52500000000003
458.87500000000006
442.2250000000001
425.57500000000005
408.925
392.27500000000003
375.62500000000006
358.9750000000001
342.32500000000005
325.675
309.02500000000003
292.37500000000006
275.7250000000001
259.0750000000001
242.42500000000007
225.77500000000003
209.12500000000006
192.47500000000008
175.8250000000001
159.17500000000007
142.52500000000003
125.87500000000006
109.22500000000008
92.5750000000001
75.92500000000013
59.27500000000009
42.62500000000006
25.97500000000008
9.325000000000045
64.76208438727512
195.21818337927215
327.5648492831889
461.8602893361994
598.1695251958593
736.5619503102156
877.1122321962839
1019.8989897395968
1165.0038986144416
1312.5125640896563
1462.5149589294938
1615.1061861053997
1770.3862686709413
1928.4606721014331
2089.4416500130546
2253.447803076574
2420.605607597311
2591.050993223131
2764.9286673929537
2942.393806600956
3123.6134948171443
3308.7669221807264
3498.0472908184615
3691.663665783463
3889.843885490292
4092.9365014353175
4301.095942325172
4514.4973568155265
4733.557342464406
4958.6219576532785
5190.067031950779
5428.304889338131
5673.790400952067
5927.027376271851
6188.576118133072
6459.06336165848
6739.191902188255
7029.753247353072
7331.6469664413535
7645.90189763898
7973.694877521288
8316.387865434837
8675.573849083532
9053.121246666333
9451.258553296324
9872.675001708736
10322.52164744881
10814.346467519605
11359.944857674807
11965.103389531852
12641.14953870813
13406.003105571428
14285.349558939375
15319.25877668036
16571.688299769437
18156.778096877868
20314.229313704735
23689.088926546065
31940.598458069235
56560.69457252452
68.80992416914077
207.41986643653073
348.0385771653171
490.728106886908
635.557517278208
782.6004524103221
931.9360561635581
1083.6476660616943
1237.8219367840652
1394.5497328008612
1553.9265880466944
1716.053492582895
1881.0367088692797
2048.9883232550746
2220.0276239583804
2394.280695758606
2571.8819883473725
2752.975938350125
2937.716343272414
3126.2681081963237
3318.8087464484183
3515.528648393515
3716.6330664344605
3922.344055672582
4132.903486346344
4348.675099925915
4569.829806503913
4796.560680734679
5029.3038676425485
5268.426799606916
5514.328745616229
5767.447814184141
6028.2673353044065
6297.322641359131
6575.209086320855
6862.592541224667
7160.219694128861
7468.931519940354
7789.683633199347
8123.568737807723
8471.836910424154
8835.934689565442
9217.55349546689
9618.677293445253
10041.671465594456
10489.40096475952
10965.331256586855
11473.523093768285
12022.950763367378
12628.109295224423
13304.155444400702
14069.009011264
14948.355464631946
15982.264682372932
17234.69420546201
18819.784002570443
20977.235219397306
24352.094832238636
32603.604363761806
56560.69457252452
3.521179111399233e+23
3.521179111399233e+23
3.521179111399257e+23
3.521179111399233e+23
3.521179111399233e+23
3.521179111399233e+23
3.521179111399233e+23
3.521179111399257e+23
3.521179111399233e+23
3.521179111399233e+23
3.521179111399233e+23
3.521179111399233e+23
3.521179111399257e+23
3.5211791113992086e+23
3.521179111399257e+23
3.521179111399233e+23
3.521179111399233e+23
3.521179111399257e+23
3.5211791113992086e+23
3.521179111399257e+23
3.521179111399233e+23
3.521179111399233e+23
3.521179111399257e+23
3.5211791113992086e+23
3.521179111399257e+23
3.521179111399233e+23
3.521179111399233e+23
3.521179111399233e+23
3.521179111399233e+23
3.521179111399244e+23
3.521179111399244e+23
3.521179111399233e+23
3.521179111399233e+23
3.521179111399233e+23
3.521179111399257e+23
3.521179111399233e+23
3.521179111399233e+23
3.521179111399233e+23
3.521179111399233e+23
3.521179111399257e+23
3.521179111399233e+23
3.521179111399233e+23
3.521179111399233e+23
3.521179111399233e+23
3.521179111399233e+23
3.521179111399257e+23
3.521179111399233e+23
3.521179111399233e+23
3.521179111399233e+23
3.521179111399233e+23
3.521179111399257e+23
3.521179111399233e+23
3.521179111399233e+23
3.521179111399233e+23
3.521179111399233e+23
3.521179111399233e+23
3.521179111399257e+23
3.521179111399233e+23
3.521179111399233e+23
3.521179111399257e+23
3.521179111399233e+23
3.521179111399233e+23
3.521179111399257e+23
3.521179111399233e+23
3.521179111399233e+23
3.521179111399233e+23
3.521179111399233e+23
3.521179111399257e+23
3.521179111399233e+23
3.521179111399233e+23
3.521179111399233e+23
3.521179111399233e+23
3.521179111399257e+23
3.5211791113992086e+23
3.521179111399257e+23
3.521179111399233e+23
3.521179111399233e+23
3.521179111399257e+23
3.5211791113992086e+23
3.521179111399257e+23
3.521179111399233e+23
3.521179111399233e+23
3.521179111399257e+23
3.5211791113992086e+23
3.521179111399257e+23
3.521179111399233e+23
3.521179111399233e+23
3.521179111399233e+23
3.521179111399233e+23
3.521179111399244e+23
3.521179111399244e+23
3.521179111399233e+23
3.521179111399233e+23
3.521179111399233e+23
3.521179111399257e+23
3.521179111399233e+23
3.521179111399233e+23
3.521179111399233e+23
3.521179111399233e+23
3.521179111399257e+23
3.521179111399233e+23
3.521179111399233e+23
3.521179111399233e+23
3.521179111399233e+23
3.521179111399233e+23
3.521179111399257e+23
3.521179111399233e+23
3.521179111399233e+23
3.521179111399233e+23
3.521179111399233e+23
3.521179111399257e+23
3.521179111399233e+23
3.521179111399233e+23
3.521179111399233e+23
3.521179111399233e+23
3.521179111399233e+23
3.521179111399257e+23
3.521179111399233e+23
3.521179111399233e+23
3.521179111399257e+23
-2.3409670098711524
-2.2155268034274807
-2.1837330403560453
-2.190246179176979
-2.1926517581346276
-2.186926229121464
-2.1699061846635264
-2.1292055365487608
-2.078657016392021
-2.015975243210084
-1.9507712894064935
-1.8838796280011847
-1.8153181913832712
-1.7556322583353678
-1.701988879707172
-1.6511007594961575
-1.6171078015266112
-1.5896175782921158
-1.5598180658377967
-1.5355051955633243
-1.5137392887713816
-1.4919383148960224
-1.4730834570681883
-1.451675877929903
-1.424782783215961
-1.3763773389305096
0.9870222466630326
-1.2893314829469034
-1.3147566636273453
-1.3159254637051934
-1.311303309882668
-1.3021778316243688
-1.2922429185797364
-1.2809358600122815
-1.270459944830736
-1.2560725023948875
-1.2376061811812207
-1.2144930886369696
-1.1861996155217132
-1.1429624585286682
-1.0706766855902097
-0.9873523552136528
-0.8612106209205093
-0.6965150506485628
-0.49667186935579805
-0.21235490144765695
0.23715849583063955
0.6150359622889561
-0.1764662502728805
-0.35802612678155116
-0.22844759889266847
-0.17826089397614017
-0.15556290015785532
-0.14532357712813168
-0.14533694275276948
-0.13959900488970828
-0.13419620197474927
-0.11885289576420874
-0.07980929755636741
-0.010082565364086754
-2.0127995493455937
-1.8337971942713371
-1.821040106539556
-1.8772091613466744
-1.9356041959310146
-1.9879642615945112
-2.0194086270555567
-2.012370972613687
-1.9851242860614025
-1.9454740787110154
-1.8972903528131337
-1.841717260174172
-1.7807125683646041
-1.7223418562244195
-1.6687145336556515
-1.6188316783830843
-1.5832933297503613
-1.5452854910503258
-1.5167401776661442
-1.4992963208391477
-1.4797689439668902
-1.4603979690904423
-1.4437458854954268
-1.4212552733259536
-1.3932724895072004
-1.3337706846528836
-1.631670147717128
-1.3500224886335714
-1.3977988279900782
-1.408712921304835
-1.414314757293524
-1.4249624722915288
-1.4431904114759888
-1.4668707232152198
-1.4969129780587034
-1.5335441618272703
-1.5659366841918916
-1.6067521251403594
-1.651546959253227
-1.6815076491774688
-1.6961097348977854
-1.72330706450957
-1.7213077403483272
-1.679898503954371
-1.6144023142855544
-1.4388233912952753
-1.1220478666014266
-0.616824357831728
0.17471025370915036
0.3575459464872877
0.22792610971898467
0.17778830928867428
0.15517527265383313
0.14498915247559638
0.14507083536580406
0.13939843361147544
0.1340691419507282
0.11874135340531822
0.07976527486867932
0.010056480386763614
-1.8843325132669975
-1.7664952867267942
-1.7423044952147109
-1.7564206038277916
-1.7664291517215105
-1.7683065908965716
-1.758889514984915
-1.7257918349677794
-1.682846282838213
-1.627767477598809
-1.5701664919658072
-1.5108777983251969
-1.449919330198469
-1.3978363660253308
-1.3517959568781919
-1.308510806895697
-1.2821208203496042
-1.2622335694028948
-1.2400370285112103
-1.2233271064324072
-1.2091642007421797
-1.1949662022371115
-1.1837142984901163
-1.1699097230148823
-1.1506196124288977
-1.109817153639085
1.245979397152297
-1.0379772402880292
-1.071005462067376
-1.0797772663811998
-1.082758121175317
-1.0812356688597902
-1.0789037910541879
-1.0751997835920974
-1.072326942242512
-1.0655425973768047
-1.0546794023657924
-1.0391694694544071
-1.0184791884312858
-0.9828452452454144
-0.9181626953101727
-0.842441597949005
-0.7239030810268332
-0.5668107972117866
-0.37457125595130947
-0.0978592704670973
0.3440410613856102
0.7143602245717204
-0.08474978969709923
-0.27394327998621293
-0.15196001926000235
-0.10937534890581446
-0.09428121761919783
-0.09164457223388922
-0.09926120920300718
-0.10112659693811565
-0.10332777261677961
-0.0955865616035112
-0.06414719241240618
-0.002023015806571493
-2.006568261087068
-1.8276696764755087
-1.8150163454667023
-1.8712891545990118
-1.9297879422175015
-1.982251759754888
-2.0137998773342787
-2.006865974595428
-1.9797230395947167
-1.9401765838989888
-1.8920966094976848
-1.8366272686749028
-1.7757263284643159
-1.7174593683578792
-1.6639357982010097
-1.6141566935790195
-1.5787220972016769
-1.540818003966507
-1.512376441475908
-1.4950363474865753
-1.475612723804204
-1.4563455006734216
-1.439797171235
-1.4174103127686806
-1.389531286625214
-1.3301332218574942
-1.6281364485240886
-1.346592534819905
-1.3944726494106021
-1.40549047940911
-1.4111960925638982
-1.421947567596078
-1.4402792701649219
-1.464063346838003
-1.4942093717106957
-1.53094432774148
-1.56344060737203
-1.6043598546171722
-1.6492584562026025
-1.6793229844839175
-1.6940289017431098
-1.721330098646888
-1.7194346865554166
-1.6781294292669031
-1.6127373033122865
-1.437262435712995
-1.1205903454568045
-0.6154728962545732
0.17595499529880954
0.3587004843447801
0.22897545871879288
0.17873247377769985
0.15601396969930192
0.14572400758748927
0.14570143325963159
0.13992479055079343
0.13449064769389452
0.11905990693659874
0.07997874425748819
0.010166466532893992
-0.45663450124644317
-0.4490315368006899
-0.44142857235493665
-0.43382560790918334
-0.4262226434634301
-0.41861967901767677
-0.4110167145719235
-0.4034137501261703
-0.3958107856804169
-0.3882078212346637
-0.3806048567889104
-0.37300189234315717
-0.36539892789740386
-0.35779596345165054
-0.35019299900589734
-0.342590034560144
-0.3349870701143907
-0.3273841056686375
-0.31978114122288415
-0.31217817677713094
-0.3045752123313776
-0.2969722478856243
-0.28936928343987106
-0.28176631899411775
-0.27416335454836455
-0.2665603901026112
-0.258957425656858
-0.25135446121110466
-0.2437514967653514
-0.23614853231959815
-0.22854556787384483
-0.22094260342809155
-0.21333963898233826
-0.205736674536585
-0.19813371009083175
-0.19053074564507844
-0.18292778119932515
-0.1753248167535719
-0.16772185230781864
-0.16011888786206535
-0.15251592341631204
-0.14491295897055875
-0.13730999452480547
-0.12970703007905224
-0.12210406563329895
-0.1145011011875457
-0.10689813674179235
-0.09929517229603908
-0.09169220785028581
-0.08408924340453255
-0.07648627895877928
-0.06888331451302596
-0.0612803500672727
-0.053677385621519434
-0.04607442117576616
-0.03847145673001289
-0.03086849228425962
-0.023265527838506304
-0.015662563392753032
-0.008059598946999763
-0.006231270154706532
-0.0061275195066306685
-0.006023768858554804
-0.00592001821047894
-0.005816267562403077
-0.005712516914327213
-0.005608766266251349
-0.005505015618175486
-0.005401264970099621
-0.005297514322023758
-0.005193763673947894
-0.005090013025872031
-0.004986262377796167
-0.004882511729720302
-0.00477876108164444
-0.004675010433568575
-0.004571259785492712
-0.0044675091374168484
-0.004363758489340983
-0.0042600078412651215
-0.004156257193189257
-0.004052506545113393
-0.003948755897037529
-0.003845005248961665
-0.003741254600885802
-0.0036375039528099375
-0.003533753304734074
-0.00343000265665821
-0.0033262520085823467
-0.0032225013605064836
-0.0031187507124306193
-0.0030150000643547554
-0.002911249416278892
-0.0028074987682030284
-0.0027037481201271645
-0.0025999974720513006
-0.0024962468239754366
-0.002392496175899573
-0.0022887455278237097
-0.0021849948797478458
-0.002081244231671982
-0.001977493583596118
-0.0018737429355202542
-0.0017699922874443907
-0.001666241639368527
-0.0015624909912926636
-0.0014587403432167992
-0.0013549896951409355
-0.001251239047065072
-0.0011474883989892083
-0.0010437377509133448
-0.0009399871028374804
-0.0008362364547616168
-0.0007324858066857532
-0.0006287351586098896
-0.000524984510534026
-0.00042123386245816237
-0.00031748321438229807
-0.00021373256630643445
-0.00010998191823057085
-16.649999999999977
-16.649999999999977
-16.65000000000009
-16.649999999999977
-16.649999999999977
-16.649999999999977
-16.649999999999977
-16.65000000000009
-16.649999999999977
-16.649999999999977
-16.649999999999977
-16.649999999999977
-16.65000000000009
-16.649999999999864
-16.65000000000009
-16.649999999999977
-16.649999999999977
-16.65000000000009
-16.649999999999864
-16.65000000000009
-16.649999999999977
-16.649999999999977
-16.65000000000009
-16.649999999999864
-16.65000000000009
-16.649999999999977
-16.649999999999977
-16.649999999999977
-16.649999999999977
-16.650000000000034
-16.650000000000034
-16.649999999999977
-16.649999999999977
-16.649999999999977
-16.65000000000009
-16.649999999999977
-16.649999999999977
-16.649999999999977
-16.649999999999977
-16.65000000000009
-16.649999999999977
-16.649999999999977
-16.649999999999977
-16.649999999999977
-16.649999999999977
-16.65000000000009
-16.649999999999977
-16.649999999999977
-16.649999999999977
-16.649999999999977
-16.65000000000009
-16.649999999999977
-16.649999999999977
-16.649999999999977
-16.649999999999977
-16.649999999999977
-16.65000000000009
-16.649999999999977
-16.649999999999977
-16.65000000000009
-16.649999999999977
-16.649999999999977
-16.65000000000009
-16.649999999999977
-16.649999999999977
-16.649999999999977
-16.649999999999977
-16.65000000000009
-16.649999999999977
-16.649999999999977
-16.649999999999977
-16.649999999999977
-16.65000000000009
-16.649999999999864
-16.65000000000009
-16.649999999999977
-16.649999999999977
-16.65000000000009
-16.649999999999864
-16.65000000000009
-16.649999999999977
-16.649999999999977
-16.65000000000009
-16.649999999999864
-16.65000000000009
-16.649999999999977
-16.649999999999977
-16.649999999999977
-16.649999999999977
-16.650000000000034
-16.650000000000034
-16.649999999999977
-16.649999999999977
-16.649999999999977
-16.65000000000009
-16.649999999999977
-16.649999999999977
-16.649999999999977
-16.649999999999977
-16.65000000000009
-16.649999999999977
-16.649999999999977
-16.649999999999977
-16.649999999999977
-16.649999999999977
-16.65000000000009
-16.649999999999977
-16.649999999999977
-16.649999999999977
-16.649999999999977
-16.65000000000009
-16.649999999999977
-16.649999999999977
-16.649999999999977
-16.649999999999977
-16.649999999999977
-16.65000000000009
-16.649999999999977
-16.649999999999977
-16.65000000000009
260.46712637684783
259.7180070282499
258.95810780800264
258.187119795557
257.4046786136829
256.6103965177136
255.80385856081674
254.9846159918409
254.15220815747855
253.30615094793242
252.44593825528463
251.571035449818
250.6808770812153
249.77487160792975
248.85239062578043
247.91276407308467
246.95529012768182
245.97920762843992
244.98370540400308
243.97012812290072
242.93786666665457
241.88333699698413
240.8051498188558
239.70265311716759
238.57558301002663
237.42495377391617
236.36622470914
235.1514014444994
233.90128572374658
232.61747939264197
231.29790660897754
229.94029589964092
228.54214928235797
227.10070313034757
225.61289337919632
224.0753029292355
222.4840992770468
220.8349855152611
219.12310298304263
217.34290479659805
215.4880370091821
213.5512408023386
211.524020867581
209.39644602323014
207.15683498686124
204.7910914763988
202.28863680819904
200.5129463659722
202.2723109232455
205.75660239614223
207.52184416047365
208.6617353761851
209.8415554189882
211.06698049478015
212.60134694158472
214.38725616231397
216.46115802931524
219.3329643631684
223.1026699205039
230.11715054506698
239.95427656224916
276.7167620007463
275.9208202694331
275.11342587216194
274.2942482098943
273.4629001275367
272.618969926364
271.7620174455743
270.8915673687636
270.0071310261994
269.10819473110337
268.19422111803146
267.26464248733384
266.31885836117385
265.3562400527399
264.376119717799
263.3777853637075
262.36491046116254
261.3357407695654
260.28525423944563
259.21177519723017
258.1147152222609
256.9939994006826
255.84817120135887
254.67650619725237
253.47866236426944
252.25556947491893
251.1225952418549
249.83164579415654
248.5034440139505
247.13944670549816
245.73744880668104
244.295036934622
242.809556760628
241.2780718135667
239.69732624001574
238.0636892839822
236.37308940341262
234.62096101144272
232.80214192628299
230.91074049554447
228.94000879024793
226.88223478767242
224.72839803502208
222.46795390103375
220.08849799024003
217.5750737274084
214.91934300853273
212.172508327179
209.16711133917403
207.2694798017762
207.52184416047365
208.6617353761851
209.8415554189882
211.06698049478015
212.60134694158472
214.38725616231397
216.46115802931524
219.3329643631684
223.1026699205039
230.11715054506698
239.95427656224916
1000.0
983.35
966.7
950.05
933.4
916.75
900.1
883.45
866.8
850.15
833.5
816.85
800.2
783.55
766.9000000000001
750.25
733.6
716.95
700.3
683.6500000000001
667.0
650.35
633.7
617.05
600.4000000000001
583.75
567.1
550.45
533.8000000000001
517.1500000000001
500.50000000000006
483.85
467.20000000000005
450.55000000000007
433.9000000000001
417.25
400.6
383.95000000000005
367.30000000000007
350.6500000000001
334.0
317.35
300.70000000000005
284.05000000000007
267.4000000000001
250.7500000000001
234.10000000000002
217.45000000000005
200.80000000000007
184.1500000000001
167.5000000000001
150.85000000000002
134.20000000000005
117.55000000000007
100.90000000000009
84.25000000000011
67.60000000000014
50.950000000000045
34.30000000000007
17.65000000000009
1.0
1000.0
983.35
966.7
950.05
933.4
916.75
900.1
883.45
866.8
850.15
833.5
816.85
800.2
783.55
766.9000000000001
750.25
733.6
716.95
700.3
683.6500000000001
667.0
650.35
633.7
617.05
600.4000000000001
583.75
567.1
550.45
533.8000000000001
517.1500000000001
500.50000000000006
483.85
467.20000000000005
450.55000000000007
433.9000000000001
417.25
400.6
383.95000000000005
367.30000000000007
350.6500000000001
334.0
317.35
300.70000000000005
284.05000000000007
267.4000000000001
250.7500000000001
234.10000000000002
217.45000000000005
200.80000000000007
184.1500000000001
167.5000000000001
150.85000000000002
134.20000000000005
117.55000000000007
100.90000000000009
84.25000000000011
67.60000000000014
50.950000000000045
34.30000000000007
17.65000000000009
1.0
0.0
129.52416877455025
260.9121979839941
394.21750058238365
529.5030780900152
666.8359723017034
806.2879283187278
947.9365360738399
1091.8614434053538
1238.1463538235294
1386.8787743557832
1538.1511435032041
1692.0612287075953
1848.711308634287
2008.2100355685793
2170.6732644575304
2336.222341695618
2504.9888734990036
2677.1131129472587
2852.744221838649
3032.0433913632633
3215.1835982710254
3402.3502460904274
3593.7443355464957
3789.58299602043
3990.104774960154
4195.768227910481
4406.423656739862
4622.571056891191
4844.543628037621
5072.700287268935
5307.433776632623
5549.176002043638
5798.4047998604965
6055.649952683205
6321.502283582939
6596.6244397340215
6881.759364642489
7177.7471300636535
7485.5468028190535
7806.256992458907
8141.1327625836675
8491.642968286009
8859.504729881057
9246.737763451609
9655.77934314104
10089.570660276433
10555.472634621186
11073.220300418021
11646.669414931592
12283.537364132113
12998.76171328415
13813.244497858706
14757.454620020042
15881.06293334068
17262.313666198195
19051.242527557544
21577.216099851925
25800.961753240204
38080.235162898265
50359.50857255641
0.0
137.61984833828154
277.2198845347799
418.85726979585434
562.5989439779617
708.5160905784544
856.6848142421898
1007.1872980849263
1160.1080340384624
1315.535839529668
1473.5636260720544
1634.2895500213344
1797.8174351444554
1964.2559825941041
2133.720663916045
2306.334584000716
2482.2268075164957
2661.5371691782498
2844.4147075220003
3031.017979022828
3221.5182373698194
3416.0992555270172
3614.958041260013
3818.3080916089084
4026.3800197362557
4239.426952956432
4457.923246895398
4681.736366112426
4911.384995356933
5147.222739928164
5389.630859285667
5639.026631946792
5895.868996421489
6160.665674187324
6433.979608530938
6716.438564110772
7008.746518338561
7311.692869919161
7626.170169961545
7953.1970964371485
8293.940379178297
8649.73344167001
9022.135937460873
9412.971053472906
9824.383533417602
10258.959397771308
10719.84253174773
11210.819981425977
11736.226206110592
12309.675320624163
12946.543269824684
13661.76761897672
14476.250403551277
15420.460525712613
16544.06883903325
17925.319571890766
19714.248433250115
22240.222005544496
26463.967658932776
38743.24106859084
51022.51447824899
289.83014894811225
289.4206914476651
288.78495850749465
288.03139727333524
287.2019332086512
286.3329454629361
285.44444676185105
284.55098536386686
283.6676177282157
282.79486527951406
281.9351422600388
281.0874353685656
280.2517497429931
279.427582807242
278.60893301930037
277.7957989143909
276.9863344807521
276.1791429713113
275.38122886118214
274.59062791815444
273.80420815512485
273.0242022817119
272.25069244793383
271.4833366146424
270.72467564716015
269.9761405251362
269.26777843433126
286.9772736955731
286.160163405117
285.3929922601936
284.65198747140596
283.93232707690214
283.2323022331387
282.5526792502146
281.89343707558055
281.25533421568883
280.63993536286864
280.0485328114856
279.48117370310996
278.9399615797553
278.4271787414535
277.9389970841035
277.48033789316565
277.0529900988972
276.6555504919259
276.28558994046773
275.94517379355307
275.6975640258735
275.8521364762644
276.6677831469765
277.39025006098194
277.99979713036174
278.60555036704716
279.21184309133645
279.828537094748
280.451008094711
281.06745655239484
281.7177469401695
282.42030154935685
283.3415213103956
285.00872683537193
361.90598436288144
361.02994508696224
359.81767484887735
358.4418168826827
356.96328108510556
355.4373720866236
353.8909560031273
352.3441494846146
350.8177573305675
349.3109391370689
347.82485352477795
346.35709621397774
344.9065652617289
343.47157592654514
342.04369478686914
340.6216764794564
339.20681991325444
337.7905261989009
336.37691749695773
334.96280304295124
333.5449507704585
332.12996229921663
330.72050785180005
329.31528303630364
327.9199676456261
326.53598046649387
325.21252397967567
323.9411776060294
322.50666903655286
321.13031140741157
319.7784233445368
318.44755530724984
317.13564842675345
315.84018459542085
314.563725210537
313.3102232150797
312.0881982721593
310.900073574122
309.74149682447836
308.6148493128196
307.5280583518478
306.4870446143789
305.4909402608441
304.54520391694854
303.65305165241375
302.8156464511171
302.04013282352435
301.33380844917724
300.68115943135916
300.180784755689
300.132207774795
300.39294026213406
300.74225572684935
301.1294815419563
301.539596592028
301.947408940895
302.35255315217614
302.79410151442653
303.3102748730936
304.11473475511866
305.7966022918313
260.991303620714
260.1954080340473
259.1687579015941
258.0199991148929
256.7910619899355
255.5176672416634
254.2196405878576
252.9114531333697
251.6080976283486
250.3103857884515
249.0209861794593
247.7391788040301
246.4651877551927
245.198666127654
243.9337998924628
242.670664301487
241.4074382053952
240.1427576115172
238.8835380161144
237.6277463739089
236.3721891107912
235.1189708610986
233.8680472313797
232.6189475720084
231.3740459312244
230.1346029439689
228.9304859840766
227.1699621452019
225.9063426005797
224.677776690844
223.46308235923
222.2590548502403
221.0650437677469
219.882516227089
218.7119879575266
217.5546111776546
216.4122077747744
215.2863290027472
214.177250123072
213.087209978166
212.0187531760694
210.9682616512051
209.9407574643708
208.9385396611236
207.9605127177979
207.0042802033875
206.0725894885014
205.229179139898
204.7840783461379
204.9967660613794
205.1132047099478
205.1138227501826
205.110086385673
205.109747990043
205.128613450722
205.1837637611523
205.2694441638362
205.4615794153996
205.8259070689526
206.5403264048455
207.617021600443
332.4711257153602
331.1795398214936
329.5467478720752
327.745406680332
325.8363279665134
323.8738714219449
321.8846452414466
319.8886591751857
317.906644303571
315.938194379878
313.9848584283846
312.0446723344169
310.1168875512792
308.20009165494
306.2861764117816
304.3740701574464
302.4651848157359
300.5510645737411
298.6357968638626
296.7162009990934
294.7890822675829
292.8609716142369
290.934486056049
289.0082773922469
287.0879424408285
285.1748302734039
283.3180805427356
281.5092373496228
279.5328982511441
277.6102967009237
275.7076526879373
273.8214343615315
271.949499939986
270.0892357616153
268.2431224637156
266.4150254208175
264.6133605441474
262.840488438462
261.0919937795984
259.3701604732632
257.682944422325
256.0362566600558
254.4291463250376
252.867312336364
251.3540606719582
249.8904786633173
248.4841188718276
247.142514762164
245.8504805734874
244.7068119512379
244.0112064815025
243.6214680508046
243.3185454180109
243.0542444172302
242.8179007144596
242.5998420326268
242.4046233604288
242.2982760101401
242.354538261986
242.794633140659
243.8041032486579
28.83884532739823
29.2252834136178
29.61620060590054
30.01139815844234
30.41087121871572
30.81527822127269
31.22480617399345
31.63953223049714
32.05952009986711
32.48447949106259
32.9141560805795
33.34825656453552
33.78656198780043
34.22891667958798
34.67513312683757
35.1251346129039
35.57889627535686
36.03638535979414
36.49769084506775
36.96288154424551
37.43201904433368
37.90523142061327
38.38264521655413
38.86438904263396
39.35062971593577
39.84153758116733
40.33729245025468
59.8073115503712
60.25382080453729
60.71521556934956
61.188905112176
61.67327222666186
62.16725846539179
62.67016302312561
63.18144911805396
63.70072303803425
64.22772758809425
64.76220380873839
65.30392358003796
65.8527516015893
66.40842556538409
66.97073543289841
67.53958042879485
68.11445043777363
68.695037774128
69.28130973708022
69.8725843050517
70.46838488597548
71.06805813012646
71.6710170855971
72.27704535103415
72.88597438017912
73.49546398137417
74.10209510129344
74.69992364402599
75.26724433355875
75.79801238855865
76.25616752476986
76.59439448040423
76.80119490555008
77.39170523492896
29.43485864752124
29.85040526546864
30.27092697680217
30.69641020235069
31.12695311859214
31.56350066467871
32.00631076168072
32.4554903094289
32.9111130269965
33.37274475719087
33.83999509639334
34.31242387956085
34.78967771044966
35.27148427160514
35.75751837508755
36.24760632201005
36.74163509751856
37.23946162515981
37.74112063309516
38.24660204385785
38.75586850287564
39.26899068497973
39.78602179575104
40.30700564405675
40.83202520479761
41.36115019308994
41.89444343694007
42.43194025640658
42.97377078540878
43.5200147064879
44.07077065659949
44.62612094571834
45.18614848676743
45.7509488338055
46.32060274682136
46.89519779426219
47.47483772801191
48.05958513566005
48.64950304487995
49.24468883955646
49.84511392952276
50.45078795432304
51.0617939358065
51.67789158058456
52.29899098045558
52.92516778779979
53.55601395169677
54.19129368701322
54.83067885787176
55.47397280445106
56.12100129329248
56.77147221132949
57.42371030883847
58.07523712472608
58.72169587756839
59.34756690826822
59.94792979174735
60.4958255042864
60.95573661110757
61.32010161445966
61.99249904317336
365.2308908677029
362.9371008539888
360.53487262709143
358.0390068977174
355.4531222292057
352.817705331769
350.1609000397874
347.50854912681837
344.89938965619933
342.3437909246594
339.85630042758544
337.43842704414635
335.0918636202488
332.817777354299
330.60129120033207
328.4363611385444
326.31838589801
324.2290735682195
322.16892588868745
320.1382879171486
318.1285410476867
316.13937097353147
314.1708949375163
312.2198248057348
310.29125411523773
308.3920993807847
306.5739201363407
325.52939479473474
323.6743072639907
321.83613065699996
320.0153486018312
318.2129300861521
316.4316695735288
314.6731427995505
312.9387008413244
311.22827103919013
309.5473295889932
307.9012476352443
306.29471905741417
304.7350277456283
303.23939966208115
301.83305530942084
300.5319545205341
299.3807036452389
298.41645324105565
297.6719214336462
297.2336460162645
297.33007730997036
298.1990099849331
298.92990686594806
299.3784304999673
299.83601755008704
300.3323954378667
300.8444069445369
301.36945637571455
301.8926661664745
302.4079880272202
302.95495064237804
303.5619186899619
304.4189912585882
306.0841737677581
437.4617978946029
434.57919035759653
431.53925044303617
428.34837613137483
424.99855117919867
421.5428542384992
418.0141863952481
414.453579999401
410.92032187075847
407.4337806376651
404.0075184414753
400.6476645211774
397.3605063002535
394.14979063660553
391.00445012857165
387.9184960229579
384.8894827631769
381.89446695162167
378.9400402457121
376.0135493502296
373.1006607302503
370.2100595352042
367.3442595871143
364.4992376003829
361.6865118969366
358.9129934311792
356.2594037225035
353.359920900333
350.5788197960368
347.8079895174848
345.05061097520087
342.3085468453502
339.57469239725765
336.83894929576
334.09842656403816
331.35071519687017
328.5977459262083
325.84618062079915
323.0832440165381
320.30733804867697
317.5412241032211
314.8061814640092
312.08874701182737
309.42357598137653
306.8532942875748
304.40315178296584
302.19037571966015
300.36346099985616
299.0953390857835
298.77091940541214
299.08104290886297
299.57075085492073
300.0987987934137
300.6420385782199
301.19787763587925
301.75139141800594
302.2964604198376
302.87249942978195
303.5077326953856
304.3921713216681
306.0842053249138
157.757184032311
154.3284052168274
150.75229624183
147.0450026172982
143.212037657658
139.3129454903106
135.3888917790874
131.4790001002801
127.6380798573181
123.880845078785
120.2251626434676
116.6710648537289
113.2185482503865
109.8670957235867
106.594689402511
103.3912615587324
100.2489807142849
97.14293792572853
94.07464346527043
91.04271761018701
88.03452770488951
85.05030701723557
82.08950188188344
79.14673482451673
76.22743321138762
73.33754191447203
70.526242670452
66.28328690853768
63.37405546891381
60.48251557255528
57.61001902430971
54.7569813977732
51.92552364935528
49.1175885354947
46.33471046039118
43.57764758117331
40.85403562069674
38.17181136695522
35.53804522033528
32.96272917003817
30.4676856380772
28.08072731078718
25.81765429670257
23.72958831632272
21.85773269882147
20.23285365764942
18.9401705038952
18.20208327834718
18.23937192500881
18.10725560023919
17.65428591478249
17.19101921164275
16.72889131821764
16.22015772491471
15.61927192354523
14.81348576418662
13.72967406457663
12.17817169347667
9.754576909576608
5.682912695397145
0.0
225.7002254583051
221.3369440845801
216.7626047075242
211.9862770304897
207.0030327897022
201.8933212567775
196.7074637665996
191.5040188859057
186.36362360702
181.3100974039697
176.3605936146289
171.5187025243942
166.7879977348191
162.1698075527536
157.642610352945
153.1947397840272
148.8190909074051
144.4821982328669
140.192164128826
135.9336760155474
131.6855941299685
127.4580098108972
123.2527826088944
119.0631664878202
114.9021766954904
110.7765680946393
106.7653715738442
102.4942532533046
98.33510227830016
94.17850541398924
90.02922989155375
85.88885428533428
81.74992210593143
77.60292570220679
73.44557927752514
69.27678156713532
65.1006983089508
60.92613324499853
56.73967132906261
52.53821939453392
48.34936345588498
44.19821690183543
40.07203821417769
36.02386634774001
32.11139301860578
28.36449908814772
24.91907815565524
21.93625477769257
19.59995821558499
18.29199585784232
17.65428591478249
17.19101921164275
16.72889131821764
16.22015772491471
15.61927192354523
14.81348576418662
13.72967406457663
12.17817169347667
9.754576909576608
5.682912695397145
0.0
207.4737068353919
208.6086956371614
209.7825763852614
210.9940042804192
212.2410845715477
213.5047598414584
214.7720082607
216.0295490265383
217.2613097988812
218.4629458458744
219.6311377841178
220.7673621904175
221.8733153698623
222.9506816307123
224.0066017978211
225.045099579812
226.0694051837251
227.086135642491
228.094282423417
229.0955703069616
230.0940133427972
231.0890639562959
232.0813930556329
233.0730899812181
234.0638209038501
235.0545574663127
236.0476774658887
259.2461078861971
260.3002517950769
261.3536150844447
262.4053295775215
263.4559486883789
264.5061459241735
265.5555542640558
266.6039903809332
267.6506234580168
268.6932939682965
269.7294362682891
270.7566738370789
271.7722985755901
272.7717140240039
273.7523279986337
274.7143002238315
275.6511153289162
276.5587205422342
277.4390677759968
278.2934755123693
279.1279940316232
279.9596380599243
280.8226512657089
281.7241445851848
282.6449983384443
283.6035041196491
284.6242492196222
285.7501844521693
287.0791804022879
288.6783139626436
290.7767789489014
293.8073417803853
298.7360785631911
306.0841737677581
211.7615724362978
213.2422462730164
214.776645735512
216.3620991008851
217.9955183894965
219.6495329817217
221.3067226286485
222.9495611134953
224.5566982637385
226.1236832336954
227.6469248268464
229.1289619967832
230.5725085654344
231.9799830838519
233.3618397756266
234.7237562389307
236.0703918557718
237.4122687187548
238.7478761168861
240.0798733346822
241.4150666002818
242.752049724307
244.0914769782199
245.4360711125627
246.7843352014462
248.1364253365399
249.4940321486593
250.8656676470284
252.2437175177366
253.6294841034956
255.0213810836471
256.4196925600159
257.8247702913262
259.2360235935532
260.652847286513
262.0739336297349
263.4970476172575
264.9200473758006
266.3435726874755
267.769118654143
269.1918606473361
270.6079645621738
272.0167087976497
273.3997096336365
274.741901268969
276.0386526948181
277.2712975640049
278.4272062221636
279.4953808701985
280.4789235475698
281.4267569940805
282.379731643278
283.3699074751961
284.4218808533052
285.578605712334
286.9379056538193
288.566786355261
290.6943277363053
293.753155785809
298.709258626271
306.0842053249138
75.40074191959069
73.51640940632369
71.7499141195969
70.00760962438218
68.25118902055439
66.48475986883288
64.71645327793631
62.957563762951395
61.231771927983615
59.5489256451454
57.921158167546594
56.35099167558079
54.84011387725559
53.39019454705712
51.99235818103179
50.6405622241536
49.3320514172579
48.0499305969083
46.7876970275054
45.54765999899419
44.324332892561785
43.115168691819605
41.92020248958249
40.73648819109238
39.566578468077495
38.4159588556486
37.30614170200951
38.55212109916181
37.51414385887378
36.443138396806404
35.363361130425204
34.28060300924989
33.1993673403901
32.12046354933591
31.04526376574381
29.9729368235013
28.907394226124495
27.852714823758703
26.813545354304296
25.79506616587301
24.812220920627595
23.894058225317423
23.051616627368418
22.327713546341585
21.760902749129798
21.38633149317849
21.28847222271139
21.632513284097
22.346873508668722
22.262123718971623
21.98818043898541
21.836220419725407
21.726845070819593
21.632563853200395
21.540919280966506
21.4416580717635
21.340531474825383
21.237203702208603
21.141617140605092
21.077469948192686
21.075446932386114
75.55581353172138
73.54924527063432
71.72157559415881
69.9065592486921
68.0352700940931
66.10548215187559
64.1232303921207
62.109430514786425
60.102564540191
58.12284150059628
56.18266491669729
54.29056830719961
52.453941038524704
50.67821471006039
48.96075534170251
47.2968195435015
45.68266284992248
44.1039407527208
42.563122748754296
41.05074630727839
39.55570995979181
38.08009723598761
36.62375173531419
35.18395456407919
33.766544251310506
32.37701296468529
31.046879742827798
29.41874329430371
28.072150759483804
26.677678110073202
25.272187630664092
23.860991538100194
22.439043970504116
20.998764700339194
19.53470135350119
18.040491981790495
16.509547654049015
14.946107046676985
13.341747192059813
11.69248873585721
10.013165751373293
8.319136849630183
6.597806750983295
4.878372064427879
3.2002426351609756
1.5875053318486891
0.15024289613569408
-0.9703474493211104
-1.5858203455756836
-1.409865350276874
-1.051164865932094
-0.8221894072133011
-0.6434569334356013
-0.48744296373629936
-0.3417189561488101
-0.1960175228891785
-0.056092732338385076
0.07839791535550944
0.19745782229210818
0.27743656654959636
0.28760303308249036
103.234119588403
105.8670028172199
108.416461659764
110.9749964975947
113.5790243322775
116.2047217513528
118.8307488087702
121.4324530330897
123.9700177710305
126.4295407096665
128.7958235359917
131.0681139503012
133.2466395048063
135.3315704040673
137.3391104899517
139.2794027427545
141.1584574911103
142.9998196857886
144.8088945508439
146.5850287637219
148.3376614059017
150.068663843863
151.7785453494963
153.4722127474917
155.1466127198368
156.7970610294968
158.4042433136246
160.8866752366642
162.5322871316658
164.1952611182887
165.8530633349203
167.5020734524671
169.1395201183916
170.7649276915943
172.3772774971354
173.9769635964813
175.5581721540777
177.114517635792
178.6392049027367
180.1244808081278
181.5510675379922
182.8875343404179
184.1231031676683
185.2089513448009
186.1027800189764
186.7714265457381
187.1324189846062
187.0270958615508
186.5447064211291
186.8895104611402
187.4589187951653
187.9228035385398
188.3811950674553
188.8895902651283
189.5093415271768
190.3702779969656
191.5397700992596
193.283407721923
196.071330159376
200.8574137094483
207.617021600443
106.7709002570551
109.8425957369135
112.784143164551
115.7591296498423
118.8332951768112
121.9805501651674
125.1771814748471
128.38464028928
131.543020696551
134.6280969759083
137.6242648137557
140.5259698100227
143.3288898164601
146.0302841021863
148.6435660588366
151.1793303734192
153.6460939083308
156.0688663408742
158.4436327350366
160.782524983546
163.1034881376144
165.4029618033396
167.6817034471546
169.9451109044267
172.1857657453381
174.3982621787646
176.5527089688914
179.0149840963181
181.197795972844
183.4317912869345
185.6784227963835
187.9325800761973
190.1995778340546
192.4863100594085
194.7975431861905
197.1382438536822
199.5126622351966
201.9143551934635
204.3523224505357
206.8319410787293
209.33358096644
211.8380397582205
214.3571081108599
216.843445988624
219.2426676533524
221.5259795751696
223.5650407161724
225.2062599844715
226.2505223579025
226.4148160933956
226.3569205667201
226.4304488391618
226.5896540997933
226.8340866923154
227.1986287909144
227.7863562684402
228.6749492958521
230.1201043166634
232.5999613524094
237.1117204452618
243.8041032486579
178.6348615079937
179.3834122235436
180.1663757793609
180.9826061219769
181.8302133528319
182.6894816201857
183.5472020867065
184.3900167960411
185.2017896990141
185.9784663548119
186.7169817035383
187.419105625882
188.0867533820619
188.7217649511244
189.3314686709835
189.9199649669081
190.4905089083682
191.0497502826969
191.5965915783493
192.1326887627161
192.6619942984635
193.1838325356826
193.6987478390788
194.2087009385841
194.7131911879143
195.2130198851454
195.7103850156341
199.438796335826
200.0464309905396
200.6383995150951
201.2164244653455
201.782676461717
202.3388874587817
202.8853912409302
203.4225412628792
203.9499004199826
204.4655663802022
204.9672324595507
205.452750257041
205.9195469740008
206.3632884586198
206.7815925657353
207.1747197950367
207.5366648911425
207.8636827681062
208.1577580389166
208.4208912073176
208.6596091456478
208.8915799297978
209.1516341801118
209.4470992341507
209.7590239582652
210.1080401382749
210.5221541183287
211.0502608081433
211.8119360687291
212.880301574085
214.5206114241316
217.2129472999811
221.934883657641
228.6924685328291
182.3267137887765
183.3918410075478
184.5057187587098
185.6656888985344
186.8685652709043
188.086032317043
189.3004118669678
190.4940708040664
191.645585236742
192.7509384765046
193.806929730453
194.8165381172223
195.7828308549848
196.7084988122467
197.6043214005391
198.4761499169207
199.3287567582533
200.172807093595
201.0067554837909
201.8332712908244
202.6591980974062
203.4830590393272
204.3054551824688
205.1290654685059
205.9523099966486
206.7752751434499
207.5995887117192
208.4337273906218
209.2699467323278
210.1094693970077
210.9506104270476
211.7935716142975
212.6386218045587
213.4850747597477
214.3322445396917
215.1787358354727
216.0222098892456
216.8604622401405
217.6940696425955
218.5244298145865
219.3467467178133
220.1571766078507
220.9549148618432
221.7218180530519
222.4429102885134
223.1134849070183
223.7152836123081
224.2359125351504
224.6647020123268
225.0049507431187
225.305755700788
225.6082594319485
225.9461971663577
226.3466437285791
226.8569098347656
227.590338745551
228.6188565635137
230.1985022320189
232.7974191747015
237.3891570118114
244.0917062817404
-0.7937855210003474
-0.7268187782322244
-0.7080540315194356
-0.7093506938588188
-0.7129317786183473
-0.714663658338374
-0.712845586554593
-0.7017177350173451
-0.6855837412816569
-0.6633735965540579
-0.6392724106922314
-0.613731859776611
-0.5869136490995469
-0.5628396808025311
-0.54093774344293
-0.5196613467241025
-0.504905627292663
-0.49367115488217583
-0.48075277780042197
-0.4691469392464215
-0.45923756670714516
-0.44928150639997844
-0.44045309676804567
-0.43087885100990764
-0.41888809364785573
-0.3962888732506458
-0.8346538244268424
-0.4097203524086793
-0.41684056598596203
-0.4134006088333962
-0.40802454843031055
-0.4011084348828557
-0.3942992140598362
-0.38732166915611
-0.3812509466003866
-0.37342071720653625
-0.3634733266598471
-0.34979162878053566
-0.33147425104234274
-0.3058228657562995
-0.2661989080168172
-0.22152331404670206
-0.1613133594864185
-0.08726811697742726
0.0011895908572662761
0.12216797807935481
0.3172321343265915
0.46168044865882407
-0.002199377221898474
-0.13596156912077062
-0.08164911751114048
-0.0609067848544885
-0.05455263039645181
-0.05529605847351238
-0.06435417534913768
-0.07108184011222951
-0.08256608894165907
-0.09491265548286898
-0.09698483422975412
-0.02677377749383103
0.0
-1.0160594152773523
-0.9254254864620093
-0.9190014908016887
-0.9474920298466178
-0.9771190973145993
-1.003694853206576
-1.019681668275434
-1.016182784985049
-1.002448589038512
-0.9824325884701728
-0.9580931134287005
-0.9300096894555558
-0.8991741141699449
-0.8696693197248162
-0.8425653616117982
-0.8173565919651044
-0.7994104352966952
-0.7802138820637813
-0.7658095869906674
-0.7570264043572436
-0.7471883093758129
-0.7374292459229289
-0.7290465473849358
-0.7177069295123284
-0.703585307420097
-0.673497662793964
-0.8244436959575374
-0.6818311050495054
-0.706083024167584
-0.7116634300473923
-0.7145529465059983
-0.7199982847403374
-0.7292834937059147
-0.741330740436036
-0.7566009815796625
-0.7752094916141907
-0.791671662473384
-0.812400180590793
-0.8351439382917397
-0.8503752372594799
-0.8578280782189087
-0.8716611284167071
-0.8707108271171196
-0.8498028038128709
-0.8166954259385905
-0.7278330517517886
-0.5674532360676958
-0.31162258256849806
0.08923546364024192
0.1817899787951858
0.11608021375640862
0.0906416206602885
0.0791537464221501
0.07397639114581933
0.07403582291929611
0.07120345644599124
0.06862588468746056
0.06113334452491204
0.041970186412815025
0.007278102275185994
0.0
-1.333648290485775
-1.291390894138016
-1.295988206113665
-1.319032014823794
-1.330008424208081
-1.330175397663916
-1.317855024156311
-1.28536611032021
-1.245835184265457
-1.198605776205484
-1.150995301790426
-1.1035000906025
-1.056091094032258
-1.016889915328513
-0.9828265141694208
-0.9518075566154062
-0.9327149477120287
-0.9163602755850095
-0.8996746725233166
-0.8877702974100419
-0.8768138354738853
-0.8661153377264764
-0.8579023198848919
-0.8481426886945121
-0.8360103261025738
-0.8140945569732578
-1.257439393503538
-0.833560511363097
-0.842355023613594
-0.839735339560718
-0.8352818310321642
-0.8294245346205853
-0.8233263092030775
-0.8167120889714401
-0.810297474782106
-0.8009379476686744
-0.788343922121561
-0.7723079188741316
-0.7523446731113531
-0.7226165341059156
-0.6769676098195254
-0.6258592239126349
-0.5500204298125261
-0.4527557736911135
-0.3386930675826422
-0.1828554125399237
0.0533498795062394
0.2443472788787139
-0.1746554171033491
-0.2884254200677656
-0.2349739966484718
-0.2321914896263754
-0.2575201128735241
-0.3139258901082384
-0.4360947111455028
-0.5923890303565688
-0.8832140025202191
-1.412181122209126
-2.424320256521304
-3.423979996344177
0.0
-1.55592218476278
-1.489997602367801
-1.506935665395918
-1.557173350811593
-1.594195742904333
-1.619206592532118
-1.624691105877152
-1.599831160287914
-1.562700032022312
-1.517664768121599
-1.469816004526895
-1.419777920281445
-1.368351559102656
-1.323719554250798
-1.284454132338289
-1.249502801856408
-1.227219755716061
-1.202903002766615
-1.184731481713562
-1.175649762520864
-1.164764578142553
-1.154263077249427
-1.146495770501782
-1.134970767196933
-1.120707539874815
-1.091303346516576
-1.247229265034233
-1.105671264003923
-1.131597481795216
-1.137998160774714
-1.141810229107852
-1.148314384478067
-1.158310588849156
-1.170721160251366
-1.185647509761382
-1.202726722076329
-1.216542257935098
-1.234916470684389
-1.25601436036075
-1.267168905609096
-1.268596780021617
-1.27599703828264
-1.259417897443227
-1.215290460526557
-1.156578084378499
-1.032856442371067
-0.8313354908880479
-0.5289557523486083
-0.0832205762412087
0.0293261278481908
-0.0372446653809227
-0.0806430841115984
-0.1238137360549222
-0.1846534404889067
-0.297704712877069
-0.450103733798348
-0.7320220288910995
-1.256135122201345
-2.285365235878735
-3.38992811657516
0.0
0.5398627694854276
0.5645721159057917
0.5879341745942294
0.6096813209649752
0.6170766455897336
0.6155117393255419
0.605009437601718
0.583648375302865
0.5602514429838
0.5352321796514261
0.5117228910981946
0.489768230825889
0.4691774449327112
0.4540502345259818
0.4418887707264908
0.4321462098913037
0.4278093204193657
0.4226891207028337
0.4189218947228946
0.4186233581636204
0.4175762687667401
0.416833831326498
0.4174492231168462
0.4172638376846045
0.417122232454718
0.417805683722612
0.4227855690766955
0.4238401589544176
0.425514457627632
0.4263347307273218
0.4272572826018537
0.4283160997377296
0.4290270951432413
0.4293904198153301
0.4290465281817194
0.4275172304621382
0.4248705954617139
0.422516290093596
0.4208704220690104
0.4167936683496161
0.4107687018027082
0.4043359098659329
0.3887070703261076
0.3654876567136862
0.3398826584399085
0.3050233906192785
0.2638822548203521
0.2173331697801102
0.1724560398814506
0.152463850946995
0.1533248791373313
0.1712847047718869
0.2029674824770723
0.258629831634726
0.3717405357963651
0.5213071902443392
0.80064791357856
1.317268466726257
2.32733542229155
3.397206218850346
0.0
0.5398627694854276
0.5645721159057917
0.5879341745942294
0.6096813209649752
0.6170766455897336
0.6155117393255419
0.605009437601718
0.583648375302865
0.5602514429838
0.5352321796514261
0.5117228910981946
0.489768230825889
0.4691774449327112
0.4540502345259818
0.4418887707264908
0.4321462098913037
0.4278093204193657
0.4226891207028337
0.4189218947228946
0.4186233581636204
0.4175762687667401
0.416833831326498
0.4174492231168462
0.4172638376846045
0.417122232454718
0.417805683722612
0.4227855690766955
0.4238401589544176
0.425514457627632
0.4263347307273218
0.4272572826018537
0.4283160997377296
0.4290270951432413
0.4293904198153301
0.4290465281817194
0.4275172304621382
0.4248705954617139
0.422516290093596
0.4208704220690104
0.4167936683496161
0.4107687018027082
0.4043359098659329
0.3887070703261076
0.3654876567136862
0.3398826584399085
0.3050233906192785
0.2638822548203521
0.2173331697801102
0.1724560398814506
0.152463850946995
0.1533248791373313
0.1712847047718869
0.2029674824770723
0.258629831634726
0.3717405357963651
0.5213071902443392
0.80064791357856
1.317268466726257
2.32733542229155
3.397206218850346
0.0
1.0
1.0
1.0
1.0
1.0
1.0
1.0
1.0
1.0
1.0
1.0
1.0
1.0
1.0
1.0
1.0
1.0
1.0
1.0
1.0
1.0
1.0
1.0
1.0
1.0
1.0
1.0
1.0
1.0
1.0
1.0
1.0
1.0
1.0
1.0
1.0
1.0
1.0
1.0
1.0
1.0
1.0
1.0
1.0
1.0
1.0
1.0
0.0
0.0
0.0
0.0
0.0
0.0
0.0
0.0
0.0
0.0
0.0
0.0
0.0
0.0
1.0
1.0
1.0
1.0
1.0
1.0
1.0
1.0
1.0
1.0
1.0
1.0
1.0
1.0
1.0
1.0
1.0
1.0
1.0
1.0
1.0
1.0
1.0
1.0
1.0
1.0
1.0
1.0
1.0
1.0
1.0
1.0
1.0
1.0
1.0
1.0
1.0
1.0
1.0
1.0
1.0
1.0
1.0
1.0
1.0
1.0
1.0
1.0
1.0
0.0
0.0
0.0
0.0
0.0
0.0
0.0
0.0
0.0
0.0
0.0
0.0
1.0
1.0
1.0
1.0
1.0
1.0
1.0
1.0
1.0
1.0
1.0
1.0
1.0
1.0
1.0
1.0
0.8605561031037754
0.8605561031037754
0.8605561031037754
0.8605561031037754
0.8605561031037754
0.8605561031037754
0.8605561031037754
0.8605561031037754
0.8605561031037754
0.8605561031037754
0.8605561031037754
0.8605561031037754
0.8605561031037754
0.8605561031037754
0.8605561031037754
0.8605561031037754
0.8605561031037754
0.8605561031037754
0.8605561031037754
0.8605561031037754
0.8605561031037754
0.8605561031037754
0.8605561031037754
0.8605561031037754
0.8605561031037754
0.8605561031037754
0.8605561031037754
0.8605561031037754
0.8605561031037754
1.0
1.0
1.0
1.0
1.0
1.0
1.0
1.0
1.0
1.0
1.0
1.0
1.0
1.0
1.0
1.0
1.0
1.0
1.0
1.0
1.0
1.0
1.0
1.0
1.0
1.0
1.0
1.0
1.0
0.0011754517998345535
0.0011602337998589782
0.001134896302219651
0.0010998315111077751
0.0010352673743426208
0.0009562843425829508
0.0008678463695432075
0.0007716762031170866
0.0006824901262385958
0.0006007271361862618
0.0005300608815149903
0.0004690386300625727
0.00041625406623060516
0.00037401095558273954
0.0003385379126051952
0.00030833210238384194
0.0002844679284814358
0.00026186770529990154
0.00024139360958198915
0.00022416294425407603
0.00020773121242243523
0.00019256011040769618
0.000179024454397377
0.00016598415907634773
0.00015379685041462732
0.00014261841772518407
0.0001334114032790632
0.00012313132493590686
0.00011357114283618803
0.000104298305131785
9.559080913240535e-05
8.742076352618698e-05
7.950343277092646e-05
7.200722359698922e-05
6.490331105220995e-05
5.808052297212654e-05
5.152409467028615e-05
4.529023900229155e-05
3.9441491612656356e-05
3.367855925619157e-05
2.8269513093490597e-05
2.343561586594135e-05
1.8668371093899853e-05
1.4424701955437485e-05
1.0927784980698956e-05
7.71067702406949e-06
5.055502810283936e-06
3.3357625299248353e-06
3.307569491430705e-06
3.6274794348459485e-06
2.8047727651633554e-06
2.3282808253055066e-06
2.1932074355622804e-06
2.639145104367407e-06
3.147656816208934e-06
3.7747271429914424e-06
4.588435972221592e-06
5.817971053964246e-06
6.924425804003585e-06
1.552565716556274e-07
0.004020926506781391
0.003986346075327823
0.00391668209422657
0.0038128284823467
0.003605173194565486
0.003345290209939395
0.00304995617632592
0.002724743043718376
0.0024215325479075055
0.0021421105321192445
0.0018999302724266249
0.0016902263471733781
0.0015083316296329108
0.0013630448740830066
0.0012410884333029222
0.0011372786146253298
0.0010562725736222396
0.00097932506272441
0.0009093768448439463
0.0008505814920536883
0.0007938647599541298
0.0007413239650901355
0.0006944867558839721
0.0006489972665906083
0.0006062693323467824
0.0005669541749489232
0.0005341716199708634
0.0004975327338239132
0.0004633058921996635
0.0004297297943794232
0.0003979589065941579
0.00036790923979284593
0.0003384012013373563
0.00031015352673814266
0.00028305941930090894
0.0002566434380847949
0.00023083655409618075
0.00020588750093614164
0.00018208832448158487
0.00015805145911864863
0.00013500240132360803
0.00011402415630577074
9.266376436061353e-05
7.315798800180464e-05
5.672911775924383e-05
4.105575658914435e-05
2.768349446780725e-05
1.6686155743735778e-05
8.62154865738824e-06
4.467302471673006e-06
2.8047727651633554e-06
2.3282808253055066e-06
2.1932074355622804e-06
2.639145104367407e-06
3.147656816208934e-06
3.7747271429914424e-06
4.588435972221592e-06
5.817971053964246e-06
6.924425804003585e-06
1.552565716556274e-07
0.0004
0.0004
0.0004
0.0004
0.0004
0.0004
0.0004
0.0004
0.0004
0.0004
0.0004
0.0004
0.0004
0.0004
0.0004
0.0004
0.0004
0.0004
0.0004
0.0004
0.0004
0.0004
0.0004
0.0004
0.0004
0.0004
0.0004
0.0004
0.0004
0.0004
0.0004
0.0004
0.0004
0.0004
0.0004
0.0004
0.0004
0.0004
0.0004
0.0004
0.0004
0.0004
0.0004
0.0004
0.0004
0.0004
0.0004
0.0004
0.0004
0.0004
0.0004
0.0004
0.0004
0.0004
0.0004
0.0004
0.0004
0.0004
0.0004
0.0004
0.0004
0.0004
0.0004
0.0004
0.0004
0.0004
0.0004
0.0004
0.0004
0.0004
0.0004
0.0004
0.0004
0.0004
0.0004
0.0004
0.0004
0.0004
0.0004
0.0004
0.0004
0.0004
0.0004
0.0004
0.0004
0.0004
0.0004
0.0004
0.0004
0.0004
0.0004
0.0004
0.0004
0.0004
0.0004
0.0004
0.0004
0.0004
0.0004
0.0004
0.0004
0.0004
0.0004
0.0004
0.0004
0.0004
0.0004
0.0004
0.0004
0.0004
0.0004
0.0004
0.0004
0.0004
0.0004
0.0004
0.0004
0.0004
0.0004
0.0004
1.3065442837795994e-08
1.609813246251006e-08
1.8451320475760573e-08
2.016080036876345e-08
2.1358414023579076e-08
2.2454492528502163e-08
2.346184864599769e-08
2.435074770331274e-08
2.5168293008394306e-08
2.59248194795521e-08
2.6578860853539352e-08
2.717492227184444e-08
2.7727500794852817e-08
2.821868937946919e-08
2.867559255048391e-08
2.9106915692640655e-08
2.950022653046024e-08
2.9893537368279825e-08
3.0281774756529767e-08
3.065711262938458e-08
3.1032450502239386e-08
3.142093683129147e-08
3.1836199651687564e-08
3.225146247208365e-08
3.2701440677579656e-08
3.320893932168535e-08
3.3716437965791035e-08
3.428270566534462e-08
3.492899931274215e-08
3.557529296013967e-08
3.6371436914800125e-08
3.733624217274159e-08
3.8301047430683085e-08
3.959226158737696e-08
4.118778732859431e-08
4.278331306981166e-08
4.513146211348355e-08
4.806009189575067e-08
5.0988721678017794e-08
5.632170630050282e-08
6.318151527324084e-08
7.004132424597885e-08
8.255287402060394e-08
9.799336545699721e-08
1.1343385689339041e-07
1.3646888186188418e-07
1.6453988297575865e-07
1.9889493840858378e-07
2.3731543525971197e-07
2.78963375570315e-07
3.2556784487230723e-07
3.9737569592667986e-07
5.064205645747201e-07
6.801946019508522e-07
1.1053081705738778e-06
1.6111307341008319e-06
2.5512822486276946e-06
4.137854497676283e-06
6.1841356611202155e-06
2.780474791942962e-06
1.3065442837795994e-08
1.609813246251006e-08
1.8451320475760573e-08
2.016080036876345e-08
2.1358414023579076e-08
2.2454492528502163e-08
2.346184864599769e-08
2.435074770331274e-08
2.5168293008394306e-08
2.59248194795521e-08
2.6578860853539352e-08
2.717492227184444e-08
2.7727500794852817e-08
2.821868937946919e-08
2.867559255048391e-08
2.9106915692640655e-08
2.950022653046024e-08
2.9893537368279825e-08
3.0281774756529767e-08
3.065711262938458e-08
3.1032450502239386e-08
3.142093683129147e-08
3.1836199651687564e-08
3.225146247208365e-08
3.2701440677579656e-08
3.320893932168535e-08
3.3716437965791035e-08
3.428270566534462e-08
3.492899931274215e-08
3.557529296013967e-08
3.6371436914800125e-08
3.733624217274159e-08
3.8301047430683085e-08
3.959226158737696e-08
4.118778732859431e-08
4.278331306981166e-08
4.513146211348355e-08
4.806009189575067e-08
5.0988721678017794e-08
5.632170630050282e-08
6.318151527324084e-08
7.004132424597885e-08
8.255287402060394e-08
9.799336545699721e-08
1.1343385689339041e-07
1.3646888186188418e-07
1.6453988297575865e-07
1.9889493840858378e-07
2.3731543525971197e-07
2.78963375570315e-07
3.2556784487230723e-07
3.9737569592667986e-07
5.064205645747201e-07
6.801946019508522e-07
1.1053081705738778e-06
1.6111307341008319e-06
2.5512822486276946e-06
4.137854497676283e-06
6.1841356611202155e-06
2.780474791942962e-06
0.0
0.0
0.0
0.0
0.0
0.0
0.0
0.0
0.0
0.0
0.0
0.0
0.0
0.0
0.0
0.0
0.0
0.0
0.0
0.0
0.0
0.0
0.0
0.0
0.0
0.0
0.0
0.0
0.0
0.0
0.0
0.0
0.0
0.0
0.0
0.0
0.0
0.0
0.0
0.0
0.0
0.0
0.0
0.0
0.0
0.0
0.0
0.0
0.0
0.0
0.0
0.0
0.0
0.0
0.0
0.0
0.0
0.0
0.0
0.0
0.0
0.0
0.0
0.0
0.0
0.0
0.0
0.0
0.0
0.0
0.0
0.0
0.0
0.0
0.0
0.0
0.0
0.0
0.0
0.0
0.0
0.0
0.0
0.0
0.0
0.0
0.0
0.0
0.0
0.0
0.0
0.0
0.0
0.0
0.0
0.0
0.0
0.0
0.0
0.0
0.0
0.0
0.0
0.0
0.0
0.0
0.0
0.0
0.0
0.0
0.0
0.0
0.0
0.0
0.0
0.0
0.0
0.0
0.0
0.0
0.0
0.0
0.0
0.0
0.0
0.0
0.0
0.0
0.0
0.0
0.0
0.0
0.0
0.0
0.0
0.0
0.0
0.0
0.0
0.0
0.0
0.0
0.0
0.0
0.0
0.0
0.0
0.0
0.0
0.0
0.0
0.0
0.0
0.0
0.0
0.0
0.0
0.0
0.0
0.0
0.0
0.0
0.0
0.0
0.0
0.0
0.0
0.0
0.0
0.0
0.0
0.0
0.0
0.0
0.0
0.0
0.0
0.0
0.0
0.0
0.0
0.0
0.0
0.0
0.0
0.0
0.0
0.0
0.0
0.0
0.0
0.0
0.0
0.0
0.0
0.0
0.0
0.0
0.0
0.0
0.0
0.0
0.0
0.0
0.0
0.0
0.0
0.0
0.0
0.0
0.0
0.0
0.0
0.0
0.0
0.0
0.0
0.0
0.0
0.0
0.0
0.0
0.0
0.0
0.0
0.0
0.0
0.0
0.0
0.0
0.0
0.0
0.0
0.0
0.0
0.0
0.0
0.0
0.0
0.0
0.0
0.0
0.0
0.0
0.0
0.0
0.0
0.0
0.0
0.0
0.0
0.0
0.0
0.0
0.0
0.0
0.0
0.0
0.0
0.0
0.0
0.0
0.0
0.0
0.0
0.0
0.0
0.0
0.0
0.0
0.0
0.0
0.0
0.0
0.0
0.0
0.0
0.0
0.0
0.0
0.0
0.0
0.0
0.0
0.0
0.0
0.0
0.0
0.0
0.0
0.0
0.0
0.0
0.0
0.0
0.0
0.0
0.0
0.0
0.0
0.0
0.0
0.0
0.0
0.0
0.0
0.0
0.0
0.0
0.0
0.0
0.0
0.0
0.0
0.0
0.0
0.0
0.0
0.0
0.0
0.0
0.0
0.0
0.0
0.0
0.0
0.0
0.0
0.0
0.0
0.0
0.0
0.0
0.0
0.0
0.0
0.0
0.0
0.0
0.0
0.0
0.0
0.0
0.0
0.0
0.0
0.0
0.0
0.0
0.0
0.0
0.0
0.0
0.0
0.0
0.0
0.0
0.0
0.0
0.0
0.0
0.0
0.0
0.0
0.0
0.0
0.0
0.0
0.0
0.0
0.0
0.0
0.0
0.0
0.0
0.0
0.0
0.0
0.0
0.0
0.0
0.0
0.0
0.0
0.0
0.0
0.0
0.0
0.0
0.0
0.0
0.0
0.0
0.0
0.0
0.0
0.0
0.0
0.0
0.0
0.0
0.0
0.0
0.0
0.0
0.0
0.0
0.0
0.0
0.0
0.0
0.0
0.0
0.0
0.0
0.0
0.0
0.0
0.0
0.0
0.0
0.0
0.0
0.0
0.0
0.0
0.0
0.0
0.0
0.0
0.0
0.0
0.0
0.0
0.0
0.0
0.0
0.0
0.0
0.0
0.0
0.0
0.0
0.0
0.0
0.0
0.0
0.0
0.0
0.0
0.0
0.0
0.0
0.0
0.0
0.0
0.0
0.0
0.0
0.0
0.0
0.0
0.0
0.0
0.0
0.0
0.0
0.0
0.0
0.0
0.0
0.0
0.0
0.0
0.0
0.0
0.0
0.0
0.0
0.0
0.0
0.0
0.0
0.0
0.0
0.0
0.0
0.0
0.0
0.0
0.0
0.0
0.0
0.0
0.0
0.0
0.0
0.0
0.0
0.0
0.0
0.0
0.0
0.0
0.0
0.0
0.0
0.0
0.0
0.0
0.0
0.0
0.0
0.0
0.0
0.0
0.0
0.0
0.0
0.0
0.0
0.0
0.0
0.0
0.0
0.0
0.0
0.0
0.0
0.0
0.0
0.0
0.0
0.0
0.0
0.0
0.0
0.0
0.0
0.0
0.0
0.0
0.0
0.0
0.0
0.0
0.0
0.0
0.0
0.0
0.0
0.0
0.0
0.0
0.0
0.0
0.0
0.0
0.0
0.0
0.0
0.0
0.0
0.0
0.0
0.0
0.0
0.0
0.0
0.0
0.0
0.0
0.0
0.0
0.0
0.0
0.0
0.0
0.0
0.0
0.0
0.0
0.0
0.0
0.0
0.0
0.0
0.0
0.0
0.0
0.0
0.0
0.0
0.0
0.0
0.0
0.0
0.0
0.0
0.0
2.0
2.0
2.0
2.0
1.0
1.0
260.46712637684783
276.7167620007463
21.075446932386114
0.28760303308249036
0.0
-0.0
0.0
0.0
46.0
48.0
5.783625987995279
5.783625987995279
1.0
1.0
2.0
2.0
3.0
3.0
4.0
4.0
5.0
5.0
6.0
6.0
7.0
7.0
8.0
8.0
9.0
9.0
10.0
10.0
11.0
11.0
12.0
12.0
13.0
13.0
14.0
14.0
15.0
15.0
16.0
16.0
17.0
17.0
18.0
18.0
19.0
19.0
20.0
20.0
21.0
21.0
22.0
22.0
23.0
23.0
24.0
24.0
25.0
25.0
26.0
26.0
27.0
27.0
28.0
28.0
29.0
29.0
30.0
30.0
31.0
31.0
32.0
32.0
33.0
33.0
34.0
34.0
35.0
35.0
36.0
36.0
37.0
37.0
38.0
38.0
39.0
39.0
40.0
40.0
41.0
41.0
42.0
42.0
43.0
43.0
44.0
44.0
45.0
45.0
46.0
46.0
47.0
47.0
48.0
48.0
49.0
49.0
50.0
50.0
51.0
51.0
52.0
52.0
53.0
53.0
54.0
54.0
55.0
55.0
56.0
56.0
57.0
57.0
58.0
58.0
59.0
59.0
60.0
60.0
0.0
0.0
0.0
0.0
0.0
0.0
0.0
0.0
0.0
0.0
0.0
0.0
0.0
0.0
0.0
0.0
0.0
0.0
0.0
0.0
0.0
0.0
0.0
0.0
0.0
0.0
0.0
0.0
0.0
0.0
0.0
0.0
0.0
0.0
0.0
0.0
0.0
0.0
0.0
0.0
0.0
0.0
0.0
0.0
0.0
0.0
0.0
0.0
0.0
0.0
0.0
0.0
0.1
0.0
0.0
0.0
0.0
0.0
0.0
0.0
0.0
0.0
0.0
0.0
0.0
0.0
0.0
0.0
0.0
0.0
0.0
0.0
0.0
0.0
0.0
0.0
0.0
0.0
0.0
0.0
0.0
0.0
0.0
0.0
0.0
0.0
0.0
0.0
0.0
0.0
0.0
0.0
0.0
0.0
0.0
0.0
0.0
0.0
0.0
0.0
0.0
0.0
0.0
0.0
0.0
0.0
0.0
0.0
0.0
0.0
0.0
0.0
0.0
0.0
0.0
0.0
0.0
0.0
0.0
0.0
0.0
0.0
0.0
0.0
0.0
0.0
0.0
0.0
0.0
0.0
0.0
0.0
0.0
0.0
0.0
0.0
0.0
0.0
0.0
0.0
0.0
0.0
0.0
0.0
0.0
0.0
0.0
0.0
0.0
0.0
0.0
0.0
0.0
0.0
0.0
0.0
0.0
0.0
0.0
0.0
0.0
0.0
0.0
0.0
0.0
0.0
0.0
0.0
0.0
0.0
0.0
0.0
6.5
0.0
0.0
0.0
0.0
0.0
0.0
0.0
0.0
0.0
0.0
0.0
0.0
0.0
0.0
0.0
0.0
0.0
0.0
0.0
0.0
0.0
0.0
0.0
0.0
0.0
0.0
0.0
0.0
0.0
0.0
0.0
0.0
0.0
0.0
0.0
0.0
0.0
0.0
0.0
0.0
0.0
0.0
0.0
0.0
0.0
0.0
0.0
0.0
0.0
0.0
0.0
0.0
0.0
0.0
0.0
0.0
0.0
0.0
0.0
0.0
0.0
0.0
0.0
0.0
0.0
0.0
0.0
0.0
0.0
0.0
0.0
0.0
0.0
0.0
0.0
0.0
0.0
0.0
0.0
0.0
0.0
0.0
0.0
0.0
0.0
0.0
0.0
0.0
0.0
0.0
0.0
0.0
0.0
0.0
0.0
0.0
0.0
0.0
0.0
0.0
0.0
0.0
0.0
0.0
0.0
0.0
0.0
0.0
0.0
0.0
0.0
0.0
0.0
0.0
0.0
0.0
0.0
0.0
0.0
0.99
0.0
0.0
0.0
0.0
0.0
0.0
0.0
0.0
0.0
0.0
0.0
0.0
0.0
0.0
0.0
0.0
0.0
0.0
0.0
0.0
0.0
0.0
0.0
0.0
0.0
0.0
0.0
0.0
0.0
0.0
0.0
0.0
0.0
0.0
0.0
0.0
0.0
0.0
0.0
0.0
0.0
0.0
0.0
0.0
0.0
0.0
0.0
0.0
0.0
0.0
0.0
0.0
0.0
0.0
0.0
0.0
0.0
0.0
0.0
0.0
0.0
0.0
0.0
0.0
0.0
0.0
0.0
45.0
