9.81
6.022e+23
0
0
0
3
0
1
276.7167620007463
2
2
0
0
1
1
0
1
60
7
1000.0
1.0


3
3.0
0
77.072922555375
0
5.783625987995279
150.0
1000.0
287.04
9.81
79000.0
40.0
20000.0
0.0
0.0
0.0
0.0
0.0280134
0.04401
0.0319988
0.039948
0.01604
0.01801528
0.048
99000.0
2.1153802199668344e+29
0.8
1e-06
1000000.0
0.6
3.0
0.0001
100
46
13.451305389813188
0
2
6.0
1.0
1.0
0.0
1
1
0.1
1000000000000.0
1
260.46712637684783
259.71121331144906
258.9443422115895
258.16615677948084
257.3762824796303
256.5743252759618
255.75985514315866
254.9418061365097
254.10240219446317
253.2490953771767
252.38136564194767
251.4986629365667
250.60040915496168
249.68599472745842
248.7547705266006
247.80605058652782
246.839103356901
245.85314249543566
244.84733110954707
243.82077199615395
242.77249910891214
241.7014768331978
240.60659045522198
239.4866392646843
238.34035091633777
237.16726950219157
235.96490897609073
234.73062857522737
233.46355029668172
232.16172663347245
230.82299468445777
229.44497270928287
228.02503114280384
226.56025741076704
225.0474105415317
223.48286485383713
221.86255489663606
220.1819022732347
218.4357027333647
216.61800374021377
214.72199526484312
212.73979367474234
210.66217892559962
208.47833510366598
206.17534374700156
203.73765557447865
201.11661304317894
202.8277996329283
207.21294380856156
208.14532172791004
209.22160239541932
210.30732277389464
211.41696969032736
212.5566154148073
214.255622649575
215.9128820685138
218.2238709930806
221.49215501209963
225.59142965696523
235.31859326164889
276.7167620007463
275.913690155478
275.09897664219545
274.272242934934
273.43309113224
272.5811026140235
271.71582146533314
270.8461544652016
269.95429673050506
269.0476699150793
268.125721812525
267.18786832194155
266.2334952509023
265.2619547371148
264.27255696765945
263.2645726914371
262.2372242430744
261.1896760791645
260.1210387336353
259.03035873695507
257.9166097233507
256.778691300357
255.6154190599765
254.42551716241707
253.2076321077075
251.96122013483622
250.6836998755931
249.3723268900276
248.02611012012855
246.64297843986304
245.2206333834278
243.7565440825728
242.24791637698928
240.6916553759913
239.08431738555137
237.42205037724682
235.70053504132733
233.91490688129005
232.05963750257084
230.12840499349844
228.1139757325345
226.0079769136468
223.80061919650478
221.4804183834241
219.0336649986537
216.44367407549422
213.6908502456019
210.75188772699872
207.5648485281843
208.14532172791004
209.22160239541932
210.30732277389464
211.41696969032736
212.5566154148073
214.255622649575
215.9128820685138
218.2238709930806
221.49215501209963
225.59142965696523
235.31859326164889
991.675
975.0250000000001
958.375
941.7249999999999
925.075
908.425
891.7750000000001
875.125
858.4749999999999
841.825
825.175
808.5250000000001
791.875
775.225
758.575
741.925
725.2750000000001
708.625
691.975
675.325
658.675
642.0250000000001
625.375
608.725
592.075
575.425
558.7750000000001
542.125
525.4750000000001
508.82500000000005
492.17500000000007
475.52500000000003
458.87500000000006
442.2250000000001
425.57500000000005
408.925
392.27500000000003
375.62500000000006
358.9750000000001
342.32500000000005
325.675
309.02500000000003
292.37500000000006
275.7250000000001
259.0750000000001
242.42500000000007
225.77500000000003
209.12500000000006
192.47500000000008
175.8250000000001
159.17500000000007
142.52500000000003
125.87500000000006
109.22500000000008
92.5750000000001
75.92500000000013
59.27500000000009
42.62500000000006
25.97500000000008
9.325000000000045
991.675
975.0250000000001
958.375
941.7249999999999
925.075
908.425
891.7750000000001
875.125
858.4749999999999
841.825
825.175
808.5250000000001
791.875
775.225
758.575
741.925
725.2750000000001
708.625
691.975
675.325
658.675
642.0250000000001
625.375
608.725
592.075
575.425
558.7750000000001
542.125
525.4750000000001
508.82500000000005
492.17500000000007
475.52500000000003
458.87500000000006
442.2250000000001
425.57500000000005
408.925
392.27500000000003
375.62500000000006
358.9750000000001
342.32500000000005
325.675
309.02500000000003
292.37500000000006
275.7250000000001
259.0750000000001
242.42500000000007
225.77500000000003
209.12500000000006
192.47500000000008
175.8250000000001
159.17500000000007
142.52500000000003
125.87500000000006
109.22500000000008
92.5750000000001
75.92500000000013
59.27500000000009
42.62500000000006
25.97500000000008
9.325000000000045
64.88325156447353
195.58206697331133
328.1755475080688
462.7252977380996
599.2960755667576
737.9560105855542
878.7794549945995
1021.8424913547071
1167.2227836788145
1315.0046560874737
1465.2772718366655
1618.13501860618
1773.6779342809832
1932.012175312083
2093.2505353751717
2257.5130208869587
2424.927487293559
2595.630349383794
2769.767376146691
2947.494578243353
3128.979205751896
3314.4008731270424
3503.9528296116014
3697.843409133887
3896.2980690729605
4099.5608644502245
4307.895744470519
4521.589784980172
4740.9564771453015
4966.338627352898
5198.112178987405
5436.690699243404
5682.530661727632
5936.137699226689
6198.07404712899
6468.967469461957
6749.5220434664825
7040.5312710350045
7342.894148334019
7657.635084840829
7985.9288143288595
8329.131840075403
8688.822687893142
9066.854047033277
9465.421309095891
9887.122219897466
10340.361245630516
10838.856019969502
11389.46254317055
11998.004701369002
12677.616631838457
13446.179041210777
14329.340727132094
15367.138003495245
16623.610401001533
18213.10535348983
20375.6510969602
23756.968644007226
32019.551604390974
56560.69457252452
68.9310913463392
207.78375003057
348.64927539019715
491.59311528880824
636.6840676491064
783.9945126856543
933.6032789659006
1085.591167690188
1240.040821873963
1397.0418248396152
1556.6889010140185
1719.0823251674374
1884.3283745917397
2052.5398266125635
2223.836509508322
2398.3459138052476
2576.20386833674
2757.5552948702884
2942.555052462765
3131.368880364533
3324.1744580117775
3521.1626000865167
3722.538606109544
3928.523800059511
4139.357671141779
4355.29946435425
4576.629610290804
4803.653110799907
5036.703004517927
5276.143471834283
5522.3738955583885
5775.833627423173
6037.007599899231
6306.432968683921
6584.707020311827
6872.496654733493
7170.549841920611
7479.709551056867
7800.930823578405
8135.301934699964
8484.07085830421
8848.678676870273
9230.802348777876
9632.410111084035
10055.83412389709
10503.868424114777
10979.903798529258
11488.073915050903
12039.125795391941
12647.667953590393
13327.279884059848
14095.842293432168
14979.003979353485
16016.801255716637
17273.273653222925
18862.768605711222
21025.31434918159
24406.631896228617
32669.214856612365
56560.69457252452
3.521179111399233e+23
3.521179111399233e+23
3.521179111399257e+23
3.521179111399233e+23
3.521179111399233e+23
3.521179111399233e+23
3.521179111399233e+23
3.521179111399257e+23
3.521179111399233e+23
3.521179111399233e+23
3.521179111399233e+23
3.521179111399233e+23
3.521179111399257e+23
3.5211791113992086e+23
3.521179111399257e+23
3.521179111399233e+23
3.521179111399233e+23
3.521179111399257e+23
3.5211791113992086e+23
3.521179111399257e+23
3.521179111399233e+23
3.521179111399233e+23
3.521179111399257e+23
3.5211791113992086e+23
3.521179111399257e+23
3.521179111399233e+23
3.521179111399233e+23
3.521179111399233e+23
3.521179111399233e+23
3.521179111399244e+23
3.521179111399244e+23
3.521179111399233e+23
3.521179111399233e+23
3.521179111399233e+23
3.521179111399257e+23
3.521179111399233e+23
3.521179111399233e+23
3.521179111399233e+23
3.521179111399233e+23
3.521179111399257e+23
3.521179111399233e+23
3.521179111399233e+23
3.521179111399233e+23
3.521179111399233e+23
3.521179111399233e+23
3.521179111399257e+23
3.521179111399233e+23
3.521179111399233e+23
3.521179111399233e+23
3.521179111399233e+23
3.521179111399257e+23
3.521179111399233e+23
3.521179111399233e+23
3.521179111399233e+23
3.521179111399233e+23
3.521179111399233e+23
3.521179111399257e+23
3.521179111399233e+23
3.521179111399233e+23
3.521179111399257e+23
3.521179111399233e+23
3.521179111399233e+23
3.521179111399257e+23
3.521179111399233e+23
3.521179111399233e+23
3.521179111399233e+23
3.521179111399233e+23
3.521179111399257e+23
3.521179111399233e+23
3.521179111399233e+23
3.521179111399233e+23
3.521179111399233e+23
3.521179111399257e+23
3.5211791113992086e+23
3.521179111399257e+23
3.521179111399233e+23
3.521179111399233e+23
3.521179111399257e+23
3.5211791113992086e+23
3.521179111399257e+23
3.521179111399233e+23
3.521179111399233e+23
3.521179111399257e+23
3.5211791113992086e+23
3.521179111399257e+23
3.521179111399233e+23
3.521179111399233e+23
3.521179111399233e+23
3.521179111399233e+23
3.521179111399244e+23
3.521179111399244e+23
3.521179111399233e+23
3.521179111399233e+23
3.521179111399233e+23
3.521179111399257e+23
3.521179111399233e+23
3.521179111399233e+23
3.521179111399233e+23
3.521179111399233e+23
3.521179111399257e+23
3.521179111399233e+23
3.521179111399233e+23
3.521179111399233e+23
3.521179111399233e+23
3.521179111399233e+23
3.521179111399257e+23
3.521179111399233e+23
3.521179111399233e+23
3.521179111399233e+23
3.521179111399233e+23
3.521179111399257e+23
3.521179111399233e+23
3.521179111399233e+23
3.521179111399233e+23
3.521179111399233e+23
3.521179111399233e+23
3.521179111399257e+23
3.521179111399233e+23
3.521179111399233e+23
3.521179111399257e+23
-0.9940288140825844
-0.6367646098921136
-0.582041475074166
-0.5936506310577163
-0.6017657856476326
-0.6012655271358269
-0.5798922703918852
-0.5593182866863535
-0.5630345930940508
-0.5096670770806275
-0.4572875005806689
-0.4046898312736358
-0.3506730549726531
-0.3078742297235888
-0.27091759666829196
-0.23863362407676392
-0.2171651218884374
-0.20782198489142023
-0.19633460000985892
-0.1910492191726657
-0.1853092769937178
-0.18084638919328955
-0.17960465268022408
-0.17702032021635594
-0.17412940613436878
-0.17267708436709472
-0.17053225622203194
-0.16867922127653479
-0.16939787151780328
-0.16717235170101385
-0.16443936985753504
-0.16127191193658352
-0.1560942320839761
-0.15226481609555642
-0.14570786840096583
-0.13733893989401247
-0.12210758961611207
-0.10270208077537862
-0.0773610065564787
-0.043357183478654415
0.014616608685763144
0.07793875342016254
0.16983035446087658
0.29112422201429505
0.44379991206465313
0.6718818669695186
1.159187183100404
0.881206220348421
0.07309526821834156
0.20933399149344015
0.2214697179276065
0.200260157623022
0.16683191178648926
0.12695581566475822
0.010528559541484211
-0.12825639147992302
-0.4462927686085871
-14.397396069051753
0.7952344847754896
0.32778177892160204
-2.4509044755990783
-1.918219249554823
-1.8543889439102177
-1.8901684493858297
-1.9330675467740401
-1.961277296762939
-1.9922986663287976
-2.05035531195567
-2.013701322775158
-1.9676196746949353
-1.9164282711637957
-1.8575093862620193
-1.7923685879116444
-1.7333053458337284
-1.6780884945333516
-1.6253655901312585
-1.5909451906350125
-1.5523753205095796
-1.5239760259530817
-1.5067571328015263
-1.4894374598837143
-1.4729114670289287
-1.4601623945881406
-1.4436108719303578
-1.4264236630359548
-1.4139239774608707
-1.412568986366336
-1.4121263431283995
-1.4156687585432934
-1.4185180786403162
-1.4223799157001273
-1.429852539163352
-1.4483224846369596
-1.4723721835676795
-1.5014083731631764
-1.5400316949287844
-1.5737373261722156
-1.6136992851086132
-1.662987557365809
-1.6935298604323723
-1.7081391034460056
-1.7336175488491674
-1.7299732723615713
-1.684482680285091
-1.6128713484063015
-1.4244839604647082
-1.0792912436627142
-0.5171567542000167
0.33087011967265717
0.21812508034924757
0.14423250055274553
0.11605631328039942
0.10465509660056085
0.10119507190418495
0.10633182380010778
0.10201583017337942
0.09353182517246064
0.06816995791045884
0.013937719697445412
-0.020427514946364786
-2.241020549862938
-1.8629939332717242
-1.7875083860530339
-1.778355129635841
-1.7657078718250148
-1.744445200912466
-1.7023095317677814
-1.6609731356615072
-1.6439270296684612
-1.569797101254295
-1.4966551123535936
-1.4232950306458179
-1.3485158419440921
-1.2849546042942848
-1.2272355588382453
-1.1741891738459742
-1.1319582592569049
-1.1018527098591449
-1.0696029125768405
-1.0435551193389045
-1.0170527647592138
-0.9918274645580425
-0.9698233156442342
-0.9464765707796232
-0.9228232442968931
-0.9006085101288761
-0.8777012695830706
-0.8550858222368305
-0.835042060077356
-0.8120541278598239
-0.7885587336156021
-0.7646288632939076
-0.7386887710405574
-0.7140969426513948
-0.6867775825560614
-0.657646241648365
-0.6216524789697218
-0.5814845577282455
-0.5353810711086027
-0.4806148356300355
-0.401878631064875
-0.3177940739297327
-0.20514006048827582
-0.06308378053411445
0.11035432191698646
0.3591986892225947
0.8672664177542231
0.610047867402983
-0.1773006723263535
-0.020299536650512096
0.012598602184397123
0.01215145428055564
-0.0005143791552342236
-0.01962806287622243
-0.11529290659875358
-0.23331544521941794
-0.5305894099473392
-14.460930297989762
0.7524626682382234
0.3057723747850787
-2.4555984788249816
-1.922835097627015
-1.8589266368286985
-1.8946279871505993
-1.9374489293850985
-1.965580524220286
-1.9965237386324333
-2.0545022291055943
-2.017770084771371
-1.971610281537437
-1.9203407228525862
-1.8613436827970986
-1.7961247292930125
-1.736983332061385
-1.681688325607297
-1.6288872660514926
-1.5943887114015354
-1.555740686122391
-1.5272632364121819
-1.5099661881069153
-1.492568360035392
-1.475964212026895
-1.4631369844323956
-1.4465073066209015
-1.4292419425727871
-1.4166641018439918
-1.4152309555957459
-1.414710157204098
-1.4181744174652806
-1.4209455824085921
-1.424729264314692
-1.4321237326242056
-1.4505155229441016
-1.4744870667211103
-1.503445101162896
-1.5419902677747928
-1.5756177438645125
-1.6155015476471988
-1.6647116647506834
-1.6951758126635355
-1.7097069005234573
-1.7351071907729079
-1.7313847591316005
-1.6858160119014087
-1.614126524868908
-1.4256609817736035
-1.0803901098178983
-0.5181774652014894
0.32992756382489574
0.21726067965519746
0.1434462550124067
0.11534822289377189
0.10402516136764461
0.10064329182498
0.10585819887461412
0.10162036040159705
0.09321451055438956
0.06793079844609906
0.013776715386796923
-0.02051036410330198
1.2469917357803537
1.2262293233796107
1.2054669109788678
1.1847044985781248
1.1639420861773822
1.143179673776639
1.1224172613758963
1.1016548489751536
1.0808924365744104
1.0601300241736675
1.0393676117729247
1.018605199372182
0.997842786971439
0.977080374570696
0.9563179621699534
0.9355555497692103
0.9147931373684675
0.8940307249677246
0.8732683125669816
0.8525059001662388
0.831743487765496
0.810981075364753
0.7902186629640101
0.7694562505632673
0.7486938381625243
0.7279314257617814
0.7071690133610387
0.6864066009602957
0.6656441885595528
0.64488177615881
0.6241193637580671
0.603356951357324
0.5825945389565813
0.5618321265558384
0.5410697141550955
0.5203073017543526
0.4995448893536097
0.47878247695286685
0.45802006455212396
0.43725765215138107
0.4164952397506381
0.39573282734989523
0.3749704149491524
0.3542080025484095
0.33344559014766667
0.31268317774692383
0.2919207653461808
0.27115835294543794
0.25039594054469505
0.22963352814395224
0.20887111574320938
0.18810870334246635
0.16734629094172349
0.14658387854098065
0.1258214661402378
0.10505905373949494
0.08429664133875207
0.06353422893800907
0.042771816537266215
0.02200940413652335
0.004694003225903459
0.004615848072192166
0.004537692918480873
0.0044595377647695805
0.004381382611058288
0.004303227457346995
0.004225072303635702
0.0041469171499244105
0.004068761996213117
0.003990606842501825
0.003912451688790532
0.00383429653507924
0.0037561413813679474
0.0036779862276566542
0.003599831073945363
0.0035216759202340697
0.003443520766522777
0.0033653656128114847
0.0032872104591001915
0.0032090553053888997
0.003130900151677607
0.0030527449979663142
0.0029745898442550215
0.002896434690543729
0.002818279536832437
0.0027401243831211438
0.0026619692294098515
0.0025838140756985583
0.002505658921987266
0.002427503768275974
0.002349348614564681
0.0022711934608533883
0.002193038307142096
0.0021148831534308033
0.002036727999719511
0.001958572846008218
0.0018804176922969256
0.0018022625385856331
0.0017241073848743404
0.0016459522311630481
0.0015677970774517552
0.0014896419237404625
0.00141148677002917
0.0013333316163178777
0.0012551764626065852
0.0011770213088952927
0.0010988661551839995
0.001020711001472707
0.0009425558477614146
0.0008644006940501223
0.0007862455403388299
0.0007080903866275367
0.0006299352329162442
0.0005517800792049518
0.0004736249254936594
0.00039546977178236693
0.0003173146180710744
0.0002391594643597814
0.00016100431064848894
8.284915693719645e-05
-16.649999999999977
-16.649999999999977
-16.65000000000009
-16.649999999999977
-16.649999999999977
-16.649999999999977
-16.649999999999977
-16.65000000000009
-16.649999999999977
-16.649999999999977
-16.649999999999977
-16.649999999999977
-16.65000000000009
-16.649999999999864
-16.65000000000009
-16.649999999999977
-16.649999999999977
-16.65000000000009
-16.649999999999864
-16.65000000000009
-16.649999999999977
-16.649999999999977
-16.65000000000009
-16.649999999999864
-16.65000000000009
-16.649999999999977
-16.649999999999977
-16.649999999999977
-16.649999999999977
-16.650000000000034
-16.650000000000034
-16.649999999999977
-16.649999999999977
-16.649999999999977
-16.65000000000009
-16.649999999999977
-16.649999999999977
-16.649999999999977
-16.649999999999977
-16.65000000000009
-16.649999999999977
-16.649999999999977
-16.649999999999977
-16.649999999999977
-16.649999999999977
-16.65000000000009
-16.649999999999977
-16.649999999999977
-16.649999999999977
-16.649999999999977
-16.65000000000009
-16.649999999999977
-16.649999999999977
-16.649999999999977
-16.649999999999977
-16.649999999999977
-16.65000000000009
-16.649999999999977
-16.649999999999977
-16.65000000000009
-16.649999999999977
-16.649999999999977
-16.65000000000009
-16.649999999999977
-16.649999999999977
-16.649999999999977
-16.649999999999977
-16.65000000000009
-16.649999999999977
-16.649999999999977
-16.649999999999977
-16.649999999999977
-16.65000000000009
-16.649999999999864
-16.65000000000009
-16.649999999999977
-16.649999999999977
-16.65000000000009
-16.649999999999864
-16.65000000000009
-16.649999999999977
-16.649999999999977
-16.65000000000009
-16.649999999999864
-16.65000000000009
-16.649999999999977
-16.649999999999977
-16.649999999999977
-16.649999999999977
-16.650000000000034
-16.650000000000034
-16.649999999999977
-16.649999999999977
-16.649999999999977
-16.65000000000009
-16.649999999999977
-16.649999999999977
-16.649999999999977
-16.649999999999977
-16.65000000000009
-16.649999999999977
-16.649999999999977
-16.649999999999977
-16.649999999999977
-16.649999999999977
-16.65000000000009
-16.649999999999977
-16.649999999999977
-16.649999999999977
-16.649999999999977
-16.65000000000009
-16.649999999999977
-16.649999999999977
-16.649999999999977
-16.649999999999977
-16.649999999999977
-16.65000000000009
-16.649999999999977
-16.649999999999977
-16.65000000000009
260.46712637684783
259.71660545698
258.95530024605034
258.18286325726086
257.398929381833
256.6031146575598
255.79501497449613
254.97417439195345
254.52210416548644
253.67574878581993
252.81523050956218
251.9400142892572
251.04953604576417
250.14320194121007
249.2203826270295
248.28041055656422
247.3225769717144
246.34612292616833
245.35023680249137
244.3340515528505
243.29663555253305
242.236987971055
241.1540336442099
240.04661485995314
238.91349509051105
237.75381020926466
236.56608923914115
235.34776877565906
234.09708943595456
232.8126384650771
231.4923606589651
230.1339836968703
228.73500192604337
227.29264427678544
225.80383397614935
224.2651376976844
222.6727098752366
221.02222858493536
219.30880250329972
217.52685323678924
215.66999950252844
213.73089446979273
211.700986300171
209.57052996728711
207.32820231417088
204.96020201762818
202.45028162042433
201.97220633805364
205.02037172074495
207.6791327682358
208.68346206166467
209.764462584657
210.862146232111
211.98679255256735
213.40611903219116
215.0842523590444
217.0683765307972
219.8580130025901
223.54179233453243
230.45501145930706
240.1821750639907
276.7167620007463
275.9194186981632
275.11061831020965
274.28999167159816
273.45715089568677
272.61168806621015
271.7531738592537
271.2809879652674
270.40022559785336
269.5009833227922
268.58669586380216
267.65679506723325
266.7106817864219
265.74772499400854
264.76725585238717
263.76856482954827
262.75089846725575
261.71345016111945
260.6553574063999
259.5756987352952
258.47348423015285
257.3476505118539
256.1970551801668
255.02046811119678
253.8165746350623
252.58442612127186
251.32246000521468
250.02801338281034
248.69921850507808
247.33454427999578
245.93180591164543
244.4885887330003
243.00223022978105
241.46978587649028
239.88798638077134
238.25318388139908
236.56129270928707
234.8077209613087
232.98727219193046
231.09402124803464
229.12119036301647
227.06097632309064
224.9042980550758
222.64097242116708
220.25879987296673
217.74312017227342
215.07627422846213
212.23669904693608
209.19814244398773
207.85508512804716
208.68346206166467
209.764462584657
210.862146232111
211.98679255256735
213.40611903219116
215.0842523590444
217.0683765307972
219.8580130025901
223.54179233453243
230.45501145930706
240.1821750639907
1000.0
983.35
966.7
950.05
933.4
916.75
900.1
883.45
866.8
850.15
833.5
816.85
800.2
783.55
766.9000000000001
750.25
733.6
716.95
700.3
683.6500000000001
667.0
650.35
633.7
617.05
600.4000000000001
583.75
567.1
550.45
533.8000000000001
517.1500000000001
500.50000000000006
483.85
467.20000000000005
450.55000000000007
433.9000000000001
417.25
400.6
383.95000000000005
367.30000000000007
350.6500000000001
334.0
317.35
300.70000000000005
284.05000000000007
267.4000000000001
250.7500000000001
234.10000000000002
217.45000000000005
200.80000000000007
184.1500000000001
167.5000000000001
150.85000000000002
134.20000000000005
117.55000000000007
100.90000000000009
84.25000000000011
67.60000000000014
50.950000000000045
34.30000000000007
17.65000000000009
1.0
1000.0
983.35
966.7
950.05
933.4
916.75
900.1
883.45
866.8
850.15
833.5
816.85
800.2
783.55
766.9000000000001
750.25
733.6
716.95
700.3
683.6500000000001
667.0
650.35
633.7
617.05
600.4000000000001
583.75
567.1
550.45
533.8000000000001
517.1500000000001
500.50000000000006
483.85
467.20000000000005
450.55000000000007
433.9000000000001
417.25
400.6
383.95000000000005
367.30000000000007
350.6500000000001
334.0
317.35
300.70000000000005
284.05000000000007
267.4000000000001
250.7500000000001
234.10000000000002
217.45000000000005
200.80000000000007
184.1500000000001
167.5000000000001
150.85000000000002
134.20000000000005
117.55000000000007
100.90000000000009
84.25000000000011
67.60000000000014
50.950000000000045
34.30000000000007
17.65000000000009
1.0
0.0
129.76650312894705
261.39763081767563
394.9534641984619
530.4971312777373
668.095019855778
807.8170013153302
949.7419086738688
1093.9430740355456
1240.5024933220834
1389.506818852864
1541.0477248204668
1695.222312391893
1852.1335561700735
2011.8907944540922
2174.6102762962514
2340.415765477666
2509.439209109452
2681.8214896581367
2857.713262635245
3037.2758938514608
3220.6825176523316
3408.1192286017526
3599.7864306214506
3795.9003876463225
3996.6957504995985
4202.425978400851
4413.365510540188
4629.814059420157
4852.098894870446
5080.578359835348
5315.645998139462
5557.7354003473465
5807.325923107917
6064.949475345459
6331.19861891252
6606.736320011394
6892.30776692157
7188.754775148439
7497.033521519599
7818.236648162059
8153.62098049566
8504.642699655145
8873.002676131138
9260.705417935415
9670.13720025637
10104.107239538564
10576.615251722471
11101.096788216535
11677.828298124565
12318.18110461344
13037.052159063474
13855.30592335808
14803.375530906109
15930.900476084382
17316.32032591869
19109.890381060974
21641.411812859424
25872.525475155024
38166.577733626924
50460.62999209891
0.0
137.8621826926784
277.7053173684616
419.5932334119327
563.5929971656838
709.775138132529
858.2138872387795
1008.9926706930216
1162.1896646873545
1317.8919790605719
1476.1916706186585
1637.1861314093785
1800.9785189254962
1967.678230257983
2137.401422967144
2310.2715960494997
2486.4202315609955
2665.9875051124845
2849.1230846280923
3035.9870202974375
3226.750740431629
3421.5981755919256
3620.727024581108
3824.35018763798
4032.697412481042
4246.017929802515
4464.5809989059835
4688.678221675623
4918.627999924191
5154.778009111664
5397.508934556903
5647.238856559874
5904.428398286473
6169.586801511989
6443.2791358558525
6726.134904767802
7018.858404699185
7322.241279142037
7637.1778229716965
7964.683824185113
8305.920045214814
8662.221671393607
9035.135682346941
9426.46901520881
9838.351206959258
10273.31704083492
10734.419807394634
11225.387789663882
11750.760040437926
12327.491550345956
12967.844356834832
13686.715411284866
14504.969175579472
15453.0387831275
16580.563728305773
17965.98357814008
19759.553633282365
22291.075065080815
26522.188727376415
38816.240985848315
51110.2932443203
274.77947682090405
274.3803671381168
273.5262327777939
272.5224533743697
271.4321239122079
270.29353479514793
269.1263632388375
267.94477929493456
266.9671953752828
265.77645470452876
264.5878635167578
263.403895206564
262.2257323162685
261.05355637110034
259.8825854543567
258.7128683692031
257.54358557488456
256.37111389969436
255.20580389363883
254.04460737339116
252.8839752018444
251.72645063040466
250.57204516922567
249.41982793431924
248.27203229557918
247.12910252832546
245.99081889653812
244.85903353321712
243.73396269904904
242.61683324904672
241.5088878582278
240.4100121229313
239.3210112814229
238.24318385859635
237.17776140793214
236.1257192650772
235.0892126540425
234.0687799629228
233.06595562106313
232.0819305010003
231.11921676601358
230.17386930420935
229.25074620909427
228.35190870449662
227.47601748020634
226.6204803628241
225.78660437109812
225.1323455509346
225.12719116166073
225.49430321800344
225.5774307674614
225.6625021386415
225.75064363413898
225.8393897318286
225.94095328731458
226.06917452813062
226.21973628179967
226.46079621539457
362.68063283024253
362.5104573371352
363.6376381260027
361.8836165622296
361.4256579981389
360.31224881162626
358.9993275939557
357.57364290972714
356.0929002667722
354.58479691565725
353.4405885101893
351.9230142342581
350.4080817530279
348.906333054732
347.4192011667609
345.94555350067697
344.48552460139763
343.0310194883025
341.5821066712598
340.13737573630596
338.6912747512329
337.24926872632153
335.8083755768688
334.36585927575834
332.92716051329944
331.4939522995131
330.0657860798137
328.64794149148474
327.2398689144565
325.84102373848754
324.45076740768116
323.069523829742
321.69904939267917
320.3442682039342
319.0074554385262
317.687927617215
316.3852595881664
315.1003187284026
313.8374568997888
312.606960922025
311.40951409316915
310.2422906061549
309.1070892399306
308.01116064574984
306.958956981851
305.9514385172191
304.99352805218643
304.0874344122047
303.23415683919035
302.4391022330527
301.70069626904757
301.02340726663283
300.5573786713218
300.6585170750133
300.94996549630457
301.3098903058824
301.6972617215605
302.1003582681722
302.4979006508489
302.8929782606775
303.3253037271129
303.83284209684484
304.6273206366678
306.30085208292985
260.991303620714
260.5032910453985
259.5566626743881
258.4577997585691
257.2702353751272
256.0321434216985
254.7633275256752
253.4781058574835
252.3950126613159
251.0975380070625
249.800844849735
248.5076802706012
247.2194426022077
245.936483503741
244.6542040974189
243.372769182752
242.0914457222325
240.8067009898157
239.5289083870425
238.2550569250962
236.981641172755
235.711215549973
234.4438086166858
233.1785103534446
231.9175604227707
230.6614136808625
229.4098629599975
228.1647669470984
226.9263503441866
225.6958489614473
224.4745080275806
223.2622212580767
222.0598020017416
220.8685525391635
219.6897144637827
218.5242722709587
217.3743836595871
216.2406039675179
215.1244827268996
214.0272145075057
212.9513597828022
211.8930063908737
210.8570169901821
209.8455671409693
208.8573783357941
207.8898588631764
206.9444692111347
206.1792664994124
206.0638798112297
206.3215652484544
206.296108999835
206.2735145770074
206.2554284870191
206.240138895218
206.2411635111438
206.2771848454416
206.3451780317962
206.5212252253457
175.2649290577121
175.9488499029855
177.0118869721599
332.4711257153602
331.597098313277
330.062706627212
328.3238940720886
326.4673045162439
324.549702615285
322.598511404349
321.0048935037891
319.032353528171
317.0563645408815
315.0878662951093
313.1287437642283
311.1782278234211
309.2367343065683
307.2965025079323
305.3577818315542
303.41927758263
301.4755827154192
299.5321268423
297.5859354294373
295.6343181419624
293.6826495745878
291.7325506155557
289.7835314946688
287.8407879413559
285.903700791149
283.9716621891958
282.0439529669762
280.1209189535678
278.2042394218353
276.2987397544227
274.4066127745648
272.5270919857204
270.6596567535519
268.8050943232917
266.9676685736515
265.157562179537
263.3753958278838
261.6182806180979
259.8879181010851
258.1915874361045
256.5337311517189
254.9152265915839
253.3412367030491
251.8140604314281
250.3346215890917
248.908735049772
247.5350619250368
246.218396937433
245.1090838514088
244.5632165855576
244.204219969513
243.9119312716981
243.6477993355951
243.4044603036758
243.176140871999
242.9708600272138
242.8552857940092
242.9028948744242
243.3329782300499
244.3340868246947
13.78817320019004
13.87707609271831
13.96957010340578
14.06465361580062
14.16188853708069
14.26139137344942
14.36303571316227
14.46667343745105
14.57218271396693
14.67891669746627
14.7870186670228
14.89621493596283
15.00628971406079
15.11707286735935
15.22838135693778
15.34009918645108
15.45213985265207
15.56441290987865
15.67689550659633
15.78955044829496
15.90233402908942
16.01523508043167
16.12823655253988
16.24131758087463
16.3544718728085
16.46768884746297
16.58095593654062
16.69426658611871
16.80761235486244
16.92098428759943
17.03437983064719
17.14779086485461
17.26120927968131
17.37463131943288
17.48804694414943
17.6014469941185
17.71482899445541
17.82817599540492
17.94147289416352
18.0547159934946
18.16785698321138
18.28086291333566
18.39372921891217
18.50634156352731
18.61863914441225
18.73062149964769
18.84213515996341
18.9530790515222
19.06331135043105
19.17273796954906
19.2813217676264
19.38898756163412
19.49521514711989
19.59925083661058
19.69978977617078
19.791989682689
19.87455825000347
19.93957099004887
187.4157037725304
186.5616074341497
186.6257511538428
29.4124908468694
29.82855968486188
30.2495421844143
30.67543352186707
31.10633839348324
31.54319765148714
31.98628551130826
32.4356950064002
32.89066070608714
33.35171721214643
33.8184667596227
34.29045740253259
34.7673256772559
35.24879029482938
35.73451698037017
36.22432483970564
36.71809815367595
37.21569203581373
37.71714188402156
38.22244014743147
38.73154113379594
39.24451093871166
39.76140168395744
40.28225458514487
40.80715355012883
41.33616812330751
41.86936154929175
42.40681444070496
42.94860487617423
43.49480997084383
44.04552844951151
44.60084266396146
45.16083563149459
45.72560283461449
46.2952244051109
46.86978832613724
47.44939874248797
48.03411826528534
48.62400998805699
49.21917113884549
49.81957320964534
50.4252258301321
51.03621192563526
51.6522913491373
52.27337398077662
52.89953525009865
53.53036718328072
54.16563434401076
54.80501032919983
55.44829481991302
56.09530048945572
56.74574552679159
57.39795903418427
58.04946238596537
58.69589796449643
59.32175977884992
59.92211823346372
60.47001793310367
60.92994722242064
61.29434240661788
61.96676525823512
276.4988043746088
273.8586741419588
271.14154584836405
268.3502580588869
265.48157346708933
262.57727647820417
259.6656597209813
256.7817662453105
254.14320918999732
251.3085414895749
248.55015320054963
245.86952977800223
243.2680718570609
240.7473800699487
238.29145454891068
235.8945019049188
233.5510299367544
231.2466000023073
228.9794372863926
226.74863785356808
224.5444505626824
222.36987322648338
220.2236403007464
218.1015997501957
216.0073275406761
213.9415745291255
211.9026823872092
209.89319575430522
207.9130390979002
205.96086758782064
204.04086806914177
202.15343360022973
200.29980389542737
198.4832877015603
196.70376830824478
194.9649485828337
193.27079573015064
191.62871056006122
190.0444016604734
188.52499546930187
187.08166689868517
185.73444080581595
184.4935236367712
183.38954607168517
182.450571066861
181.70538827139558
181.2307109688922
181.4437185664829
182.0486120446121
182.2384234286285
182.30125144143597
182.39892141480044
182.4992143645784
182.58744608311284
182.66938157572253
182.68230990993982
182.59955621838947
182.310026742037
304.06893305889525
304.651220234026
306.0841733976787
438.454391422811
435.5408343798953
432.5045900957558
429.3327422412563
426.0124295698772
422.5942379975371
419.1205541222019
415.9798219781016
412.407745473065
408.8750429070632
405.4016839272298
401.9942113164061
398.6592199675252
395.4030663389529
392.2115778937962
389.0809767511464
386.007358550141
382.9668688536665
379.9691221426328
377.0009657567676
374.0484832675503
371.117216145056
368.2080437192429
365.3167405151109
362.4523886201611
359.6150741005601
356.799564822747
353.9940775363451
351.19812380120186
348.40947494667364
345.6337481755201
342.8722061457975
340.12055459186206
337.3673710398692
334.6079431133843
331.84163618360765
329.069149938069
326.29608536534874
323.51336033068725
320.7134472997123
317.92234289286796
315.1604323284457
312.4178066730409
309.7285114488767
307.1366017969935
304.66919769911016
302.4484821111989
300.6296860373761
299.43421956975965
299.2981185382736
299.61651762162035
300.05141229792395
300.5266853303957
301.0180819074414
301.521821745878
302.0252223274293
302.5219202976595
303.0474602746491
303.6229294428273
304.43118469803704
306.0842057801958
177.3033139915713
174.3455984767992
171.3030138288655
168.1791100478699
164.9715884402859
161.727743454144
158.4795982508604
155.2658093343068
152.30809173309
149.1596444499512
146.0995972149879
143.1287903612283
140.2479293159378
137.4579306136869
134.7408171186786
132.0896524977742
129.4980261671112
126.9498443297666
124.4435093425122
121.977688264932
119.5417079605983
117.1387008923156
114.7672478450394
112.4227654465134
110.108963853097
107.8265224636518
105.5735676751559
103.3526924316405
101.163767764248
99.00534239147444
96.88183134893445
94.79364943425313
92.74206113786067
90.73055896737861
88.75913523645028
86.8316302719082
84.95227122196574
83.1286793228631
81.36668033018918
79.67352841713716
78.06072967106546
76.54840767240206
75.14663290929208
73.88618422134616
72.7948477092662
71.90090190998409
71.28050444150551
71.34982824720538
71.8099856394988
71.8505922405714
71.76105953785235
71.70495511791235
71.6467072611787
71.56794837088614
71.46807442703684
71.2657422117214
70.92454441153288
70.2932798257952
9.876876482735808
5.722887554290034
0.0
226.853738415232
222.4702230969701
217.9119170584185
213.1688429276416
208.2316221909657
203.1782836583998
198.0691040889737
193.3098002044415
188.123445708234
183.0165510566449
178.0128566770795
173.1163128210435
168.330726638155
163.6599573001738
159.0792526665175
154.579011544643
150.1506632690232
145.7599705660377
141.418288429018
137.1099674268015
132.8139428107609
128.5369619772033
124.2792013180479
120.0335344561694
115.810588974772
111.6103138918902
107.4259224807469
103.2457114289974
99.06856718079818
94.89084728053871
90.7197307518688
86.55620375614951
82.39558881043811
78.22702806320525
74.0463605801455
69.854316899515
65.65394846504789
61.45304494119308
57.24205020069418
53.01202475924288
48.79384215230306
44.61151902197619
40.455820275806
36.37929912960407
32.441098804389
28.67343267295561
25.21728101228834
22.24158837911845
19.98063030046929
18.863969217284
18.23084993504135
17.70647115636065
17.18661515951889
16.62191506132068
15.96456211224481
15.10545782851791
13.96997683404708
12.36429755378614
9.876876482735808
5.722887554290034
0.0
99.19549038303755
99.51307566515959
99.83853201949854
100.171148011017
100.5099850268034
100.8495330240602
101.1860614701209
101.5159569110037
101.8351174569073
102.1488970396237
102.4505559855617
102.7407394167739
103.0201425411231
103.2894494562618
103.5506374302321
103.8048494071446
104.0530037696432
104.2967556725407
104.5359279438804
104.7709495886361
105.0027426020841
105.2311723341678
105.456392455707
105.6788343036823
105.8983636875791
106.1150520654737
106.3291147120533
106.5405033226647
106.7492713336522
106.9555251963462
107.1590367202073
107.3597841659766
107.5577427575667
107.7527287341817
107.9446330717945
108.1333183109255
108.3185245081849
108.5000312371981
108.6777213302842
108.8514670521647
109.0209372276197
109.1860331334139
109.3468907274791
109.503361850339
109.6557233575948
109.8044863614115
109.9502065273867
110.0938903192775
110.2386264051133
110.3878311880571
110.5401919035836
110.6939662968881
110.8525071033997
111.0194977122267
111.2013071486857
111.4165676982184
111.6750118068566
112.0167469162418
294.1920565761595
298.928332679736
306.0841733976787
211.600653007579
213.0706112829252
214.5926730373373
216.1638993136147
217.7808073789115
219.4159543391373
221.0514500332282
222.6700217736601
224.284299764831
225.8584918504183
227.3888272501503
228.8778984953626
230.3284933293702
231.7431090387791
233.1323252272787
234.5019652065034
235.8566952811178
237.2068982876288
238.5508337136148
239.8909983299661
241.2345404567894
242.5802541678527
243.928842401195
245.2832060589415
246.6417996453891
248.0047602086699
249.3736423420001
250.7483661073477
252.1295566204037
253.5186276661349
254.9140174236513
256.316002389648
257.7249657814239
259.140342976664
260.5615825332388
261.9873192840927
263.4152014730211
264.8430404241557
266.2713101299931
267.7014225404694
269.1285007405649
270.5489133064695
271.9619863972349
273.3492123192726
274.6955029926045
275.9957650261546
277.2312010989106
278.3880976582576
279.4535892692904
280.4341493209896
281.385667686579
282.3449411415633
283.3400701708768
284.3961668461207
285.5572596336332
286.9197644989114
288.5519434636124
290.683162720863
293.7460529600915
298.708297143747
306.0842057801958
1.7193275537048578
-0.5216929961580803
-2.3846869294298045
-4.172195315482838
-5.9505504451186795
-7.716258316943694
-9.46070351785616
-11.163013049623942
-12.823986185285449
-14.46791321495391
-16.037710316208205
-17.5343654285618
-18.957660459207617
-20.30617630115171
-21.591130905445993
-22.81836646428424
-23.992555638130213
-25.124513897387118
-26.226366607246263
-27.295969519823103
-28.339524639162008
-29.35657740392122
-30.348404868479264
-31.318228184123498
-32.26470475490312
-33.187527999200015
-34.08813650932889
-34.96583777891196
-35.82092360114879
-36.65596566122615
-37.46801978908597
-38.256578522701574
-39.02120738599548
-39.75989615703604
-40.47399309968743
-41.160770682243495
-41.81841692389186
-42.44006940286158
-43.02155396058983
-43.55693503169843
-44.037549867328465
-44.43942849839334
-44.75722257232307
-44.96236263281135
-45.02544641334546
-44.91509209142848
-44.55589340220588
-43.68862698445166
-43.078579117048676
-43.25587978937503
-43.27617932602554
-43.263580723841145
-43.25142926956059
-43.25194364871582
-43.271571711592046
-43.3868646181908
-43.62018006341022
-44.150769473357556
-58.61169977134732
-57.859237103109095
-57.553464728324016
76.5707748605814
74.11517638175641
72.1923412841294
70.3334146473007
68.4387866601501
66.501337730765
64.53575720654472
62.53923346791228
60.48473123880669
58.46696115403532
56.49535087249788
54.575010149645294
52.713666466848196
50.91754173755518
49.1805584054938
47.4988700798865
45.86998281383501
44.27559410243347
42.71985341631108
41.1925901798989
39.682623991791985
38.19005563175659
36.7140914197297
35.2509544352973
33.8044471286764
32.375205186103614
30.958541084259622
29.543310128663876
28.128599971459778
26.710425553994497
25.289479971585905
23.864750707271213
22.432626974647008
20.982111451702906
19.507624384981796
18.0041792838189
16.462189016044107
14.886571272179594
13.271069724532396
11.606358059781712
9.911182247118177
8.20147534659472
6.466368155821812
4.734983396690211
3.0491673847888023
1.4350408599198943
0.009379878146290821
-1.0710102316716075
-1.589187696873097
-1.2592601330482012
-1.0419994533930037
-0.898553198380597
-0.7832049754868251
-0.6791798141191805
-0.5785365222942005
-0.4726783234195864
-0.3710579630179893
-0.27784345246359976
-0.2099126540175007
-0.19613593863070378
-0.21664630273400576
83.68798962914266
86.15769256859934
88.25364884552258
90.27868971069925
92.29864693484137
94.30439996755453
96.28372927481482
98.21229652317665
100.0869209282258
101.9378935571113
103.7012476347471
105.3788899093729
106.9715132862699
108.4785528900541
109.9133869787403
111.2831166849778
112.5934195551213
113.8568566600491
115.0853990445303
116.2773686601642
117.4399332121567
118.5725146576574
119.6765607716464
120.7557449069312
121.8085965696737
122.8348912172108
123.8362952848416
124.8120745154579
125.7625825799386
126.6905065699729
127.5926766786461
128.4685718238236
129.3177408638809
130.1379935717849
130.9305792273325
131.6926419990505
132.4221124376213
133.1119246446548
133.7578023967105
134.3536860903685
134.8906301117368
135.3445987184716
135.71038408089
135.9593829196231
136.062530626528
135.9889569531923
135.6639647696292
134.829438252207
134.2538941717309
134.470973007883
134.5350494619827
134.5685594590951
134.6087212258404
134.6721905243319
134.773089084107
135.0114426337202
135.4206336202633
136.2279453995505
165.3880525749763
170.2259623486954
177.0118869721599
105.6173873001282
109.1268752163069
112.1507895687936
115.155051144447
118.2356823252781
121.3714189568852
124.5294073153752
127.6950932993476
130.9089078199371
134.0398134842366
137.0750096180298
140.0124309431848
142.8475011852661
145.5767770063945
148.2172498414148
150.7787702869112
153.2686143136068
155.7156121493815
158.1138384132821
160.4759680026357
162.8203753312014
165.1456875973845
167.4533492975078
169.7499970384993
172.0301989665839
174.2933868992588
176.5457397084488
178.7982415379788
181.0523517727696
183.3133921412966
185.5790090025539
187.8504090184153
190.1315031752823
192.4326286903466
194.7587337431461
197.1133516741365
199.5036137144891
201.9223508866907
204.3762304174038
206.8758933418422
209.3977452838014
211.9222121297427
214.4594063157779
216.961937573445
219.3729616270391
221.6611889161361
223.6914540374836
225.2934735459184
226.2377666369637
226.2451146341248
226.3323666505163
226.4977488131523
226.7253161121793
227.0258842742745
227.439898191431
228.0706830434811
229.0008831931667
230.490988240223
233.0260183916883
237.6100906757598
244.3340868246947
85.40731718284752
85.63599957244126
85.86896191609277
86.10649439521642
86.34809648972269
86.58814165061084
86.82302575695866
87.0492834735527
87.26293474294035
87.46998034215738
87.6635373185389
87.8445244808111
88.01385282706228
88.1723765889024
88.32225607329431
88.46475022069356
88.60086391699109
88.73234276266199
88.85903243728404
88.9813991403411
89.1004085729947
89.21593725373617
89.32815590316713
89.4375167228077
89.54389181477057
89.64736321801078
89.7481587755127
89.84623673654593
89.9416589787898
90.03454090874675
90.12465688956013
90.21199330112202
90.29653347788543
90.37809741474886
90.45658612764505
90.531871316807
90.60369551372945
90.67185524179322
90.73624843612068
90.79675105867008
90.85308024440835
90.90517022007825
90.95316150856694
90.99702028681175
91.03708421318254
91.07386486176381
91.1080713674233
91.14081126775535
91.17531505468223
91.21509321850797
91.25887013595717
91.30497873525395
91.35729195627982
91.42024687561609
91.50151737251495
91.62457801552941
91.80045355685307
92.07717592619294
106.776352803629
112.3667252455863
119.4584222438359
182.1881621607096
183.2420515980633
184.343130852923
185.4884657917477
186.6744689854282
187.8727566876502
189.0651645219199
190.2343267672599
191.3936390587438
192.5067746382719
193.5703604905277
194.5874410928301
195.5611676521143
196.4943187439497
197.3978082469086
198.2776403667977
199.1385971274418
199.991206251815
200.8336918295932
201.6685581825346
202.5029993229934
203.3357432291411
204.1674407172375
205.0009514737966
205.8346460952603
206.6685920853624
207.5042807927084
208.3415516666427
209.1809517442294
210.0238176952911
210.8684889741398
211.7151597256865
212.5641301499293
213.4147401420495
214.2663581281279
215.1175309579554
215.9658027305332
216.8089221588703
217.6473001419362
218.4822514016239
219.3089275309196
220.1236874763374
220.9257744715997
221.6969209701352
222.4221290118279
223.096229776056
223.7008339156299
224.2224633142468
224.6485789400906
224.9858545010766
225.2903671971233
225.5991956147717
225.9421111366925
226.3467044601553
226.8613616691368
227.5980047200615
228.6298252301487
230.2131447877594
232.8161057376708
237.4139547371291
244.1174405219607
-0.7168248460989195
-0.5035906754474608
-0.4452383965643786
-0.42205053194459174
-0.408629169408428
-0.39822484761213195
-0.38429416605432487
-0.36196268906306506
-0.3733870277697229
-0.35411955944221074
-0.33427482438771117
-0.3131838720910755
-0.2903984615194329
-0.2688578803658417
-0.24787102471144268
-0.22733626427288323
-0.20782812318928373
-0.19528386404758125
-0.18062029153174125
-0.16594110902197678
-0.15161385529758864
-0.137690082625876
-0.124177552544807
-0.11074603327131827
-0.09716656075293428
-0.08367530223999226
-0.06989349214176449
-0.05601356153099363
-0.04281724279643767
-0.02885695729146448
-0.014534322390259702
0.0001689888934877093
0.01564715146936063
0.030172394688424142
0.04540768402425138
0.0604464420588568
0.07792325580522019
0.09777439298043539
0.12136130372095938
0.14702205473183977
0.1830122793030078
0.22125688428687132
0.2647311018108452
0.3153258104052198
0.3789375579955148
0.4710653454864191
0.6871064868784226
0.5075113128279238
0.0609909873583
0.12188614295925929
0.13955656815922982
0.1534643580929432
0.1729198402272828
0.2097467925863104
0.2526351456509349
0.315711490927864
0.3935781221820227
-13.451305389813188
-0.12013918579010507
-0.0396294561635262
0.0
-1.2435126389720106
-0.973634195635714
-0.9412482507964596
-0.9593193305068328
-0.981005748228044
-0.9952572611781989
-1.010938473259808
-1.0403097531021643
-1.0217182890780223
-0.998352454162857
-0.9723973809596541
-0.9425270649971782
-0.9095042479022777
-0.8795564618271794
-0.8515551017845024
-0.8248154953211027
-0.8073434105001525
-0.7877700362874772
-0.7733476223398887
-0.7645861918531444
-0.7557741167944593
-0.7473638620328275
-0.7408658426703957
-0.7324422654799213
-0.7236966693361412
-0.7173249956277692
-0.7165985540411484
-0.7163340751333858
-0.7180877446311642
-0.7194908642001556
-0.721406797698791
-0.7251516266337567
-0.7344671969682472
-0.7466093099414792
-0.7612777179038361
-0.7808031265992248
-0.7978382663686101
-0.8180423264664066
-0.8429700759633497
-0.8584038700089371
-0.8657681629698918
-0.8786383309154902
-0.8767626132051879
-0.8536950222421069
-0.8173979959482729
-0.7219556149455049
-0.5470900800290206
-0.2623398615164681
0.1672270603527756
0.11014690261120409
0.07275866151893691
0.058536840981891894
0.05282089673432311
0.0511428117769239
0.053854838989443266
0.05180195929834647
0.04771923092966279
0.035235930522212966
0.008438462631450871
-0.008260497872908168
0.0
-1.25099171401314
-1.061675836990186
-1.025754677779724
-1.023179634154166
-1.015984709818134
-1.00260016017583
-0.976887385552754
-0.9495634313490546
-0.9375829718655215
-0.8932010829120028
-0.8497850292459811
-0.8067199565628883
-0.7633687545589493
-0.7267941124631694
-0.6938164447088222
-0.6637146545882896
-0.6399754902462292
-0.6223000826318321
-0.6037746842709564
-0.5888799816012975
-0.5736924798243495
-0.5592383271781366
-0.5466448573903063
-0.533306530568249
-0.5198544649614001
-0.5072465076552302
-0.4942666232059381
-0.4814658855407608
-0.4700262546645635
-0.4569810046987929
-0.4436718082387868
-0.4301340926216536
-0.4154869497019122
-0.4014726110962107
-0.3860116930446845
-0.3695025258666993
-0.3494142317431498
-0.3271598795055069
-0.301836124244862
-0.271981099787007
-0.2299511234222634
-0.1852831974979974
-0.126126700939391
-0.0522479544385242
0.0372676625362348
0.1646200124967178
0.4227171380575099
0.2915333922238403
-0.1099580929249864
-0.0324569857619171
-0.0169739963679298
-0.0203433524801327
-0.0321494400150356
-0.0511086820272662
-0.1207344862444488
-0.2072696782419409
-0.4089319125706671
-14.77062357314039
-2.450572068152169
-3.437310350263953
0.0
-1.777679506886231
-1.531719357178439
-1.521764532011805
-1.560448432716407
-1.58836128863775
-1.599632573741897
-1.603531692758237
-1.627910495388154
-1.585914233173821
-1.537433977632649
-1.487907585817924
-1.436063149468991
-1.382474540941794
-1.337492693924507
-1.297500521781882
-1.261193885636509
-1.239490777557098
-1.214786254871728
-1.196502015079104
-1.187525064432465
-1.17785274132122
-1.168912106585088
-1.163333147515895
-1.155002762776852
-1.146384573544607
-1.140896201043007
-1.140971685105322
-1.141786399143153
-1.14529675649929
-1.147614911607484
-1.150544283547318
-1.155454708148898
-1.16560129813952
-1.178254315726114
-1.192697094972772
-1.210752094524781
-1.22517575391698
-1.242976598952349
-1.266167503929171
-1.277407024527784
-1.278731565695163
-1.285178412700359
-1.267620415955424
-1.221268787085851
-1.159067891407553
-1.028400947935206
-0.8114794288499333
-0.4783177821205516
-0.0037220199305108
-0.0441962261099723
-0.0837719030082227
-0.115270869591184
-0.1522483835079953
-0.2097126628366527
-0.3195147929059404
-0.4711792098714584
-0.754790803823027
-1.28408225280499
-2.321994419730613
-3.405941391973335
0.0
0.5341668679142204
0.5580851615427251
0.5805162812153454
0.6011291022095742
0.6073555404097061
0.6043753125636981
0.5925932194984291
0.5876007422859896
0.5641959440957987
0.5390815234697921
0.5155102048582699
0.4935360844718128
0.4729702930395164
0.4579362320973277
0.4459454199973795
0.4363783903154064
0.4321473670569455
0.4270162185842509
0.4231543927392151
0.4229388725793207
0.4220786245267608
0.4215482445522606
0.4224673048454993
0.4225604972969307
0.4226879042084658
0.4235712054152379
0.4243731310641736
0.4254523240097672
0.4272090118681258
0.4281240474073284
0.4291374858485271
0.4303030815151413
0.4311341011712728
0.4316450057846348
0.4314193770689359
0.4299489679255561
0.42733748754837
0.4249342724859423
0.4231974279658214
0.4190031545188468
0.4129634027252712
0.4065400817848687
0.3908578027502362
0.367573764843744
0.34166989545928
0.3064453329897013
0.2643893488209127
0.2159779206040835
0.1709490802832864
0.1543431287211764
0.1565305645271596
0.1738077105730759
0.2050692802423184
0.2608554746135766
0.3733696318953837
0.5229811691698049
0.8025100347526898
1.319318183327203
2.330432882362064
3.397680894100427
0.0
0.5341668679142204
0.5580851615427251
0.5805162812153454
0.6011291022095742
0.6073555404097061
0.6043753125636981
0.5925932194984291
0.5876007422859896
0.5641959440957987
0.5390815234697921
0.5155102048582699
0.4935360844718128
0.4729702930395164
0.4579362320973277
0.4459454199973795
0.4363783903154064
0.4321473670569455
0.4270162185842509
0.4231543927392151
0.4229388725793207
0.4220786245267608
0.4215482445522606
0.4224673048454993
0.4225604972969307
0.4226879042084658
0.4235712054152379
0.4243731310641736
0.4254523240097672
0.4272090118681258
0.4281240474073284
0.4291374858485271
0.4303030815151413
0.4311341011712728
0.4316450057846348
0.4314193770689359
0.4299489679255561
0.42733748754837
0.4249342724859423
0.4231974279658214
0.4190031545188468
0.4129634027252712
0.4065400817848687
0.3908578027502362
0.367573764843744
0.34166989545928
0.3064453329897013
0.2643893488209127
0.2159779206040835
0.1709490802832864
0.1543431287211764
0.1565305645271596
0.1738077105730759
0.2050692802423184
0.2608554746135766
0.3733696318953837
0.5229811691698049
0.8025100347526898
1.319318183327203
2.330432882362064
3.397680894100427
0.0
1.0
1.0
1.0
1.0
1.0
1.0
1.0
1.0
0.0
0.0
0.0
0.0
0.0
0.0
0.0
0.0
0.0
0.0
0.0
0.0
0.0
0.0
0.0
0.0
0.0
0.0
0.0
0.0
0.0
0.0
0.0
0.0
0.0
0.0
0.0
0.0
0.0
0.0
0.0
0.0
0.0
0.0
0.0
1.0
1.0
1.0
1.0
0.0
0.0
0.0
0.0
0.0
0.0
0.0
0.0
0.0
0.0
0.0
0.0
0.0
0.0
1.0
1.0
1.0
1.0
1.0
1.0
1.0
0.0
0.0
0.0
0.0
0.0
0.0
0.0
0.0
0.0
0.0
0.0
0.0
0.0
0.0
0.0
0.0
0.0
0.0
0.0
0.0
0.0
0.0
0.0
0.0
0.0
0.0
0.0
0.0
0.0
0.0
0.0
0.0
0.0
0.0
0.0
0.0
1.0
1.0
1.0
1.0
1.0
1.0
0.0
0.0
0.0
0.0
0.0
0.0
0.0
0.0
0.0
0.0
0.0
0.0
1.0
1.0
1.0
1.0
1.0
1.0
1.0
1.0
1.0
1.0
1.0
1.0
1.0
1.0
1.0
1.0
0.8605561031037754
0.8605561031037754
0.8605561031037754
0.8605561031037754
0.8605561031037754
0.8605561031037754
0.8605561031037754
0.8605561031037754
0.8605561031037754
0.8605561031037754
0.8605561031037754
0.8605561031037754
0.8605561031037754
0.8605561031037754
0.8605561031037754
0.8605561031037754
0.8605561031037754
0.8605561031037754
0.8605561031037754
0.8605561031037754
0.8605561031037754
0.8605561031037754
0.8605561031037754
0.8605561031037754
0.8605561031037754
0.8605561031037754
0.8605561031037754
0.8605561031037754
0.8605561031037754
1.0
1.0
1.0
1.0
1.0
1.0
1.0
1.0
1.0
1.0
1.0
1.0
1.0
1.0
1.0
1.0
1.0
1.0
1.0
1.0
1.0
1.0
1.0
1.0
1.0
1.0
1.0
1.0
1.0
0.0011754517998345535
0.0011601014325739122
0.0011346352396014764
0.001099445388634527
0.001034773154665864
0.000955702176357494
0.0008672002702936573
0.0007709930874805808
0.0007043657055211408
0.0006201119769140139
0.0005472835520004406
0.0004843862980939334
0.0004299731246000476
0.0003864291170778225
0.0003498635378060434
0.0003187273743017617
0.0002941348757831364
0.00027083903485182925
0.0002497324172627124
0.00023192459793944505
0.00021489035064220163
0.00019916648331184394
0.00018514542470310588
0.0001716378321434961
0.00015899846041919765
0.00014736375728478183
0.00013612140026581177
0.00012561778244858646
0.0001158862806995462
0.00010644453587341618
9.757670591189989e-05
8.925458752529415e-05
8.11876118507577e-05
7.354783218010585e-05
6.630592570907603e-05
5.934840484518156e-05
5.2660271087267143e-05
4.629902761336812e-05
4.0328704522496356e-05
3.444340660809476e-05
2.8917422400750727e-05
2.397722682979825e-05
1.9102937500496208e-05
1.4762929300575238e-05
1.1186468369111005e-05
7.895741832873177e-06
5.1748590342718455e-06
4.1293902053961714e-06
4.889538479821609e-06
4.723561454982102e-06
3.281750381677418e-06
2.697643693740264e-06
2.5091134485509207e-06
2.9747685145609516e-06
3.4893407420520137e-06
4.120255058369632e-06
4.944100790168665e-06
6.194061392425179e-06
7.282267254063534e-06
1.609665155420739e-07
0.004020926506781391
0.00398594746354162
0.003915892512181633
0.0038116555585493562
0.0036036655512554157
0.0033435067905155497
0.003047968498452601
0.002804507527827127
0.0024935983396791443
0.0022062675901067088
0.0019572085268750174
0.0017415279957744099
0.0015544319169316526
0.0014050043631500546
0.0012795761094061598
0.0011728149907967102
0.0010891522291148973
0.0010094129389808663
0.0009369963426045087
0.0008762176566203844
0.0008176766199455926
0.0007634566731093101
0.0007151474201791232
0.0006682291440261291
0.0006241061066949403
0.0005833621465107245
0.0005436162436148861
0.0005062765989784757
0.0004715228608570601
0.00043742086604364
0.0004051470934794242
0.00037461676677817555
0.0003446290574183686
0.0003159159999956026
0.00028836900358708
0.0002615037712917906
0.00023525003438852366
0.0002098611882867811
0.0001856349875476877
0.00016115701190856405
0.00013767703938483229
0.00011629970170861461
9.452418641291835e-05
7.463694409442213e-05
5.788647433251379e-05
4.1904665447081835e-05
2.823330508582829e-05
1.682510510574192e-05
8.657364766789067e-06
4.837719277810654e-06
3.281750381677418e-06
2.697643693740264e-06
2.5091134485509207e-06
2.9747685145609516e-06
3.4893407420520137e-06
4.120255058369632e-06
4.944100790168665e-06
6.194061392425179e-06
7.282267254063534e-06
1.609665155420739e-07
0.0004
0.0004
0.0004
0.0004
0.0004
0.0004
0.0004
0.0004
0.0004
0.0004
0.0004
0.0004
0.0004
0.0004
0.0004
0.0004
0.0004
0.0004
0.0004
0.0004
0.0004
0.0004
0.0004
0.0004
0.0004
0.0004
0.0004
0.0004
0.0004
0.0004
0.0004
0.0004
0.0004
0.0004
0.0004
0.0004
0.0004
0.0004
0.0004
0.0004
0.0004
0.0004
0.0004
0.0004
0.0004
0.0004
0.0004
0.0004
0.0004
0.0004
0.0004
0.0004
0.0004
0.0004
0.0004
0.0004
0.0004
0.0004
0.0004
0.0004
0.0004
0.0004
0.0004
0.0004
0.0004
0.0004
0.0004
0.0004
0.0004
0.0004
0.0004
0.0004
0.0004
0.0004
0.0004
0.0004
0.0004
0.0004
0.0004
0.0004
0.0004
0.0004
0.0004
0.0004
0.0004
0.0004
0.0004
0.0004
0.0004
0.0004
0.0004
0.0004
0.0004
0.0004
0.0004
0.0004
0.0004
0.0004
0.0004
0.0004
0.0004
0.0004
0.0004
0.0004
0.0004
0.0004
0.0004
0.0004
0.0004
0.0004
0.0004
0.0004
0.0004
0.0004
0.0004
0.0004
0.0004
0.0004
0.0004
0.0004
1.3065442837795994e-08
1.609813246251006e-08
1.8451320475760573e-08
2.016080036876345e-08
2.1358414023579076e-08
2.2454492528502163e-08
2.346184864599769e-08
2.435074770331274e-08
2.5168293008394306e-08
2.59248194795521e-08
2.6578860853539352e-08
2.717492227184444e-08
2.7727500794852817e-08
2.821868937946919e-08
2.867559255048391e-08
2.9106915692640655e-08
2.950022653046024e-08
2.9893537368279825e-08
3.0281774756529767e-08
3.065711262938458e-08
3.1032450502239386e-08
3.142093683129147e-08
3.1836199651687564e-08
3.225146247208365e-08
3.2701440677579656e-08
3.320893932168535e-08
3.3716437965791035e-08
3.428270566534462e-08
3.492899931274215e-08
3.557529296013967e-08
3.6371436914800125e-08
3.733624217274159e-08
3.8301047430683085e-08
3.959226158737696e-08
4.118778732859431e-08
4.278331306981166e-08
4.513146211348355e-08
4.806009189575067e-08
5.0988721678017794e-08
5.632170630050282e-08
6.318151527324084e-08
7.004132424597885e-08
8.255287402060394e-08
9.799336545699721e-08
1.1343385689339041e-07
1.3646888186188418e-07
1.6453988297575865e-07
1.9889493840858378e-07
2.3731543525971197e-07
2.78963375570315e-07
3.2556784487230723e-07
3.9737569592667986e-07
5.064205645747201e-07
6.801946019508522e-07
1.1053081705738778e-06
1.6111307341008319e-06
2.5512822486276946e-06
4.137854497676283e-06
6.1841356611202155e-06
2.780474791942962e-06
1.3065442837795994e-08
1.609813246251006e-08
1.8451320475760573e-08
2.016080036876345e-08
2.1358414023579076e-08
2.2454492528502163e-08
2.346184864599769e-08
2.435074770331274e-08
2.5168293008394306e-08
2.59248194795521e-08
2.6578860853539352e-08
2.717492227184444e-08
2.7727500794852817e-08
2.821868937946919e-08
2.867559255048391e-08
2.9106915692640655e-08
2.950022653046024e-08
2.9893537368279825e-08
3.0281774756529767e-08
3.065711262938458e-08
3.1032450502239386e-08
3.142093683129147e-08
3.1836199651687564e-08
3.225146247208365e-08
3.2701440677579656e-08
3.320893932168535e-08
3.3716437965791035e-08
3.428270566534462e-08
3.492899931274215e-08
3.557529296013967e-08
3.6371436914800125e-08
3.733624217274159e-08
3.8301047430683085e-08
3.959226158737696e-08
4.118778732859431e-08
4.278331306981166e-08
4.513146211348355e-08
4.806009189575067e-08
5.0988721678017794e-08
5.632170630050282e-08
6.318151527324084e-08
7.004132424597885e-08
8.255287402060394e-08
9.799336545699721e-08
1.1343385689339041e-07
1.3646888186188418e-07
1.6453988297575865e-07
1.9889493840858378e-07
2.3731543525971197e-07
2.78963375570315e-07
3.2556784487230723e-07
3.9737569592667986e-07
5.064205645747201e-07
6.801946019508522e-07
1.1053081705738778e-06
1.6111307341008319e-06
2.5512822486276946e-06
4.137854497676283e-06
6.1841356611202155e-06
2.780474791942962e-06
0.0
0.0
0.0
0.0
0.0
0.0
0.0
0.0
0.0
0.0
0.0
0.0
0.0
0.0
0.0
0.0
0.0
0.0
0.0
0.0
0.0
0.0
0.0
0.0
0.0
0.0
0.0
0.0
0.0
0.0
0.0
0.0
0.0
0.0
0.0
0.0
0.0
0.0
0.0
0.0
0.0
0.0
0.0
0.0
0.0
0.0
0.0
0.0
0.0
0.0
0.0
0.0
0.0
0.0
0.0
0.0
0.0
0.0
0.0
0.0
0.0
0.0
0.0
0.0
0.0
0.0
0.0
0.0
0.0
0.0
0.0
0.0
0.0
0.0
0.0
0.0
0.0
0.0
0.0
0.0
0.0
0.0
0.0
0.0
0.0
0.0
0.0
0.0
0.0
0.0
0.0
0.0
0.0
0.0
0.0
0.0
0.0
0.0
0.0
0.0
0.0
0.0
0.0
0.0
0.0
0.0
0.0
0.0
0.0
0.0
0.0
0.0
0.0
0.0
0.0
0.0
0.0
0.0
0.0
0.0
0.0
0.0
0.0
0.0
0.0
0.0
0.0
0.0
0.0
0.0
0.0
0.0
0.0
0.0
0.0
0.0
0.0
0.0
0.0
0.0
0.0
0.0
0.0
0.0
0.0
0.0
0.0
0.0
0.0
0.0
0.0
0.0
0.0
0.0
0.0
0.0
0.0
0.0
0.0
0.0
0.0
0.0
0.0
0.0
0.0
0.0
0.0
0.0
0.0
0.0
0.0
0.0
0.0
0.0
0.0
0.0
0.0
0.0
0.0
0.0
0.0
0.0
0.0
0.0
0.0
0.0
0.0
0.0
0.0
0.0
0.0
0.0
0.0
0.0
0.0
0.0
0.0
0.0
0.0
0.0
0.0
0.0
0.0
0.0
0.0
0.0
0.0
0.0
0.0
0.0
0.0
0.0
0.0
0.0
0.0
0.0
0.0
0.0
0.0
0.0
0.0
0.0
0.0
0.0
0.0
0.0
0.0
0.0
0.0
0.0
0.0
0.0
0.0
0.0
0.0
0.0
0.0
0.0
0.0
0.0
0.0
0.0
0.0
0.0
0.0
0.0
0.0
0.0
0.0
0.0
0.0
0.0
0.0
0.0
0.0
0.0
0.0
0.0
0.0
0.0
0.0
0.0
0.0
0.0
0.0
0.0
0.0
0.0
0.0
0.0
0.0
0.0
0.0
0.0
0.0
0.0
0.0
0.0
0.0
0.0
0.0
0.0
0.0
0.0
0.0
0.0
0.0
0.0
0.0
0.0
0.0
0.0
0.0
0.0
0.0
0.0
0.0
0.0
0.0
0.0
0.0
0.0
0.0
0.0
0.0
0.0
0.0
0.0
0.0
0.0
0.0
0.0
0.0
0.0
0.0
0.0
0.0
0.0
0.0
0.0
0.0
0.0
0.0
0.0
0.0
0.0
0.0
0.0
0.0
0.0
0.0
0.0
0.0
0.0
0.0
0.0
0.0
0.0
0.0
0.0
0.0
0.0
0.0
0.0
0.0
0.0
0.0
0.0
0.0
0.0
0.0
0.0
0.0
0.0
0.0
0.0
0.0
0.0
0.0
0.0
0.0
0.0
0.0
0.0
0.0
0.0
0.0
0.0
0.0
0.0
0.0
0.0
0.0
0.0
0.0
0.0
0.0
0.0
0.0
0.0
0.0
0.0
0.0
0.0
0.0
0.0
0.0
0.0
0.0
0.0
0.0
0.0
0.0
0.0
0.0
0.0
0.0
0.0
0.0
0.0
0.0
0.0
0.0
0.0
0.0
0.0
0.0
0.0
0.0
0.0
0.0
0.0
0.0
0.0
0.0
0.0
0.0
0.0
0.0
0.0
0.0
0.0
0.0
0.0
0.0
0.0
0.0
0.0
0.0
0.0
0.0
0.0
0.0
0.0
0.0
0.0
0.0
0.0
0.0
0.0
0.0
0.0
0.0
0.0
0.0
0.0
0.0
0.0
0.0
0.0
0.0
0.0
0.0
0.0
0.0
0.0
0.0
0.0
0.0
0.0
0.0
0.0
0.0
0.0
0.0
0.0
0.0
0.0
0.0
0.0
0.0
0.0
0.0
0.0
0.0
0.0
0.0
0.0
0.0
0.0
0.0
0.0
0.0
0.0
0.0
0.0
0.0
0.0
0.0
0.0
0.0
0.0
0.0
0.0
0.0
0.0
0.0
0.0
0.0
0.0
0.0
0.0
0.0
0.0
0.0
0.0
0.0
0.0
0.0
0.0
0.0
0.0
0.0
0.0
0.0
0.0
0.0
0.0
0.0
0.0
0.0
0.0
0.0
0.0
0.0
0.0
0.0
0.0
0.0
0.0
0.0
0.0
0.0
0.0
0.0
0.0
0.0
0.0
0.0
0.0
0.0
0.0
0.0
0.0
0.0
0.0
0.0
0.0
0.0
0.0
0.0
0.0
0.0
0.0
0.0
0.0
0.0
0.0
0.0
0.0
0.0
0.0
0.0
0.0
0.0
0.0
0.0
0.0
0.0
0.0
0.0
0.0
0.0
0.0
0.0
0.0
0.0
0.0
0.0
0.0
0.0
0.0
0.0
0.0
0.0
0.0
0.0
0.0
0.0
0.0
0.0
0.0
0.0
0.0
0.0
0.0
0.0
0.0
0.0
0.0
2.0
2.0
2.0
2.0
1.0
1.0
260.46712637684783
276.7167620007463
-57.553464728324016
-0.21664630273400576
0.0
-0.0
0.0
0.0
46.0
48.0
5.783625987995279
5.783625987995279
1.0
1.0
2.0
2.0
3.0
3.0
4.0
4.0
5.0
5.0
6.0
6.0
7.0
7.0
8.0
8.0
9.0
9.0
10.0
10.0
11.0
11.0
12.0
12.0
13.0
13.0
14.0
14.0
15.0
15.0
16.0
16.0
17.0
17.0
18.0
18.0
19.0
19.0
20.0
20.0
21.0
21.0
22.0
22.0
23.0
23.0
24.0
24.0
25.0
25.0
26.0
26.0
27.0
27.0
28.0
28.0
29.0
29.0
30.0
30.0
31.0
31.0
32.0
32.0
33.0
33.0
34.0
34.0
35.0
35.0
36.0
36.0
37.0
37.0
38.0
38.0
39.0
39.0
40.0
40.0
41.0
41.0
42.0
42.0
43.0
43.0
44.0
44.0
45.0
45.0
46.0
46.0
47.0
47.0
48.0
48.0
49.0
49.0
50.0
50.0
51.0
51.0
52.0
52.0
53.0
53.0
54.0
54.0
55.0
55.0
56.0
56.0
57.0
57.0
58.0
58.0
59.0
59.0
60.0
60.0
0.0
0.0
0.0
0.0
0.0
0.0
0.0
0.0
0.0
0.0
0.0
0.0
0.0
0.0
0.0
0.0
0.0
0.0
0.0
0.0
0.0
0.0
0.0
0.0
0.0
0.0
0.0
0.0
0.0
0.0
0.0
0.0
0.0
0.0
0.0
0.0
0.0
0.0
0.0
0.0
0.0
0.0
0.0
0.0
0.0
0.0
0.0
0.0
0.0
0.0
0.0
0.0
0.0
0.0
0.0
0.0
0.0
0.0
0.0
0.0
0.0
0.0
0.0
0.0
0.0
0.0
0.0
0.0
0.0
0.0
0.0
0.0
0.0
0.0
0.0
0.0
0.0
0.0
0.0
0.0
0.0
0.0
0.0
0.0
0.0
0.0
0.0
0.0
0.0
0.0
0.0
0.0
0.0
0.0
0.0
0.0
0.0
0.0
0.0
0.0
0.0
0.0
0.0
0.0
0.0
0.0
0.0
0.0
0.0
0.0
0.0
0.0
0.0
0.0
0.5
0.0
0.0
0.0
0.0
0.0
0.0
0.0
0.0
0.0
0.0
0.0
0.0
0.0
0.0
0.0
0.0
0.0
0.0
0.0
0.0
0.0
0.0
0.0
0.0
0.0
0.0
0.0
0.0
0.0
0.0
0.0
0.0
0.0
0.0
0.0
0.0
0.0
0.0
0.0
0.0
0.0
0.0
0.0
0.0
0.0
0.0
0.0
0.0
0.0
0.0
0.0
0.0
0.0
0.0
0.0
0.0
0.0
0.0
0.0
0.0
0.0
0.0
0.0
0.0
0.0
0.0
0.0
0.0
0.0
0.0
0.0
0.0
0.0
0.0
0.0
0.0
0.0
0.0
0.0
0.0
0.0
0.0
0.0
0.0
0.0
0.0
0.0
0.0
0.0
0.0
0.0
0.0
0.0
0.0
0.0
0.0
0.0
0.0
0.0
0.0
0.0
0.0
0.0
0.0
0.0
0.0
0.0
0.0
0.0
0.0
0.0
0.0
0.0
0.0
0.0
0.0
0.0
0.0
0.0
41.5
0.0
0.0
0.0
0.0
0.0
0.0
0.0
0.0
0.0
0.0
0.0
0.0
0.0
0.0
0.0
0.0
0.0
0.0
0.0
0.0
0.0
0.0
0.0
0.0
0.0
0.0
0.0
0.0
0.0
0.0
0.0
0.0
0.0
0.0
0.0
0.0
0.0
0.0
0.0
0.0
0.0
0.0
0.0
0.0
0.0
0.0
0.0
0.0
0.0
0.0
0.0
0.0
0.0
0.0
0.0
0.0
0.0
0.0
0.0
0.0
0.0
0.0
0.0
0.0
0.0
0.0
0.0
0.0
0.0
0.0
0.0
0.0
0.0
0.0
0.0
0.0
0.0
0.0
0.0
0.0
0.0
0.0
0.0
0.0
0.0
0.0
0.0
0.0
0.0
0.0
0.0
0.0
0.0
0.0
0.0
0.0
0.0
0.0
0.0
0.0
0.0
0.0
0.0
0.0
0.0
0.0
0.0
0.0
0.0
0.0
0.0
0.0
0.0
0.0
0.0
0.0
0.0
0.0
0.0
0.5
0.0
0.0
0.0
0.0
0.0
45.0
