9.81
6.022e+23
0
0
0
3
0
1
281.88455990916884
2
2
0
0
1
1
0
1
60
7
1000.0
1.607


3
3
0
77.072922555375
0
6.5
150.0
1000.0
287.04
9.81
79000.0
40.0
20000.0
0.0
0.0
0.0
0.0
0.0280134
0.04401
0.0319988
0.039948
0.01604
0.01801528
0.048
99000.0
2.1153802199668344e+29
0.8
1e-06
1000000.0
0.6
3.0
0.0001
2000
50
1.716540755538217
0
1
7
1.0
1
0
1
1
0.1
1000000000000.0
1
281.4928991912441
280.64110457198706
279.74644866071696
278.8298849840879
277.89515485646706
276.9429540635242
275.9729247240832
274.9838641933008
273.9776250542731
272.9514719477267
271.9052429764929
270.8390231508205
269.7525134520409
268.6450286275671
267.5163124309569
266.36586706030033
265.19370026192667
263.9993487668474
262.7814818793383
261.53979181703215
260.27377468016243
258.9823720774748
257.6641506415138
256.3180303910586
254.94230194769048
253.53429054987473
252.09141054018136
250.61207497432375
249.0946634371168
247.5363031789219
245.93423102683187
244.28807752202434
242.59125339509276
240.84173104825405
239.03606039614482
237.17041960205793
235.24114293452007
233.24157141277715
231.16579434354392
229.0088309945516
226.7630457050175
224.41976398014666
221.96750346521074
219.39498647496035
216.6890913637152
213.8321478027939
210.80640324222676
207.58422521769734
204.1329682754859
200.4140442547812
196.36885762583816
192.75519316586326
191.4336423961915
191.42546729242088
192.69841162438604
196.08584352982382
202.35810896077422
211.9788378517574
224.4392791688328
246.05751488482025
991.6800583333334
975.040175
958.4002916666666
941.7604083333333
925.120525
908.4806416666667
891.8407583333333
875.200875
858.5609916666667
841.9211083333333
825.281225
808.6413416666667
792.0014583333334
775.3615749999999
758.7216916666666
742.0818083333334
725.4419250000001
708.8020416666666
692.1621583333333
675.522275
658.8823916666668
642.2425083333333
625.602625
608.9627416666667
592.3228583333332
575.6829749999999
559.0430916666667
542.4032083333334
525.7633249999999
509.1234416666666
492.48355833333335
475.843675
459.20379166666663
442.5639083333333
425.924025
409.28414166666664
392.6442583333333
376.004375
359.36449166666665
342.7246083333333
326.084725
309.44484166666666
292.80495833333333
276.165075
259.5251916666667
242.88530833333334
226.245425
209.60554166666662
192.9656583333333
176.32577499999996
159.68589166666663
143.0460083333333
126.40612499999997
109.76624166666664
93.12635833333331
76.48647499999998
59.846591666666654
43.206708333333324
26.566824999999994
9.926941666666679
70.06854211812743
211.19491730365613
354.3291696279117
499.53245682896267
646.8704399781873
796.4125104806403
948.2315498344525
1102.4048288361757
1259.013891023422
1418.144326087628
1579.8869336323187
1744.3381124858774
1911.600097929344
2081.7814843138062
2254.9978477584937
2431.3724701482943
2611.0370638619725
2794.132105648893
2980.8077500566033
3171.225099854907
3365.557040284649
3563.9891181536063
3766.7209074229804
3973.967451604232
4185.960342916133
4402.949308099271
4625.204902709601
4853.0215249845105
5086.719878917151
5326.649926943026
5573.1961979873295
5826.780644984605
6087.867382843424
6356.9708648681935
6634.662883584637
6921.581984255763
7218.44320632217
7526.050528255017
7845.314944280936
8177.274503054205
8523.118195986044
8884.21628018359
9262.160680635752
9658.818765207516
10076.400384511515
10517.55089844052
10985.473470541776
11484.096949086323
12018.325106240201
12594.388065810406
13221.786029704399
13918.485379164618
14711.681844256836
15639.920802687659
16767.700339180214
18214.87982869906
20232.31605532135
23483.230696520957
31573.920111102016
54904.10149559335
3.5190396161834134e+23
3.519039616183389e+23
3.5190396161834134e+23
3.519039616183389e+23
3.5190396161834134e+23
3.519039616183389e+23
3.5190396161834134e+23
3.519039616183389e+23
3.5190396161834134e+23
3.519039616183389e+23
3.5190396161834134e+23
3.519039616183389e+23
3.5190396161834134e+23
3.5190396161834134e+23
3.519039616183389e+23
3.519039616183389e+23
3.5190396161834134e+23
3.5190396161834134e+23
3.519039616183389e+23
3.519039616183389e+23
3.5190396161834134e+23
3.5190396161834134e+23
3.519039616183389e+23
3.5190396161834134e+23
3.5190396161834134e+23
3.519039616183389e+23
3.519039616183389e+23
3.5190396161834134e+23
3.5190396161834134e+23
3.519039616183389e+23
3.519039616183389e+23
3.5190396161834134e+23
3.5190396161834134e+23
3.519039616183389e+23
3.5190396161834134e+23
3.519039616183389e+23
3.5190396161834134e+23
3.519039616183389e+23
3.5190396161834134e+23
3.519039616183389e+23
3.5190396161834134e+23
3.519039616183389e+23
3.5190396161834134e+23
3.519039616183389e+23
3.5190396161834134e+23
3.519039616183389e+23
3.5190396161834134e+23
3.5190396161834134e+23
3.519039616183389e+23
3.5190396161834134e+23
3.519039616183389e+23
3.5190396161834134e+23
3.519039616183389e+23
3.5190396161834134e+23
3.519039616183389e+23
3.5190396161834134e+23
3.519039616183389e+23
3.5190396161834134e+23
3.519039616183389e+23
3.519039616183407e+23
-4.069060068466517
-3.3876184231418605
-3.0161411325953495
-2.7326808202375146
-2.493811647948568
-2.2876518519550224
-2.1129921816824297
-1.9771085946817921
-1.8552189691393237
-1.7700007824963164
-1.7169763715706547
-1.6887637983726187
-1.681557879626961
-1.695135205159311
-1.7243566531194334
-1.7660634883782236
-1.8112812191903753
-1.8552993935399322
-1.9018361579778464
-1.9432700984823332
-1.9729696756709532
-1.9895713898328438
-1.994385986057574
-1.9841694712912155
-1.9608472548294906
-1.935859852049929
-1.9173315046330788
-1.902038299659033
-1.8851088895591814
-1.8727818926089281
-1.8678031826094335
-1.845483168564025
-1.8429982202213955
-1.8466299833829143
-1.8536291155733267
-1.8605601854237332
-1.8572089620588852
-1.8585167969419751
-1.8643203147403844
-1.8562719985299754
-1.833403997511904
-1.7933033855942497
-1.7477661603788204
-1.6878736048716698
-1.6006879503261024
-1.491123280393845
-1.3273091686596448
-1.1310286077068554
-0.9103046005733402
-0.6453094982191597
-0.3033198793236175
0.027656550253932148
0.0497257706829668
0.07221367647452
0.0925486339443652
0.1001034714572103
0.08705529042017782
0.05851728570139801
0.031654511257701294
0.012835542682685493
-4.069130608684233
-3.3876550333740454
-3.0162022267695363
-2.7327228054213037
-2.4938687154123613
-2.287713010415729
-2.113050873838887
-1.9771662551338522
-1.8552801206912761
-1.7700541849269058
-1.7170341564257967
-1.6888194196903186
-1.6816086905276961
-1.6951876192106994
-1.724408259173373
-1.7661139169928077
-1.8113203370317166
-1.8553493213122891
-1.9018896320901035
-1.9432517126594178
-1.9729891235085688
-1.989566180243429
-1.9943986946970824
-1.984181553364806
-1.9610366429348005
-1.9358998790303872
-1.9173724830345975
-1.9020573784993928
-1.8851273272576066
-1.87280142130669
-1.8678224843080216
-1.845509042687297
-1.843015069956607
-1.8466506356662933
-1.8536434722929016
-1.8605750457805073
-1.8572323688728716
-1.8585197922632233
-1.8643253171840968
-1.8562765990139098
-1.8334086972604666
-1.7933069942784243
-1.747773767242478
-1.6878629377973198
-1.600653810194217
-1.4910914392970653
-1.32726871270674
-1.1309729634346866
-0.9102218555275101
-0.645176031168802
-0.3030155808719712
0.027563141292205273
0.049553919330975305
0.07197470209140988
0.09218422337158927
0.0996451720822904
0.08650991324364554
0.05821098067855246
0.03148819050383622
0.01277431497788939
8.746518966058641e-05
8.600977910890637e-05
8.455436855722634e-05
8.309895800554631e-05
8.164354745386629e-05
8.018813690218625e-05
7.873272635050622e-05
7.727731579882619e-05
7.582190524714617e-05
7.436649469546614e-05
7.29110841437861e-05
7.145567359210607e-05
7.000026304042604e-05
6.8544852488746e-05
6.708944193706597e-05
6.563403138538595e-05
6.417862083370592e-05
6.272321028202588e-05
6.126779973034585e-05
5.9812389178665825e-05
5.8356978626985806e-05
5.6901568075305766e-05
5.5446157523625726e-05
5.3990746971945706e-05
5.2535336420265666e-05
5.107992586858563e-05
4.962451531690561e-05
4.816910476522558e-05
4.671369421354554e-05
4.5258283661865514e-05
4.380287311018548e-05
4.2347462558505455e-05
4.089205200682542e-05
3.943664145514539e-05
3.798123090346536e-05
3.652582035178533e-05
3.50704098001053e-05
3.361499924842526e-05
3.2159588696745237e-05
3.0704178145065203e-05
2.924876759338518e-05
2.7793357041705144e-05
2.6337946490025118e-05
2.4882535938345085e-05
2.3427125386665058e-05
2.197171483498502e-05
2.0516304283304995e-05
1.906089373162496e-05
1.7605483179944926e-05
1.61500726282649e-05
1.4694662076584865e-05
1.323925152490484e-05
1.1783840973224803e-05
1.0328430421544779e-05
8.873019869864742e-06
7.417609318184718e-06
5.962198766504682e-06
4.5067882148246565e-06
3.051377663144621e-06
1.5959671114645953e-06
-16.639883333333387
-16.639883333333273
-16.639883333333387
-16.639883333333273
-16.639883333333387
-16.639883333333273
-16.639883333333387
-16.639883333333273
-16.639883333333387
-16.639883333333273
-16.639883333333387
-16.639883333333273
-16.639883333333387
-16.639883333333387
-16.639883333333273
-16.639883333333273
-16.639883333333387
-16.639883333333387
-16.639883333333273
-16.639883333333273
-16.639883333333387
-16.639883333333387
-16.639883333333273
-16.639883333333387
-16.639883333333387
-16.639883333333273
-16.639883333333273
-16.639883333333387
-16.639883333333387
-16.639883333333273
-16.639883333333273
-16.639883333333387
-16.639883333333387
-16.639883333333273
-16.639883333333387
-16.639883333333273
-16.639883333333387
-16.639883333333273
-16.639883333333387
-16.639883333333273
-16.639883333333387
-16.639883333333273
-16.639883333333387
-16.639883333333273
-16.639883333333387
-16.639883333333273
-16.639883333333387
-16.639883333333387
-16.639883333333273
-16.639883333333387
-16.639883333333273
-16.639883333333387
-16.639883333333273
-16.639883333333387
-16.639883333333273
-16.639883333333387
-16.639883333333273
-16.639883333333387
-16.639883333333273
-16.63988333333336
281.8841562236781
280.97326517614243
280.0495133462662
279.1125198959271
278.16187061265254
277.19712611498716
276.2178236961206
275.22347860338755
274.2135710690982
273.18756079495336
272.1448754132635
271.0849068968724
270.00701008816725
268.91050108610733
267.79465206516926
266.65868836132637
265.50178197410185
264.32304864304854
263.12154643087183
261.8962652657483
260.6461208834939
259.36995004016165
258.0665038711974
256.73443677965975
255.37229879684114
253.978529192605
252.55144224946034
251.0892064626707
249.58982615988648
248.05112786154635
246.4707355355501
244.84602633797041
243.1741377245855
241.45189874580578
239.67579245826352
237.84190250249202
235.94584414953889
233.98270661562876
231.9469489644119
230.08764071201182
227.88684620507942
225.59172674623494
223.19395251627037
220.68155966840783
218.04234802532983
215.26092389337578
212.31957553714233
209.19560886999187
205.8588848702144
202.27378579532183
198.3917306542848
194.56084205092017
192.09070902114522
191.42371103586237
192.05404623934254
194.38290417526042
199.21302578633959
207.16151512730676
218.20474566261532
235.2462687871452
256.8663040644579
1000.0
983.3601166666666
966.7202333333333
950.08035
933.4404666666667
916.8005833333333
900.1607
883.5208166666666
866.8809333333334
850.24105
833.6011666666667
816.9612833333333
800.3214
783.6815166666667
767.0416333333333
750.40175
733.7618666666667
717.1219833333333
700.4821
683.8422166666667
667.2023333333334
650.56245
633.9225666666666
617.2826833333334
600.6428
584.0029166666666
567.3630333333333
550.72315
534.0832666666666
517.4433833333333
500.8035
484.1636166666667
467.5237333333333
450.88384999999994
434.24396666666667
417.6040833333333
400.9642
384.3243166666666
367.68443333333335
351.04454999999996
334.4046666666667
317.7647833333333
301.1249
284.48501666666664
267.84513333333337
251.20524999999998
234.5653666666667
217.92548333333332
201.28559999999993
184.64571666666666
168.00583333333327
151.36595
134.7260666666666
118.08618333333334
101.44629999999995
84.80641666666668
68.16653333333329
51.52665000000002
34.88676666666663
18.246883333333358
1.607
0.0
140.13708423625485
282.2527503710574
426.40558888476596
572.6593247731594
721.0815551832151
871.7434657780655
1024.7196338908395
1180.090023781512
1337.9377582653321
1498.3508939099238
1661.4229733547136
1827.2532516170413
1995.9469442416469
2167.6160243859654
2342.379671131022
2520.365269165566
2701.708858558379
2886.5553527394068
3075.0601473737993
3267.390052336015
3463.724028233283
3664.2542080739295
3869.187606772032
4078.747296436432
4293.173389395835
4512.725226802706
4737.684578616496
4968.358471352525
5205.081286481775
5448.218567404278
5698.173828570381
5955.387461398828
6220.347304288019
6493.594425448368
6775.731341720906
7067.432626790621
7369.453785853719
7682.6472706563145
8007.982617905558
8346.566388202851
8699.670003769237
9068.762556597942
9455.558804673563
9862.078725741469
10290.722043281563
10744.379753599478
11226.567187484075
11741.62671068857
12295.023501791833
12893.752629828978
13549.819429579822
14287.151328749414
15136.212359764259
16143.629245611057
17391.771432749367
19037.988224648754
21426.643885993944
25539.817507047967
37608.02271515606
49676.22792326422
421.70835642858066
419.9704333579139
417.6947068763168
415.23104875166746
412.67036791691004
410.05497165116634
407.41087190769554
404.7574980131108
402.10640666678097
399.45474028787055
396.812534115393
394.1854763294244
391.57953610273677
388.99978036900245
386.4495438920187
383.9317380229497
381.4477612831434
378.99857010847563
376.58623502814055
374.2092175056332
371.868978454518
369.5677022706619
367.3054974987029
365.0865438749238
362.91062668864646
360.7776256947998
358.6900638359299
356.6395232219379
354.63453489299
352.67341505643606
350.760859533282
349.01682557940416
347.2020502515057
345.43409446119165
343.7168733665334
342.0542085308523
340.448589899148
338.9041543891647
337.41644530980386
336.0467487872576
334.6836641275442
333.3958396055893
332.1775561200865
331.0259609319346
329.9482192725008
328.94845271498707
328.01804602720597
327.166247513784
326.39267432862744
325.68214929687406
325.0437107005658
324.499482991444
324.1837034204503
324.2256577078596
324.52735630248566
325.09613974901015
325.9049938490221
326.88669758032825
327.89462335967033
329.16002620779363
331.55075300845084
358.0055538762137
356.0151795401727
353.4611775574003
350.6981903035635
347.8201921694696
344.8717189488148
341.8804745975441
338.8672105295531
335.8445553618143
332.8105621402221
329.7760935983468
326.7475925772466
323.7316549282506
320.7338174895662
317.7578233775278
314.8069341216719
311.8828538574018
308.9868179346955
306.1211321718097
303.284519664944
300.4786187473702
297.7057552831914
294.9661885798926
292.264254910217
289.5997967920155
286.972744523821
284.3856623801921
281.8301785788202
279.3148382727848
276.8379597565216
274.4042310547932
271.9989982358805
269.6534818052015
267.3490111214017
265.0895553966685
262.8789733709429
260.7197393040201
258.6159578560781
256.5631228041549
254.6224699398592
252.682530746427
250.8118909606561
249.004775837529
247.2582721357923
245.579475528024
243.9724420500803
242.4285349221081
240.9569321271244
239.557210096609
238.2141919779638
236.936877861352
235.7473798522176
234.7799899870933
234.1641521511725
233.8023497954175
233.7031327736137
233.8447990148566
234.1774941718444
234.6103377355843
235.5239479896403
238.0039692551889
63.70280255236696
63.95525381774119
64.23352931891651
64.532858448104
64.85017574744045
65.18325270235152
65.53039731015144
65.89028748355771
66.26185130496667
66.64417814764846
67.03644051704622
67.43788375217774
67.84788117448618
68.26596287943624
68.69172051449092
69.12480390127782
69.56490742574157
70.01175217378012
70.4651028563309
70.92469784068922
71.39035970714782
71.86194698747052
72.33930891881029
72.8222889647068
73.31082989663095
73.80488117097877
74.30440145573777
74.80934464311773
75.31969662020522
75.83545529991441
76.35662847848879
77.01782734352365
77.54856844630417
78.08508333978997
78.62731796986486
79.17523515990942
79.7288505951279
80.28819653308659
80.853322505649
81.42427884739843
82.0011333811172
82.58394864493322
83.17278028255745
83.7676887961423
84.36874374447682
84.97601066490677
85.5895111050979
86.2093153866596
86.83546423201847
87.46795731891024
88.10683283921377
88.75210313922636
89.40371343335698
90.06150555668714
90.72500650706814
91.39300697539642
92.06019483416551
92.70920340848383
93.28428562408604
93.63607821815336
93.54678375326193
491.6394839436974
485.83243026434627
480.1690487493753
474.6891883979564
469.39578475777773
464.2865197766215
459.3547070227351
454.58828225431137
449.9600246528478
445.453078153246
441.0408177958416
436.6967258534471
432.40196620706934
428.1406017828072
423.8951776866128
419.6529635583704
415.4028729015712
411.1423613898718
406.8746769882245
402.5957698336271
398.3122790698523
394.0380137624878
389.78624281028533
385.572890491809
381.4127917521671
377.3187541153856
373.2952923774852
369.3273792804586
365.4203335730113
361.5740864091996
357.788729464739
354.17687302655315
350.5165886559672
346.9056177956968
343.34174606537204
339.8254377573983
336.3592440799134
332.95757620105707
329.61134732943316
326.3773254897028
323.1579642309755
320.0367310117602
317.025140531979
314.1257715765845
311.3601669793534
308.75974661164537
306.33824848456743
304.15918125843865
302.25463510984736
300.6338882225663
299.3502735950894
298.50303030509565
298.21481387539404
298.30632208213444
298.67999537885197
299.3409630487478
300.2494623208422
301.3176759653918
302.38381272541267
303.68070376403966
306.0842048796749
293.8046939383741
286.1545635965133
278.6393413895101
271.2985436195844
264.1354239146819
257.1481632764843
250.330984759377
243.6733056212919
237.1498516090473
230.7455592163389
224.4347724814963
218.1919006358687
211.9993894360594
205.8435331419609
199.7088903230883
193.5844191311413
187.4600289723473
181.3329621436475
175.2054970934763
169.0694760635857
162.9288718789873
156.7954614297095
150.680321532496
144.5970110791805
138.5617182577345
132.58895981072
126.6851768215452
120.8355389878695
115.0479125746374
109.3252880230673
103.671392435975
98.06272621301385
92.56339472353442
87.1327347270055
81.77206281092018
76.4865490143609
71.28389946756417
66.18431208800926
61.1825556475534
56.3383456168698
51.55562211407093
46.917568855063
42.43368862164588
38.10608229646691
33.96230225942997
30.0394265055831
26.35149420088831
22.96486197002285
19.91211549162087
17.19299041734867
14.85800353648947
13.01086980951573
11.76654441876581
10.93265064443417
10.39650107681204
10.15351093865064
10.11993623628368
10.12800809358943
9.758928583751356
8.409110158645401
0.0
197.8347900053233
199.677866667833
201.5297073598652
203.390644778372
205.2603608430958
207.1383565001372
209.0237222633581
210.9149766330195
212.8101730438005
214.7075189369071
216.6060453143453
218.5048252175784
220.4025767710099
222.2970686408463
224.1862873635245
226.0685444272291
227.9428439292239
229.8093992462243
231.6691798947482
233.5262937700414
235.383407190865
237.2425523327783
239.1059212777893
240.9758794126285
242.8510734944326
244.7297943046656
246.61011555594
248.4918402925891
250.3724209983739
252.2487983861323
254.117337028764
256.1141468135393
257.9531939324328
259.7728830686913
261.5696832544519
263.3388887430374
265.0753446123493
266.7732641130478
268.4287916818798
270.038979872833
271.6023421169046
273.1191621566972
274.5914519103331
276.0196892801176
277.3978647199234
278.7203201060623
279.9867542836791
281.1943192884158
282.3425196182265
283.4408978052177
284.4922700585999
285.4921604955799
286.4482694566282
287.3736714377003
288.2834943020399
289.1874521100972
290.1295260845585
291.1896678718024
292.6248841416613
295.2715936053943
306.0842048796749
69.93112751511673
65.8619969064325
62.47434187305845
59.45813964628891
56.72541684086761
54.23154812545525
51.94383511503952
49.83078424120063
47.85361798606678
45.998337865375504
44.2282836804486
42.5112495240228
40.82243010433248
39.14082141380479
37.44563379459409
35.721225535420714
33.95511161842791
32.14379128139619
30.2884419600839
28.386552327993797
26.44330061533438
24.47031149182581
22.480745311582382
20.4863466168853
18.502165063520494
16.541128420585693
14.605228541555306
12.687856058520708
10.785798680021315
8.900671352763709
7.027869931457019
5.160047447148997
3.3145384044617003
1.4715233345050933
-0.37512730116119997
-2.2287707734541016
-4.089345819234609
-5.94657818810748
-7.805097980370704
-9.6694232975548
-11.52569989656871
-13.359108593829177
-15.152415588107601
-16.90018935535008
-18.5880522931474
-20.188706103341616
-21.67979754263868
-23.00706625534542
-24.138039218780108
-25.048261074307618
-25.69343710547642
-25.99645268634839
-25.968889545056186
-25.91933562572521
-25.8473609236338
-25.75517670026221
-25.65553152817992
-25.569021614936275
-25.510810634257723
-25.479322443753887
-25.466548128775997
64.20085993783967
69.86061594365941
74.82183616789024
79.39964668397909
83.6847682547878
87.72355567233046
91.54948983816709
95.19390490826117
98.69470375276703
102.0650029238831
105.3413211168505
108.5556919413779
111.7322654921912
114.8902843476053
118.0489330544395
121.2225149905306
124.4228248850545
127.653855791048
130.9156350783334
134.2150436013583
137.5497468683828
140.9102938534819
144.2858670473966
147.6672438310364
151.0380785342811
154.3837847131011
157.7004855586469
160.9946395909507
164.2669256981474
167.5126717334542
170.7328386188182
173.9362720228667
177.090087081667
180.2162763943962
183.3174925857483
186.3924243565821
189.435839836456
192.4316457680688
195.3805671566015
198.2841243229894
201.1269086323561
203.8943221055931
206.5710872158832
209.1521898393254
211.617173268594
213.9330155444972
216.0770407212198
217.9920701571016
219.6450946049882
221.0212015606151
222.0788743248625
222.7365100427019
223.0134455683274
223.2315015067383
223.4058487186055
223.549621834963
223.7248627785729
224.0494860782549
224.8514091518329
227.1148378309949
238.0039692551889
134.1319874529564
135.7226128500919
137.2961780409487
138.857786330268
140.4101850956554
141.9551037977857
143.4933249532066
145.0246891494618
146.5483217388338
148.0633407892586
149.5696047972991
151.0669414654007
152.5546955965237
154.0311057614101
155.4945668490336
156.9437405259513
158.3779365034824
159.7976470724442
161.2040770384173
162.6015959293521
163.9930474837172
165.3806053453077
166.766612358979
168.1535904479217
169.5402435978016
170.9249131336868
172.3057141002022
173.6824956494714
175.0527243781687
176.4133430862179
177.7607085502752
179.0963194700157
180.4046254861287
181.6877997289013
182.9423652845871
184.163653583128
185.3464940172214
186.4850675799613
187.5754691762308
188.6147010254346
189.6012087357874
190.5352135117639
191.4186716277756
192.2520004839753
193.0291209754466
193.7443094411556
194.3972431785811
194.9850039017562
195.5070553862081
195.9729404863075
196.3854372193861
196.7400573563535
197.0445560232712
197.3121658810131
197.5584877949717
197.7944451347008
198.069331250393
198.4804644633186
199.3405985175752
201.635515387241
212.5374211264129
-2.0619116594950704
-1.7165157177108283
-1.5282511231675344
-1.3845743827659636
-1.2635151473807693
-1.1590286221800752
-1.0705044499417808
-1.001634676070715
-0.9398602166897846
-0.8966667763659447
-0.8697967371943353
-0.855499298815828
-0.8518481535290009
-0.8587346105051765
-0.8735493839072181
-0.8946923213399165
-0.9176094418332739
-0.9399294084082676
-0.9635208510192966
-0.9844868490716641
-0.9995602786883638
-1.007962735423843
-1.0104117576976483
-1.0052333705736023
-0.99350315196296
-0.9807639680829459
-0.9713747451731845
-0.9636144465140392
-0.9550365835505609
-0.9487934452669129
-0.9462735977957141
-0.9349727592998844
-0.9337166022402316
-0.9355682528435166
-0.9391229804102326
-0.9426482817328347
-0.9409679767815383
-0.94163563390833
-0.9445942022218959
-0.9405313291849443
-0.9289573833344453
-0.908647986846525
-0.8853313913946247
-0.855237788006837
-0.8110558880635895
-0.7555444988160175
-0.6725325309213873
-0.5730619988373533
-0.46119343477553165
-0.32687351941008813
-0.1534699858336047
0.014065863504222703
0.025200150949448386
0.03655728506066
0.046797088233429304
0.050590850918333805
0.043976141295810095
0.029774090660188823
0.016680622240381027
0.009899869878569945
0.0
-2.868609182870449
-2.514561030340605
-2.320232404080671
-2.171884984988402
-2.047032179781433
-1.939148943857525
-1.847147213680798
-1.774356297763593
-1.708213417918145
-1.660579792607215
-1.629182186459724
-1.610024893044221
-1.600620570746071
-1.600939806692915
-1.608508613286779
-1.622055498862911
-1.637626236456212
-1.653210846259447
-1.672282970760186
-1.69017187385784
-1.703270588168457
-1.710886520824895
-1.713828031158952
-1.708484848767811
-1.695748625537991
-1.681047467873823
-1.669619767555257
-1.658536157111959
-1.645084500563678
-1.632119880827339
-1.623638628611931
-1.598489904767395
-1.584487981578145
-1.571830523335551
-1.558508441961698
-1.542534622319246
-1.518404043687661
-1.494640929045248
-1.471648378821411
-1.440846065869929
-1.402644865602681
-1.356700353843779
-1.308214467182637
-1.249360236298628
-1.173769047977336
-1.086684709363381
-0.9706197616273261
-0.8378242994646277
-0.6974705350308708
-0.5360743114848376
-0.3333182308985958
-0.1403629045237507
-0.1105201826123961
-0.0883667091754185
-0.0728704349461347
-0.0888196910851388
-0.1645331313724662
-0.4064493046088854
-1.147203569754595
-5.519082865905445
0.0
0.8066975233753789
0.7980453126297768
0.7919812809131367
0.7873106022224382
0.7835170324006637
0.7801203216774496
0.7766427637390171
0.772721621692878
0.7683532012283604
0.7639130162412703
0.7593854492653888
0.7545255942283929
0.7487724172170701
0.7422051961877385
0.7349592293795608
0.7273631775229945
0.7200167946229381
0.7132814378511795
0.7087621197408894
0.7056850247861759
0.703710309480093
0.7029237854010519
0.7034162734613036
0.7032514781942087
0.702245473575031
0.7002834997908771
0.6982450223820726
0.6949217105979199
0.6900479170131172
0.683326435560426
0.677365030816217
0.6635171454675106
0.6507713793379134
0.6362622704920343
0.6193854615514653
0.5998863405864113
0.5774360669061226
0.553005295136918
0.527054176599515
0.5003147366849846
0.4736874822682358
0.4480523669972539
0.4228830757880123
0.394122448291791
0.3627131599137464
0.3311402105473634
0.2980872307059388
0.2647623006272744
0.2362771002553391
0.2092007920747495
0.1798482450649911
0.1544287680279734
0.1357203335618445
0.1249239942360785
0.119667523179564
0.1394105420034726
0.2085092726682763
0.4362233952690742
1.163884191994976
5.528982735784015
0.0
1.0
1.0
1.0
1.0
1.0
1.0
1.0
1.0
1.0
1.0
1.0
1.0
1.0
1.0
1.0
1.0
1.0
1.0
1.0
1.0
1.0
1.0
1.0
1.0
1.0
1.0
1.0
1.0
1.0
1.0
1.0
1.0
1.0
1.0
1.0
1.0
1.0
1.0
1.0
1.0
1.0
1.0
1.0
1.0
1.0
1.0
1.0
1.0
1.0
1.0
1.0
0.0
0.0
0.0
0.0
0.0
0.0
0.0
0.0
0.0
0.0
1.0
1.0
1.0
1.0
1.0
1.0
1.0
1.0
1.0
1.0
1.0
1.0
1.0
1.0
1.0
1.0
0.6775249999999999
0.6775249999999999
0.6775249999999999
0.6775249999999999
0.6775249999999999
0.6775249999999999
0.6775249999999999
0.6775249999999999
0.6775249999999999
0.6775249999999999
0.6775249999999999
0.6775249999999999
0.6775249999999999
0.6775249999999999
0.6775249999999999
0.6775249999999999
0.6775249999999999
0.6775249999999999
0.6775249999999999
0.6775249999999999
0.6775249999999999
0.6775249999999999
0.6775249999999999
0.6775249999999999
0.6775249999999999
0.6775249999999999
0.6775249999999999
0.6775249999999999
0.6775249999999999
1.0
1.0
1.0
1.0
1.0
1.0
1.0
1.0
1.0
1.0
1.0
1.0
1.0
1.0
1.0
1.0
1.0
1.0
1.0
1.0
1.0
1.0
1.0
1.0
1.0
1.0
1.0
1.0
1.0
0.01856995865013652
0.017354667445750576
0.01620002880052517
0.01510399030451769
0.01406453487534032
0.013079680758159998
0.012147481525698474
0.011266026078232245
0.010433438643592606
0.009647878777165601
0.008907541361892079
0.008210656608267664
0.0075554900543427376
0.006940342565722466
0.006363550335566805
0.0058234848845904776
0.005318553061062976
0.004847197040808577
0.004407894327206344
0.003999157751190104
0.0036195354712484614
0.0032676109734247998
0.002942003071317286
0.0026413659060788588
0.0023643889464172252
0.002109796988594889
0.0018763501564291114
0.0016628439012919423
0.0014681090021101998
0.0012910115653654909
0.001130453025094188
0.0009853701428874458
0.0008547350078911949
0.0007375550368061434
0.0006328729738877755
0.0005397668909463526
0.0004573501873469133
0.00038477159000927256
0.00032121515340802274
0.00026590025957253297
0.0002180816180869489
0.00017704926609019405
0.00014212856827596791
0.00011268021689274726
8.81002317437858e-05
6.781996018711409e-05
5.130607713553956e-05
3.806058505664666e-05
2.7620813972796764e-05
1.9559421461128042e-05
1.348439265355564e-05
9.039040236771622e-06
5.902004452244951e-06
3.787253096221513e-06
2.444081519724105e-06
1.657112628552436e-06
1.2462968832831278e-06
1.0669122992697166e-06
1.009564446642652e-06
1.0001864503092964e-06
0.0004
0.0004
0.0004
0.0004
0.0004
0.0004
0.0004
0.0004
0.0004
0.0004
0.0004
0.0004
0.0004
0.0004
0.0004
0.0004
0.0004
0.0004
0.0004
0.0004
0.0004
0.0004
0.0004
0.0004
0.0004
0.0004
0.0004
0.0004
0.0004
0.0004
0.0004
0.0004
0.0004
0.0004
0.0004
0.0004
0.0004
0.0004
0.0004
0.0004
0.0004
0.0004
0.0004
0.0004
0.0004
0.0004
0.0004
0.0004
0.0004
0.0004
0.0004
0.0004
0.0004
0.0004
0.0004
0.0004
0.0004
0.0004
0.0004
0.0004
6.302694256850519e-42
2.692055492506257e-41
1.1495775854991007e-40
4.90778449628898e-40
2.0946999130182416e-39
8.93806049467332e-39
3.812814720708627e-38
1.6260152238094917e-37
6.932267455164972e-37
2.9545601741234048e-36
1.258844049461622e-35
5.361755456712684e-35
2.2829275282260247e-34
9.716749294192082e-34
4.134156496633543e-33
1.75825848469786e-32
7.474820973384319e-32
3.176383847760331e-31
1.34918201409255e-30
5.728014766714873e-30
2.430657045121194e-29
1.0309044221677685e-28
4.369951585481906e-28
1.8513382414185306e-27
7.838486737582954e-27
3.3166621205736945e-26
1.4024156130445482e-25
5.925722018149385e-25
2.5019334604720558e-24
1.0555025429851124e-23
4.449066669691933e-23
1.8736107576043588e-22
7.882477339432615e-22
3.3127451726281218e-21
1.3906595133498467e-20
5.830725251735492e-20
2.441462928043379e-19
1.0208332118246484e-18
4.261685429966735e-18
1.7760987362535215e-17
7.388222306474472e-17
3.067022247048423e-16
1.2702862734753256e-15
5.247846491242184e-15
2.1618332132984008e-14
8.876991960997958e-14
3.6317869559637085e-13
1.4796253118308191e-12
5.998878933666913e-12
2.4183009545817298e-11
9.68286390105557e-11
3.845341244557462e-10
1.511722875679484e-09
5.867518448929668e-09
2.2396954342344195e-08
8.35733232486776e-08
3.018278007873455e-07
1.0357361907875715e-06
3.2429378774763535e-06
8.1912488611161e-06
3.06e-07
3.06e-07
3.06e-07
3.06e-07
3.06e-07
3.06e-07
3.06e-07
3.06e-07
3.06e-07
3.06e-07
3.06e-07
3.06e-07
3.06e-07
3.06e-07
3.06e-07
3.06e-07
3.06e-07
3.06e-07
3.06e-07
3.06e-07
3.06e-07
3.06e-07
3.06e-07
3.06e-07
3.06e-07
3.06e-07
3.06e-07
3.06e-07
3.06e-07
3.06e-07
3.06e-07
3.06e-07
3.06e-07
3.06e-07
3.06e-07
3.06e-07
3.06e-07
3.06e-07
3.06e-07
3.06e-07
3.06e-07
3.06e-07
3.06e-07
3.06e-07
3.06e-07
3.06e-07
3.06e-07
3.06e-07
3.06e-07
3.06e-07
3.06e-07
3.06e-07
3.06e-07
3.06e-07
3.06e-07
3.06e-07
3.06e-07
3.06e-07
3.06e-07
3.06e-07
0.0
0.0
0.0
0.0
0.0
0.0
0.0
0.0
0.0
0.0
0.0
0.0
0.0
0.0
0.0
0.0
0.0
0.0
0.0
0.0
0.0
0.0
0.0
0.0
0.0
0.0
0.0
0.0
0.0
0.0
0.0
0.0
0.0
0.0
0.0
0.0
0.0
0.0
0.0
0.0
0.0
0.0
0.0
0.0
0.0
0.0
0.0
0.0
0.0
0.0
0.0
0.0
0.0
0.0
0.0
0.0
0.0
0.0
0.0
0.0
1.65e-06
1.65e-06
1.65e-06
1.65e-06
1.65e-06
1.65e-06
1.65e-06
1.65e-06
1.65e-06
1.65e-06
1.65e-06
1.65e-06
1.65e-06
1.65e-06
1.65e-06
1.65e-06
1.65e-06
1.65e-06
1.65e-06
1.65e-06
1.65e-06
1.65e-06
1.65e-06
1.65e-06
1.65e-06
1.65e-06
1.65e-06
1.65e-06
1.65e-06
1.65e-06
1.65e-06
1.65e-06
1.65e-06
1.65e-06
1.65e-06
1.65e-06
1.65e-06
1.65e-06
1.65e-06
1.65e-06
1.65e-06
1.65e-06
1.65e-06
1.65e-06
1.65e-06
1.65e-06
1.65e-06
1.65e-06
1.65e-06
1.65e-06
1.65e-06
1.65e-06
1.65e-06
1.65e-06
1.65e-06
1.65e-06
1.65e-06
1.65e-06
1.65e-06
1.65e-06
0.0
0.0
0.0
0.0
0.0
0.0
0.0
0.0
0.0
0.0
0.0
0.0
0.0
0.0
0.0
0.0
0.0
0.0
0.0
0.0
0.0
0.0
0.0
0.0
0.0
0.0
0.0
0.0
0.0
0.0
0.0
0.0
0.0
0.0
0.0
0.0
0.0
0.0
0.0
0.0
0.0
0.0
0.0
0.0
0.0
0.0
0.0
0.0
0.0
0.0
0.0
0.0
0.0
0.0
0.0
0.0
0.0
0.0
0.0
0.0
0.0
0.0
0.0
0.0
0.0
0.0
0.0
0.0
0.0
0.0
0.0
0.0
0.0
0.0
0.0
0.0
0.0
0.0
0.0
0.0
0.0
0.0
0.0
0.0
0.0
0.0
0.0
0.0
0.0
0.0
0.0
0.0
0.0
0.0
0.0
0.0
0.0
0.0
0.0
0.0
0.0
0.0
0.0
0.0
0.0
0.0
0.0
0.0
0.0
0.0
0.0
0.0
0.0
0.0
0.0
0.0
0.0
0.0
0.0
0.0
2
2
1
281.8841562236781
-0.003969255188906118
0.0
0.0
50.0
6.5
1.0
2.0
3.0
4.0
5.0
6.0
7.0
8.0
9.0
10.0
11.0
12.0
13.0
14.0
15.0
16.0
17.0
18.0
19.0
20.0
21.0
22.0
23.0
24.0
25.0
26.0
27.0
28.0
29.0
30.0
31.0
32.0
33.0
34.0
35.0
36.0
37.0
38.0
39.0
40.0
41.0
42.0
43.0
44.0
45.0
46.0
47.0
48.0
49.0
50.0
51.0
52.0
53.0
54.0
55.0
56.0
57.0
58.0
59.0
60.0
0.0
0.0
0.0
0.0
0.0
0.0
0.0
0.0
0.0
0.0
0.0
0.0
0.0
0.0
0.0
0.0
0.0
0.0
0.0
0.0
0.0
0.0
0.0
0.0
0.0
0.0
0.0
0.0
0.0
0.0
0.5
0.0
0.0
0.0
0.0
0.0
0.0
0.0
0.0
0.0
0.0
0.0
0.0
0.0
0.0
0.0
0.0
0.0
0.0
0.0
0.0
0.0
0.0
0.0
0.0
0.0
0.0
0.0
0.0
0.0
0.0
0.0
0.0
0.0
0.0
0.0
0.0
0.0
0.0
0.0
0.0
0.0
0.0
0.0
0.0
0.0
0.0
0.0
0.0
0.0
0.0
0.0
0.0
0.0
0.0
0.0
0.0
0.0
0.0
0.0
0.003
0.0
0.0
0.0
0.0
0.0
0.0
0.0
0.0
0.0
0.0
0.0
0.0
0.0
0.0
0.0
0.0
0.0
0.0
0.0
0.0
0.0
0.0
0.0
0.0
0.0
0.0
0.0
0.0
0.0
0.0
0.0
0.0
0.0
0.0
0.0
0.0
0.0
0.0
0.0
0.0
0.0
0.0
0.0
0.0
0.0
0.0
0.0
0.0
0.0
0.0
0.0
0.0
0.0
0.0
0.0
0.0
0.0
0.0
0.0
0.0005
0.0
0.0
0.0
0.0
0.0
0.0
0.0
0.0
0.0
0.0
0.0
0.0
0.0
0.0
0.0
0.0
0.0
0.0
0.0
0.0
0.0
0.0
0.0
0.0
0.0
0.0
0.0
0.0
0.0
45.0
