9.81
6.022e+23
0
0
0
3
0
1
292.1463125560618
2
2
0
0
1
1
0
1
60
7
1000.0
1.0


3
3
0
75.0
0
6.7
150.0
1000.0
287.04
9.81
79000.0
40.0
20000.0
0.0
0.0
0.0
0.0
0.0280134
0.04401
0.0319988
0.039948
0.01604
0.01801528
0.048
99000.0
2.1153802199668344e+29
0.8
1e-06
1000000.0
0.6
3.0
0.0001
1000
49
2.3426711839977052
0
1
6
1.0
1
0
1
1
0.02
1000000000000.0
2
293.38275025558454
292.3970899053937
291.3976120195525
290.3838587941196
289.3642319629273
288.3562697732164
287.33887561350014
286.31668435260775
285.27897465820513
284.221074614074
283.1397444051842
282.03591195601985
280.9060833909901
279.74446007077324
278.55169696550576
277.32990291115857
276.077109531635
274.7970029693992
273.4897030588705
272.1550177500369
270.7944748475518
269.4078940889478
267.9934090043595
266.54869672393716
265.0754707320852
263.56981681155816
262.02993474369396
260.45182892970604
258.83278449669376
257.1713754992729
255.4634006993512
253.70565892334713
251.89511135167945
250.0272398371366
248.097119521444
246.1025742065716
244.0366026439229
241.89179918033622
239.663134984529
237.34686701372652
234.93592846029938
232.4212478777244
229.79709282555046
227.05523945094086
224.17994892735706
221.16098910483487
217.98406718175735
214.61707514349237
211.0121634527909
207.13080858261156
205.14411161510372
203.85485044380889
203.10466414826254
203.06657988622396
204.75016779184907
208.2310186145967
214.05836630900455
220.67372206207847
228.82102641767924
238.9550206962921
292.14590270551986
291.16581452993194
290.17192145831285
289.16384596552376
288.1411484018359
287.10334523020794
286.04991280800965
284.9802959341797
283.8939162031568
282.7901676791608
281.6684118809348
280.52797523976704
279.36814533586823
278.18816675570343
276.9872378209942
275.76450944508275
274.51907727533757
273.24997882295156
271.95619067700045
270.636612453799
269.2900635427248
267.915279053887
266.51089570219006
265.0754439099564
263.6073415436884
262.10488509695114
260.5662280448849
258.9893593301914
257.37209101593953
255.71203103447863
254.00654884838488
252.2527642177668
250.44751426218497
248.58727955618235
246.66814579539212
244.68572520760074
242.63507516633678
240.51066619855374
238.30618091633224
236.01432511719932
233.6267818360439
231.1338993691587
228.52428283056463
225.78327039757002
223.10923240302583
222.56261968953305
222.59140866121908
223.0050172697003
223.591540859993
224.25677764675024
224.8410633981569
225.3712284068535
225.79644559858184
226.11929511299454
226.50194132779694
226.42812010574332
226.08246792325784
224.89668164573447
221.97662527841214
237.98156804521744
991.675
975.0250000000001
958.375
941.7249999999999
925.075
908.425
891.7750000000001
875.125
858.4749999999999
841.825
825.175
808.5250000000001
791.875
775.225
758.575
741.925
725.2750000000001
708.625
691.975
675.325
658.675
642.0250000000001
625.375
608.725
592.075
575.425
558.7750000000001
542.125
525.4750000000001
508.82500000000005
492.17500000000007
475.52500000000003
458.87500000000006
442.2250000000001
425.57500000000005
408.925
392.27500000000003
375.62500000000006
358.9750000000001
342.32500000000005
325.675
309.02500000000003
292.37500000000006
275.7250000000001
259.0750000000001
242.42500000000007
225.77500000000003
209.12500000000006
192.47500000000008
175.8250000000001
159.17500000000007
142.52500000000003
125.87500000000006
109.22500000000008
92.5750000000001
75.92500000000013
59.27500000000009
42.62500000000006
25.97500000000008
9.325000000000045
991.675
975.0250000000001
958.375
941.7249999999999
925.075
908.425
891.7750000000001
875.125
858.4749999999999
841.825
825.175
808.5250000000001
791.875
775.225
758.575
741.925
725.2750000000001
708.625
691.975
675.325
658.675
642.0250000000001
625.375
608.725
592.075
575.425
558.7750000000001
542.125
525.4750000000001
508.82500000000005
492.17500000000007
475.52500000000003
458.87500000000006
442.2250000000001
425.57500000000005
408.925
392.27500000000003
375.62500000000006
358.9750000000001
342.32500000000005
325.675
309.02500000000003
292.37500000000006
275.7250000000001
259.0750000000001
242.42500000000007
225.77500000000003
209.12500000000006
192.47500000000008
175.8250000000001
159.17500000000007
142.52500000000003
125.87500000000006
109.22500000000008
92.5750000000001
75.92500000000013
59.27500000000009
42.62500000000006
25.97500000000008
9.325000000000045
73.04921301344088
220.16269811654462
369.3385019734386
520.6449535305919
674.1610878800857
829.9692398065388
988.1518560637253
1148.7944541683364
1311.9831882534659
1477.807060153539
1646.3598241184316
1817.7402970280173
1992.0506446628033
2169.398175526876
2349.898271189041
2533.674087528938
2720.858028201022
2911.5932476596067
3106.033360853614
3304.3439803553274
3506.703912051853
3713.3052996808146
3924.3541618476806
4140.073422315905
4360.704293468094
4586.506752774489
4817.761693134572
5054.773318725842
5297.8732996544295
5547.423707362941
5803.820312072308
6067.497978342164
6338.935714053052
6618.662447201432
6907.266426249744
7205.403697801623
7513.806653377886
7833.299237265502
8164.816927185893
8509.427474551416
8868.35467236221
9243.014206172162
9635.059272785074
10046.4311361957
10479.434282970016
10936.84108269916
11422.011178793578
11939.046868981324
12493.056677934379
13093.952906425984
13756.294707962516
14497.740063406625
15343.647457639272
16335.26472096999
17542.076403741077
19089.804661476526
21230.552949072568
24637.478455120803
33025.3338546868
56560.69457252452
72.63213626162589
218.91395351355675
367.2562030089413
517.7152317834363
670.3566591995389
825.2526549649049
982.4813746959908
1142.125684222847
1304.2719127337318
1469.010498404774
1636.436736945967
1806.6511610008577
1979.7601018812811
2155.876307876025
2335.1194324594912
2517.616204983589
2703.5016034530227
2892.9192829136227
3086.0219912645325
3282.9739648766927
3483.951414290752
3689.143129042659
3898.7525845198124
4112.999120674089
4332.1188768334905
4556.366107689797
4786.016413968344
5021.369953474832
5262.7532839601845
5510.523430446886
5765.073010460879
6026.83191055313
6296.272202431019
6573.919173476185
6860.357048220994
7156.240718040603
7462.307888378509
7779.383853719262
8108.411507782172
8450.479537503503
8806.829280959537
9178.9012909424
9568.396296702711
9977.502629985487
10410.906921699083
10874.69237333408
11374.603030230108
11917.32837143485
12510.983925932986
13165.749793551233
13895.010197173397
14717.144945739055
15658.380217728185
16758.647671872735
18081.079204453068
19736.604719872907
21950.90099306022
25317.775379753228
33616.0219493522
56560.69457252452
3.521179111399233e+23
3.521179111399233e+23
3.521179111399257e+23
3.521179111399233e+23
3.521179111399233e+23
3.521179111399233e+23
3.521179111399233e+23
3.521179111399257e+23
3.521179111399233e+23
3.521179111399233e+23
3.521179111399233e+23
3.521179111399233e+23
3.521179111399257e+23
3.5211791113992086e+23
3.521179111399257e+23
3.521179111399233e+23
3.521179111399233e+23
3.521179111399257e+23
3.5211791113992086e+23
3.521179111399257e+23
3.521179111399233e+23
3.521179111399233e+23
3.521179111399257e+23
3.5211791113992086e+23
3.521179111399257e+23
3.521179111399233e+23
3.521179111399233e+23
3.521179111399233e+23
3.521179111399233e+23
3.521179111399244e+23
3.521179111399244e+23
3.521179111399233e+23
3.521179111399233e+23
3.521179111399233e+23
3.521179111399257e+23
3.521179111399233e+23
3.521179111399233e+23
3.521179111399233e+23
3.521179111399233e+23
3.521179111399257e+23
3.521179111399233e+23
3.521179111399233e+23
3.521179111399233e+23
3.521179111399233e+23
3.521179111399233e+23
3.521179111399257e+23
3.521179111399233e+23
3.521179111399233e+23
3.521179111399233e+23
3.521179111399233e+23
3.521179111399257e+23
3.521179111399233e+23
3.521179111399233e+23
3.521179111399233e+23
3.521179111399233e+23
3.521179111399233e+23
3.521179111399257e+23
3.521179111399233e+23
3.521179111399233e+23
3.521179111399257e+23
3.521179111399233e+23
3.521179111399233e+23
3.521179111399257e+23
3.521179111399233e+23
3.521179111399233e+23
3.521179111399233e+23
3.521179111399233e+23
3.521179111399257e+23
3.521179111399233e+23
3.521179111399233e+23
3.521179111399233e+23
3.521179111399233e+23
3.521179111399257e+23
3.5211791113992086e+23
3.521179111399257e+23
3.521179111399233e+23
3.521179111399233e+23
3.521179111399257e+23
3.5211791113992086e+23
3.521179111399257e+23
3.521179111399233e+23
3.521179111399233e+23
3.521179111399257e+23
3.5211791113992086e+23
3.521179111399257e+23
3.521179111399233e+23
3.521179111399233e+23
3.521179111399233e+23
3.521179111399233e+23
3.521179111399244e+23
3.521179111399244e+23
3.521179111399233e+23
3.521179111399233e+23
3.521179111399233e+23
3.521179111399257e+23
3.521179111399233e+23
3.521179111399233e+23
3.521179111399233e+23
3.521179111399233e+23
3.521179111399257e+23
3.521179111399233e+23
3.521179111399233e+23
3.521179111399233e+23
3.521179111399233e+23
3.521179111399233e+23
3.521179111399257e+23
3.521179111399233e+23
3.521179111399233e+23
3.521179111399233e+23
3.521179111399233e+23
3.521179111399257e+23
3.521179111399233e+23
3.521179111399233e+23
3.521179111399233e+23
3.521179111399233e+23
3.521179111399233e+23
3.521179111399257e+23
3.521179111399233e+23
3.521179111399233e+23
3.521179111399257e+23
-4.410208364186426
-4.276068185455887
-4.262334149521845
-4.286178591905856
-4.125692622101182
-3.975395815056209
-3.7989438572276413
-3.5739103445443954
-3.3422389376346633
-3.12108509665985
-2.9212488615157106
-2.736385559523808
-2.5778830070067524
-2.467924349475765
-2.3982727271326287
-2.35867501555778
-2.3531728446669953
-2.362182397405721
-2.381264450749637
-2.4060082149941784
-2.425743578505289
-2.435550835020116
-2.4374386927601255
-2.4352131586035113
-2.4148849473742495
-2.3841493576200707
-2.3444988398116107
-2.303370347131503
-2.262976107548758
-2.2190179230648392
-2.1778374455699283
-2.140730065246005
-2.1069995257010516
-2.08087583949656
-2.0661895160065997
-2.053765237666658
-2.052406157413272
-2.069831724235847
-2.1010690874591953
-2.1317333338661033
-2.157255169439952
-2.175737973206761
-2.165174645553212
-2.106189578456208
-1.9983965391899607
-1.8080654406556678
-1.5012578518240582
-1.096918399924805
-0.6517456860645964
-0.04965743150478749
0.002424804092629129
0.0038468543020344914
0.004445586510059427
0.004486522259518913
0.00335349489121365
0.0022497515178706573
0.0015016548652765083
0.0007250481861437105
0.0002450169193744661
0.0008112988969358002
-2.2046999889777794
-1.8239572055753424
-1.6878302903018654
-1.6638638364101226
-1.6823638873244513
-1.7117286270141223
-1.7345297225732135
-1.7349541493403127
-1.720841997078584
-1.699859058094993
-1.674394658473483
-1.6460228015331746
-1.617150911046763
-1.5874897471900637
-1.5575405106969278
-1.5276824812912426
-1.5036493224969345
-1.4792329062785077
-1.4636260016053044
-1.4553699250419223
-1.4460230134235021
-1.4408702330946905
-1.4380518224830827
-1.4340502964538713
-1.4306352148240913
-1.4320911021514464
-1.445462885456126
-1.4642458664748452
-1.4887972697477565
-1.5227632322106879
-1.5601638916573224
-1.5948160025296116
-1.6452473653674125
-1.7080397031476948
-1.7648282391672503
-1.8275775342910894
-1.8620472395630796
-1.874613823955399
-1.890103419646978
-1.8304902769299112
-1.6818614541944956
-1.4854041352583718
-1.1542132526531466
-0.6361601281368067
0.0019354827870322056
0.0029113218074141856
0.003910921178666912
0.00510097333106016
0.00604968170833757
0.007590963938840525
0.008938188182440604
0.010094397071950104
0.010865106995903193
0.011071871633951957
0.010768671528486214
0.009872404390210657
0.007909906200879696
0.005485273862928724
0.0024328246297883813
0.0051928750647297645
-3.9271113705966627
-3.8011181402700913
-3.7950764548636613
-3.8272383936545538
-3.6743603584485243
-3.5327526634770408
-3.3641847015490214
-3.1469788545196025
-2.9233599371495984
-2.710292650788091
-2.5186480366616877
-2.3418077298470195
-2.1914657115796956
-2.0887661179930035
-2.0277647881665075
-1.9962490288332901
-1.9987196330770018
-2.015840634103796
-2.0428290922363033
-2.0758656880233843
-2.1036042619122384
-2.1214365077598814
-2.1313860049986033
-2.1369046342690012
-2.1241329049028934
-2.102113299511416
-2.070505476424671
-2.037457241336625
-2.0050193880237828
-1.9690296942031011
-1.9359382766845954
-1.9069421915140197
-1.8813315941694952
-1.8631621317582017
-1.8565280125408208
-1.8521913411005357
-1.8588693306941195
-1.8844092363736138
-1.9236542640496737
-1.9624065770705101
-1.995951705161076
-2.0225678439829267
-2.020010684551778
-1.9683725880670409
-1.8688971702781885
-1.6868578329764148
-1.3880521077291803
-0.9917216496795049
-0.5545697901807216
0.03949096764725368
0.08332977156126731
0.07646989144669192
0.0691245554989166
0.06114622836528838
0.052024318279222825
0.04292149926834554
0.034033835939141
0.02532644437746967
0.016820399071320935
0.009303837861978081
-2.6884041406921995
-2.2995356196418015
-2.1553639498345376
-2.123341165938683
-2.1337905310680867
-2.155211363201005
-2.169894672179794
-2.162246383363822
-2.140071777199296
-2.111048626398002
-2.077493406053094
-2.041016281425385
-2.004257260739422
-1.9664369078900847
-1.9284462978716874
-1.8905301235073182
-1.8584614952413006
-1.8260162276641836
-1.8023506973819963
-1.7858212672771003
-1.7686382573209016
-1.7555207984881065
-1.7445640326031082
-1.732522016171174
-1.720773258968535
-1.7143921370506803
-1.7197285868724919
-1.7306056964927166
-1.7469329191434042
-1.772896052034099
-1.802248754733796
-1.8285796404678933
-1.8710646619801992
-1.9258882380140108
-1.9747456816014903
-2.0292924340554066
-2.0557397139747877
-2.0603431433465005
-2.067774453230186
-1.999886899633708
-1.843280716787433
-1.6387128136361753
-1.299350924308385
-0.7732832642422522
-0.1273825115058571
-0.1183409387050176
-0.10929437397493302
-0.10009139292276359
-0.09108579357692292
-0.08165340868896465
-0.07225826294703097
-0.06302147464506902
-0.054224994878637744
-0.04598779401436559
-0.03824704410945401
-0.03113548205550387
-0.02507143877028284
-0.019255396596577157
-0.01419474134883103
-0.0035404122786530934
-0.4831298306621736
-0.4750857189816484
-0.4670416073011232
-0.458997495620598
-0.45095338394007284
-0.44290927225954757
-0.4348651605790224
-0.42682104889849726
-0.418776937217972
-0.41073282553744683
-0.4026887138569217
-0.3946446021763965
-0.3866004904958713
-0.3785563788153461
-0.37051226713482094
-0.36246815545429567
-0.3544240437737705
-0.34637993209324536
-0.3383358204127201
-0.330291708732195
-0.3222475970516698
-0.31420348537114456
-0.30615937369061946
-0.29811526201009425
-0.29007115032956904
-0.2820270386490438
-0.27398292696851867
-0.26593881528799346
-0.2578947036074683
-0.24985059192694312
-0.24180648024641788
-0.23376236856589266
-0.22571825688536754
-0.21767414520484235
-0.20963003352431717
-0.20158592184379193
-0.19354181016326674
-0.18549769848274159
-0.1774535868022164
-0.1694094751216912
-0.16136536344116598
-0.1533212517606408
-0.1452771400801156
-0.13723302839959045
-0.12918891671906527
-0.1211448050385401
-0.11310069335801484
-0.10505658167748967
-0.09701246999696449
-0.08896835831643932
-0.08092424663591413
-0.07288013495538889
-0.06483602327486372
-0.05679191159433854
-0.04874779991381336
-0.04070368823328818
-0.032659576552763
-0.024615464872237765
-0.016571353191712587
-0.008527241511187408
0.4836590586361352
0.4756061353098435
0.4675532119835519
0.45950028865726017
0.4514473653309686
0.44339444200467687
0.4353415186783852
0.4272885953520936
0.4192356720258019
0.4111827486995103
0.4031298253732187
0.3950769020469271
0.3870239787206354
0.37897105539434367
0.37091813206805213
0.36286520874176037
0.3548122854154688
0.3467593620891771
0.3387064387628854
0.3306535154365938
0.3226005921103022
0.31454766878401047
0.3064947454577189
0.2984418221314272
0.2903888988051356
0.2823359754788439
0.2742830521525523
0.2662301288262606
0.258177205499969
0.2501242821736774
0.24207135884738568
0.234018435521094
0.22596551219480238
0.21791258886851075
0.20985966554221908
0.2018067422159274
0.19375381888963575
0.18570089556334413
0.17764797223705248
0.16959504891076083
0.16154212558446918
0.1534892022581775
0.14543627893188585
0.13738335560559423
0.12933043227930258
0.12127750895301095
0.11322458562671926
0.1051716623004276
0.09711873897413596
0.08906581564784434
0.0810128923215527
0.07295996899526098
0.06490704566896936
0.056854122342677726
0.04880119901638608
0.04074827569009444
0.032695352363802804
0.02464242903751111
0.01658950571121947
0.008536582384927828
-16.649999999999977
-16.649999999999977
-16.65000000000009
-16.649999999999977
-16.649999999999977
-16.649999999999977
-16.649999999999977
-16.65000000000009
-16.649999999999977
-16.649999999999977
-16.649999999999977
-16.649999999999977
-16.65000000000009
-16.649999999999864
-16.65000000000009
-16.649999999999977
-16.649999999999977
-16.65000000000009
-16.649999999999864
-16.65000000000009
-16.649999999999977
-16.649999999999977
-16.65000000000009
-16.649999999999864
-16.65000000000009
-16.649999999999977
-16.649999999999977
-16.649999999999977
-16.649999999999977
-16.650000000000034
-16.650000000000034
-16.649999999999977
-16.649999999999977
-16.649999999999977
-16.65000000000009
-16.649999999999977
-16.649999999999977
-16.649999999999977
-16.649999999999977
-16.65000000000009
-16.649999999999977
-16.649999999999977
-16.649999999999977
-16.649999999999977
-16.649999999999977
-16.65000000000009
-16.649999999999977
-16.649999999999977
-16.649999999999977
-16.649999999999977
-16.65000000000009
-16.649999999999977
-16.649999999999977
-16.649999999999977
-16.649999999999977
-16.649999999999977
-16.65000000000009
-16.649999999999977
-16.649999999999977
-16.65000000000009
-16.649999999999977
-16.649999999999977
-16.65000000000009
-16.649999999999977
-16.649999999999977
-16.649999999999977
-16.649999999999977
-16.65000000000009
-16.649999999999977
-16.649999999999977
-16.649999999999977
-16.649999999999977
-16.65000000000009
-16.649999999999864
-16.65000000000009
-16.649999999999977
-16.649999999999977
-16.65000000000009
-16.649999999999864
-16.65000000000009
-16.649999999999977
-16.649999999999977
-16.65000000000009
-16.649999999999864
-16.65000000000009
-16.649999999999977
-16.649999999999977
-16.649999999999977
-16.649999999999977
-16.650000000000034
-16.650000000000034
-16.649999999999977
-16.649999999999977
-16.649999999999977
-16.65000000000009
-16.649999999999977
-16.649999999999977
-16.649999999999977
-16.649999999999977
-16.65000000000009
-16.649999999999977
-16.649999999999977
-16.649999999999977
-16.649999999999977
-16.649999999999977
-16.65000000000009
-16.649999999999977
-16.649999999999977
-16.649999999999977
-16.649999999999977
-16.65000000000009
-16.649999999999977
-16.649999999999977
-16.649999999999977
-16.649999999999977
-16.649999999999977
-16.65000000000009
-16.649999999999977
-16.649999999999977
-16.65000000000009
294.38275025558454
293.40389080120445
292.411429555203
291.40493502952205
290.3839231043371
289.34781882923886
288.29609386852263
287.22817177139257
286.1434830539209
285.04144273465187
283.9214431704599
282.7828356975223
281.62494483347143
280.44707703921614
279.24848791989285
278.0283757573431
276.78589198093823
275.5201109523372
274.2300400401932
272.9146134355375
271.57267773887025
270.20299035080404
268.80421914464216
267.37493559776806
265.91358105436797
264.4184819243287
262.8878280996623
261.3196657235036
259.7118723167393
258.06212597906057
256.36789685344525
254.62641147595502
252.8346161254292
250.98914581742915
249.08627790124092
247.12185249818177
245.09123846244574
242.98925289345985
240.8100378383517
238.5469158485266
236.1922565036537
233.73729139786195
231.17181875060038
228.48388750524893
225.659435780898
222.68164533847306
219.57280495835766
216.300834179214
212.81487052889298
209.07173172063898
206.13729407056093
204.49876127909965
203.47881131640227
203.0845841563233
203.90745749912895
206.48993345842706
211.14426117436795
217.36579385667932
224.74725902958437
233.88790042257395
244.021767920121
292.14590270551986
291.17263207961406
290.18572635434396
289.1848459363759
288.1695753687657
287.1394508090001
286.0939690255098
285.0325859646035
283.9547352778499
282.85982650255767
281.74723822985794
280.6163149061057
279.46636494752244
278.29665509830807
277.1064077871929
275.8947972288896
274.66095103537
273.4039328893992
272.1227541305979
270.81635659749696
269.48359768419493
268.1232587753486
266.7340287065194
265.3144920719547
263.86312512205205
262.3782873394187
260.85821222857754
259.30097323528616
257.7044747991906
256.0664366067825
254.38435483626884
252.65547223459498
250.87678557503267
249.04497232343127
247.15631616302744
245.20670480185083
243.19147498744468
241.1054047193229
238.9426570518786
236.69643415487994
234.35894545361276
231.92134759256908
229.51234338879425
226.9390393162352
224.36999739171603
222.83592604627944
222.57701417537606
222.7982129654597
223.29827906484664
223.9241592533716
224.54892052245356
225.1061459025052
225.58383700271767
225.9578703557882
226.31061822039572
226.46503071677012
226.25529401450058
225.48957478449614
223.4366534620733
229.9790966618148
245.9840394286201
1000.0
983.35
966.7
950.05
933.4
916.75
900.1
883.45
866.8
850.15
833.5
816.85
800.2
783.55
766.9000000000001
750.25
733.6
716.95
700.3
683.6500000000001
667.0
650.35
633.7
617.05
600.4000000000001
583.75
567.1
550.45
533.8000000000001
517.1500000000001
500.50000000000006
483.85
467.20000000000005
450.55000000000007
433.9000000000001
417.25
400.6
383.95000000000005
367.30000000000007
350.6500000000001
334.0
317.35
300.70000000000005
284.05000000000007
267.4000000000001
250.7500000000001
234.10000000000002
217.45000000000005
200.80000000000007
184.1500000000001
167.5000000000001
150.85000000000002
134.20000000000005
117.55000000000007
100.90000000000009
84.25000000000011
67.60000000000014
50.950000000000045
34.30000000000007
17.65000000000009
1.0
1000.0
983.35
966.7
950.05
933.4
916.75
900.1
883.45
866.8
850.15
833.5
816.85
800.2
783.55
766.9000000000001
750.25
733.6
716.95
700.3
683.6500000000001
667.0
650.35
633.7
617.05
600.4000000000001
583.75
567.1
550.45
533.8000000000001
517.1500000000001
500.50000000000006
483.85
467.20000000000005
450.55000000000007
433.9000000000001
417.25
400.6
383.95000000000005
367.30000000000007
350.6500000000001
334.0
317.35
300.70000000000005
284.05000000000007
267.4000000000001
250.7500000000001
234.10000000000002
217.45000000000005
200.80000000000007
184.1500000000001
167.5000000000001
150.85000000000002
134.20000000000005
117.55000000000007
100.90000000000009
84.25000000000011
67.60000000000014
50.950000000000045
34.30000000000007
17.65000000000009
1.0
0.0
146.09842602688175
294.2269702062075
444.45003374066977
596.8398733205141
751.4823024396572
908.4561771734204
1067.8475349540302
1229.7413733826427
1394.2250031242888
1561.389117182789
1731.330531054074
1904.1500630019602
2079.951226323646
2258.8451247301055
2440.9514176479775
2626.396757409898
2815.3192989921463
3007.867196327067
3204.1995253801606
3404.4884353304938
3608.9193887732126
3817.691210588417
4031.017113106944
4249.129731524867
4472.278855411322
4700.734650137654
4934.78873613149
5174.757901320195
5420.988697988664
5673.858716737217
5933.7819074074
6201.214049276929
6476.657378829175
6760.667515573688
7053.8653369258
7356.942058677446
7670.671248078326
7995.927226452677
8333.70662791911
8685.14832118372
9051.5610235407
9434.467388803623
9835.651156766527
10257.211115624872
10701.65745031516
11172.02471508316
11671.997642503995
12206.096095458652
12780.017260410108
13407.888552441858
14104.700863483173
14890.779263330078
15796.515651948468
16874.01378999151
18210.13901749064
19969.470305462415
22491.63559268272
26783.321317558886
39267.34639181472
51751.37146607063
0.0
145.26427252325178
292.56363450386175
441.9487715140209
593.4816920528516
747.231626346226
903.2736835835836
1061.689065808398
1222.562302637296
1385.9815228301675
1552.0394739793803
1720.8339999125535
1892.4683220891618
2067.0518816734
2244.7007340786495
2425.538130840333
2609.694279126845
2797.3089277792
2988.529638048045
3183.5143444810196
3382.433585272366
3585.469243309138
3792.81701477618
4004.688154263445
4221.310087084732
4442.927666582248
4669.804548797346
4902.228279139342
5140.511627810322
5384.994940110047
5636.051920783725
5894.094100138032
6159.569720968228
6432.97468389381
6714.863663058561
7005.850433383427
7306.631002697779
7617.984774059239
7940.782933379286
8276.040082185056
8624.91899282195
8988.739569097126
9369.063012787674
9767.729580617748
10187.275679353224
10634.538164044941
11114.846582623217
11634.359477837
12200.297265032701
12821.67058683327
13509.829000269194
14280.191394077598
15154.098497400511
16162.661938055859
17354.63340568961
18807.525003216524
20665.684436529293
23236.117549591145
27399.43320991531
39832.610688789086
52265.78816766295
451.1580066552746
448.41785507188007
445.3143935345873
441.994042198431
438.52853751682784
435.0216898721989
431.5244447085031
428.0507203077481
424.6382978047294
421.29975601054815
418.03499626978424
414.8488407284103
411.72888361445615
408.66639788035303
405.64331698047687
402.6530612888613
399.6894447375077
396.73796916345543
393.8168030017931
390.92424360443215
388.0616639980484
385.23399745234883
382.44789728866357
379.70333137869966
377.0039044718716
374.3538460019669
371.7532203957736
369.2021501582282
366.6994851078705
364.2408606086139
361.8337343882718
359.4746869652063
357.16194472700266
354.8970806965678
352.68085789426306
350.5128630250714
348.4014365789674
346.34650104949344
344.34753578755283
342.41140452190103
340.54807535937596
338.7662387700832
337.06929763569684
335.4797858138352
334.00745282162643
332.65176495241366
331.42302221590904
330.3250527232145
329.3465794400352
328.46215433547314
327.75178330642836
327.41560180728544
327.2812904353633
327.30141754558
327.50479048000796
327.8978571069425
328.47486013688376
329.0708495707876
329.5160797250572
330.08859410816046
331.8231818136856
459.82445085697316
458.6186286911719
456.9296404045863
454.99751743443284
452.89957785782275
450.70461488664614
448.45662186557354
446.1878875163368
443.9253129976576
441.67135702260384
439.4298110235514
437.19948901524435
434.9759260323953
432.76172984031143
430.55735555317733
428.3613982545087
426.17682879918294
423.9984748876835
421.8320627181492
419.6737177329737
417.5205054852054
415.3783576535881
413.25243731167075
411.14120514273975
409.049628421744
406.9800253454968
404.93078724386817
402.8993648066859
400.8906484458046
398.90704607468433
396.95480822798805
395.03862814772526
393.16568865712617
391.3324823859588
389.5554862442725
387.84096574530025
386.18682107187715
384.6075799620352
383.104398327063
381.6728129714949
380.3369952295668
379.09779488765537
377.96388244462173
376.90664811275917
375.9397147286122
375.19571858191017
374.91173798671207
374.8539240366416
374.9477361616224
375.1271320283765
375.35068144973513
375.5721153312395
375.7550598945745
375.87662345506357
375.9279115195037
375.878190443731
375.6969863530788
375.324664582167
374.7055966777558
374.45069816088915
376.44424289378344
425.854590609374
422.6606799273405
419.0961603837585
415.3081394818535
411.3686225724804
407.3803780822075
403.3947007345049
399.4257822411217
395.511334477028
391.6642016034573
387.8845333225574
384.1774864975459
380.5310588105003
376.9368996189775
373.3774010783301
369.846304386766
366.3376839207239
362.8372646341219
359.3632474408367
355.9139994080077
352.4909294364262
349.0989550015548
345.7447223726275
342.4281968120888
339.1529506226606
335.9231863575371
332.7389431851961
329.600316576684
326.5061282192962
323.4519986492503
320.4453408188349
317.4826983140098
314.5622591320014
311.6855422515178
308.8532686836705
306.0649779491147
303.3289473492211
300.6450498409089
298.0127195758064
295.4387648766481
292.9331028211142
290.5043785733239
288.155965395431
285.9103706979283
283.7773259808911
281.756293950464
279.8576341759782
278.0852090616636
276.4278250346555
274.8601673830486
273.4623467137823
272.4346889463157
271.6052061430459
270.9270665731963
270.430122194839
270.1344992641168
270.0408083700085
270.0272608527158
270.0190861075765
270.3986518136177
271.4893183993539
413.0543825067146
411.4206318286166
409.2951319445245
406.9201688585842
404.37443298808
401.7259559267847
399.017952486729
396.2823040504155
393.5455931049863
390.810694012714
388.0818145575859
385.3583260758189
382.6362933079818
379.9186895311924
377.2062441696408
374.497803820707
371.7965208602168
369.0974154220737
366.4062483874655
363.7192336589635
361.0335285571728
358.3550495127144
355.6889578603589
353.0337227567744
350.3942796359045
347.7729304424183
345.1680587804498
342.5770891505227
340.0048928447356
337.4538431626169
334.930137927543
332.438414190216
329.98580321355
327.5687641418747
325.2037299451583
322.8969425469291
320.6462795616755
318.4662963859794
316.3581939015281
314.3175117572083
312.3686826437508
310.5127536012528
308.7584228917685
307.0776758073365
305.4844468494597
304.1113927121851
303.1962141603969
302.505402513525
301.9647509177423
301.5087363179934
301.0966428377897
300.6836782373915
300.2373522309555
299.738494989259
299.1839896846637
298.5576940785182
297.8338854812312
296.9769946774948
295.9414768917735
295.3318880952267
296.7026484670192
25.30341604590065
25.75717514453958
26.21823315082877
26.68590271657745
27.15991494434745
27.64131178999138
28.12974397399818
28.62493806662644
29.12696332770136
29.63555440709088
30.15046294722684
30.67135423086444
31.19782480395582
31.7294982613755
32.26591590214681
32.8067569020953
33.35176081678379
33.90070452933354
34.45355556095646
35.01024419642442
35.57073456162219
36.13504245079401
36.70317491603606
37.27513456661085
37.85095384921093
38.43065964442979
39.01427721057754
39.60183358154423
40.1933568885743
40.78886195936362
41.38839356943689
41.9919886511965
42.59968559500127
43.21153844505
43.82758921059258
44.44788507595674
45.07248922974628
45.70145120858454
46.33481621174644
46.97263964525291
47.61497253826175
48.26186019675932
48.91333224026585
49.5694151159069
50.23012684073534
50.89547100194965
51.56538803993084
52.23984366155094
52.91875440537973
53.60198695242455
54.28943659264607
54.98091286096972
55.67608429231738
56.37435097238369
57.07466828516898
57.76335784282574
58.43405176687524
59.04358871807174
59.49699361748065
59.68994229454278
60.33386341433168
46.77006835025857
47.19799686255532
47.63450846006179
48.07734857584866
48.52514486974277
48.97865895986143
49.43866937884456
49.90558346592129
50.37971989267131
50.86066300988986
51.34799646596546
51.84116293942546
52.3396327244135
52.84304030911904
53.35111138353652
53.86359443380168
54.38030793896617
54.90105946560984
55.42581433068369
55.95448407401025
56.48697692803255
57.02330814087372
57.56347945131184
58.10748238596531
58.65534878583948
59.20709490307847
59.76272846341831
60.32227565616322
60.88575560106895
61.45320291206739
62.02467030044504
62.60021395750924
63.17988544357614
63.76371824408414
64.35175629911424
64.94402319837116
65.54054151020163
66.14128357605578
66.74620442553486
67.3553012142866
67.96831258581605
68.58504128640257
69.20545955285326
69.82897230542264
70.45526787915254
71.0843258697251
71.71552382631518
72.3485215231166
72.98298524388005
73.61839571038308
74.25403861194539
74.88843709384801
75.51770766361906
76.13812846580457
76.74392183484001
77.3204963652128
77.86310087184755
78.34766990467214
78.76411978598229
79.11881006566244
79.74159442676424
583.1712555936969
576.5039926397056
569.5994129621427
562.4839851711226
555.191242095865
548.0100340927876
540.9800362656147
534.1421271633108
527.5827258057723
521.3208240744416
515.3457716828896
509.64096810485387
504.1792032610529
498.9252518153698
493.81340479750077
488.7953843177186
483.83551873753174
478.8853235304026
473.9483167346365
469.0129282450391
464.074482950632
459.1432121430201
454.2356754715751
449.3597235566125
444.52339201551547
439.74920064070784
435.0464617350033
430.4248860210331
425.8847637293387
421.4211198420585
417.0449639275132
412.7499782277631
408.5302937980455
404.384098173441
400.3047132393782
396.2801903576457
392.316572570441
388.402767710273
384.5193932119588
380.6596076822574
376.83387194266163
373.0560836482079
369.3365746698387
365.72705216342524
362.28634658314945
359.06176154365846
356.1461609741775
353.6601393737539
351.6899444408949
350.2509495461522
349.5800694847546
349.3272177571728
349.26937627669764
349.35862794241314
349.62314710520644
350.06823805042006
350.68816257962976
351.3181858494726
351.7887424481197
352.3780772302944
354.1219687736815
522.3934270857134
518.4992007792199
514.5106768729923
510.4231899530046
506.2019092104557
501.873155708211
497.4699513239374
493.03132230252095
488.6065014004779
484.2124736482249
479.8598790227744
475.5520636084144
471.2874843441398
467.0690308913165
462.89821969629236
458.773816099752
454.6987165209189
450.66190111417825
446.6694727169798
442.7087770344221
438.7697435193769
434.85895743043875
430.97751629003324
427.121720088499
423.29762135133205
419.50724501611637
415.743614777437
411.9924637533824
408.25314169600813
404.52260640574457
400.7974725070143
397.0790436720175
393.3775245409506
389.6732536078032
385.970369228103
382.281103047529
378.59766594005055
374.9626851162338
371.3991603379151
367.89980052911693
364.564095887555
361.48161482885615
358.7089895721864
356.3524043160153
354.61218766762636
353.7408090094183
353.33848747551525
353.17137915146986
353.16509988352766
353.2534099567051
353.3953059693744
353.54448158793195
353.664404676622
353.7317432422323
353.73704351265803
353.649075392776
353.4367358200682
353.03934261038603
352.4010193093785
352.13192605116296
354.1219303717785
357.2478986462694
348.4930020993742
339.4040030781602
330.0047058002144
320.3268724782918
310.705302876685
301.1883204377539
291.8278349341546
282.7404258291368
273.9647317888867
265.5100573765429
257.377398088771
249.5490653397924
241.9954775515543
234.6387991296706
227.4205434708006
220.2953450804533
213.1964555814141
206.1285395980101
199.0749675303534
192.0242948455949
184.9862484647674
177.9751515023068
170.9950090620168
164.0556176880934
157.1813034574378
150.3831256353712
143.6728559403803
137.0507922408973
130.508563333682
124.0619769403241
117.7041740806831
111.4277175898263
105.2343268664579
99.11504800116396
93.05662717563553
87.0708096018269
81.14679470910451
75.2658044547204
69.42891756221988
63.65779501623646
57.97671156506737
52.39865520209498
46.99139835510936
41.83067910773784
36.97755378662106
32.5452062693081
28.66806684421748
25.43113968961695
22.82487626416509
21.07113345171653
19.7738261880682
18.66413492581692
17.66998067782109
16.7855017056804
16.04911485608239
15.35097790535165
14.25685391427752
11.77958389491752
6.244148272806398
0.0
266.8192837724941
261.4529197811776
255.9803088232118
250.3790846452332
244.5972810532293
238.6728661775219
232.6555350823131
226.5997863703328
220.5736216815872
214.5988048968642
208.6893089975704
202.8461950119158
197.0628874913034
191.339224599703
185.674643478835
180.0645439077403
174.5091710380894
168.9921605066236
163.520643469236
158.0793349235807
152.6532540331568
147.2496804874024
141.8691602623873
136.5059910271193
131.1669739341913
125.8533658596202
120.555868586492
115.2586639902297
109.9600450801335
104.6564803343635
99.34531956236802
94.03140547737276
88.72948757065171
83.41934176385755
78.11263829654067
72.827628230389
67.55546432211541
62.3503321327629
57.24228457118988
52.22548364457705
47.43371178114814
42.97879223637978
38.91727353654648
35.36841521353596
32.53292681221055
30.6413185721898
29.26127511482687
28.13375001971626
27.17393425980655
26.30226546766127
25.46885902573054
24.60907661547727
23.65618487196557
22.55927522525501
21.26712124678903
19.66134128086822
17.63759288991482
14.89995704932213
11.07058736527199
5.851261672603198
0.0
225.9233569474275
228.0109905403314
230.1954098839825
232.4792793709082
234.8643696175732
237.3047312161026
239.7917158278608
242.3142922291561
244.8422999766355
247.3560922855549
249.8357143063467
252.2635700160829
254.6301379212605
256.9297742638155
259.1746056678302
261.374840846918
263.5401736570784
265.6888679489885
267.8197771366264
269.9379607146857
272.0501881050371
274.1569636782527
276.2605239692683
278.3647144945957
280.4677743274221
282.56789718327
284.6633360996321
286.7520300806528
288.8339714884414
290.9125565083765
292.9829869871891
295.04580414708
297.1025762082192
299.1497713069831
301.1896652382142
303.2235631820102
305.2457629686141
307.2559730011685
309.2535887572384
311.2306901200375
313.1760769264252
315.0793720831405
316.9379194677437
318.7356538083159
320.4556674754116
322.0842077570374
323.6009547048694
324.9920725295364
326.258804751278
327.4260732819871
328.508936033038
329.5533915691046
330.6052413508807
331.688647264592
332.837645399526
334.0191231943377
335.3371846742781
337.0613319351951
340.0091585532022
346.133928957488
354.1219687736815
255.5741433132193
257.0462809980423
258.5303680497806
260.0441053077714
261.6046281572264
263.2002895306891
264.8144162416243
266.4315359321881
268.0328797188907
269.6136687513607
271.170570025204
272.7058685964986
274.2245968528364
275.7298062916135
277.2235762174573
278.7092721920117
280.1895454828295
281.6697406075546
283.1488292477438
284.6294421108414
286.1164894862201
287.6092769430363
289.1083560276459
290.6157290613797
292.1306474171407
293.6538791564962
295.187746190945
296.7337997631527
298.2930966158746
299.8661260713811
301.4521529446463
303.0476381946448
304.6480369702989
306.2539118439457
307.8577309315623
309.45347481714
311.0422016179351
312.6123529834709
314.1568757667252
315.6743168845399
317.1303841064069
318.5028225924764
319.7917160356399
320.9839891024793
322.0792608554158
323.0994904372285
324.0772123606884
325.0376291317536
325.9911656237211
326.9511444890438
327.9264469436439
328.9354049724547
330.0082198046564
331.1724680169773
332.469922265869
333.9877341119078
335.7991429301534
338.1393855610639
341.3304319441065
346.2806643785598
354.1219303717785
132.01324893842215
128.0861375678255
124.2850194275554
120.48994297269174
116.66270457903718
112.98834422058866
109.45559155711162
106.0914068555626
102.944428001043
100.0210680638934
97.3107754131053
94.79212737644362
92.4503196465966
90.2588539350169
88.1700878170239
86.14232302885739
84.1460740000241
82.1473543669471
80.1315137328433
78.088684640607
76.01281895258361
73.90921469067138
71.7877781829115
69.65639217791289
67.51948754364389
65.395354638741
63.29324133922958
61.22273586280491
59.185278621468285
57.1802592334445
55.2112295392414
53.275291262556806
51.368349071042786
49.48701747687329
47.62385534511509
45.76732733257427
43.91513599147373
42.05626666077961
40.171857424406
38.248203160356326
36.285796583285816
34.28984487812474
32.26727703414181
30.247266349590035
28.278893761522994
26.409996591244806
24.72313875826839
23.33508665053921
22.343365000859706
21.788795210678984
21.828286178326238
21.911615949887505
21.988085841334197
22.057210396833113
22.118356625198402
22.170380943477625
22.21330244274597
22.24733627868511
22.27266272306258
22.289483122133902
22.29878695999588
62.56897622874021
59.88057208804801
57.58103646840621
55.42567251857167
53.30233135263299
51.1685408215649
49.0133294583639
46.843434786184105
44.68118840282028
42.54111662562099
40.430067999222985
38.35257459316989
36.311558311744506
34.30730105100508
32.340864143115
30.41241784524331
28.521887721735993
26.663426226494693
24.83740999883051
23.035059301448513
21.249238034171412
19.48059977685051
17.725078978362404
15.980514945759296
14.247992929588122
12.527219670619587
10.812827533568907
9.093098946696415
7.362493250203698
5.615560331060294
3.842664279026195
2.040415524292399
0.2118358838245058
-1.6592287781556934
-3.585117016169704
-5.5598626977711945
-7.589155131826601
-9.644894845801389
-11.70523798914789
-13.773012442378075
-15.772899342011783
-17.616180058799216
-19.25489287243539
-20.554243796743776
-21.32752706098603
-21.454909572491886
-21.573250511196903
-21.682544885171836
-21.7826362780946
-21.873722071671523
-21.955375480360487
-22.02763374330752
-22.090655217952587
-22.144880212831225
-22.19086800684559
-22.229115050955045
-22.26025053301055
-22.28532197178083
-22.30457736837741
-22.31877210972624
-22.322312522004893
68.60669196310465
74.16767782796632
79.6921573055983
85.30343368163908
91.04175009418861
96.67507520552255
102.206380296751
107.5979473069671
112.7709086478912
117.6994698145706
122.3744759460145
126.8000884087749
130.981993470708
134.9414220674231
138.7386019486595
142.4257609159654
146.0423388402705
149.6408090527078
153.2347078428266
156.8390318776543
160.4666345908313
164.1127065367874
167.7695708703207
171.4331877500719
175.0973329345673
178.7418829000992
182.3558175498249
185.9274606363037
189.4553359783988
192.9434353155684
196.3833638785108
199.7785242333267
203.1345415421751
206.4512153850599
209.7382206825065
213.0083507734792
216.2581377473942
219.4982551318044
222.746915121086
226.0098473144283
229.2753078048777
232.5276670082565
235.757310193336
238.918972342819
241.9466468731533
244.778740163843
247.3124279066702
249.4171422174462
250.9966853450386
252.0352911188835
252.3912132620657
252.6608627582474
252.941071217229
253.2570858953752
253.6446204891586
254.0853844080344
254.6898304646568
255.7704069384382
258.2395022126589
264.1545035408113
271.4893183993539
146.2350987342206
149.967712047439
153.3148231213126
156.541084213351
159.7771519348507
163.0530897492628
166.3624174044158
169.6825176800827
172.9719714233991
176.2118891158498
179.3925055600155
182.5121310639032
185.5734058166784
188.5794649314894
191.5316006908058
194.4332599129667
197.2873498221273
200.1052549154501
202.8856049182296
205.6398987353827
208.3802745240161
211.105369025312
213.8197975979717
216.5277317296551
219.2273057017132
221.9195645827981
224.6121901939578
227.3184251602931
230.044847764602
232.7973628282534
235.584818365175
238.4070087128432
241.2563156428982
244.1494223780172
247.0910916486177
250.0693143165401
253.0908152395601
256.1159642532165
259.1159093303383
262.0920281126313
264.9349708626026
267.5339613648731
269.841149355222
271.7092605938005
272.9515200372492
273.4700741399953
273.9349390455701
274.3716524938088
274.7908166579357
275.2064708503322
275.6277838120591
276.0746016219143
276.5811673589899
277.179219764004
277.9168684378746
278.89635279765
280.1962925913164
282.0770376281726
284.8708895265016
289.4806264226235
296.7026484670192
200.6199409015268
202.2538153957918
203.9771767331537
205.7933766543308
207.7044546732258
209.6634194261112
211.6619718538626
213.6893541625297
215.7153366489342
217.720537878464
219.6852513591198
221.5922157852185
223.4323131173046
225.20027600244
226.9086897656834
228.5680839448228
230.1884128402946
231.7881634196549
233.3662215756699
234.9277165182613
236.4794535434149
238.0219212274588
239.5573490532322
241.0895799279848
242.6168204782112
244.1372375388402
245.6490588890545
247.1501964991086
248.6406145998671
250.1236945490129
251.5945934177522
253.0538154958835
254.5028906132179
255.9382328619332
257.3620760276216
258.7756781060535
260.1732737388679
261.554521792584
262.918772545492
264.2580504747846
265.5611043881635
266.8175118863812
268.0245872274778
269.166238692409
270.2255406346763
271.1887367550878
272.0355666649386
272.7522288679854
273.3400503458983
273.8240863295625
274.2194994403919
274.5724787081349
274.9291570585632
275.3142962922083
275.762977114357
276.255765351512
276.9031329074028
278.0177432171233
280.5121649357215
286.4439866629452
293.7881053593498
208.8040749629608
209.848284135487
210.8958595897188
211.9667567319227
213.0794832874837
214.2216305708277
215.3757468627797
216.5259524662668
217.6531598262194
218.7530057414708
219.8225735592385
220.8647056570731
221.8849641284229
222.8867659824945
223.8724648339208
224.84567775821
225.8092375438633
226.7686811419448
227.7230149170601
228.6749580368312
229.6295125581875
230.5859688021625
231.5448765763341
232.5082466754144
233.4752986313013
234.4467842534177
235.4250177275267
236.4115241069895
237.4073410148057
238.4129231593137
239.4274826442012
240.4474242371356
241.4681515267227
242.4901935998615
243.505974632448
244.5094516187689
245.5016601077335
246.4710694074151
247.4106713411904
248.3190156702532
249.1620715205908
249.9177813060739
250.5862564827866
251.1550167970567
251.6239929762632
252.0151645675034
252.3616885343732
252.689107608637
253.0081803798411
253.3327487786607
253.6724083316986
254.0469678786068
254.4905121410373
255.0343395511728
255.726000431029
256.667237746695
257.9360420583059
259.7917156563918
262.5663121581242
267.1618543128973
274.3803359450143
-2.287575233269761
-2.267377250055274
-2.2995222787603753
-2.3426711839977052
-2.2745774041560334
-2.2168341367275217
-2.1480340098474775
-2.0489592473892344
-1.9390301586410965
-1.8259421234379718
-1.7135213001101879
-1.6011616092324576
-1.4978242157824448
-1.4238013671936027
-1.3744004185771141
-1.3435413497955664
-1.3364554559849935
-1.3367297975673307
-1.343222262482471
-1.3536901384099334
-1.3620815632019823
-1.3663057233838867
-1.3674643842830951
-1.3658658296578932
-1.3536929432069722
-1.334765037063493
-1.3091497217981671
-1.282260746503582
-1.257163257925629
-1.2282128698730128
-1.2028082554179562
-1.1825826883805426
-1.1619874323365922
-1.1501326931022962
-1.1478211463163295
-1.143228109490904
-1.1498859552219103
-1.1693210345704321
-1.1923934158269862
-1.2267657392555331
-1.2644010770640521
-1.297109722291887
-1.3132156906794177
-1.2959221056335255
-1.2362887815341386
-1.1077656142557233
-0.9001587984072539
-0.6383714042331716
-0.36158206610487575
-0.00812971534857651
0.0532595870529802
0.08287619955204631
0.1155678851702433
0.1542703392765893
0.2538063357321352
0.33692382173277946
0.3932033311681531
0.15562824229679606
-0.666893307925255
-0.056634620466110785
0.0
-1.3614399982613032
-1.164463297150917
-1.0914278515261013
-1.0751938980079292
-1.0804775275863436
-1.0913241343520776
-1.0987629904976624
-1.0948961654517642
-1.0836726334777085
-1.068980998103991
-1.051992806922899
-1.0335228018150735
-1.0149089213148947
-0.9957566912092046
-0.9765170712171483
-0.9573142559451864
-0.9410716708911067
-0.9246386202653378
-0.912651952999951
-0.9042783839348634
-0.8955739789674483
-0.8889287445550037
-0.8833773388504211
-0.8772764632784251
-0.8713238951165252
-0.8680894888111239
-0.8707899619084241
-0.8762966452646742
-0.884563858852935
-0.8977122513052026
-0.9125787221942193
-0.9259159957400176
-0.9474357412493101
-0.9752078058890481
-0.9999597328399694
-1.0275931667081641
-1.0409968875160125
-1.0433381524624141
-1.0471122992367632
-1.0127455897398692
-0.9334467674490892
-0.8298536054852871
-0.6579864947537075
-0.39154634283050804
-0.06439951990541654
-0.05983382221064859
-0.05525748470512379
-0.050598500367302096
-0.0460351012562156
-0.04125247309610852
-0.03648241748133979
-0.031781751725505125
-0.027294178810826575
-0.023074800558246067
-0.019074583251188992
-0.015368305506434532
-0.012110290250848199
-0.008872451021295857
-0.005730800087234034
0.0004989212419448386
0.0
-2.816835631339766
-2.798343857611331
-2.842309550398374
-2.906659813128904
-2.853478013097092
-2.801801271827346
-2.731019001342242
-2.620287513537935
-2.496490198484866
-2.36805562319312
-2.241728926947189
-2.118282526083376
-2.005590343511925
-1.9234056420928
-1.867676165686385
-1.831924376048198
-1.82275218082399
-1.820436594058359
-1.825717348492085
-1.837508820762993
-1.846864139089649
-1.852330864345495
-1.855751267355118
-1.856018872356065
-1.846093202282201
-1.830585464171814
-1.809163294586432
-1.786993387149308
-1.766845436647441
-1.742445239177156
-1.719768561540027
-1.699941227092516
-1.680012372842655
-1.664984207342588
-1.656436319605228
-1.646131812747427
-1.641233824347651
-1.645560955250483
-1.65279033038519
-1.654071002113437
-1.647434737764939
-1.635928272670057
-1.601493478556686
-1.53362401998441
-1.434555218509171
-1.28340227544561
-1.06611209027628
-0.8000943485856093
-0.5260904849925269
-0.18028712880452
-0.1365869878607066
-0.1419354752274065
-0.1600725891164807
-0.1962999508852478
-0.2232624829247384
-0.3061732633192016
-0.5473501259854043
-1.250683910121839
-2.996156959477554
-3.715342628970504
0.0
-1.890700396331308
-1.695429904706974
-1.6342151231641
-1.639182527139128
-1.659378136527402
-1.676291269451902
-1.681747981992427
-1.666224431600465
-1.641132673321478
-1.611094497859139
-1.5802004337599
-1.550643718665992
-1.522675049044375
-1.495360966108402
-1.469792818326419
-1.445697282197818
-1.427368395730103
-1.408345416756366
-1.395147039009565
-1.388097066287923
-1.380356554855115
-1.374953885516612
-1.371664221922444
-1.367429505976597
-1.363724154191754
-1.363909915919445
-1.370803534696689
-1.3810292859104
-1.394246037574747
-1.411944620609346
-1.42953902831629
-1.443274534451991
-1.465460681755373
-1.49005932012934
-1.508574906128868
-1.530496869964687
-1.532344756641753
-1.519578073142465
-1.507509213794967
-1.440050852597773
-1.316480428149976
-1.168672155863457
-0.9462642826309756
-0.6292482571813924
-0.262665956880449
-0.2354704834005354
-0.2212107765741499
-0.2123214447197398
-0.2105435201438667
-0.213409886552052
-0.2263289923950266
-0.2565934265049579
-0.3029346530975506
-0.3736450907200832
-0.4961434019080626
-0.6584653905584156
-0.9526637474044056
-1.415184603439931
-2.334994451639533
-3.658209087262448
0.0
0.5292603980700048
0.5309666075560571
0.5427872716379987
0.5639886291311988
0.5789006089410583
0.5849671350998246
0.5829849914947648
0.5713282661487009
0.5574600398437696
0.542113499755148
0.5282076268370012
0.5171209168509187
0.5077661277294802
0.4996042748991973
0.4932757471092708
0.4883830262526316
0.4862967248389964
0.4837067964910282
0.482495086009614
0.4838186823530597
0.4847825758876668
0.4860251409616082
0.4882868830720229
0.490153042698172
0.4924002590752287
0.4958204271083211
0.5000135727882649
0.5047326406457259
0.509682178721812
0.5142323693041434
0.5169603061220708
0.5173585387119735
0.518024940506063
0.5148515142402919
0.5086151732888986
0.502903703256523
0.4913478691257406
0.4762399206800509
0.460396914558204
0.427305262857904
0.3830336607008868
0.3388185503781699
0.2882777878772681
0.2377019143508844
0.1982664369750325
0.1756366611898868
0.1659532918690261
0.1617229443524377
0.1645084188876511
0.1721574134559435
0.1898465749136868
0.2248116747794528
0.275640474286724
0.3505702901618371
0.4770688186568736
0.643097085051981
0.9405534571535574
1.406312152418635
2.329263651552299
3.658708008504393
0.0
0.5292603980700048
0.5309666075560571
0.5427872716379987
0.5639886291311988
0.5789006089410583
0.5849671350998246
0.5829849914947648
0.5713282661487009
0.5574600398437696
0.542113499755148
0.5282076268370012
0.5171209168509187
0.5077661277294802
0.4996042748991973
0.4932757471092708
0.4883830262526316
0.4862967248389964
0.4837067964910282
0.482495086009614
0.4838186823530597
0.4847825758876668
0.4860251409616082
0.4882868830720229
0.490153042698172
0.4924002590752287
0.4958204271083211
0.5000135727882649
0.5047326406457259
0.509682178721812
0.5142323693041434
0.5169603061220708
0.5173585387119735
0.518024940506063
0.5148515142402919
0.5086151732888986
0.502903703256523
0.4913478691257406
0.4762399206800509
0.460396914558204
0.427305262857904
0.3830336607008868
0.3388185503781699
0.2882777878772681
0.2377019143508844
0.1982664369750325
0.1756366611898868
0.1659532918690261
0.1617229443524377
0.1645084188876511
0.1721574134559435
0.1898465749136868
0.2248116747794528
0.275640474286724
0.3505702901618371
0.4770688186568736
0.643097085051981
0.9405534571535574
1.406312152418635
2.329263651552299
3.658708008504393
0.0
1.0
1.0
1.0
1.0
1.0
1.0
1.0
1.0
1.0
1.0
1.0
1.0
1.0
1.0
1.0
1.0
1.0
1.0
1.0
1.0
1.0
1.0
1.0
1.0
1.0
1.0
1.0
1.0
1.0
1.0
1.0
1.0
1.0
1.0
1.0
1.0
1.0
1.0
1.0
1.0
1.0
1.0
1.0
1.0
1.0
1.0
1.0
1.0
1.0
1.0
0.0
0.0
0.0
0.0
0.0
0.0
0.0
0.0
0.0
0.0
0.0
1.0
1.0
1.0
1.0
1.0
1.0
1.0
1.0
1.0
1.0
1.0
1.0
1.0
1.0
1.0
1.0
1.0
1.0
1.0
1.0
1.0
1.0
1.0
1.0
1.0
1.0
1.0
1.0
1.0
1.0
1.0
1.0
1.0
1.0
1.0
1.0
1.0
1.0
1.0
1.0
1.0
1.0
1.0
1.0
0.0
0.0
0.0
0.0
0.0
0.0
0.0
0.0
0.0
0.0
0.0
0.0
0.0
0.0
0.0
0.0
0.0
1.0
1.0
1.0
1.0
1.0
1.0
1.0
1.0
1.0
1.0
1.0
1.0
1.0
1.0
1.0
1.0
0.8168299815399483
0.8168299815399483
0.8168299815399483
0.8168299815399483
0.8168299815399483
0.8168299815399483
0.8168299815399483
0.8168299815399483
0.8168299815399483
0.8168299815399483
0.8168299815399483
0.8168299815399483
0.8168299815399483
0.8168299815399483
0.8168299815399483
0.8168299815399483
0.8168299815399483
0.8168299815399483
0.8168299815399483
0.8168299815399483
0.8168299815399483
0.8168299815399483
0.8168299815399483
0.8168299815399483
0.8168299815399483
0.8168299815399483
0.8168299815399483
0.8168299815399483
0.8168299815399483
1.0
1.0
1.0
1.0
1.0
1.0
1.0
1.0
1.0
1.0
1.0
1.0
1.0
1.0
1.0
1.0
1.0
1.0
1.0
1.0
1.0
1.0
1.0
1.0
1.0
1.0
1.0
1.0
1.0
0.022640623829224386
0.022363451273144284
0.021931455665386658
0.021342354470519923
0.020151842503268336
0.0188690107556154
0.017522431639666013
0.01602271521091777
0.014515262506397878
0.013041100513990187
0.011627010198340015
0.010329715593058517
0.009161671760576475
0.008191438519700823
0.007373393424142762
0.0066709359944980015
0.006099571682070644
0.005562430831688631
0.005066248945971238
0.004619460098371811
0.004199793370615938
0.003812056181796187
0.0034595169295177732
0.003129095629762352
0.002822115996616277
0.002538543544338834
0.0022741840250414883
0.002036239880412162
0.0018246370233299138
0.0016274460263739218
0.001451604390357055
0.0012954260906971897
0.0011497219301609652
0.0010199591838022193
0.0009036273765347632
0.000794901956255462
0.0006971445657558899
0.0006081523610013149
0.000525243660397968
0.00044783662267436776
0.0003763081677336703
0.0003115197904502991
0.0002502585385846622
0.00019558723223759165
0.00014933631744549393
0.0001095874679028843
7.78535418758013e-05
5.3597254754081954e-05
3.6598816674568904e-05
2.447897027151707e-05
1.8800295663189023e-05
1.775304979940254e-05
1.8399645775712613e-05
2.0820046791214482e-05
1.9479286376457054e-05
1.7398004054210613e-05
1.585273584588047e-05
2.1987619098116703e-05
2.0782055826234188e-05
3.4013259559571007e-07
0.0004
0.0004
0.0004
0.0004
0.0004
0.0004
0.0004
0.0004
0.0004
0.0004
0.0004
0.0004
0.0004
0.0004
0.0004
0.0004
0.0004
0.0004
0.0004
0.0004
0.0004
0.0004
0.0004
0.0004
0.0004
0.0004
0.0004
0.0004
0.0004
0.0004
0.0004
0.0004
0.0004
0.0004
0.0004
0.0004
0.0004
0.0004
0.0004
0.0004
0.0004
0.0004
0.0004
0.0004
0.0004
0.0004
0.0004
0.0004
0.0004
0.0004
0.0004
0.0004
0.0004
0.0004
0.0004
0.0004
0.0004
0.0004
0.0004
0.0004
1.077709902103444e-08
1.803560534109325e-08
2.3706736270116025e-08
2.7854424666635138e-08
3.0407645386303146e-08
3.2501483286972955e-08
3.4201792530497156e-08
3.544206677539131e-08
3.655344417932217e-08
3.752195405376722e-08
3.810671096020631e-08
3.855138696449809e-08
3.8906615726384716e-08
3.918085709782455e-08
3.9363415175102446e-08
3.94812311060027e-08
3.950930268941581e-08
3.953737427282895e-08
3.956171114202737e-08
3.9576552301679917e-08
3.959139346133247e-08
3.964415338845309e-08
3.977413390585825e-08
3.99041144232634e-08
4.006112122631487e-08
4.0262908284572867e-08
4.0464695342830865e-08
4.0674065423368417e-08
4.0893761321478116e-08
4.1113457219587815e-08
4.140408471756015e-08
4.1774547994952335e-08
4.214501127234452e-08
4.260014801413837e-08
4.313422597419448e-08
4.3668303934250605e-08
4.423935627067932e-08
4.483892607824647e-08
4.543849588581362e-08
4.6095530145319335e-08
4.6789055742553654e-08
4.7482581339787966e-08
4.837231723902231e-08
4.936373659263659e-08
5.0355155946250876e-08
5.1752249158890387e-08
5.34822012431228e-08
5.576253265305787e-08
5.875120043930063e-08
6.2338744539503e-08
6.688562046005487e-08
7.358801963515753e-08
8.564265808781442e-08
1.077696630959349e-07
3.030102159861466e-07
5.734598268917054e-07
1.3847733147971254e-06
3.4897444420893106e-06
7.497528831213351e-06
2.7509074805837885e-06
0.0
0.0
0.0
0.0
0.0
0.0
0.0
0.0
0.0
0.0
0.0
0.0
0.0
0.0
0.0
0.0
0.0
0.0
0.0
0.0
0.0
0.0
0.0
0.0
0.0
0.0
0.0
0.0
0.0
0.0
0.0
0.0
0.0
0.0
0.0
0.0
0.0
0.0
0.0
0.0
0.0
0.0
0.0
0.0
0.0
0.0
0.0
0.0
0.0
0.0
0.0
0.0
0.0
0.0
0.0
0.0
0.0
0.0
0.0
0.0
0.0
0.0
0.0
0.0
0.0
0.0
0.0
0.0
0.0
0.0
0.0
0.0
0.0
0.0
0.0
0.0
0.0
0.0
0.0
0.0
0.0
0.0
0.0
0.0
0.0
0.0
0.0
0.0
0.0
0.0
0.0
0.0
0.0
0.0
0.0
0.0
0.0
0.0
0.0
0.0
0.0
0.0
0.0
0.0
0.0
0.0
0.0
0.0
0.0
0.0
0.0
0.0
0.0
0.0
0.0
0.0
0.0
0.0
0.0
0.0
0.0
0.0
0.0
0.0
0.0
0.0
0.0
0.0
0.0
0.0
0.0
0.0
0.0
0.0
0.0
0.0
0.0
0.0
0.0
0.0
0.0
0.0
0.0
0.0
0.0
0.0
0.0
0.0
0.0
0.0
0.0
0.0
0.0
0.0
0.0
0.0
0.0
0.0
0.0
0.0
0.0
0.0
0.0
0.0
0.0
0.0
0.0
0.0
0.0
0.0
0.0
0.0
0.0
0.0
0.0
0.0
0.0
0.0
0.0
0.0
0.0
0.0
0.0
0.0
0.0
0.0
0.0
0.0
0.0
0.0
0.0
0.0
0.0
0.0
0.0
0.0
0.0
0.0
0.0
0.0
0.0
0.0
0.0
0.0
0.0
0.0
0.0
0.0
0.0
0.0
0.0
0.0
0.0
0.0
0.0
0.0
0.0
0.0
0.0
0.0
0.0
0.0
0.0
0.0
0.0
0.0
0.0
0.0
0.0
0.0
0.0
0.0
0.0
0.0
0.0
0.0
0.0
0.0
0.0
0.0
0.0
0.0
0.0
0.0
0.0
0.0
0.0
0.0
0.0
0.0
0.0
0.0
0.0
0.0
0.0
0.0
0.0
0.0
0.0
0.0
0.0
0.0
0.0
0.0
0.0
0.0
0.0
0.0
0.0
0.0
0.0
0.0
0.0
0.0
0.0
0.0
0.0
0.0
0.0
0.0
0.0
0.0
0.0
0.0
0.0
0.0
0.0
0.0
0.0
0.0
0.0
0.0
0.0
0.0
0.0
0.0
0.0
0.0
0.0
0.0
0.0026946417205545134
0.0025922261375956597
0.002532663082172717
0.0025044331215646684
0.0024338773701563714
0.0023194634530359776
0.002173138559822452
0.0019985296941249535
0.0018289359902969608
0.0016679677427739433
0.0015249276092862227
0.0014017117492675392
0.0012928674176808266
0.0011953010358817034
0.0011090472119738971
0.0010318896824817168
0.0009654795186127117
0.0009018800906173655
0.0008430881599986202
0.0007916296608799459
0.0007419722927215732
0.0006951908788469934
0.0006520687311712605
0.0006102444260113293
0.000570676211569836
0.0005337589236161288
0.0004978506846331979
0.000463140770760623
0.00042951677754630817
0.0003967448813283948
0.00036386236547000453
0.00033098304430212417
0.0002994123648970064
0.0002671937041864264
0.00023522548519869647
0.00020561711349775753
0.00017558482262497056
0.00014695566335784255
0.0001219036505851741
9.617996446076455e-05
7.309363023463287e-05
5.478178256090116e-05
3.874280349619141e-05
2.577766057238562e-05
1.6839063079434077e-05
1.1647419775710029e-05
8.819903416034613e-06
6.64463000450616e-06
5.072118043028133e-06
3.841404327299066e-06
3.1939191880913052e-06
3.05617743690342e-06
3.166973664680197e-06
3.5886901581285903e-06
4.30326823272316e-06
5.545214382027318e-06
9.57642537859872e-06
1.891983906273517e-05
3.067775301258199e-05
5.8893961615842744e-08
0.0004
0.0004
0.0004
0.0004
0.0004
0.0004
0.0004
0.0004
0.0004
0.0004
0.0004
0.0004
0.0004
0.0004
0.0004
0.0004
0.0004
0.0004
0.0004
0.0004
0.0004
0.0004
0.0004
0.0004
0.0004
0.0004
0.0004
0.0004
0.0004
0.0004
0.0004
0.0004
0.0004
0.0004
0.0004
0.0004
0.0004
0.0004
0.0004
0.0004
0.0004
0.0004
0.0004
0.0004
0.0004
0.0004
0.0004
0.0004
0.0004
0.0004
0.0004
0.0004
0.0004
0.0004
0.0004
0.0004
0.0004
0.0004
0.0004
0.0004
1.2959233613293881e-08
1.3718166282465942e-08
1.4681224319019344e-08
1.5816589377320584e-08
1.667902650024816e-08
1.743929779706772e-08
1.8118545274379428e-08
1.8758024813359357e-08
1.9396942501199397e-08
2.003351596525268e-08
2.065794131878059e-08
2.126516412203864e-08
2.185933455178149e-08
2.243463898180174e-08
2.2990985603989746e-08
2.3529521708562022e-08
2.4035119966900403e-08
2.45407182252388e-08
2.5038384549464836e-08
2.5515883509298826e-08
2.599338246913282e-08
2.647431458129481e-08
2.69622382194743e-08
2.7450161857653787e-08
2.7964412270396886e-08
2.8522283908015316e-08
2.9080155545633746e-08
2.9698718513563477e-08
3.039992499510858e-08
3.110113147665368e-08
3.1964821394707925e-08
3.301139160619477e-08
3.405796181768161e-08
3.561811598070392e-08
3.765708535579603e-08
3.969605473088814e-08
4.301122807898893e-08
4.73107076828677e-08
5.1610187286746474e-08
6.029127808864092e-08
7.175479956947176e-08
8.321832105030261e-08
1.0259731123663057e-07
1.2607839082808692e-07
1.4955947041954318e-07
1.8049784284351185e-07
2.1584612217021064e-07
2.5556577261848574e-07
3.017020856804272e-07
3.568585698388771e-07
4.301229831826702e-07
5.503025151796553e-07
7.169841734138935e-07
9.56411525335898e-07
1.4076545793136882e-06
1.924701387690719e-06
2.7805070392178316e-06
3.869562631954846e-06
5.098718063175626e-06
2.6204743799922416e-06
0.0
0.0
0.0
0.0
0.0
0.0
0.0
0.0
0.0
0.0
0.0
0.0
0.0
0.0
0.0
0.0
0.0
0.0
0.0
0.0
0.0
0.0
0.0
0.0
0.0
0.0
0.0
0.0
0.0
0.0
0.0
0.0
0.0
0.0
0.0
0.0
0.0
0.0
0.0
0.0
0.0
0.0
0.0
0.0
0.0
0.0
0.0
0.0
0.0
0.0
0.0
0.0
0.0
0.0
0.0
0.0
0.0
0.0
0.0
0.0
0.0
0.0
0.0
0.0
0.0
0.0
0.0
0.0
0.0
0.0
0.0
0.0
0.0
0.0
0.0
0.0
0.0
0.0
0.0
0.0
0.0
0.0
0.0
0.0
0.0
0.0
0.0
0.0
0.0
0.0
0.0
0.0
0.0
0.0
0.0
0.0
0.0
0.0
0.0
0.0
0.0
0.0
0.0
0.0
0.0
0.0
0.0
0.0
0.0
0.0
0.0
0.0
0.0
0.0
0.0
0.0
0.0
0.0
0.0
0.0
0.0
0.0
0.0
0.0
0.0
0.0
0.0
0.0
0.0
0.0
0.0
0.0
0.0
0.0
0.0
0.0
0.0
0.0
0.0
0.0
0.0
0.0
0.0
0.0
0.0
0.0
0.0
0.0
0.0
0.0
0.0
0.0
0.0
0.0
0.0
0.0
0.0
0.0
0.0
0.0
0.0
0.0
0.0
0.0
0.0
0.0
0.0
0.0
0.0
0.0
0.0
0.0
0.0
0.0
0.0
0.0
0.0
0.0
0.0
0.0
0.0
0.0
0.0
0.0
0.0
0.0
0.0
0.0
0.0
0.0
0.0
0.0
0.0
0.0
0.0
0.0
0.0
0.0
0.0
0.0
0.0
0.0
0.0
0.0
0.0
0.0
0.0
0.0
0.0
0.0
0.0
0.0
0.0
0.0
0.0
0.0
0.0
0.0
0.0
0.0
0.0
0.0
0.0
0.0
0.0
0.0
0.0
0.0
0.0
0.0
0.0
0.0
0.0
0.0
0.0
0.0
0.0
0.0
0.0
0.0
0.0
0.0
0.0
0.0
0.0
0.0
0.0
0.0
0.0
0.0
0.0
0.0
0.0
0.0
0.0
0.0
0.0
0.0
0.0
0.0
0.0
0.0
0.0
0.0
0.0
0.0
0.0
0.0
0.0
0.0
0.0
0.0
0.0
0.0
0.0
0.0
0.0
0.0
0.0
0.0
0.0
0.0
0.0
0.0
0.0
0.0
0.0
0.0
0.0
0.0
0.0
0.0
0.0
0.0
0.0
0.0
0.0
0.0
0.0
0.0
2
2
2
2
1
1
294.38275025558454
292.14590270551986
22.29878695999588
-22.322312522004893
0.0
0.0
-22.308502725240942
22.312587215903932
49.0
43.0
6.7
6.7
1.0
1.0
2.0
2.0
3.0
3.0
4.0
4.0
5.0
5.0
6.0
6.0
7.0
7.0
8.0
8.0
9.0
9.0
10.0
10.0
11.0
11.0
12.0
12.0
13.0
13.0
14.0
14.0
15.0
15.0
16.0
16.0
17.0
17.0
18.0
18.0
19.0
19.0
20.0
20.0
21.0
21.0
22.0
22.0
23.0
23.0
24.0
24.0
25.0
25.0
26.0
26.0
27.0
27.0
28.0
28.0
29.0
29.0
30.0
30.0
31.0
31.0
32.0
32.0
33.0
33.0
34.0
34.0
35.0
35.0
36.0
36.0
37.0
37.0
38.0
38.0
39.0
39.0
40.0
40.0
41.0
41.0
42.0
42.0
43.0
43.0
44.0
44.0
45.0
45.0
46.0
46.0
47.0
47.0
48.0
48.0
49.0
49.0
50.0
50.0
51.0
51.0
52.0
52.0
53.0
53.0
54.0
54.0
55.0
55.0
56.0
56.0
57.0
57.0
58.0
58.0
59.0
59.0
60.0
60.0
0.0
0.0
0.0
0.0
0.0
0.0
0.0
0.0
0.0
0.0
0.0
0.0
0.0
0.0
0.0
0.0
0.0
0.0
0.0
0.0
0.0
0.0
0.0
0.0
0.0
0.0
0.0
0.0
0.0
0.0
0.0
0.0
0.0
0.0
0.0
0.0
0.0
0.0
0.0
0.0
0.0
0.0
0.0
0.0
0.0
0.0
0.0
0.0
0.0
0.0
0.0
0.0
0.0
0.0
0.0
0.0
0.0
0.0
0.0
0.0
0.0
0.0
0.0
0.0
0.0
0.0
0.0
0.0
0.0
0.0
0.0
0.0
0.0
0.0
0.0
0.0
0.0
0.0
0.0
0.0
0.0
0.0
0.0
0.0
0.0
0.0
0.0
0.0
0.0
0.0
0.0
0.0
0.0
0.0
0.0
0.0
0.0
0.0
0.0
0.0
0.0
0.0
0.0
0.0
0.0
0.0
0.0
0.0
0.0
0.0
0.0
0.0
0.0
0.0
0.0
0.0
0.0
0.0
0.0
0.0
0.0
0.0
0.0
0.0
0.0
0.0
0.0
0.0
0.0
0.0
0.0
0.0
0.0
0.0
0.0
0.0
0.0
0.0
0.0
0.0
0.0
0.0
0.0
0.0
0.0
0.0
0.0
0.0
0.0
0.0
0.0
0.0
0.0
0.0
0.0
0.0
0.0
0.0
0.0
0.0
0.0
0.0
0.0
0.0
0.0
0.0
0.0
0.0
0.0
0.0
0.0
0.0
0.0
0.0
0.0
0.0
0.0
0.0
0.0
0.0
0.0
0.0
0.0
0.0
0.0
0.0
0.0
0.0
0.0
0.0
0.0
0.0
0.0
0.0
0.0
0.0
0.0
0.0
0.0
0.0
0.0
0.0
0.0
0.0
0.0
0.0
0.0
0.0
0.0
0.0
0.0
0.0
0.0
0.0
0.0
0.0
0.0
0.0
0.0
0.0
0.0
0.0
0.0
0.0
0.0
0.0
0.0
0.0
0.0
0.0
0.0
0.0
0.0
0.0
0.0
0.0
0.0
0.0
0.0
0.0
0.0
0.0
0.0
0.0
0.0
0.0
0.0
0.0
0.0
0.0
0.0
0.0
0.0
0.0
0.0
0.0
0.0
0.0
0.0
0.0
0.0
0.0
0.0
0.0
0.0
0.0
0.0
0.0
0.0
0.0
0.0
0.0
0.0
0.0
0.0
0.0
0.0
0.0
0.0
0.0
0.0
0.0
0.0
0.0
0.0
0.0
0.0
0.0
0.0
0.0
0.0
0.0
0.0
0.0
0.0
0.0
0.0
0.0
0.0
0.0
0.0
0.0
0.0
0.0
0.0
0.0
0.0
0.0
0.0
0.0
0.0
0.0
0.0
0.0
0.0
0.0
0.0
0.0
0.0
0.0
0.0
0.0
0.0
0.0
0.0
0.0
0.0
0.0
0.0
0.0
0.0
0.0
0.0
0.0
0.0
0.0
0.0
0.0
0.0
0.0
0.0
0.0
0.0
0.0
0.0
0.0
0.0
0.0
0.0
0.0
0.0
0.0
0.0
0.0
0.0
0.0
0.0
0.0
0.0
0.0
14.999999999999998
60.0
