9.81
6.022e+23
0
0
0
3
0
1
299.13296845928534
2
2
0
0
1
1
0
1
60
7
1014.8
1.607


3
3
0
75.0
2
4.466666666666667
150.0
1000.0
287.04
9.81
79000.0
40.0
20000.0
0.0
0.0
0.0
0.0
0.0280134
0.04401
0.0319988
0.039948
0.01604
0.01801528
0.048
99000.0
2.1153802199668344e+29
0.8
1e-06
1000000.0
0.6
3.0
0.0001
1000
25
1.197899014205277
0
1
3
1.0
1
0
1
1
0.02
1000000000000.0
2
302.58319219405286
298.0514492098516
293.34721279458836
288.5970389427129
283.8203380805293
279.0372040620811
274.262840542289
269.5096815575777
264.7880514852434
260.1017766990652
255.44839184318312
250.8181326736265
246.20937414828404
241.61728764668484
237.04347492828302
232.4876538551262
227.95205845063424
223.4278493963157
218.94954392764842
214.49281842807264
210.06054093984412
205.65694646142322
201.28861209610733
196.95257008378718
192.6459872934595
188.36853112596376
184.3359453930291
182.30752198282266
180.84544796423307
178.44960957149303
190.3445817238274
194.4607642097999
197.60322513937138
200.56539646305103
203.59155992593375
206.76527869851932
210.08974507641025
213.49957150733127
216.8936532270049
220.1781361394288
223.24547206579211
226.07961107362308
228.60957302212807
231.02208271125062
233.17317752689166
235.12510907376728
236.89575286779757
238.51735793208547
240.02111063572482
241.40788541670844
242.73138760806745
243.96711590518638
245.20251126569462
246.44430182448713
247.83095146845298
249.49384670312094
251.69114542162328
254.85676367138868
259.8682888832883
274.78442881024966
299.1325780801431
296.7111449280612
294.27945165238225
291.83763696408136
289.38578180094936
286.9238895968925
284.45186323498257
281.969518482275
279.4766104990471
276.97288730013156
274.4581235125611
271.93211097925325
269.3946397919966
266.8454825682624
264.2843921877161
261.71114315287406
259.1254410621242
256.5269306539936
253.91531090947348
251.2902064176117
248.65119177812144
245.9978397409071
243.3296817577351
240.6462680785638
237.94719370405488
235.23202845366515
232.5003798855799
229.75211477284748
226.9884041348427
224.18931777727613
224.05189694999075
223.63137275005818
223.51020181758898
223.62538639000053
224.12344747280247
225.00107525940328
226.23492760735147
227.7578400614955
229.4724841719082
231.28751538378242
233.09715200011084
234.85527995332157
236.4698111061931
238.09653374835895
239.57860321925963
240.95333450297446
242.22488224802805
243.41055463492657
244.52427655555894
245.57199571361534
246.58416462390616
247.5387572261208
248.51142373509722
249.5058969132268
250.6485117629706
252.06130239127225
253.99007385398684
256.85333508221663
261.49400907037517
275.7908595258047
985.8078294205452
929.1704806481764
875.1792495166603
823.7395676755561
774.7591835452633
728.1481322206923
683.8187054112204
641.6854214173221
601.6649951442855
563.6763081534225
527.6403787511956
493.4803321166968
461.1213704679191
430.49074326727884
401.5177174668512
374.13354779379824
348.27144707648074
323.86655661175473
300.85591657396975
279.1784364661994
258.7748656142472
239.58776370398954
221.56147136262913
204.64208078445134
188.77740640169188
173.91695560114255
160.0118994871406
147.0150436916059
134.88079923181198
123.56515341659627
113.06822910177317
103.42139991365353
94.59762521328918
86.52668309909939
79.14434290767173
72.39185404938198
66.2154784558712
60.566062918475225
55.39864791416369
50.67210980592391
46.348833570126516
42.39441344635203
38.777379127371375
35.46894531022901
32.44278261529059
29.674808050169382
27.142993350988494
24.827189675708794
22.708967254386252
20.771468720253548
18.999274954396526
17.378282376382327
15.895590704286075
14.539400290881032
13.298918218966925
12.164272408518528
11.126433052096747
10.177140753284732
9.308840796255959
8.514623023374321
985.8078294205452
929.1704806481764
875.1792495166603
823.7395676755561
774.7591835452633
728.1481322206923
683.8187054112204
641.6854214173221
601.6649951442855
563.6763081534225
527.6403787511956
493.4803321166968
461.1213704679191
430.49074326727884
401.5177174668512
374.13354779379824
348.27144707648074
323.86655661175473
300.85591657396975
279.1784364661994
258.7748656142472
239.58776370398954
221.56147136262913
204.64208078445134
188.77740640169188
173.91695560114255
160.0118994871406
147.0150436916059
134.88079923181198
123.56515341659627
113.06822910177317
103.42139991365353
94.59762521328918
86.52668309909939
79.14434290767173
72.39185404938198
66.2154784558712
60.566062918475225
55.39864791416369
50.67210980592391
46.348833570126516
42.39441344635203
38.777379127371375
35.46894531022901
32.44278261529059
29.674808050169382
27.142993350988494
24.827189675708794
22.708967254386252
20.771468720253548
18.999274954396526
17.378282376382327
15.895590704286075
14.539400290881032
13.298918218966925
12.164272408518528
11.126433052096747
10.177140753284732
9.308840796255959
8.514623023374321
272.11379052831904
815.3580544262866
1356.567948351421
1895.6238093088455
2432.4390685259955
2966.9578737453057
3499.1492079349364
4029.0033445178838
4556.524387539477
5081.71795044807
5604.577139146622
6125.082909753107
6643.208517433555
7158.922621252476
7672.193923558461
8182.9919080345635
8691.277137860361
9197.038087144876
9700.273996831984
10200.958997735936
10699.074486819682
11194.614127745575
11687.57562726665
12177.949262437518
12665.720745956802
13151.163122336719
13637.198182702054
14127.294558105748
14621.072088177698
15137.457645030758
15683.52591778761
16242.380198063998
16809.927678863354
17386.004994747847
17970.916227369962
18565.08884131976
19168.861288602828
19782.33392263887
20405.328781593307
21037.380469395055
21677.84695413914
22325.961927155164
22981.124317169804
23642.793953677407
24310.313690936055
24983.14113284143
25660.80540215735
26342.92575290285
27029.167341781562
27719.273206881626
28413.02805571121
29110.306136935134
29811.115889299028
30515.673005564193
31224.577756831735
31938.985667534973
32661.038824376577
33394.74877292242
34156.86552469758
29750.0
270.4767837906451
812.5886835104785
1356.9976258266606
1903.672556043278
2452.5953537594014
3003.76525019004
3557.203987931064
4112.952813164096
4671.066540752436
5231.601585285776
5794.6084033985635
6360.1335974227095
6928.224161733897
7498.931002868418
8072.309446274311
8648.409976462826
9227.298504242648
9809.054565764429
10393.74555334356
10981.455514208137
11572.279687228343
12166.313725410659
12763.662527613344
13364.426784144234
13968.697166496975
14576.569983748406
15188.133096006302
15803.416330200125
16422.15751781313
17048.81864264147
17684.083986682595
18321.460617886307
18958.828715850832
19597.070963015634
20237.274181798904
20880.487203677123
21527.62984776566
22179.38745725625
22836.176431965643
23498.132178679647
24165.173584816977
24837.022537873447
25513.491726538192
26194.39233369954
26879.365159023015
27568.11011493894
28260.35770800361
28955.88296586373
29654.48924349843
30356.031782470338
31060.377835806645
31767.471094926572
32477.36840747876
33190.31202582148
33906.8982393233
34628.24767259639
35356.427894655164
36095.30457891076
36861.175701214
29750.0
1.2083817215540284e+24
1.1522396340029291e+24
1.0980926287961995e+24
1.0458921111181598e+24
9.955901137306276e+23
9.471392962205574e+23
9.004929442400112e+23
8.556049687376111e+23
8.124299051813578e+23
7.709229127731061e+23
7.310397736537112e+23
6.927368920994009e+23
6.559712937085388e+23
6.207006245789061e+23
5.8688315047518377e+23
5.5447775598626366e+23
5.234439436722621e+23
4.937418332009425e+23
4.653321604731652e+23
4.381762767372445e+23
4.1223614769169925e+23
3.874743525762576e+23
3.638540832506727e+23
3.413391432610348e+23
3.198939468932488e+23
2.994835182132102e+23
2.8007349009337698e+23
2.6163010322526454e+23
2.441202051174308e+23
2.275112490785433e+23
2.099962303909993e+23
1.9207963453711375e+23
1.7569165853699338e+23
1.6070188260127692e+23
1.4699101418156962e+23
1.3444993860921102e+23
1.2297885073227274e+23
1.1248646064011282e+23
1.0288926715444699e+23
9.41108933051818e+22
8.608147850255597e+22
7.873712256833963e+22
7.2019377201538795e+22
6.58747808315659e+22
6.025443315711079e+22
5.511360598478068e+22
5.0411387270468504e+22
4.611035553062728e+22
4.217628203234118e+22
3.857785839213596e+22
3.5286447415694375e+22
3.227585519559005e+22
2.9522122653338054e+22
2.700333486679621e+22
2.4699446665495278e+22
2.2592123105942128e+22
2.0664593557355814e+22
1.8901518236610363e+22
1.7288866130238602e+22
1.5813803331965176e+22
1.2083817215540284e+24
1.1522396340029291e+24
1.0980926287961995e+24
1.0458921111181598e+24
9.955901137306276e+23
9.471392962205574e+23
9.004929442400112e+23
8.556049687376111e+23
8.124299051813578e+23
7.709229127731061e+23
7.310397736537112e+23
6.927368920994009e+23
6.559712937085388e+23
6.207006245789061e+23
5.8688315047518377e+23
5.5447775598626366e+23
5.234439436722621e+23
4.937418332009425e+23
4.653321604731652e+23
4.381762767372445e+23
4.1223614769169925e+23
3.874743525762576e+23
3.638540832506727e+23
3.413391432610348e+23
3.198939468932488e+23
2.994835182132102e+23
2.8007349009337698e+23
2.6163010322526454e+23
2.441202051174308e+23
2.275112490785433e+23
2.099962303909993e+23
1.9207963453711375e+23
1.7569165853699338e+23
1.6070188260127692e+23
1.4699101418156962e+23
1.3444993860921102e+23
1.2297885073227274e+23
1.1248646064011282e+23
1.0288926715444699e+23
9.41108933051818e+22
8.608147850255597e+22
7.873712256833963e+22
7.2019377201538795e+22
6.58747808315659e+22
6.025443315711079e+22
5.511360598478068e+22
5.0411387270468504e+22
4.611035553062728e+22
4.217628203234118e+22
3.857785839213596e+22
3.5286447415694375e+22
3.227585519559005e+22
2.9522122653338054e+22
2.700333486679621e+22
2.4699446665495278e+22
2.2592123105942128e+22
2.0664593557355814e+22
1.8901518236610363e+22
1.7288866130238602e+22
1.5813803331965176e+22
-13.307102058528864
-8.248446847124992
-6.140819152283261
-5.028394928400708
-4.561428504335751
-4.431474275972439
-4.430571313086947
-4.412900968670274
-4.27925545361113
-4.010000888448914
-3.6491557291380743
-3.2951370683120627
-2.964203845848728
-2.693429868561947
-2.46635072437715
-2.28155891423503
-2.121929870690449
-2.037513655953712
-1.823882252409788
-1.6330217621197354
-1.4495324672960432
-1.2544960956508509
-1.0232556326450943
-0.7771696018809068
-0.533183809715544
-0.2864350256953225
-0.01419464136481799
-0.02051873030137917
-0.021201066753859292
-0.01664547655562256
-0.003638382989253501
0.005885016497646063
0.01273371202870898
0.016836463588569127
0.0185155128283295
0.01837131410818127
0.017054950599102017
0.014955130318259974
0.012889085595622123
0.010685611063950252
0.008845933118664419
0.007237524937061833
0.006004950472468233
0.004971773923596944
0.003947630417769651
0.0033348662502711204
0.002768741106317767
0.00224935098337359
0.0018984551289793102
0.001578061735248864
0.0013056545856228695
0.0010805752437157952
0.0008953785743503881
0.0007505577901055788
0.0006092390049746094
0.0004960606072836275
0.0003895402609314152
0.000306307574855935
0.0002227292227648418
0.00012153620337438525
-8.843803996898751
-6.257995548738209
-5.087991576165719
-4.535025146111857
-4.4070891366752205
-4.5844843659731005
-4.878198857134071
-5.165505518699775
-5.353587458272804
-5.424462752782499
-5.42174914697098
-5.3907902755113675
-5.342327988822424
-5.278575239817566
-5.184816630410235
-5.063742790917733
-4.958310672610621
-4.756822757718597
-4.521280050541616
-4.283406398855492
-3.9616440721336144
-3.6179618049072317
-3.228085035382612
-2.813706927775558
-2.3996713699900987
-2.0148771791959006
-1.631175977467893
-1.308573104478445
-1.1272613182923121
-1.509612751773488
0.007198187476019989
0.010207149420431223
0.01180650522969999
0.012438566877654877
0.012285291482687428
0.011678513659792233
0.01045273809430191
0.009202144619395534
0.007950858034843668
0.006713866135074072
0.005635603937356643
0.004569803847271878
0.0038482631641105214
0.003170035140089015
0.0025865839176694317
0.002225907328160368
0.0018387845894876093
0.0015322262386759482
0.0012699275286750192
0.0010652494481108443
0.0008812628533248369
0.0007302197674903645
0.0006106778735297325
0.0005088950931255833
0.00041864306070010793
0.0003387587529341792
0.00027328045154277093
0.00020763709507449785
0.00014211696938246
8.033330152520772e-05
-12.890649133040782
-7.855832256916614
-5.770873489281513
-4.680117259715814
-4.233751168520996
-4.123394502008665
-4.141150674477814
-4.141204093824911
-4.024142795000387
-3.771080901659502
-3.425419353524802
-3.085799153068109
-2.7685091619414948
-2.5106552010619794
-2.2957945393177397
-2.1225613202111617
-1.973845424365635
-1.8997469886546696
-1.6958336451354796
-1.5141367154446357
-1.3392790062299582
-1.152365598925826
-0.9287640627660494
-0.6898624818998655
-0.452644928641007
-0.21236774864382824
0.05456199393159977
0.042864631936538444
0.03700014953739128
0.03673835385848179
0.04501747838526171
0.05022207345979268
0.053142863890684566
0.05368861951598092
0.05215471521950121
0.04909001369003363
0.04512250454195055
0.040639443189320446
0.03638667660499095
0.032191080904624414
0.02852463616170553
0.025238047686855225
0.022503317800214973
0.01990361312243749
0.017777551213669085
0.015977799593997588
0.01429193614541191
0.012841363361474123
0.011584727263311834
0.010437042364173976
0.009419077142126753
0.00847776462649108
0.0076874704249689785
0.006962450600383363
0.006294134264862805
0.00569763357549391
0.005151606410493059
0.004656793500828371
0.004207209336072992
0.003766700850178495
-9.260580200958287
-6.650989481587402
-5.458283754411923
-4.883671866987697
-4.7351147499935
-4.892913083736488
-5.167978343225485
-5.437500358506327
-5.60867547348937
-5.6635535799482
-5.645646124446614
-5.600283773747293
-5.538172836155809
-5.461483580353814
-5.355494705172077
-5.222853296010982
-5.106488348138328
-4.894684591785506
-4.649409559931826
-4.402361175992894
-4.071963541625678
-3.720152218231533
-3.322636625355699
-2.9010826313258917
-2.480311056964524
-2.089199116326938
-1.6995762926349585
-1.3714222266582965
-1.1848806818831008
-1.562262128304667
-0.041432426630422015
-0.034333982133034624
-0.02897645842926977
-0.02490385515136495
-0.02193386408441711
-0.01961390611808156
-0.018187546046306124
-0.01696816720368588
-0.01599026153360228
-0.015175981958407192
-0.014383917864108753
-0.013708368288007478
-0.01287912649269174
-0.012117853388303956
-0.011434480878222075
-0.010560653144352727
-0.009852949383116538
-0.009158844522119125
-0.008504149875079747
-0.007874731039237304
-0.007292553677473279
-0.006748950507869722
-0.006225391785562806
-0.0057437357906451325
-0.005299995017310266
-0.004889230665583
-0.004507966036953803
-0.004163699651655861
-0.0038528413508629455
-0.003574131296147698
-0.41636529636846265
-0.3925747293686997
-0.36988948535716715
-0.34827028523907455
-0.3276788066522582
-0.3080776716114622
-0.2894304341674324
-0.27170156808097373
-0.2548564545121385
-0.23886136972471617
-0.22368347280618772
-0.20929079340333026
-0.19565221947364222
-0.18273748505278034
-0.17051715803819392
-0.1589626279891497
-0.1480460939433477
-0.13774055225033038
-0.12801978442189416
-0.11885834499971874
-0.11023154944043326
-0.10211546201834704
-0.0944868837460771
-0.08732334031331142
-0.08060307004395496
-0.07430501187191056
-0.06840879333575692
-0.06289471859259142
-0.057743756451314736
-0.052937528425643275
-0.0484582968071428
-0.04432390011799913
-0.040542244592071126
-0.037083234827881374
-0.03391934312311698
-0.03102539040199137
-0.028378345833588878
-0.02595714354650251
-0.023742514981132286
-0.02171683554545991
-0.01986398435394645
-0.018169215933318585
-0.01661904287424449
-0.015201128495010974
-0.013904188662991182
-0.01271790199257262
-0.011632827704877153
-0.010640330495579163
-0.009732511812900396
-0.008902146998873834
-0.008142627793630345
-0.007447909745142259
-0.00681246410589688
-0.00623123383368107
-0.005699593346319704
-0.005213311710085716
-0.004768518968825458
-0.004361675345837768
-0.0039895430734073175
-0.003649160625804247
0.41688071910232904
0.39306070152349487
0.3703473752231912
0.3487014124826465
0.32808444350006444
0.30845904401960994
0.2897887229752266
0.27203791014943507
0.25517194384728215
0.23915705858560926
0.22396037279780587
0.20954987655423138
0.195894419298478
0.18296369759966472
0.17072824292094893
0.15915940940444867
0.1482293616727768
0.13791106264738884
0.12817826138395425
0.11900548092496739
0.110368006169816
0.10224187176253705
0.09460384999749068
0.08743143874319306
0.08070284938455427
0.07439699478377435
0.06849347726015974
0.06297257658912835
0.05781523802068049
0.053003060317621926
0.04851828381383307
0.044378769113983425
0.04059243223913726
0.03712914053242089
0.03396133221470544
0.031063797040776452
0.028413475669624037
0.025989276152189853
0.0237719060761327
0.02174371903177685
0.01988857417737912
0.01819170778609844
0.01663961575240508
0.015219946122885079
0.013921400796171783
0.012733645609706976
0.01164722809777863
0.01065350226633217
0.009744559785893692
0.008913167055020349
0.008152707633412514
0.00745712958655535
0.006820897322844723
0.006238947539904738
0.005706648929506175
0.005219765320407102
0.00477442196579673
0.004367074707049179
0.003994481768384322
0.0036536779579701955
-57.9843411589095
-55.290356385828204
-52.692105877203744
-50.18725780500472
-47.77351045558089
-45.44859219356101
-43.21026142538278
-41.056306562413965
-38.984545983659245
-36.99282799806679
-35.07903080638704
-33.24106246261056
-31.476860834944773
-29.784393566335723
-28.161658034519633
-26.60668131158633
-25.11752012304862
-23.692260806403453
-22.32901926916645
-21.025940946374305
-19.781200757530115
-18.593003062985133
-17.459581619735673
-16.37919953661992
-15.350149228899
-14.37075237219966
-13.439359855804241
-12.5543517352651
-11.714137184322823
-10.917154446108569
-10.076694183537626
-9.216964192701653
-8.430585208027054
-7.711299020352513
-7.053381362502805
-6.451596354076727
-5.901154832944798
-5.397676241847158
-4.937153766775914
-4.515922449703659
-4.130630021891115
-3.7782102256578582
-3.4558584123034493
-3.1610092219812884
-2.8913161678955497
-2.6446329623468685
-2.4189964360149077
-2.212610914544488
-2.0238339281006006
-1.8511631401648074
-1.69322439154924
-1.5487607644791552
-1.4166225797133478
-1.2957582470967388
-1.1852058967314765
-1.0840857241653161
-0.9915929886782457
-0.9069916089457841
-0.829608305111762
-0.7588272406515131
-57.9843411589095
-55.290356385828204
-52.692105877203744
-50.18725780500472
-47.77351045558089
-45.44859219356101
-43.21026142538278
-41.056306562413965
-38.984545983659245
-36.99282799806679
-35.07903080638704
-33.24106246261056
-31.476860834944773
-29.784393566335723
-28.161658034519633
-26.60668131158633
-25.11752012304862
-23.692260806403453
-22.32901926916645
-21.025940946374305
-19.781200757530115
-18.593003062985133
-17.459581619735673
-16.37919953661992
-15.350149228899
-14.37075237219966
-13.439359855804241
-12.5543517352651
-11.714137184322823
-10.917154446108569
-10.076694183537626
-9.216964192701653
-8.430585208027054
-7.711299020352513
-7.053381362502805
-6.451596354076727
-5.901154832944798
-5.397676241847158
-4.937153766775914
-4.515922449703659
-4.130630021891115
-3.7782102256578582
-3.4558584123034493
-3.1610092219812884
-2.8913161678955497
-2.6446329623468685
-2.4189964360149077
-2.212610914544488
-2.0238339281006006
-1.8511631401648074
-1.69322439154924
-1.5487607644791552
-1.4166225797133478
-1.2957582470967388
-1.1852058967314765
-1.0840857241653161
-0.9915929886782457
-0.9069916089457841
-0.829608305111762
-0.7588272406515131
303.5011653455233
298.6393989547507
293.7952011638796
288.96978218328826
284.1640697814403
279.37868288527517
274.6140004615219
269.87019771442044
265.14727322123997
260.4451550791013
255.7638148972731
251.1034042410205
246.4641117957706
241.84622671712984
237.25001980753922
232.6757794492629
228.12376248489954
223.59441667637535
221.18898451293586
216.72146269962124
212.27695560530736
207.85901458669474
203.47304584773337
199.1208551414985
194.79954535626626
190.5075274048849
186.35443221982396
183.3269853903546
181.5832176764531
179.65403818461556
184.40074635257776
192.40207616447753
196.02772568295367
199.07701489405406
202.0690008753773
205.16764871268663
208.4162370879053
211.78354331006867
215.1860502157054
218.52613395501325
221.70297203874657
224.6546064180585
227.3374448855743
229.80944729288302
232.09197562896972
234.1439988230582
236.00576727901446
237.7023674667093
239.26541447006397
240.7110094431426
242.06647061758164
243.34641425726653
244.58224845893795
245.8210426953986
247.13549486799303
248.6605024266612
250.59083000277892
253.27253123632832
257.361350893239
267.3255244309463
282.242094258371
299.1325780801431
296.71631881161335
294.28971177597924
291.85293226025544
289.40608239937745
286.9492219339914
284.48229799126375
282.0051692101716
279.51760848584865
277.0193532437157
274.51016208801747
271.98982566857484
269.4581370214018
266.9148832940616
264.35982257393346
261.792702532969
259.2133245042494
257.0301621098151
254.425167446334
251.80692262077486
249.17495846261045
246.535117165006
243.90512704501475
241.27494159069371
238.64081447845817
235.9968484427953
233.34334988986052
230.67533826110457
227.96963195604678
225.19877586670438
223.84420694380526
223.84163485002446
223.57078728382356
223.56779410379477
223.8744169314015
224.56226136610286
225.61800143337737
226.99638383442348
228.61516211670187
230.3799997778453
232.19233369194663
233.97621597671622
235.66254552975732
237.28317242727604
238.8375684838093
240.26596886111705
241.58910837550127
242.81771844147733
243.96741559524276
245.04813613458714
246.07808016876075
247.06146092501348
248.025090480609
249.008660324162
250.07720433809868
251.35490707712142
253.02568812262956
255.42170446810172
259.17367207629593
268.64243429808994
282.9392847535195
1014.8
956.8156588410905
901.5253024552622
848.8331965780585
798.6459387730538
750.8724283174729
705.4238361239119
662.2135746985291
621.1572681361151
582.1727221524559
545.1798941543891
510.10086334800206
476.8598008853915
445.38294005044673
415.598546484111
387.4368884495914
360.83020713800505
335.71268701495643
312.020426208553
289.6914069393865
268.6654659930122
248.8842652354821
230.29126217249697
212.8316805527613
196.45248101614138
181.10233178724238
166.73157941504272
153.29221955923848
140.73786782397337
129.02373063965055
118.10657619354198
108.02988201000436
98.8129178173027
90.38233260927565
82.67103358892314
75.61765222642033
69.1660558723436
63.26490103939881
57.86722479755165
52.930071030775736
48.41414858107208
44.28351855918096
40.505308333523104
37.049449921219654
33.888440699238366
30.997124531342816
28.352491568995948
25.93349513298104
23.720884218436552
21.69705029033595
19.845887150171144
18.152662758621904
16.60390199414275
15.187279414429401
13.891521167332662
12.706315270601186
11.62222954643587
10.630636557757624
9.72364494881184
8.894036643700078
8.135209403048565
1014.8
956.8156588410905
901.5253024552622
848.8331965780585
798.6459387730538
750.8724283174729
705.4238361239119
662.2135746985291
621.1572681361151
582.1727221524559
545.1798941543891
510.10086334800206
476.8598008853915
445.38294005044673
415.598546484111
387.4368884495914
360.83020713800505
335.71268701495643
312.020426208553
289.6914069393865
268.6654659930122
248.8842652354821
230.29126217249697
212.8316805527613
196.45248101614138
181.10233178724238
166.73157941504272
153.29221955923848
140.73786782397337
129.02373063965055
118.10657619354198
108.02988201000436
98.8129178173027
90.38233260927565
82.67103358892314
75.61765222642033
69.1660558723436
63.26490103939881
57.86722479755165
52.930071030775736
48.41414858107208
44.28351855918096
40.505308333523104
37.049449921219654
33.888440699238366
30.997124531342816
28.352491568995948
25.93349513298104
23.720884218436552
21.69705029033595
19.845887150171144
18.152662758621904
16.60390199414275
15.187279414429401
13.891521167332662
12.706315270601186
11.62222954643587
10.630636557757624
9.72364494881184
8.894036643700078
8.135209403048565
0.0
544.2275810566381
1086.4885277959352
1626.6473689069069
2164.6002497107843
2700.2778873412067
3233.637860149405
3764.6605557204684
4293.346133315299
4819.702641763655
5343.733259132484
5865.421019160761
6384.744800345453
6901.6722345216585
7416.173007983294
7928.214839133629
8437.768976935498
8944.785298785222
9449.290875504528
9951.25711815944
10450.660877312434
10947.48809632693
11441.740159164221
11933.411095369078
12422.487429505958
12908.954062407647
13393.372182265792
13881.024183138314
14373.564933073183
14868.579243282215
15406.336046779303
15960.71578879592
16524.044607332075
17095.810750394634
17676.199239101057
18265.63321563887
18864.544467000647
19473.17811020501
20091.489735072733
20719.167828113877
21355.593110676233
22000.100797602045
22651.823056708283
23310.425577631326
23975.16232972349
24645.46505214862
25320.81721353424
26000.793590780464
26685.057915025238
27373.276768537882
28065.269645225373
28760.786466197045
29459.825807673227
30162.40597092483
30868.940040203557
31580.215473459917
32297.755861610025
33024.321787143126
33765.17575870172
34548.55529069344
35265.09793495261
0.0
540.9535675812901
1084.223799439667
1629.7714522136544
2177.5736598729018
2727.6170476459015
3279.9134527341785
3834.49452312795
4391.411103200243
4950.721978304628
5512.481192266925
6076.735614530202
6643.531580315217
7212.9167431525775
7784.945262584259
8359.673629964363
8937.146322961287
9517.450685524007
10100.658446004849
10686.83266068227
11276.078367734002
11868.481006722684
12464.146444098633
13063.178611128054
13665.674957160412
14271.719375833538
14881.420591663276
15494.84560034933
16111.98706005092
16732.32797557534
17365.309309707598
18002.858663657593
18640.06257211502
19277.59485958664
19916.547066444626
20558.001297153183
21202.973110201063
21852.286585330257
22506.488329182237
23165.864534749046
23830.399822610245
24499.947347023706
25174.097728723187
25852.885724353197
26535.898943045882
27222.83137500015
27913.38885487773
28607.32656112949
29304.43937059797
30004.53911639889
30707.524448541782
31413.231223071507
32121.710966781633
32833.02584817589
33547.59820346707
34266.198275179544
34990.297070013235
35722.558719297085
36468.05043852443
37254.300963903566
37973.46965225689
497.4722483667533
485.44923006291094
470.6649265893339
455.89300641033196
441.7698823821708
428.51263392368526
416.2546646899463
405.00849761898724
394.77551542803417
385.5413264378998
377.25533268373897
369.8517207057857
363.2696609778219
357.4526107820105
352.3220006429816
347.8304665789992
343.9212168426425
340.53322489709933
338.155749299691
335.6202248612351
333.4622166417393
331.6447169764387
330.12776935607945
328.88094130798345
327.86154742078133
327.03671271807656
326.385066510222
325.9394112340584
325.77995522629396
325.7397914595474
325.9467629101401
326.9187065240887
327.64434132299544
328.30192114202043
328.9111036057549
329.48031361141454
330.01021420777226
330.49455479290447
330.92664143917506
331.300865499533
331.61581478993253
331.87485285832264
332.0845042552119
332.25323669240095
332.38996596244203
332.5022596651263
332.5976915073397
332.6811710481478
332.7571407200898
332.8286516321848
332.89795601244
332.9673610910445
333.037736361053
333.11221777671454
333.193104257739
333.28669072725216
333.4010783183939
333.55049824019216
333.75975798185596
334.11460104623296
334.90497679067045
470.35640370415274
465.3429859789679
458.8635841058391
452.1430240068518
445.49841265043796
439.04835912114225
432.86441818416574
426.978587733751
421.4242407568793
416.21191516862956
411.350929611703
406.8311660118916
402.6509682894448
398.79321188355726
395.25203249315393
392.0172137613788
389.0773996417678
386.59119998320756
384.19190680193265
382.03187234012427
380.135829816766
378.47792622676434
377.0254078598881
375.7644679250524
374.66641083724664
373.70900190992785
372.8730488279599
372.1254397876802
371.46725616645983
370.8765386700927
370.42175240291346
370.4697659141689
370.5191364549533
370.6259211755157
370.7621937680412
370.9216080239603
371.0919609137057
371.25983215765467
371.41322705112464
371.54204449270065
371.64232168073653
371.7132800024723
371.7585514475821
371.7826540275979
371.7921818774925
371.7920435549108
371.7879604314305
371.78274877489997
371.7793837496534
371.77977231711765
371.7851318678273
371.79678546650604
371.81474123161524
371.8416066294619
371.8788948526095
371.93227428124646
372.0091066574504
372.1228985771632
372.29746306315053
372.61632759782316
373.3622698325061
481.1207459136441
467.3110513476657
450.7864226430762
434.3240075620786
418.5610593230572
403.7145113187476
389.9181010708909
377.1851728436945
365.5171635513585
354.8994267390061
345.2810897689313
336.5961370671136
328.7832401918668
321.7853008726079
315.5231727563815
309.9489111903093
305.0050376445217
300.6297649478791
297.311511738349
293.8808277169502
290.8723100272268
288.2479231253652
285.9666572989251
283.9969203679715
282.2948505238397
280.826336503518
279.5687178091802
278.5534823472367
277.8595171100929
277.3185838069114
277.0572068416486
277.5955629540301
277.9238287188761
278.2176505857349
278.4944411673622
278.7606932575355
279.0154590078152
279.2511574498751
279.45997937116
279.6353264624807
279.7748218868922
279.880796812941
279.9586132484799
280.0153830383009
280.0584817162762
280.0937671125215
280.1269890058816
280.1611747128355
280.1988898378337
280.2413716856873
280.2891698269635
280.3430408636919
280.4024748796512
280.4694158609353
280.5451484661458
280.6351348739069
280.7467983430449
280.8938345918762
281.1006127683015
281.452457977888
282.2382789528484
454.0095273754289
447.2101449329511
438.9908039632243
430.5800564666638
422.2960462952353
414.2576190267299
406.5363429673738
399.1644330772711
392.1754577552497
385.5799040041604
379.3869262028543
373.5860523315759
368.1751973195209
363.1367204425068
358.4642042559776
354.1468594155318
350.1726444811838
346.6994105528508
343.3596040122225
340.3046841582238
337.558409363159
335.0938943696496
332.8773308971041
330.8937489254828
329.1132757533931
327.5124391498134
326.0707548639993
324.7537941516636
323.5613170527185
322.4700337806674
321.5470921894519
321.1616972444371
320.8138680672202
320.5570568936372
320.3610966652844
320.2177136411802
320.1130963657371
320.0324970588123
319.9628079102494
319.8929391938656
319.8179633035487
319.7360652382217
319.6496978903923
319.5620151652264
319.4780669306184
319.4010499835337
319.3348636126357
319.2804488613888
319.2388995988382
319.2103119718026
319.1942011737963
319.1903412206416
319.197356316698
319.2166651565171
319.2487734806944
319.2985111595932
319.3725758873995
319.4839310775042
319.6559601437104
319.9717629287991
320.7130551134912
16.35150245310921
18.13817871524528
19.87850394625769
21.5689988482534
23.20882305911362
24.79812260493767
26.33656361905542
27.82332477529272
29.25835187667567
30.64189969889367
31.97424291480769
33.2555836386721
34.48642078595511
35.66730990940261
36.7988278866001
37.88155538868994
38.91617919812078
39.90345994922026
40.84423756134203
41.7393971442849
42.58990661451255
43.39679385107349
44.16111205715435
44.88402094001196
45.56669689694159
46.21037621455854
46.81634870104177
47.38592888682169
47.92043811620106
48.421207652636
48.88955606849147
49.32314357005861
49.72051260411936
50.08427055628554
50.41666243839265
50.71962035387905
50.99475519995707
51.24339734302934
51.46666206801505
51.66553903705234
51.84099290304035
51.99405604538163
52.12589100673204
52.23785365410004
52.33148424616581
52.40849255260478
52.47070250145805
52.5199963353123
52.55825088225611
52.58727994649753
52.60878618547653
52.6243202273526
52.63526148140184
52.64280191577923
52.64795579159318
52.65155585334524
52.65427997534905
52.65666364831594
52.65914521355445
52.66214306834497
52.66669783782202
16.34687632872383
18.13284104601677
19.87278014261479
21.56296754018804
23.20236635520264
24.79074009441233
26.32807521679195
27.81415465647989
29.24878300162964
30.63201116446913
31.96400340884872
33.24511368031568
34.47577096992384
35.65649144105045
36.78782823717632
37.87035434584696
38.90475516058397
39.89178943035677
40.83230278971014
41.72718818190051
42.57742045360698
43.38403185711472
44.14807696278402
44.87071899956956
45.55313508385355
46.19656276011445
46.8022939639606
47.37164563601661
47.90593911374137
48.40650488942534
48.87466021346155
49.30806866973179
49.70526838773311
50.0688642818785
50.4010971027568
50.70389438278008
50.97886454796861
51.2273350988424
51.4504191408752
51.64910529883506
51.82435837718783
51.97721476425058
52.10885355718979
52.22063886237153
52.31411494687412
52.39099357137709
52.45309681879487
52.50229991351117
52.5404841508152
52.56946034531504
52.59093069403106
52.60644424586447
52.61738491491721
52.62494147294484
52.63012137191512
52.63376312165326
52.63653077005094
52.63896749965896
52.64150291944016
52.64456466902407
52.64921471901493
599.5187914671344
574.6051240302512
551.9649882997576
531.4221946314741
512.6189533435972
495.1279537165907
478.746589980843
463.35927223540625
448.9850859506281
435.7267541654933
423.669679509673
412.8406481781949
403.1727892971631
394.58722993941024
386.94596459931927
380.1586359960193
374.1268249394513
368.76498756954254
364.48776498347956
360.25640689988813
356.5842619649478
353.4274832934171
350.75817007413195
348.58257796327007
346.8733215941681
345.5958419628224
344.73182800632384
344.34073472409193
344.22414334826396
344.2209797310548
344.464689535506
345.48165062783994
346.25750750020626
346.9682301831221
347.6311012663725
348.2524659872517
348.8314565972994
349.36091968697366
349.83364577643346
350.2442565133965
350.59139688470043
350.87895958925225
351.11384903382856
351.3050847888177
351.46171767198126
351.5917889258792
351.7031985676865
351.80097004464005
351.88978107994353
351.97287671930184
352.05261814192124
352.1314422976679
352.21029533230285
352.2924642183892
352.3803131500142
352.48019375379215
352.6002789785095
352.7548505067181
352.9687670418828
353.32781731559595
354.1219597608837
585.5560090563654
571.2820111302219
558.1516197755059
545.9727759221068
534.4444926987051
523.2593244194161
512.182470398703
501.1286616050627
490.1368142696847
479.31581320794567
468.7912740710708
458.6258643468128
448.84538285061853
439.44945360857525
430.4467906378182
421.856477200871
413.693809785249
406.1011217785506
398.80714400549004
391.9976999837499
385.69929628439877
379.9694291527714
374.79675856766363
370.21318200747214
366.2140422883406
362.7763223040572
359.8511701057624
357.40398477284776
355.37437892496905
353.5987807467188
351.58173235123473
351.5883134358599
351.6033499945112
351.68115825664455
351.7925269940185
351.93000738585323
352.08074636948044
352.2304300673832
352.3668567936495
352.47968397369186
352.56478517976944
352.621359583641
352.6529226604628
352.66414611398596
352.66155611049214
352.64998330703224
352.63533953040763
352.620274924494
352.6077510547252
352.59963547231445
352.59712029198494
352.60148133698624
352.6126881515873
352.63332815764863
352.66487264500563
352.7129520786253
352.7848952241635
352.8941791778394
353.0645799641751
353.37959165749686
354.1219597608837
365.9258999056194
335.0697105652058
306.5043324976527
280.1004214602464
255.5488239268083
232.4916239938905
210.7644552409563
190.2248116214308
170.8614115640526
152.7670978908958
136.0336559067282
120.6880085476103
106.6970703388668
94.01189833043912
82.51705499068908
72.14264195031394
62.80159307024851
54.41719088126213
47.40178874303188
40.69002185346592
34.7713787633603
29.59236180361107
25.10992551673035
21.32628750711918
18.19362123218298
15.65238311510447
13.66782142211551
12.27959671117584
11.27573660173278
10.47855759985457
9.99921209740369
10.47392939188287
10.74423011911555
10.98340265887455
11.20371831397091
11.40696635629293
11.58629402456844
11.72853444199537
11.81974404608051
11.84782806362395
11.80493930566892
11.6889876502863
11.50218743056142
11.24986633945366
10.9392984959057
10.57773738666061
10.17389301186761
9.73432458202167
9.265956157782608
8.774542009238642
8.264828693567946
7.741343523882409
7.205946399830083
6.661580671181221
6.10753378828041
5.543793335798055
4.965910380510901
4.362616087215045
3.697869283647705
2.866788903624342
0.0
352.0292049859032
331.8181675255137
312.7911372775013
294.7903669148646
277.5517169225941
260.8159330554252
244.3907181158716
228.1884724676899
212.2162019428631
196.5648182501529
181.3600727891616
166.6813903998544
152.5839458661183
139.093451035578
126.2396605494468
114.0623551384333
102.5874331466602
91.96554310949207
81.92505788669062
72.62682556029347
64.07330477148736
56.31167854300083
49.31551287981402
43.11259519458081
37.67773267553947
32.96288364938037
28.90287271484606
25.44381353307045
22.51303285368067
19.93041990610898
17.17812585093426
16.6371710089917
16.14246077518644
15.74414530282262
15.40888303384323
15.12458639853994
14.87239062591651
14.63192953509982
14.38424669586659
14.11222443808627
13.80517399226102
13.45628342070544
13.06440968102221
12.63050571728076
12.15928708303586
11.65476879245865
11.12364034855286
10.5700335502438
9.999166502998804
9.415391091539073
8.822270603816698
8.223153275624561
7.61895701639929
7.011920190092594
6.400395614305616
5.783716441839768
5.156461926501104
4.506634215774093
3.796956033208986
2.920243500478368
0.0
233.592891561515
239.5354134650454
245.4606558021049
251.3217731712277
257.070129416789
262.6363297227002
267.9821347398867
273.1344606139754
278.1236743865755
282.9596562745975
287.6360236029448
292.1526396305846
296.4757189582963
300.5753316089711
304.4289096086302
308.0159940457054
311.3252318692028
314.3477966882804
317.0859762404477
319.5663850464222
321.8128832015875
323.835121489806
325.6482445574016
327.2562904561509
328.6797003619851
329.9434588477179
331.0640065842083
332.0611380129161
332.9484067465312
333.7424221312002
334.4654774381023
335.0077212359571
335.5132773810907
335.9848275242476
336.4273829524016
336.8454996309588
337.245162572731
337.6323852449783
338.0139017303529
338.3964284497726
338.7864575790315
339.1899719389659
339.6116616032671
340.055218449364
340.5224191760756
341.0140515392186
341.5293055558189
342.0666454626184
342.6238249221609
343.1983347100632
343.7877894483533
344.3900987737855
345.0043489324728
345.630883547208
346.2727793617338
346.9364004179941
347.6343685979986
348.3922344195031
349.2708977582351
350.4610284119716
354.1219597608837
233.5268040704621
239.4638436047083
245.3604824980046
251.1824090072422
256.892775776111
262.4433913639908
267.7917522828314
272.9401891373728
277.9206123268216
282.7509949577927
287.4312012819092
291.9444739469584
296.2614369845002
300.3560025729973
304.2071300883714
307.7941220624377
311.1063766385888
314.1355786690585
316.8820861187994
319.3708744234564
321.6259915129114
323.6577506097706
325.4812456878496
327.1005868128913
328.5363096128011
329.8134386546768
330.9482973909163
331.9601712397773
332.8613460712884
333.6683608406098
334.4036065003005
334.9511424268682
335.4608892193247
335.9370129538219
336.3836439601753
336.8054209873133
337.2083557435639
337.5985005322834
337.9826100977829
338.3674595356056
338.7596111875084
339.1650761629355
339.5885129794406
340.0336403967052
340.5022690274563
340.9952145145736
341.5116991818548
342.0502413742502
342.6085845517264
343.1842443807754
343.7748496881682
344.3783280613617
344.993731135188
345.621407967556
346.2644770307
346.9292356367855
347.6284332976624
348.3875449620653
349.2676239309661
350.4593481570185
354.1219597608837
102.0465431003811
89.15589396734032
81.3000617104237
75.52918822114219
70.84907096142638
66.61531979290538
62.49192529089672
58.3507746164189
54.20957052259399
50.185427727593606
46.4143468259341
42.9889274724093
39.90312831934119
37.1346191573997
34.62396395633772
32.32816941701998
30.205608096808817
28.231762672443182
26.332015683788512
24.636182038653033
23.122045323208397
21.78276631697844
20.630400718052613
19.701636655286563
19.011774173386698
18.55912924474569
18.346761496101863
18.401323490033462
18.44418812197
18.481188271507392
18.517926625365874
18.562944103751136
18.61316617721093
18.666309041101613
18.719997660617594
18.772152375837095
18.82124238952713
18.86636489406908
18.9070043372584
18.94339101386339
18.975582094768015
19.00410673092972
19.029344778616576
19.05184809641679
19.071751709539228
19.089529260752897
19.105507060346895
19.119798996492307
19.13264035985378
19.144225087117093
19.154662129481267
19.164081206623393
19.172558971249885
19.180246441674853
19.187208892275237
19.1935030265401
19.199200660115594
19.204352266526087
19.209009060026915
19.213216269362988
19.216982970213166
115.1996053522125
105.93902515125421
99.28803566966681
93.82975191525489
88.94608004826719
84.21096529827369
79.3180522145372
74.15007387131172
68.71257351280539
63.10389803931602
57.44034445936782
51.79469833492121
46.194414561173915
40.656241725018106
35.19475814466429
29.839263439492214
24.616410143481232
19.509921795342905
14.615237203557399
9.965827643625573
5.563466467632679
1.4915029260070014
-2.2286492922245316
-5.5512859175802305
-8.452368548906122
-10.932679605870646
-13.021878722197584
-14.721455014832543
-16.09287724149084
-17.27775792337394
-18.840020051678607
-18.88145247830903
-18.915786460442064
-18.944762918871334
-18.9696667740227
-18.991600638107116
-19.011214544225197
-19.029402090271503
-19.04637025747519
-19.06236051900879
-19.0775365009672
-19.091920418831307
-19.105628787119315
-19.118507913612007
-19.13062576700031
-19.142060247878533
-19.152620901022885
-19.162473850406002
-19.17163269492812
-19.1801368448032
-19.188011575842438
-19.19530412951991
-19.20205308002778
-19.208278471813344
-19.21402220760399
-19.2193222026213
-19.224211433286882
-19.228719399323836
-19.232883098975492
-19.236735940326355
-19.240310071622503
115.1948460080247
132.2413407824598
144.2820901454235
154.2235861018322
163.0122353962489
171.2228873248571
179.1536458299346
186.9603612222638
194.6557519873059
202.1323288481102
209.247433862203
215.9081285195032
222.086169853
227.7734025421688
233.0061177656924
237.8062692399954
242.2034445742732
246.212574066617
249.9097229953172
253.1908058634843
256.1009312638665
258.6555613217541
260.8567317821947
262.6706328608523
264.1012292916567
265.1739533884136
265.9008963870646
266.2738856360609
266.5837805083601
266.8400262070568
267.0579947442449
267.1216335621473
267.1795985997605
267.2342479268604
267.2907228533913
267.3537269012426
267.4291649832468
267.5226230078798
267.6402353250795
267.7874983988568
267.9698825812232
268.1918091626546
268.4564258179185
268.7655166988472
269.1191832203705
269.5160297258609
269.953095994014
270.4268501308138
270.932933680051
271.4668296764486
272.0243411333955
272.6016973398095
273.1965284798211
273.807835189754
274.4376146778654
275.0913415381088
275.780887962534
276.5312185046611
277.4027434846538
278.5856690742636
282.2382789528484
101.9803223895257
115.3919774074374
126.199666685723
135.7896895517992
144.7443293726412
153.4416859713047
162.1456248515022
170.9759606095812
179.9592558123866
189.0150857540075
198.0268534136927
206.9046619317215
215.5912514534025
224.0432694069288
232.2245437065308
240.0845042770985
247.5852113345236
254.7338674433588
261.4345461255318
267.6778585979303
273.4851045916717
278.7822158266488
283.56181801729
287.781153730902
291.4355430778536
294.549555500433
297.1678821491533
299.3099806185932
301.0482841990378
302.5396138745584
304.3689663385176
304.5245262354454
304.6714072920337
304.8129115908146
304.9522136314412
305.0931272426403
305.2407057398205
305.4005675237125
305.5785612143828
305.7807147557793
306.0127893112877
306.2797818175163
306.5852882093701
306.9315094479456
307.3187798475825
307.746281191075
308.2112232640829
308.710415311145
309.2397330958394
309.7949208802635
310.3719305699796
310.9671879450171
311.5783993002986
312.2047449664245
312.8483778663888
313.5147947177535
314.2161139608984
314.9772968617301
315.8590041105014
317.0515194283208
320.7130551134912
217.2413891084058
221.3972347498001
225.5821518558472
229.7527743229744
233.8613063576753
237.8382071177625
241.6455711208313
245.3111358386827
248.8653225098999
252.3177565757038
255.6617806881371
258.8970559919125
261.9892981723412
264.9080216995685
267.6300817220301
270.1344386570154
272.409052671082
274.4443367390602
276.2417386791057
277.8269879021373
279.2229765870749
280.4383276387325
281.4871325002473
282.3722695161389
283.1130034650434
283.7330826331593
284.2476578831665
284.6752091260944
285.0279686303301
285.3212144785642
285.5759213696108
285.6845776658984
285.7927647769714
285.900556967962
286.0107205140089
286.1258792770797
286.2504073727739
286.3889879019489
286.5472396623379
286.7308894127202
286.9454646759912
287.1959158935843
287.4857705965351
287.817364795264
288.1909349299097
288.6055589866138
289.0586030543609
289.5466491273061
290.0655740399048
290.6110547635657
291.1790032628768
291.7657785464329
292.369087451071
292.9880816314288
293.6248235701406
294.2848445646489
294.9800886226496
295.7355707711872
296.6117525446807
297.7988853436266
301.4552619230616
217.1799277417382
221.3310025586916
225.4877023553898
229.6194414670541
233.6904094209084
237.6526512695784
241.4636770660394
245.1260344808929
248.671829325192
252.1189837933235
255.4671978730605
258.6993602666427
261.7856660145764
264.6995111319469
267.4193018511951
269.9237677165907
272.2016214780048
274.2437892387017
276.0497833290892
277.6436862415559
279.0485710593044
280.2737187526558
281.3331687250655
282.2298678133218
282.9831745289475
283.6168758945623
284.1460034269557
284.5885256037607
284.955406957547
285.2618559511845
285.528946286839
285.6430737571364
285.7556208315916
285.8681486719433
285.9825468574185
286.1015266045332
286.2294911955953
286.371165433441
286.5321909569076
286.7183542367705
286.9352528103205
287.187861398685
287.4796594222508
287.8130015343336
288.1881540805822
288.6042209431965
289.05860236306
289.547941460739
290.0681004009113
290.6147840354603
291.1839189941372
291.7718838154972
292.3763462202708
292.9964664946112
293.6343556587848
294.2954725151322
294.9919025276115
295.7485774624063
296.6261210115259
297.8147834879944
301.4727450418687
-1.8745185203306103
-1.197899014205277
-0.9233581814992797
-0.7859463995705557
-0.7470708223778908
-0.7647497948913947
-0.8078201791688311
-0.8501188388343893
-0.8702086250821838
-0.8592138903557216
-0.8230841359239993
-0.7824018396457919
-0.7413735430598536
-0.7103255017451159
-0.687026860945601
-0.6724495960096838
-0.6624052469083381
-0.6757970237783333
-0.6401781048240534
-0.6068329992911912
-0.5709139131118007
-0.5223395307566158
-0.44837965432295546
-0.35499658946348417
-0.24847922211907497
-0.1244278447281697
0.03439556462270427
0.02902656370590942
0.02666562996081831
0.0286338973550766
0.0377050992194187
0.04598422553494671
0.0532383016633903
0.0588148461866286
0.0625144272139388
0.0643150114235006
0.06431574171546728
0.0640060896655906
0.0621727586093872
0.060008670685826604
0.05863949768133825
0.058152562388776086
0.054456049262285866
0.05404773113824124
0.05316551720454599
0.04893150015670211
0.050189391452506005
0.05252575467473708
0.05401858843032192
0.05080072487800402
0.037091842268592856
0.04559719886169589
0.06539692081983306
0.034384058600450906
0.06846641235675666
0.01835045388606993
0.058190173033707104
0.02145834052503659
0.04463752941038024
0.5459353773899522
0.0
-1.3458316865897286
-1.0098120042286007
-0.8671019706916059
-0.8138405916936408
-0.8329924135005118
-0.9082274728420857
-1.007611204844317
-1.1146809907832336
-1.2118600248278288
-1.2916246680874446
-1.3561297368468113
-1.41886241049906
-1.4821615531015335
-1.545245808373847
-1.6033740735866822
-1.6562102154958707
-1.716576970421982
-1.7449734782238853
-1.7590310818434893
-1.7689104797798363
-1.74018431732671
-1.6919198412565368
-1.6103195929116358
-1.5000496744156615
-1.370021636358586
-1.234430651294112
-1.0758013485580957
-0.9305555613198118
-0.8625562373054492
-1.2162060751684587
-0.039229374566541714
-0.035376734016405495
-0.0336499209130722
-0.031772792247451914
-0.03064297230098631
-0.029990136784085686
-0.03058718569789251
-0.0303391752496924
-0.0315929909054844
-0.0327917051374354
-0.03337493287381732
-0.03312250160303021
-0.03615833502424892
-0.03560996816115525
-0.03625298541595501
-0.03996526571057091
-0.03849968955107297
-0.03603621932396894
-0.03470951814171297
-0.03803231191086098
-0.052072419832071226
-0.04360164378041098
-0.0241369759896779
-0.05578482993305389
-0.021834360437285483
-0.07323801179237144
-0.03411257800507972
-0.0732231835210655
-0.052851817250701316
0.446731530997738
0.0
-2.479409809607784
-1.836657088895858
-1.591219662757961
-1.476905201763564
-1.44948738170086
-1.47169645183964
-1.523720832036686
-1.58079208456079
-1.617462698555537
-1.622137758623794
-1.601385498982462
-1.567472266386351
-1.523819531580281
-1.481706856196303
-1.437542436586031
-1.393821077637237
-1.346161846353986
-1.31608637423159
-1.239285884406971
-1.167293898960885
-1.089179151112992
-0.998454060439746
-0.8762009481838477
-0.7366283274488326
-0.589385418056964
-0.4266235296506458
-0.234067805480897
-0.2081824189391737
-0.1844888954514665
-0.1683869022995118
-0.0532632886774915
-0.0530398361847518
-0.0546702486319027
-0.061766370602487
-0.0753346958259345
-0.0986160044482551
-0.1335683435232191
-0.1837680162896056
-0.2515597532229525
-0.3406156886659051
-0.4531239091926992
-0.5906837303625178
-0.7543175352732998
-0.9436091433203535
-1.157579768930943
-1.393817251588233
-1.651740201188633
-1.929039507728819
-2.224875656642487
-2.539996129465754
-2.875764213883372
-3.239166786384279
-3.639392999363062
-4.099099706770857
-4.651858312011687
-5.364433151502617
-6.381799119616667
-8.10402034594638
-12.02564247490836
-40.59610141128998
0.0
-1.950722975866902
-1.648570078919182
-1.534963451950287
-1.504799393886649
-1.535408972823481
-1.615174129790331
-1.723511857712172
-1.845354236509634
-1.959114098301182
-2.054548536355517
-2.134431099905274
-2.203932837239619
-2.264607541621961
-2.316627162825034
-2.353889649227112
-2.377581697123424
-2.40033356986763
-2.385262828677142
-2.358138861426407
-2.32937137944953
-2.258449555327901
-2.168034370939667
-2.038140886772528
-1.88168141240101
-1.710927832296475
-1.536626336216588
-1.344264718661697
-1.167764543964895
-1.073710762717734
-1.413226874823047
-0.1301977624634519
-0.134400795736104
-0.1415584712083652
-0.1523540090365675
-0.1684920953408596
-0.1929211526558414
-0.2284712709365789
-0.2781132812048886
-0.3453255027378241
-0.4334160644891671
-0.5451383397478547
-0.681958794354324
-0.8449319195598346
-1.03326684261975
-1.246998271551444
-1.482714017455506
-1.740429282192212
-2.017601481727525
-2.313603763214522
-2.628829166254619
-2.964928475984036
-3.328365629026386
-3.728926896172573
-4.189268595304362
-4.74215908480573
-5.456021617181058
-6.474101870655454
-8.198701869992481
-12.12313182156944
-40.69530525768219
0.0
0.6048912892771735
0.6387580746905811
0.6678614812586812
0.6909588021930083
0.7024165593229692
0.7069466569482453
0.7159006528678549
0.7306732457264006
0.7472540734733532
0.7629238682680723
0.7783013630584628
0.785070426740559
0.7824459885204273
0.771381354451187
0.75051557564043
0.7213714816275533
0.6837565994456478
0.6402893504532567
0.5991077795829176
0.5604608996696938
0.5182652380011913
0.4761145296831303
0.4278212938608923
0.3816317379853484
0.340906195937889
0.3021956849224761
0.2684633701036013
0.2372089826450831
0.2111545254122848
0.1970207996545884
0.0909683878969102
0.0990240617196985
0.107908550295293
0.1205812167891156
0.1378491230398733
0.1629310158717557
0.1978840852386864
0.2477741059551962
0.3137325118323397
0.4006243593517317
0.5117634068740374
0.6488362927512938
0.8087735845355857
0.9976568744585947
1.210745286135489
1.442748751744935
1.701929592641139
1.981565262403556
2.278894245072809
2.590796854343758
2.912856056151965
3.284763985245975
3.704789920182895
4.133483765371308
4.720324724368444
5.382783605388687
6.439989292650374
8.125478686471416
12.07028000431874
41.14203678867993
0.0
0.6048912892771735
0.6387580746905811
0.6678614812586812
0.6909588021930083
0.7024165593229692
0.7069466569482453
0.7159006528678549
0.7306732457264006
0.7472540734733532
0.7629238682680723
0.7783013630584628
0.785070426740559
0.7824459885204273
0.771381354451187
0.75051557564043
0.7213714816275533
0.6837565994456478
0.6402893504532567
0.5991077795829176
0.5604608996696938
0.5182652380011913
0.4761145296831303
0.4278212938608923
0.3816317379853484
0.340906195937889
0.3021956849224761
0.2684633701036013
0.2372089826450831
0.2111545254122848
0.1970207996545884
0.0909683878969102
0.0990240617196985
0.107908550295293
0.1205812167891156
0.1378491230398733
0.1629310158717557
0.1978840852386864
0.2477741059551962
0.3137325118323397
0.4006243593517317
0.5117634068740374
0.6488362927512938
0.8087735845355857
0.9976568744585947
1.210745286135489
1.442748751744935
1.701929592641139
1.981565262403556
2.278894245072809
2.590796854343758
2.912856056151965
3.284763985245975
3.704789920182895
4.133483765371308
4.720324724368444
5.382783605388687
6.439989292650374
8.125478686471416
12.07028000431874
41.14203678867993
0.0
1.0
1.0
1.0
1.0
1.0
1.0
1.0
1.0
1.0
1.0
1.0
1.0
1.0
1.0
1.0
1.0
1.0
1.0
1.0
1.0
1.0
1.0
1.0
1.0
1.0
1.0
0.0
0.0
0.0
0.0
0.0
0.0
0.0
0.0
0.0
0.0
0.0
0.0
0.0
0.0
0.0
0.0
0.0
0.0
0.0
0.0
0.0
0.0
0.0
0.0
0.0
0.0
0.0
0.0
0.0
0.0
0.0
0.0
0.0
0.0
0.0
1.0
1.0
1.0
1.0
1.0
1.0
1.0
1.0
1.0
1.0
1.0
1.0
1.0
1.0
1.0
1.0
1.0
1.0
1.0
1.0
1.0
1.0
1.0
1.0
1.0
1.0
1.0
1.0
1.0
1.0
0.0
0.0
0.0
0.0
0.0
0.0
0.0
0.0
0.0
0.0
0.0
0.0
0.0
0.0
0.0
0.0
0.0
0.0
0.0
0.0
0.0
0.0
0.0
0.0
0.0
0.0
0.0
0.0
0.0
0.0
0.0
1.0
1.0
1.0
1.0
1.0
1.0
1.0
1.0
1.0
1.0
1.0
1.0
1.0
1.0
1.0
1.0
0.9299999999999999
0.9299999999999999
0.9299999999999999
0.9299999999999999
0.9299999999999999
0.9299999999999999
0.9299999999999999
0.9299999999999999
0.9299999999999999
0.9299999999999999
0.9299999999999999
0.9299999999999999
0.9299999999999999
0.9299999999999999
0.9299999999999999
0.9299999999999999
0.9299999999999999
0.9299999999999999
0.9299999999999999
0.9299999999999999
0.9299999999999999
0.9299999999999999
0.9299999999999999
0.9299999999999999
0.9299999999999999
0.9299999999999999
0.9299999999999999
0.9299999999999999
0.9299999999999999
1.0
1.0
1.0
1.0
1.0
1.0
1.0
1.0
1.0
1.0
1.0
1.0
1.0
1.0
1.0
1.0
1.0
1.0
1.0
1.0
1.0
1.0
1.0
1.0
1.0
1.0
1.0
1.0
1.0
0.012
0.010543000766990029
0.009180933353973441
0.007924083368459796
0.0067787691127380294
0.005747675652156203
0.004830290688403631
0.004023406259199752
0.003321651853218676
0.0027180280881176255
0.002204415083254343
0.00177203547548914
0.0014118581162613501
0.0011149343660795898
0.0008726641881723154
0.0006769936740453282
0.0005205490661714078
0.00039671474037855664
0.0002996640245073138
0.0002243522775911562
0.00016648149315033012
0.00012244499745298588
8.925976421626382e-05
6.449262122589239e-05
4.6185316771326474e-05
3.278214970672705e-05
2.306272053678603e-05
1.6081377552513803e-05
1.1114132362615127e-05
7.613204325523547e-06
1e-11
1e-11
1e-11
1e-11
1e-11
1e-11
1e-11
1e-11
1e-11
1e-11
1e-11
1e-11
1e-11
1e-11
1e-11
1e-11
1e-11
1e-11
1e-11
1e-11
1e-11
1e-11
1e-11
1e-11
1e-11
1e-11
1e-11
1e-11
1e-11
1e-11
0.0004
0.0004
0.0004
0.0004
0.0004
0.0004
0.0004
0.0004
0.0004
0.0004
0.0004
0.0004
0.0004
0.0004
0.0004
0.0004
0.0004
0.0004
0.0004
0.0004
0.0004
0.0004
0.0004
0.0004
0.0004
0.0004
0.0004
0.0004
0.0004
0.0004
0.0004
0.0004
0.0004
0.0004
0.0004
0.0004
0.0004
0.0004
0.0004
0.0004
0.0004
0.0004
0.0004
0.0004
0.0004
0.0004
0.0004
0.0004
0.0004
0.0004
0.0004
0.0004
0.0004
0.0004
0.0004
0.0004
0.0004
0.0004
0.0004
0.0004
1.7322297340509496e-42
2.7274300498348094e-40
3.38520592634022e-38
3.340078856607049e-36
2.6414104914533314e-34
1.6877252204372024e-32
8.781045306822986e-31
3.748653514062508e-29
1.32284844300314e-27
3.886762068681088e-26
9.575548548264268e-25
1.9916384562026333e-23
3.52063842183636e-22
5.3236580002712434e-21
6.929665890714154e-20
7.812436607437913e-19
7.673889661624742e-18
6.605526581708447e-17
5.010678755372086e-16
3.3677878804921295e-15
2.016240572836122e-14
1.0807107709161197e-13
5.211910360899798e-13
2.272413655476346e-12
8.999045364777151e-12
3.251424780964944e-11
1.0764749255869143e-10
3.2795023463072254e-10
9.230897163259248e-10
2.4099511013495653e-09
5.857828593806157e-09
1.3213918960294605e-08
2.7633405007069234e-08
5.3920172025920165e-08
9.875273391228389e-08
1.7067733880002653e-07
2.797557622786115e-07
4.368406055621806e-07
6.525360147202993e-07
9.359808135353098e-07
1.2936405261121315e-06
1.728301321926677e-06
2.2384230140155095e-06
2.817942175284456e-06
3.4565386949396677e-06
4.140307937712861e-06
4.852729305151746e-06
5.5757964639105736e-06
6.291174056112218e-06
6.9812648359926294e-06
7.630102165964341e-06
8.224017955918322e-06
8.752069248231644e-06
9.206233706238e-06
9.581403382162219e-06
9.875217192366786e-06
1.0087776549697575e-05
1.0221287231573557e-05
1.0279665583444358e-05
1.0268140200657238e-05
3.06e-07
3.06e-07
3.06e-07
3.06e-07
3.06e-07
3.06e-07
3.06e-07
3.06e-07
3.06e-07
3.06e-07
3.06e-07
3.06e-07
3.06e-07
3.06e-07
3.06e-07
3.06e-07
3.06e-07
3.06e-07
3.06e-07
3.06e-07
3.06e-07
3.06e-07
3.06e-07
3.06e-07
3.06e-07
3.06e-07
3.06e-07
3.06e-07
3.06e-07
3.06e-07
3.06e-07
3.06e-07
3.06e-07
3.06e-07
3.06e-07
3.06e-07
3.06e-07
3.06e-07
3.06e-07
3.06e-07
3.06e-07
3.06e-07
3.06e-07
3.06e-07
3.06e-07
3.06e-07
3.06e-07
3.06e-07
3.06e-07
3.06e-07
3.06e-07
3.06e-07
3.06e-07
3.06e-07
3.06e-07
3.06e-07
3.06e-07
3.06e-07
3.06e-07
3.06e-07
0.0
0.0
0.0
0.0
0.0
0.0
0.0
0.0
0.0
0.0
0.0
0.0
0.0
0.0
0.0
0.0
0.0
0.0
0.0
0.0
0.0
0.0
0.0
0.0
0.0
0.0
0.0
0.0
0.0
0.0
0.0
0.0
0.0
0.0
0.0
0.0
0.0
0.0
0.0
0.0
0.0
0.0
0.0
0.0
0.0
0.0
0.0
0.0
0.0
0.0
0.0
0.0
0.0
0.0
0.0
0.0
0.0
0.0
0.0
0.0
1.65e-06
1.65e-06
1.65e-06
1.65e-06
1.65e-06
1.65e-06
1.65e-06
1.65e-06
1.65e-06
1.65e-06
1.65e-06
1.65e-06
1.65e-06
1.65e-06
1.65e-06
1.65e-06
1.65e-06
1.65e-06
1.65e-06
1.65e-06
1.65e-06
1.65e-06
1.65e-06
1.65e-06
1.65e-06
1.65e-06
1.65e-06
1.65e-06
1.65e-06
1.65e-06
1.65e-06
1.65e-06
1.65e-06
1.65e-06
1.65e-06
1.65e-06
1.65e-06
1.65e-06
1.65e-06
1.65e-06
1.65e-06
1.65e-06
1.65e-06
1.65e-06
1.65e-06
1.65e-06
1.65e-06
1.65e-06
1.65e-06
1.65e-06
1.65e-06
1.65e-06
1.65e-06
1.65e-06
1.65e-06
1.65e-06
1.65e-06
1.65e-06
1.65e-06
1.65e-06
0.0
0.0
0.0
0.0
0.0
0.0
0.0
0.0
0.0
0.0
0.0
0.0
0.0
0.0
0.0
0.0
0.0
0.0
0.0
0.0
0.0
0.0
0.0
0.0
0.0
0.0
0.0
0.0
0.0
0.0
0.0
0.0
0.0
0.0
0.0
0.0
0.0
0.0
0.0
0.0
0.0
0.0
0.0
0.0
0.0
0.0
0.0
0.0
0.0
0.0
0.0
0.0
0.0
0.0
0.0
0.0
0.0
0.0
0.0
0.0
0.0
0.0
0.0
0.0
0.0
0.0
0.0
0.0
0.0
0.0
0.0
0.0
0.0
0.0
0.0
0.0
0.0
0.0
0.0
0.0
0.0
0.0
0.0
0.0
0.0
0.0
0.0
0.0
0.0
0.0
0.0
0.0
0.0
0.0
0.0
0.0
0.0
0.0
0.0
0.0
0.0
0.0
0.0
0.0
0.0
0.0
0.0
0.0
0.0
0.0
0.0
0.0
0.0
0.0
0.0
0.0
0.0
0.0
0.0
0.0
0.012
0.010543000766990029
0.009180933353973441
0.007924083368459796
0.0067787691127380294
0.005747675652156203
0.004830290688403631
0.004023406259199752
0.003321651853218676
0.0027180280881176255
0.002204415083254343
0.00177203547548914
0.0014118581162613501
0.0011149343660795898
0.0008726641881723154
0.0006769936740453282
0.0005205490661714078
0.00039671474037855664
0.0002996640245073138
0.0002243522775911562
0.00016648149315033012
0.00012244499745298588
8.925976421626382e-05
6.449262122589239e-05
4.6185316771326474e-05
3.278214970672705e-05
2.306272053678603e-05
1.6081377552513803e-05
1.1114132362615127e-05
7.613204325523547e-06
1e-11
1e-11
1e-11
1e-11
1e-11
1e-11
1e-11
1e-11
1e-11
1e-11
1e-11
1e-11
1e-11
1e-11
1e-11
1e-11
1e-11
1e-11
1e-11
1e-11
1e-11
1e-11
1e-11
1e-11
1e-11
1e-11
1e-11
1e-11
1e-11
1e-11
0.0004
0.0004
0.0004
0.0004
0.0004
0.0004
0.0004
0.0004
0.0004
0.0004
0.0004
0.0004
0.0004
0.0004
0.0004
0.0004
0.0004
0.0004
0.0004
0.0004
0.0004
0.0004
0.0004
0.0004
0.0004
0.0004
0.0004
0.0004
0.0004
0.0004
0.0004
0.0004
0.0004
0.0004
0.0004
0.0004
0.0004
0.0004
0.0004
0.0004
0.0004
0.0004
0.0004
0.0004
0.0004
0.0004
0.0004
0.0004
0.0004
0.0004
0.0004
0.0004
0.0004
0.0004
0.0004
0.0004
0.0004
0.0004
0.0004
0.0004
1.7322297340509496e-42
2.7274300498348094e-40
3.38520592634022e-38
3.340078856607049e-36
2.6414104914533314e-34
1.6877252204372024e-32
8.781045306822986e-31
3.748653514062508e-29
1.32284844300314e-27
3.886762068681088e-26
9.575548548264268e-25
1.9916384562026333e-23
3.52063842183636e-22
5.3236580002712434e-21
6.929665890714154e-20
7.812436607437913e-19
7.673889661624742e-18
6.605526581708447e-17
5.010678755372086e-16
3.3677878804921295e-15
2.016240572836122e-14
1.0807107709161197e-13
5.211910360899798e-13
2.272413655476346e-12
8.999045364777151e-12
3.251424780964944e-11
1.0764749255869143e-10
3.2795023463072254e-10
9.230897163259248e-10
2.4099511013495653e-09
5.857828593806157e-09
1.3213918960294605e-08
2.7633405007069234e-08
5.3920172025920165e-08
9.875273391228389e-08
1.7067733880002653e-07
2.797557622786115e-07
4.368406055621806e-07
6.525360147202993e-07
9.359808135353098e-07
1.2936405261121315e-06
1.728301321926677e-06
2.2384230140155095e-06
2.817942175284456e-06
3.4565386949396677e-06
4.140307937712861e-06
4.852729305151746e-06
5.5757964639105736e-06
6.291174056112218e-06
6.9812648359926294e-06
7.630102165964341e-06
8.224017955918322e-06
8.752069248231644e-06
9.206233706238e-06
9.581403382162219e-06
9.875217192366786e-06
1.0087776549697575e-05
1.0221287231573557e-05
1.0279665583444358e-05
1.0268140200657238e-05
3.06e-07
3.06e-07
3.06e-07
3.06e-07
3.06e-07
3.06e-07
3.06e-07
3.06e-07
3.06e-07
3.06e-07
3.06e-07
3.06e-07
3.06e-07
3.06e-07
3.06e-07
3.06e-07
3.06e-07
3.06e-07
3.06e-07
3.06e-07
3.06e-07
3.06e-07
3.06e-07
3.06e-07
3.06e-07
3.06e-07
3.06e-07
3.06e-07
3.06e-07
3.06e-07
3.06e-07
3.06e-07
3.06e-07
3.06e-07
3.06e-07
3.06e-07
3.06e-07
3.06e-07
3.06e-07
3.06e-07
3.06e-07
3.06e-07
3.06e-07
3.06e-07
3.06e-07
3.06e-07
3.06e-07
3.06e-07
3.06e-07
3.06e-07
3.06e-07
3.06e-07
3.06e-07
3.06e-07
3.06e-07
3.06e-07
3.06e-07
3.06e-07
3.06e-07
3.06e-07
0.0
0.0
0.0
0.0
0.0
0.0
0.0
0.0
0.0
0.0
0.0
0.0
0.0
0.0
0.0
0.0
0.0
0.0
0.0
0.0
0.0
0.0
0.0
0.0
0.0
0.0
0.0
0.0
0.0
0.0
0.0
0.0
0.0
0.0
0.0
0.0
0.0
0.0
0.0
0.0
0.0
0.0
0.0
0.0
0.0
0.0
0.0
0.0
0.0
0.0
0.0
0.0
0.0
0.0
0.0
0.0
0.0
0.0
0.0
0.0
1.65e-06
1.65e-06
1.65e-06
1.65e-06
1.65e-06
1.65e-06
1.65e-06
1.65e-06
1.65e-06
1.65e-06
1.65e-06
1.65e-06
1.65e-06
1.65e-06
1.65e-06
1.65e-06
1.65e-06
1.65e-06
1.65e-06
1.65e-06
1.65e-06
1.65e-06
1.65e-06
1.65e-06
1.65e-06
1.65e-06
1.65e-06
1.65e-06
1.65e-06
1.65e-06
1.65e-06
1.65e-06
1.65e-06
1.65e-06
1.65e-06
1.65e-06
1.65e-06
1.65e-06
1.65e-06
1.65e-06
1.65e-06
1.65e-06
1.65e-06
1.65e-06
1.65e-06
1.65e-06
1.65e-06
1.65e-06
1.65e-06
1.65e-06
1.65e-06
1.65e-06
1.65e-06
1.65e-06
1.65e-06
1.65e-06
1.65e-06
1.65e-06
1.65e-06
1.65e-06
0.0
0.0
0.0
0.0
0.0
0.0
0.0
0.0
0.0
0.0
0.0
0.0
0.0
0.0
0.0
0.0
0.0
0.0
0.0
0.0
0.0
0.0
0.0
0.0
0.0
0.0
0.0
0.0
0.0
0.0
0.0
0.0
0.0
0.0
0.0
0.0
0.0
0.0
0.0
0.0
0.0
0.0
0.0
0.0
0.0
0.0
0.0
0.0
0.0
0.0
0.0
0.0
0.0
0.0
0.0
0.0
0.0
0.0
0.0
0.0
0.0
0.0
0.0
0.0
0.0
0.0
0.0
0.0
0.0
0.0
0.0
0.0
0.0
0.0
0.0
0.0
0.0
0.0
0.0
0.0
0.0
0.0
0.0
0.0
0.0
0.0
0.0
0.0
0.0
0.0
0.0
0.0
0.0
0.0
0.0
0.0
0.0
0.0
0.0
0.0
0.0
0.0
0.0
0.0
0.0
0.0
0.0
0.0
0.0
0.0
0.0
0.0
0.0
0.0
0.0
0.0
0.0
0.0
0.0
0.0
2
2
2
2
1
1
303.5011653455233
299.1325780801431
19.216982970213166
-19.240310071622503
0.0
0.0
-19.226929604147358
19.230801431373266
25.0
29.0
8.933333333333334
4.466666666666667
1.0
1.0
2.0
2.0
3.0
3.0
4.0
4.0
5.0
5.0
6.0
6.0
7.0
7.0
8.0
8.0
9.0
9.0
10.0
10.0
11.0
11.0
12.0
12.0
13.0
13.0
14.0
14.0
15.0
15.0
16.0
16.0
17.0
17.0
18.0
18.0
19.0
19.0
20.0
20.0
21.0
21.0
22.0
22.0
23.0
23.0
24.0
24.0
25.0
25.0
26.0
26.0
27.0
27.0
28.0
28.0
29.0
29.0
30.0
30.0
31.0
31.0
32.0
32.0
33.0
33.0
34.0
34.0
35.0
35.0
36.0
36.0
37.0
37.0
38.0
38.0
39.0
39.0
40.0
40.0
41.0
41.0
42.0
42.0
43.0
43.0
44.0
44.0
45.0
45.0
46.0
46.0
47.0
47.0
48.0
48.0
49.0
49.0
50.0
50.0
51.0
51.0
52.0
52.0
53.0
53.0
54.0
54.0
55.0
55.0
56.0
56.0
57.0
57.0
58.0
58.0
59.0
59.0
60.0
60.0
0.0
0.0
0.0
0.0
0.0
0.0
0.0
0.0
0.0
0.0
0.0
0.0
0.0
0.0
0.0
0.0
0.0
0.0
0.0
0.0
0.0
0.0
0.0
0.0
0.0
0.0
0.0
0.0
0.0
0.0
0.0
0.0
0.0
0.0
0.0
0.0
0.0
0.0
0.0
0.0
0.0
0.0
0.0
0.0
0.0
0.0
0.0
0.0
0.0
0.0
0.0
0.0
0.0
0.0
0.0
0.0
0.0
0.0
0.0
0.0
0.0
0.0
0.0
0.0
0.0
0.0
0.0
0.0
0.0
0.0
0.0
0.0
0.0
0.0
0.0
0.0
0.0
0.0
0.0
0.0
0.0
0.0
0.0
0.0
0.0
0.0
0.0
0.0
0.0
0.0
0.0
0.0
0.0
0.0
0.0
0.0
0.0
0.0
0.0
0.0
0.0
0.0
0.0
0.0
0.0
0.0
0.0
0.0
0.0
0.0
0.0
0.0
0.0
0.0
0.0
0.0
0.0
0.0
0.0
0.0
0.0
0.0
0.0
0.0
0.0
0.0
0.0
0.0
0.0
0.0
0.0
0.0
0.0
0.0
0.0
0.0
0.0
0.0
0.0
0.0
0.0
0.0
0.0
0.0
0.0
0.0
0.0
0.0
0.0
0.0
0.0
0.0
0.0
0.0
0.0
0.0
0.0
0.0
0.0
0.0
0.0
0.0
0.0
0.0
0.0
0.0
0.0
0.0
0.0
0.0
0.0
0.0
0.0
0.0
0.0
0.0
0.0
0.0
0.0
0.0
0.0
0.0
0.0
0.0
0.0
0.0
0.0
0.0
0.0
0.0
0.0
0.0
0.0
0.0
0.0
0.0
0.0
0.0
0.0
0.0
0.0
0.0
0.0
0.0
0.0
0.0
0.0
0.0
0.0
0.0
0.0
0.0
0.0
0.0
0.0
0.0
0.0
0.0
0.0
0.0
0.0
0.0
0.0
0.0
0.0
0.0
0.0
0.0
0.0
0.0
0.0
0.0
0.0
0.0
0.0
0.0
0.0
0.0
0.0
0.0
0.0
0.0
0.0
0.0
0.0
0.0
0.0
0.0
0.0
0.0
0.0
0.0
0.0
0.0
0.0
0.0
0.0
0.0
0.0
0.0
0.0
0.0
0.0
0.0
0.0
0.0
0.0
0.0
0.0
0.0
0.0
0.0
0.0
0.0
0.0
0.0
0.0
0.0
0.0
0.0
0.0
0.0
0.0
0.0
0.0
0.0
0.0
0.0
0.0
0.0
0.0
0.0
0.0
0.0
0.0
0.0
0.0
0.0
0.0
0.0
0.0
0.0
0.0
0.0
0.0
0.0
0.0
0.0
0.0
0.0
0.0
0.0
0.0
0.0
0.0
0.0
0.0
0.0
0.0
0.0
0.0
0.0
0.0
0.0
0.0
0.0
0.0
0.0
0.0
0.0
0.0
0.0
0.0
0.0
0.0
0.0
0.0
0.0
0.0
0.0
0.0
0.0
0.0
0.0
0.0
0.0
0.0
0.0
0.0
0.0
0.0
0.0
0.0
0.0
0.0
0.0
0.0
0.0
0.0
0.0
14.999999999999998
60.0
