9.81
6.022e+23
0
0
0
3
0
1
264.0178095581261
2
2
0
0
1
1
0
1
60
7
1000.0
1.0


3
3
0
80.10220330563587
0
5.601050757580543
150.0
350.0
287.04
9.81
79000.0
40.0
20000.0
0.0
0.0
0.0
0.0
0.0280134
0.04401
0.0319988
0.039948
0.01604
0.01801528
0.048
99000.0
2.1153802199668344e+29
0.8
1e-06
1000000.0
0.6
3.0
0.0001
400
53
5.665478805247908
0
1
6
1.0
1
0
1
1
0.02
1000000000000.0
2
295.8671963026573
294.93740285126484
293.9943642413752
293.03765328737563
292.06682105482656
291.0813953323788
290.0808789656484
289.0647480377017
288.0324498787629
286.9834008854031
285.91698412673776
284.83254671199154
283.7293968900934
282.6068008476474
281.46397916656065
280.30010289665597
279.1142891915615
277.9055964478431
276.67301887743565
275.4154804316027
274.1318279804725
272.8208236351247
271.48113607854987
270.11133074670505
268.7098586702329
267.2750437497693
265.80506819128686
264.2979557701974
262.75155252079196
261.1635043568468
259.5312310142535
257.85189555980753
256.1223685215426
254.33918545114565
252.49849640846054
250.596005434424
248.6268975129231
246.58574975776733
244.46642251602898
242.26192463142993
239.96424507712734
237.5641402631713
235.05086210624665
232.41180570650442
229.63204603937058
226.69371846604596
223.57517466313848
220.24980743234093
216.68439341619248
212.8343477881971
208.88324919572318
204.98961801773856
200.78236552298978
194.69064468043626
208.79168576886366
215.4579216834884
222.95425132426462
231.62797827105481
241.1322149813325
243.28107309163138
264.0090024608929
263.2668455417665
262.5139091885722
261.7497395018605
260.9740695389465
260.1864003004994
259.38643725696517
258.5768087198343
257.7508837518658
256.9083164446976
256.0546794612486
255.18585191279126
254.30174180439008
253.40518882108066
252.48842184074525
251.55443504380585
250.6023246098348
249.63148338873208
248.64271810805639
247.63348738957072
246.60503920146184
245.55413841366183
244.47967960359796
243.3804709571545
242.25522487637227
241.10254726213515
239.92092523945746
238.7087130437588
237.46411572494995
236.1851702486505
234.86972347560354
233.51540637485687
232.11960366471294
230.67941786567255
229.19162647474445
227.65263060685754
226.05839296295588
224.40436232702996
222.68538089466327
220.89556948789667
219.0281839555199
217.07543354830034
215.02824840890918
212.87597788764805
210.60599679238695
208.20253900414303
205.64479987214483
202.90784618816352
199.96213258325542
196.770103591114
193.2841775296663
189.4432612730185
185.165068235099
179.9544799458645
200.18144897251398
205.85186803688117
210.03603149913206
213.98962421415183
218.93702417234084
223.7904988318387
991.675
975.0250000000001
958.375
941.7249999999999
925.075
908.425
891.7750000000001
875.125
858.4749999999999
841.825
825.175
808.5250000000001
791.875
775.225
758.575
741.925
725.2750000000001
708.625
691.975
675.325
658.675
642.0250000000001
625.375
608.725
592.075
575.425
558.7750000000001
542.125
525.4750000000001
508.82500000000005
492.17500000000007
475.52500000000003
458.87500000000006
442.2250000000001
425.57500000000005
408.925
392.27500000000003
375.62500000000006
358.9750000000001
342.32500000000005
325.675
309.02500000000003
292.37500000000006
275.7250000000001
259.0750000000001
242.42500000000007
225.77500000000003
209.12500000000006
192.47500000000008
175.8250000000001
159.17500000000007
142.52500000000003
125.87500000000006
109.22500000000008
92.5750000000001
75.92500000000013
59.27500000000009
42.62500000000006
25.97500000000008
9.325000000000045
991.675
975.0250000000001
958.375
941.7249999999999
925.075
908.425
891.7750000000001
875.125
858.4749999999999
841.825
825.175
808.5250000000001
791.875
775.225
758.575
741.925
725.2750000000001
708.625
691.975
675.325
658.675
642.0250000000001
625.375
608.725
592.075
575.425
558.7750000000001
542.125
525.4750000000001
508.82500000000005
492.17500000000007
475.52500000000003
458.87500000000006
442.2250000000001
425.57500000000005
408.925
392.27500000000003
375.62500000000006
358.9750000000001
342.32500000000005
325.675
309.02500000000003
292.37500000000006
275.7250000000001
259.0750000000001
242.42500000000007
225.77500000000003
209.12500000000006
192.47500000000008
175.8250000000001
159.17500000000007
142.52500000000003
125.87500000000006
109.22500000000008
92.5750000000001
75.92500000000013
59.27500000000009
42.62500000000006
25.97500000000008
9.325000000000045
73.6838028552266
222.09183794639029
372.6139855257556
525.3184303899732
680.2768287525364
837.564552147175
997.2609533647071
1159.4496568730992
1324.2188764959042
1491.6617635002517
1661.876788681159
1834.9681625350004
2011.046298204684
2190.2283225683013
2372.638641651166
2558.409567491848
2747.6820147151334
2940.606276394493
3137.3428903679073
3338.063609058887
3542.9524881178736
3752.2071119245525
3966.039977287931
4184.68006068714
4408.374599289103
4637.391121987339
4872.019774124752
5112.575988776948
5359.4035689875345
5612.878259832349
5873.411907539987
6141.457326315527
6417.514023640655
6702.134973905593
6995.934681388613
7299.598841221739
7613.8959972995135
7939.691718080025
8277.965978014345
8629.834663393885
8996.576446111878
9379.666732366979
9780.821066534567
10202.051366870575
10645.739875976742
11114.738039986425
11612.501233996994
12143.2763388766
12712.366267000578
13326.887380056833
13996.893647619068
14735.788534247207
15558.527330309407
16542.10404264514
17782.739757416894
19390.214450024017
21630.122590502753
25215.101535731184
33831.413354374745
56560.69457252452
65.52392781060607
198.02708681554154
332.4547836499668
468.8880565813841
607.3745650037964
748.0033992240665
890.8271439386688
1035.3765458585035
1182.8354787829471
1333.26570047444
1485.672279238916
1640.7909500135847
1798.638137383674
1958.706849865167
2122.3845275035374
2289.136595528511
2459.1244201670333
2632.4564007402787
2808.9885057810116
2989.174467695348
3172.7914768283167
3360.4171266008534
3552.248776869278
3748.499211657031
3949.3983160365638
4155.194989576268
4366.159337842253
4582.585192233599
4804.793019421093
5033.133295496703
5267.990437483256
5509.787407259637
5758.991131802717
6016.118921100326
6281.7461141612885
6556.515248471313
6841.147135040808
7136.4543385485285
7443.357722710902
7762.906943782369
8096.306088549878
8444.946101243331
8810.446295402522
9194.708215962375
9599.985938573416
10029.094313460222
10485.747759875885
10974.397801169845
11500.319406311759
12070.217650461982
12692.587668575068
13378.336900797154
14142.156623753479
15072.444263475794
16259.605242039725
17783.17389806607
19869.197243407805
23145.236248076966
31044.276821517662
56560.69457252452
3.521179111399233e+23
3.521179111399233e+23
3.521179111399257e+23
3.521179111399233e+23
3.521179111399233e+23
3.521179111399233e+23
3.521179111399233e+23
3.521179111399257e+23
3.521179111399233e+23
3.521179111399233e+23
3.521179111399233e+23
3.521179111399233e+23
3.521179111399257e+23
3.5211791113992086e+23
3.521179111399257e+23
3.521179111399233e+23
3.521179111399233e+23
3.521179111399257e+23
3.5211791113992086e+23
3.521179111399257e+23
3.521179111399233e+23
3.521179111399233e+23
3.521179111399257e+23
3.5211791113992086e+23
3.521179111399257e+23
3.521179111399233e+23
3.521179111399233e+23
3.521179111399233e+23
3.521179111399233e+23
3.521179111399244e+23
3.521179111399244e+23
3.521179111399233e+23
3.521179111399233e+23
3.521179111399233e+23
3.521179111399257e+23
3.521179111399233e+23
3.521179111399233e+23
3.521179111399233e+23
3.521179111399233e+23
3.521179111399257e+23
3.521179111399233e+23
3.521179111399233e+23
3.521179111399233e+23
3.521179111399233e+23
3.521179111399233e+23
3.521179111399257e+23
3.521179111399233e+23
3.521179111399233e+23
3.521179111399233e+23
3.521179111399233e+23
3.521179111399257e+23
3.521179111399233e+23
3.521179111399233e+23
3.521179111399233e+23
3.521179111399233e+23
3.521179111399233e+23
3.521179111399257e+23
3.521179111399233e+23
3.521179111399233e+23
3.521179111399257e+23
3.521179111399233e+23
3.521179111399233e+23
3.521179111399257e+23
3.521179111399233e+23
3.521179111399233e+23
3.521179111399233e+23
3.521179111399233e+23
3.521179111399257e+23
3.521179111399233e+23
3.521179111399233e+23
3.521179111399233e+23
3.521179111399233e+23
3.521179111399257e+23
3.5211791113992086e+23
3.521179111399257e+23
3.521179111399233e+23
3.521179111399233e+23
3.521179111399257e+23
3.5211791113992086e+23
3.521179111399257e+23
3.521179111399233e+23
3.521179111399233e+23
3.521179111399257e+23
3.5211791113992086e+23
3.521179111399257e+23
3.521179111399233e+23
3.521179111399233e+23
3.521179111399233e+23
3.521179111399233e+23
3.521179111399244e+23
3.521179111399244e+23
3.521179111399233e+23
3.521179111399233e+23
3.521179111399233e+23
3.521179111399257e+23
3.521179111399233e+23
3.521179111399233e+23
3.521179111399233e+23
3.521179111399233e+23
3.521179111399257e+23
3.521179111399233e+23
3.521179111399233e+23
3.521179111399233e+23
3.521179111399233e+23
3.521179111399233e+23
3.521179111399257e+23
3.521179111399233e+23
3.521179111399233e+23
3.521179111399233e+23
3.521179111399233e+23
3.521179111399257e+23
3.521179111399233e+23
3.521179111399233e+23
3.521179111399233e+23
3.521179111399233e+23
3.521179111399233e+23
3.521179111399257e+23
3.521179111399233e+23
3.521179111399233e+23
3.521179111399257e+23
-3.6675018654504927
-3.4361146024792064
-3.276039034232619
-3.1584425567952543
-3.038312405029969
-2.934093362912984
-2.8448579013322375
-2.7677170307549233
-2.7052874161573564
-2.668092922989478
-2.6220156663969765
-2.5807873109153223
-2.5232718720892167
-2.485960404546078
-2.4679368064509895
-2.4564339116537957
-2.473390873544277
-2.487346998366033
-2.4971642320896805
-2.519383358375495
-2.527938709500018
-2.532411081416321
-2.5402480428117005
-2.5247442358337917
-2.499483546218607
-2.4856562132969664
-2.471648778831123
-2.451465301103477
-2.4465063542400047
-2.4268819565409387
-2.407669941610488
-2.3974767926963145
-2.3847577659097827
-2.3770076380038274
-2.3822061548843063
-2.370179522178291
-2.372109548517752
-2.4088056337598323
-2.421050588025979
-2.447639930350317
-2.484801981240515
-2.4892942135861937
-2.5193113299905554
-2.5521106612893263
-2.4737243845047656
-2.351871105732341
-2.0639187956265994
-1.6913945131390482
-1.3098684330461754
-0.8239899428013132
-0.3920219232124863
-0.009262852088354562
0.48362848168973976
12.398537877930545
1.1650693919201816e-06
-1.2016500888500925e-06
-7.3497788744131265e-06
1.1679298452089981e-05
6.7654586824034135e-06
0.00038451820230398295
0.6196983188957442
-2.948850247178042
1.4451891488671458
-2.7742490317841058
1.3822576317736162
-2.7370086405271605
1.2967496169183246
-2.0145832696501964
-2.126136650056744
0.47674856804665244
0.4145046440615173
-2.69441513281331
0.8514317301974569
-1.62050772515126
-1.5543107071528968
0.7495888235611806
-2.4497264262750367
0.6291140607894184
-2.1722781194525
0.04784959621299889
-0.9426227724088521
-0.5259218517259805
-0.676891253032008
-0.7285246829673576
-0.763897701229449
-0.7991327975474952
-0.8353695585466113
-0.8759705895275054
-0.9226929167659605
-0.9631369929416911
-1.0053195388600555
-1.0531073943618074
-1.0931023390798813
-1.141825875070598
-1.2055369996872143
-1.2459814374180687
-1.2795944015013574
-1.3171000010761138
-1.3126448314159516
-1.3143373363586468
-1.3178579520255749
-1.2564671708190052
-1.201062273323029
-1.1265358032881596
-0.9378463491164222
-0.7101411027822966
-0.46436691282357256
-0.27015353282137544
-0.06588082066385642
0.15307462599376126
0.37191539406556207
0.6729173394527191
1.1828677384503796
2.429826670098589
-0.008841011933173534
-0.008612766386180373
-0.006794064189919284
-0.0033488960158509357
0.00646736100124258
0.05339750808822562
-2.7401206308881
-2.523656654123698
-2.3789996302424896
-2.2768402991138146
-2.1721480293035853
-2.083385628256508
-2.0095985149903015
-1.9479030412481961
-1.9009216751958036
-1.8791760665810102
-1.848548307176685
-1.8227698385896929
-1.7807044147211002
-1.7588431160570224
-1.756269824688502
-1.7602174745326806
-1.7926250261285759
-1.8220315707669101
-1.847299535595596
-1.8849693377884194
-1.9089754734790176
-1.928898418353299
-1.95218622583576
-1.9521332441046297
-1.9423232115215114
-1.9439467680566906
-1.9453900691406716
-1.94065747893805
-1.9511492964348633
-1.9469757863345194
-1.9432145717752007
-1.9484722503505907
-1.9512041011530243
-1.95890480395596
-1.9795541667879206
-1.9829783788761972
-2.000359251402415
-2.0525061847742734
-2.080201986669607
-2.1222421676119154
-2.174855078528708
-2.1947981506883707
-2.240266090656604
-2.2885162815438207
-2.2255808719102674
-2.119178446095134
-1.8466770208437993
-1.4896036191678945
-1.1235284619766617
-0.6531010732081768
-0.23658259515434565
0.13072418535659835
0.6081657432927159
12.507616494799208
0.09363342374138028
0.07818237871327938
0.0627303452673118
0.047294438193887345
0.031850744039104484
0.016509724641366574
-3.8736287453571663
0.5803103069050621
-3.6631356607598065
0.5640367388282215
-3.627402707544647
0.432806410730592
-3.680683351314883
-0.3226047188841932
-0.30745217084250953
-2.8832545147249817
-2.613955181212006
0.1959152588473927
-3.385361130537092
-0.4074421925885048
-0.40969521065659364
-3.22843711478491
0.06660704716020405
-3.1247041338129122
-0.26912844567237926
-2.2006837439490994
-0.9142356963266138
-1.2067687914519922
-1.2696402858413052
-1.2988857744623061
-1.3168705141019927
-1.3357042254737053
-1.356274494963202
-1.3812074071879863
-1.4119277218242985
-1.437214249126498
-1.4641961000035337
-1.4964962183617843
-1.5211469744849069
-1.5546001809741767
-1.6030032298104118
-1.6279157508440107
-1.646307257751289
-1.6686945437527925
-1.6489142305386224
-1.6353222544011885
-1.6234526871166963
-1.546804480356485
-1.476166965640516
-1.3864999969826783
-1.1825003063132158
-0.9395842462760129
-0.6785391157453944
-0.4693283281141021
-0.24978367829149306
-0.015619205792916091
0.21855585742852668
0.5346332951002069
1.0596829173570654
2.3213722158199346
-0.09969792689491896
-0.0842209179226927
-0.0668596764183178
-0.048002299194507714
-0.025071181932105446
0.01448098605993664
-0.9279843134221896
-0.9125333746037101
-0.8970824357852306
-0.8816314969667511
-0.8661805581482718
-0.8507296193297922
-0.8352786805113127
-0.8198277416928335
-0.8043768028743538
-0.7889258640558744
-0.7734749252373949
-0.7580239864189157
-0.7425730476004361
-0.7271221087819566
-0.7116711699634772
-0.6962202311449978
-0.6807692923265183
-0.6653183535080388
-0.6498674146895593
-0.63441647587108
-0.6189655370526005
-0.6035145982341209
-0.5880636594156415
-0.5726127205971621
-0.5571617817786827
-0.5417108429602031
-0.5262599041417237
-0.5108089653232442
-0.49535802650476485
-0.4799070876862854
-0.46445614886780595
-0.44900521004932636
-0.433554271230847
-0.4181033324123675
-0.4026523935938881
-0.38720145477540857
-0.37175051595692915
-0.35629957713844973
-0.3408486383199703
-0.32539769950149083
-0.30994676068301136
-0.2944958218645318
-0.2790448830460524
-0.263593944227573
-0.24814300540909354
-0.23269206659061414
-0.2172411277721346
-0.20179018895365516
-0.18633925013517574
-0.17088831131669627
-0.15543737249821685
-0.13998643367973732
-0.12453549486125787
-0.10908455604277845
-0.09363361722429901
-0.07818267840581958
-0.06273173958734014
-0.04728080076886059
-0.031829861950381164
-0.016378923131901726
0.9158371190826823
0.9005884310499557
0.8853397430172288
0.8700910549845022
0.8548423669517756
0.8395936789190489
0.8243449908863223
0.8090963028535957
0.7938476148208689
0.7785989267881422
0.7633502387554157
0.748101550722689
0.7328528626899623
0.7176041746572357
0.7023554866245091
0.6871067985917824
0.6718581105590558
0.6566094225263291
0.6413607344936023
0.6261120464608757
0.6108633584281491
0.5956146703954224
0.5803659823626958
0.565117294329969
0.5498686062972424
0.5346199182645158
0.5193712302317891
0.5041225421990625
0.48887385416633583
0.4736251661336092
0.4583764781008825
0.4431277900681558
0.42787910203542917
0.4126304140027025
0.3973817259699759
0.3821330379372492
0.3668843499045225
0.3516356618717959
0.33638697383906924
0.32113828580634257
0.3058895977736159
0.29064090974088924
0.2753922217081625
0.26014353367543597
0.2448948456427093
0.2296461576099827
0.21439746957725594
0.19914878154452928
0.18390009351180264
0.16865140547907603
0.15340271744634937
0.13815402941362262
0.122905341380896
0.10765665334816936
0.09240796531544272
0.07715927728271608
0.06191058924998944
0.0466619012172627
0.03141321318453606
0.01616452515180942
-16.649999999999977
-16.649999999999977
-16.65000000000009
-16.649999999999977
-16.649999999999977
-16.649999999999977
-16.649999999999977
-16.65000000000009
-16.649999999999977
-16.649999999999977
-16.649999999999977
-16.649999999999977
-16.65000000000009
-16.649999999999864
-16.65000000000009
-16.649999999999977
-16.649999999999977
-16.65000000000009
-16.649999999999864
-16.65000000000009
-16.649999999999977
-16.649999999999977
-16.65000000000009
-16.649999999999864
-16.65000000000009
-16.649999999999977
-16.649999999999977
-16.649999999999977
-16.649999999999977
-16.650000000000034
-16.650000000000034
-16.649999999999977
-16.649999999999977
-16.649999999999977
-16.65000000000009
-16.649999999999977
-16.649999999999977
-16.649999999999977
-16.649999999999977
-16.65000000000009
-16.649999999999977
-16.649999999999977
-16.649999999999977
-16.649999999999977
-16.649999999999977
-16.65000000000009
-16.649999999999977
-16.649999999999977
-16.649999999999977
-16.649999999999977
-16.65000000000009
-16.649999999999977
-16.649999999999977
-16.649999999999977
-16.649999999999977
-16.649999999999977
-16.65000000000009
-16.649999999999977
-16.649999999999977
-16.65000000000009
-16.649999999999977
-16.649999999999977
-16.65000000000009
-16.649999999999977
-16.649999999999977
-16.649999999999977
-16.649999999999977
-16.65000000000009
-16.649999999999977
-16.649999999999977
-16.649999999999977
-16.649999999999977
-16.65000000000009
-16.649999999999864
-16.65000000000009
-16.649999999999977
-16.649999999999977
-16.65000000000009
-16.649999999999864
-16.65000000000009
-16.649999999999977
-16.649999999999977
-16.65000000000009
-16.649999999999864
-16.65000000000009
-16.649999999999977
-16.649999999999977
-16.649999999999977
-16.649999999999977
-16.650000000000034
-16.650000000000034
-16.649999999999977
-16.649999999999977
-16.649999999999977
-16.65000000000009
-16.649999999999977
-16.649999999999977
-16.649999999999977
-16.649999999999977
-16.65000000000009
-16.649999999999977
-16.649999999999977
-16.649999999999977
-16.649999999999977
-16.649999999999977
-16.65000000000009
-16.649999999999977
-16.649999999999977
-16.649999999999977
-16.649999999999977
-16.65000000000009
-16.649999999999977
-16.649999999999977
-16.649999999999977
-16.649999999999977
-16.649999999999977
-16.65000000000009
-16.649999999999977
-16.649999999999977
-16.65000000000009
296.8671963026573
295.9439212612972
295.00760939987236
294.0578440415179
293.0941874918732
292.11617957641977
291.12333604697767
290.115146842959
289.09107419108415
288.0505505250814
286.99297620436454
285.9177170077507
284.8241013748721
283.71141736395447
282.57890928997995
281.42577400178106
280.25115675017065
279.0541465915922
277.8337712627339
276.5889914507773
275.318694371068
274.0216865485169
272.6966856803724
271.34231143536726
269.9570750166828
268.539367282423
267.0874451757555
265.5994161654582
264.07322033357656
262.5066096666473
260.8971240056862
259.2420629814608
257.5384530967943
255.78300890493094
253.97208695600037
252.10163081956068
250.1671050079273
248.16341497655893
246.08480949761574
243.9247604930822
241.67581372841764
239.32940138447702
236.87560410050557
234.3028450706277
231.59749130102117
228.74332573636002
225.72083615437194
222.50623813054506
219.07010169277686
215.37541009824818
211.37001043678612
206.9800770613462
202.11148711718008
196.670970222013
201.74125822644373
212.12480436831427
219.206088269718
227.29110314022103
236.38006353174146
242.20649832166424
244.35514514516444
264.0090024608929
263.2749967698864
262.5246886226401
261.7691240634979
260.9963492492167
260.2177841376698
259.42101077232246
258.6178580506014
257.8017536980607
256.9660081146645
256.1166190837244
255.25873414776643
254.3789639868097
253.49051393096403
252.58585802019087
251.65697997029318
250.71788442631205
249.75275910235104
248.77620198410662
247.77522854099968
246.75774054713528
245.7183321647819
244.65593897153528
243.56941454465414
242.45752167864836
241.31892238308967
240.15216645017415
238.9556783377343
237.7277420587768
236.4664837001166
235.1698511061779
233.83559015402264
232.46121690468453
231.04398473373482
229.58084530660378
228.06840195187863
226.50285357082996
224.87992666407533
223.19479229897814
221.44196379934195
219.6151694854449
217.70719273458843
215.70966867100577
213.6128224558061
211.40512762848354
209.07286026528394
206.59821205199574
203.9573820012875
201.12430468403312
198.06595479147128
194.7402466997503
191.09410266857586
187.0584141864547
182.5377165927369
190.56817489885663
203.01665850469757
207.94394976800663
212.01282785664193
216.46332419324634
221.36376150208977
226.21723616158764
1000.0
983.35
966.7
950.05
933.4
916.75
900.1
883.45
866.8
850.15
833.5
816.85
800.2
783.55
766.9000000000001
750.25
733.6
716.95
700.3
683.6500000000001
667.0
650.35
633.7
617.05
600.4000000000001
583.75
567.1
550.45
533.8000000000001
517.1500000000001
500.50000000000006
483.85
467.20000000000005
450.55000000000007
433.9000000000001
417.25
400.6
383.95000000000005
367.30000000000007
350.6500000000001
334.0
317.35
300.70000000000005
284.05000000000007
267.4000000000001
250.7500000000001
234.10000000000002
217.45000000000005
200.80000000000007
184.1500000000001
167.5000000000001
150.85000000000002
134.20000000000005
117.55000000000007
100.90000000000009
84.25000000000011
67.60000000000014
50.950000000000045
34.30000000000007
17.65000000000009
1.0
1000.0
983.35
966.7
950.05
933.4
916.75
900.1
883.45
866.8
850.15
833.5
816.85
800.2
783.55
766.9000000000001
750.25
733.6
716.95
700.3
683.6500000000001
667.0
650.35
633.7
617.05
600.4000000000001
583.75
567.1
550.45
533.8000000000001
517.1500000000001
500.50000000000006
483.85
467.20000000000005
450.55000000000007
433.9000000000001
417.25
400.6
383.95000000000005
367.30000000000007
350.6500000000001
334.0
317.35
300.70000000000005
284.05000000000007
267.4000000000001
250.7500000000001
234.10000000000002
217.45000000000005
200.80000000000007
184.1500000000001
167.5000000000001
150.85000000000002
134.20000000000005
117.55000000000007
100.90000000000009
84.25000000000011
67.60000000000014
50.950000000000045
34.30000000000007
17.65000000000009
1.0
0.0
147.3676057104532
296.8160701823274
448.4119008691838
602.2249599107625
758.3286975943104
916.8004067000397
1077.7215000293745
1241.177813716824
1407.2599392749842
1576.0635877255193
1747.6899896367988
1922.2463354332017
2099.8462609761664
2280.6103841604368
2464.666899141895
2652.1522358418006
2843.211793588466
3038.000759200519
3236.6850215352956
3439.442196582478
3646.462779653269
3857.951444195836
4074.1285103800255
4295.231610994256
4521.5175875839495
4753.264656390729
4990.774891858774
5234.377085695122
5484.430052279947
5741.32646738475
6005.497347695224
6277.417304935831
6557.610742345478
6846.659205465708
7145.21015731152
7453.98752513196
7773.804469467067
8105.578966692981
8450.35298933571
8809.31633745206
9183.836554771695
9575.496909962261
9986.145223106872
10417.957510634276
10873.522241319208
11355.953838653642
11869.048629340346
12417.504048412855
13007.2284855883
13646.546274525366
14347.241020712769
15124.336047781644
15992.718612837172
17091.489472453108
18473.99004238068
20306.438857667355
22953.80632333815
27476.396748124214
40186.42996062527
52896.46317312641
0.0
131.04785562121214
265.00631800987094
399.9032492900627
537.8728638727055
676.8762661348874
819.1305323132457
962.5237555640917
1108.229336152915
1257.4416214129794
1409.089779535901
1562.2547789419307
1719.3271210852386
1877.949153682109
2039.4645460482252
2205.30450895885
2372.9686820981724
2545.2801582358943
2719.6326432446635
2898.34436831736
3080.004567073336
3265.5783865832973
3455.2558666184095
3649.2416871201467
3847.756736193915
4051.0398958792125
4259.350083273323
4472.968592411184
4692.201792056014
4917.384246786171
5148.882344207234
5387.098530759277
5632.476283759997
5885.505979845437
6146.7318623552155
6416.760365967361
6696.270130975265
6986.024139106352
7286.884537990706
7599.830907431097
7925.982980133642
8266.629196966114
8623.26300552055
8997.629585284494
9391.786846640258
9808.185030506576
10250.003596413868
10721.4919233379
11227.303679001789
11773.335133621731
12367.100167302233
13018.075169847903
13738.598631746405
14545.714615760553
15599.173911191037
16920.03657288841
18646.31122324373
21092.08326357188
25198.38923258205
36890.164410453275
48581.939588324574
470.4498166622912
468.12236726288137
465.5351929705398
462.78334500696144
459.9210403155553
456.99620485997536
454.0238814527556
451.01784895783976
448.00153624126324
444.9903347708949
441.99757682887093
439.03586411003187
436.11752797278893
433.2395671867319
430.3903348457512
427.56738641172456
424.7633594396925
421.96741254508197
419.1925677712044
416.4377023292176
413.69890243396384
410.987771751638
408.3077997946959
405.65181801998006
403.0283801493927
400.4409908567571
397.880062911357
395.3544752065377
392.8640902758411
390.40792727193275
387.99714851366383
385.6327388134186
383.3092096375497
381.03452053063063
378.8086696248921
376.6323870697688
374.5225179960256
372.47158792188884
370.47313523336936
368.5477241974681
366.6893653787108
364.90068985376683
363.20437403411074
361.59627589443033
360.08473960100997
358.70210313632043
357.4339542599107
356.29572040765026
355.2734085234197
354.3353230752666
353.4857975327894
352.7306867596369
352.0745966304204
351.4793907626039
353.8755530393656
355.2850812890081
356.3854660764599
357.3791054480016
358.27480908625745
358.99117793149503
360.0301732946218
321.95182886723444
322.27528074981984
320.2521802112337
320.22962649911983
318.03106690290076
317.8474524223644
315.6075675590074
315.33848210110017
313.10699796991133
311.5852745949673
311.31293906609113
310.26123044495824
308.1347526716581
307.7452626804595
305.65636636311916
304.1899930984527
303.8554179509709
301.8782253079681
301.4387359770682
299.4868564787838
298.58050066703004
296.9423744569372
295.6084689545907
294.33875603274686
293.1069449908307
291.90407020769794
290.7254127419118
289.5694104484685
288.43712638645945
287.32715803601445
286.2434813920532
285.1871441169176
284.15782379371785
283.15764244137495
282.1890449116076
281.2549375697749
280.362193299166
279.5061512692628
278.68558428701266
277.91027156007544
277.1722712935191
276.46922482004163
275.81379230344623
275.18926409472664
274.59522451263734
274.04871161920613
273.5285562271732
273.052987786079
272.6294410126086
272.22662286463134
271.838114319641
271.44301623892676
271.00803885466235
270.5087152402765
270.4691480531292
272.15834888929953
273.27845534290304
274.24387700074146
275.1757680972141
276.1791514719649
277.4305008505618
440.4133553273382
437.6241615284191
434.5673048468052
431.3387608941592
427.9930674347295
424.5780311932882
421.1091460596199
417.6005132394609
414.0756755733435
410.5501575644635
407.0372803362703
403.5497183490225
400.1000285484436
396.6854695817357
393.2949099970206
389.9262464670707
386.5723514706149
383.2226824604731
379.8902902401052
376.5741496106924
373.2704503325562
369.9907438160324
366.7385223676295
363.5066691247646
360.3036764931121
357.1330418069377
353.9852043330352
350.8689871025363
347.7842280815616
344.7299366007983
341.7171941668941
338.7469570864442
335.8137169431652
332.9253510426328
330.0818154445901
327.2837904870154
324.5480176089171
321.8669712300718
319.2341335713602
316.6699579262517
314.1683969268411
311.731998429334
309.38331745704
307.1181576398342
304.9447599117876
302.8953186556913
300.9553968871633
299.1403161501855
297.4360256495701
295.8107840000322
294.2687958808
292.8158263816698
291.4566099830815
290.1535139213361
274.9265005588244
275.7249416612126
276.2419640704753
276.7468624868916
277.371813456382
278.1539950526154
278.6752762325825
275.4738443818896
275.5075995190201
273.188356185188
272.8631927836651
270.3556829735094
269.8562966003609
267.2938874175578
266.6956531538043
264.1280388126211
262.2636298391555
261.6424161533109
260.2356618076977
257.7480687028042
256.9918917145428
254.5308263484539
252.6870792538276
251.9701032114833
249.6054597823089
248.7735766688828
246.4242091551158
245.1154496233936
243.0698310858185
241.3233070650806
239.6358066047592
237.9809264074487
236.3496131912082
234.737075724194
233.1416388527214
231.5642617032414
230.0034429650396
228.4630131340101
226.9439145230821
225.4457183405191
223.97039211609
222.5202678073714
221.098133152101
219.7106783532622
218.3531615324329
217.0242476129377
215.7335133189223
214.4730832175096
213.2405550333007
212.0483635447526
210.8800769510438
209.7352952793563
208.6307954485886
207.5455887543501
206.4978723239515
205.4950298546494
204.5058115601337
203.5239395589592
202.5291076910396
201.4904119892471
200.38604064963
199.7445992123682
200.8481291907091
201.4025777290124
201.8391070626684
202.2934794192122
202.879175755052
203.452813647712
30.036461334953
30.49820573446226
30.96788812373464
31.44458411280228
31.92797288082577
32.41817366668713
32.91473539313569
33.41733571837886
33.92586066791969
34.44017720643139
34.9602964926006
35.48614576100938
36.01749942434533
36.55409760499624
37.09542484873057
37.64113994465384
38.19100796907767
38.74473008460888
39.30227753109919
39.86355271852519
40.42845210140765
40.99702793560558
41.56927742706638
42.1451488952155
42.72470365628061
43.30794904981941
43.89485857832181
44.4854881040014
45.0798621942795
45.67799067113447
46.27995434676972
46.8857817269744
47.49549269438448
48.10916948799783
48.72685418030201
49.34859658275344
49.97450038710851
50.60461669181704
51.2390016620092
51.87776627121639
52.52096845186966
53.16869142443286
53.82105657707077
54.47811825459614
55.13997968922232
55.80678448062914
56.47855737274737
57.15540425746472
57.83738287384955
58.52453907523441
59.2170016519894
59.91486037796711
60.6179866473389
61.32587684126777
78.94905248054121
79.56013962779551
80.14350200598457
80.63224296111002
80.90299562987548
80.83718287887962
81.35489706203931
46.47798448534488
46.7676812307997
47.06382402604565
47.36643371545471
47.6753839293914
47.99115582200352
48.31368014144958
48.64282894729588
48.97895915729022
49.32164475581181
49.67052291278025
50.02556863726058
50.38668396885388
50.7533709659167
51.12554001466526
51.50291384462513
51.88531473948762
52.27276552565917
52.66515930818535
53.06264732366802
53.46505104363642
53.87254337111873
54.28516188951013
54.70294942798765
55.12601858338203
55.55445701648977
55.98833701771779
56.42777159574707
56.87286468321803
57.32371507097486
57.78046825804305
58.2432295938355
58.71210545319874
59.18725032528492
59.6687771042362
60.15680441767389
60.65151494590379
61.15298973682987
61.66133667407495
62.17675824115317
62.69918807600947
63.22866978674093
63.76542875869363
64.30918714368285
64.85992923328104
65.41791617061753
65.98296747282312
66.55511546212747
67.13441115795919
67.72081130449764
68.31417476068181
68.91390854788715
69.51762686541524
70.12267459064654
70.72454884076099
71.3102196985904
71.87587761389068
72.40476993807309
72.88228867800187
73.29997571691287
73.97768720284982
597.7151881964867
592.6476181661885
587.5367872197235
582.4059396259026
577.2667946353824
572.1698111504991
567.1141021150228
562.0984711051166
557.1342553472919
552.2221322017277
547.3501981931229
542.5399371671072
537.7988311912744
533.1401659904964
528.5320905334585
523.9528722747433
519.3886278281786
514.8000559074395
510.20317956279507
505.6010145852126
500.9772453521705
496.3571391963657
491.7482688210701
487.1401008205189
482.5645297058266
478.03481720166957
473.5299424882129
469.05896471425285
464.6279223046182
460.2206100042749
455.86285545967155
451.5552311876511
447.2832297614317
443.0573365533596
438.872580843665
434.71674412175366
430.6238966691344
426.5726073435952
422.52164847030156
418.5160354477305
414.5354344613612
410.57190385788886
406.68078988754434
402.8324256572073
399.03237308224305
395.4241557456432
392.0368284231384
389.05191755003415
386.5400020466356
384.4783881365059
382.9757615208207
381.9840681525137
381.45870220865385
381.4716620841299
396.37544085569095
397.8786025290747
399.05716969523996
400.1135394120489
401.05653748849863
401.8047570777752
402.8602621655435
346.4080857733562
342.8579089105841
341.41511867890324
337.7294293060296
336.09490644863877
332.28388926055777
330.4768108079312
326.5270419987091
323.972953148636
322.1437776028496
318.98818755924844
315.3225237569036
313.3919612424508
309.6171101207151
307.1207716107863
305.2447031354633
301.68169087319643
299.7711052773538
296.206911812641
293.9859038686842
290.8788643129814
288.326502406562
285.7858281127635
283.24647490507823
280.71577808869995
278.1960327914652
275.6816711002053
273.16939431179867
270.6559028426017
268.13400677033246
265.6131158772447
263.09258250210564
260.5667659605441
258.0454376337162
255.52223992297468
252.98512935133158
250.4644693298787
247.96212004222406
245.47285851622135
243.04863155874546
240.6753090377879
238.34880987719367
236.146572880242
234.0458777058818
232.0653381268098
230.33632492706522
228.87658528875642
227.72247773191688
226.82960263033223
226.1770008040636
225.7728730532803
225.59633082999463
225.69598674083025
226.25634604380156
228.53815107247425
230.12765398174966
231.16353951743048
232.06210149885058
232.94599029612868
233.92430248894738
235.1901328536042
336.5285685924428
329.5488818536568
322.4601651256638
315.2909346334034
308.060928877364
300.8380943126882
293.6247475036966
286.4241313780471
279.2585228470927
272.1397790684824
265.0713765560115
258.0919671070615
251.2201448259024
244.4771842284228
237.8187442355299
231.2141889610361
224.6427360315257
218.0466771640445
211.4452809427736
204.8383939659542
198.1997432923893
191.5603558988701
184.9285670846541
178.2865348953552
171.6741759091247
165.1054798210235
158.5518412856048
152.029013019629
145.5430756531422
139.0720259225472
132.6528741080364
126.2863660213376
119.9541458813493
113.6778898269358
107.4507454967635
101.2571844750711
95.1500652834245
89.10552008575301
83.07854400127415
77.1354360094452
71.24592667438432
65.39625015781095
59.66264731070622
54.00421118320375
48.44074129644507
43.17510948020948
38.23874002682357
33.83689889092515
30.02870369305746
26.76288850326498
24.14693651180396
22.11077606343861
20.58003856492473
19.60626432491861
15.04803648996428
15.48577953473153
15.43103683805766
14.78918045015318
12.85879845796875
7.635685209946816
0.0
190.441695300863
185.8055570096006
183.2496767487402
178.4278027904075
175.6349024414884
170.6541555236535
167.668814685588
162.5371615814751
158.8068721308002
155.8075260131939
151.4885937520386
146.6691150166766
143.5950440307728
138.6837986822509
135.0541826138593
132.0437668729291
127.3425864087055
124.2852830553332
119.5670189583999
116.1845307763479
111.903164097883
108.1660364748452
104.4303818668437
100.6832280672679
96.93446646362374
93.18723493065892
89.43481695926796
85.6761882557443
81.90922540112606
78.12657692117662
74.34293319710137
70.55833833794722
66.766757112248
62.98459537621438
59.20645086130958
55.42087566301366
51.66958029435269
47.95259782352255
44.26193557395687
40.66264104537957
37.13183343750342
33.66352753879107
30.35726314262478
27.17999876901669
24.15253251234879
21.42995230350153
19.0140586982481
16.9444648789577
15.16244623655563
13.63026949549049
12.34555930097971
11.26938587367883
10.42469213105183
9.972253995097958
11.13652751931057
11.40874158394897
10.87244561393217
9.785991889205176
8.031965413688672
5.048488840135386
0.0
261.1866196040438
263.0987363125318
265.0766220940597
267.1150049924992
269.2058657580185
271.3317168378108
273.4893546113262
275.6743397270695
277.8757325001991
280.0823531332453
282.2788216371113
284.4479700600456
286.578686365372
288.6629817620735
290.7133462979286
292.7386833137072
294.745891796653
296.753378743395
298.7578986200215
300.7626206192584
302.7775020597812
304.7967832974956
306.819701736416
308.8535659251637
310.8903537967019
312.9293373806461
314.9781012026081
317.0299516946239
319.084846651476
321.1485840817277
323.2099813516351
325.2688651663135
327.3290838800824
329.3794467264238
331.4218353469015
333.4595596466826
335.4738313857099
337.4670872578422
339.4431044690274
341.3805994382853
343.2895077869769
345.1756537000779
347.0181425768381
348.8282144740035
350.591631785798
352.2490462654337
353.7980883963148
355.215018659109
356.5112983535781
357.7154996332409
358.8288250090167
359.8732920890751
360.8786636437291
361.8653977592113
381.3274043657267
382.3928229943432
383.6261328571823
385.3243589618957
388.1977390305299
394.1690718678284
402.8602621655435
155.9663904724932
157.0523519009835
158.165441930163
159.3016265156221
160.4600040071504
161.6297337369043
162.8079961223432
163.989880417234
165.1660810178358
166.3362515896557
167.4995938072098
168.653408740227
169.796917211678
170.9333114384642
172.066588996927
173.2009362625342
174.3391044644909
175.4858222220206
176.6398928542411
177.8013730923363
178.9757002150984
180.1604659317168
181.3554462459198
182.5632468378103
183.7813116250762
185.0087978608063
186.2468541409373
187.4932060560544
188.7466774414756
190.0074298491558
191.2701826801433
192.5342441641584
193.8000088482961
195.0608422575018
196.3157890616651
197.5642536883179
198.794889035526
200.0095222187015
201.2109229422645
202.3859905133659
203.5434756002845
204.6852823384026
205.7893097376172
206.8658789368651
207.912805614461
208.9063726235637
209.8625265905083
210.7780128529592
211.6671563937766
212.5467313085731
213.4273137523006
214.3269449563158
215.2712946097784
216.2840920487036
217.4016235531637
218.7189123978007
220.2910939034983
222.2761096096454
224.91402488244
228.875813648812
235.1901328536042
127.2653715341954
124.5252509033073
122.0015942491836
119.62259461894111
117.3457543198273
115.17360629052371
113.0902206622672
111.0806221472769
109.1327191060287
107.2317974308329
105.35262136425189
103.5040730570752
101.68130321848551
99.90059880376441
98.14175568770739
96.38548586301889
94.6252683884862
92.83264336235763
91.01061179159072
89.16331225599512
87.2783429182067
85.36936744472769
83.44046902637439
81.48828280053863
79.536149556434
77.59382634491249
75.6498795768558
73.70448950771512
71.76383202877707
69.81268273234221
67.86570694600769
65.92249237423249
63.9740201238819
62.022816022728875
60.063911218772915
58.084357051984995
56.1013786731088
54.10101942170638
52.04851323693211
49.9683112502625
47.84606908265059
45.67121400412188
43.47641585343351
41.236149762776904
38.94763348123308
36.722052609322816
34.60287416322768
32.75619714238388
31.266593523215988
30.143065061239326
29.48996398803115
29.253381392876804
29.384105578233402
29.99227132152612
42.49988781632533
42.59352124006671
42.671703618779986
42.7344339640473
42.781728402241185
42.81357914628029
42.83008887092166
24.456256906121624
20.582628160764457
21.16293846766952
17.499802806909713
18.063839545737935
14.436436838193288
14.86924324892388
11.188559897608997
10.865955178724803
10.558503007882294
7.675248493157312
5.061293311945306
5.257208570792699
1.871847440255607
1.4644052476671021
1.0547100370105085
-2.1737270777744016
-2.1071200306141975
-5.23182416442711
-5.500952610099489
-7.701636354048588
-8.615872050375202
-9.822640841827194
-11.0922811276685
-12.391166902130806
-13.708037416232798
-15.043741641706504
-16.400016136669706
-17.781223543857692
-19.19315126568199
-20.63036551480849
-22.094561614812022
-23.591057833173807
-25.112204807658713
-26.66680498863289
-28.269808218443302
-29.897723969287313
-31.5440312270386
-33.212725770791394
-34.86164000133002
-36.496962255731205
-38.1204149428479
-39.667219423204386
-41.1433863888449
-42.52988638582758
-43.7123866921408
-44.65197093841681
-45.330510054162204
-45.799838382276306
-46.0496220605678
-46.065241266360715
-45.84668540893219
-45.31205211383198
-44.252369196474916
-41.93099698065498
-42.0306949075499
-42.11491582547259
-42.18177550189091
-42.22977780108542
-42.254848983017524
-42.24036799695759
103.8847867348953
108.0752796747623
112.1071397211415
116.0478262607558
119.9321385573654
123.7399368806
127.4843985559234
131.1763818614138
134.8171527262507
138.4103784959811
141.9659037802588
145.457751241961
148.8798837225412
152.2082853533129
155.4761657614907
158.7120575060345
161.9296154390892
165.1760052964286
168.4450092973316
171.7357556447382
175.0707070401669
178.4303879171623
181.8099552829753
185.2201342294095
188.6295005839873
192.0275619859142
195.4333630474305
198.8399740829074
202.2411524284194
205.6579106782511
209.0643200588577
212.4605910651066
215.859571061816
219.247461215697
222.6310699478266
226.0266060119442
229.3979523254926
232.7614511443187
236.1555895700861
239.5345219168065
242.9224702524567
246.3357482715231
249.7206701463338
253.1139464566304
256.5040186153425
259.7202091754818
262.7166568603397
265.3034172592604
267.4073219565126
269.0478954967672
270.1218593689961
270.7050503182312
270.8765714181568
270.5472495964175
259.8784640688602
260.239162126481
260.8109272324177
261.9576820367384
264.5130149984132
270.5183098426685
278.6752762325825
85.03214908102667
89.70204250941944
89.93867943644779
94.43538999325759
94.72078053202107
99.2021410767074
99.62507273196972
104.1584915723292
105.3211666818208
106.4561038259616
110.1538224012723
113.5665467910211
114.1530246720314
118.3080930322919
119.4766437345946
120.6433123808985
124.6275168027777
125.3201767269757
129.2065577104829
130.2396783787678
133.2122855255106
134.9037946109733
136.8929251982369
138.9525785374912
141.046459943825
143.1623782605493
145.302258764926
147.4654505969771
149.6550363021153
151.876866043863
154.1200799369087
156.3855761851349
158.6789612282711
160.9857967398756
163.3138169460618
165.6772574890873
168.0410980589095
170.4005637089103
172.7623120389809
175.0708722735427
177.3412497800062
179.5770274945096
181.6911004021279
183.7000781820271
185.5827627670075
187.200843145087
188.531530056102
189.5534074449939
190.3325836180938
190.8755420646432
191.1783802579795
191.2597218173608
191.0657198581952
190.413786654532
188.6080716930577
189.4393876067601
190.5301321150802
192.0531151734632
194.2615140055235
197.8306869149166
203.452813647712
231.1501582690907
232.6005305780696
234.1087339703251
235.6704208796969
237.2778928771927
238.9135431711237
240.5746192181906
242.2570040086907
243.9498718322794
245.642175926814
247.3185251445107
248.9618242990362
250.5611869410267
252.1088841570773
253.6179214491981
255.0975433690534
256.5548838275754
258.0086486587862
259.4556210889223
260.8990679007333
262.3490499583736
263.79975536189
265.2504243093497
266.7084170299481
268.1656501404213
269.6213883308267
271.0832426242863
272.5444635906225
274.0049844571965
275.4705934105933
276.9300270048654
278.3830834393391
279.8335911856979
281.2702772384259
282.6949811665995
284.1109630639292
285.4993309986014
286.8624705660251
288.2041028070182
289.502833167069
290.7685393351073
292.006962275645
293.1970859997673
294.3500962194073
295.4516520965756
296.4422617848046
297.3195310235674
298.0596144016443
298.6739154797286
299.1909605580065
299.6118233570273
299.958431711108
300.2606769963902
300.5395209179436
302.3783518851855
302.8326833665477
303.4826308511977
304.6921160007857
307.2947434006544
313.3318889889488
321.5053651035042
109.4884059871483
110.2846706701839
111.1016179041173
111.9351928001673
112.784620077759
113.6385779149007
114.4943159808936
115.3470514699382
116.1871218605456
117.0146068338439
117.8290708944296
118.6278401029664
119.4102332428241
120.1799404725475
120.9410489822617
121.698022417909
122.4537897250033
123.2130566963615
123.9747335460558
124.7387257686683
125.510649171462
126.2879225605981
127.0702843564097
127.8602974098227
128.6552930416942
129.4543408443165
130.2585171232195
131.0654344603074
131.8738127582576
132.683714778181
133.4897144221002
134.2910145703229
135.0879033950973
135.8735919322169
136.6470119574289
137.407449270644
138.1433740896222
138.8565324818717
139.5495862681895
140.2092322722127
140.844287524275
141.4566125516617
142.0238809789235
142.5566917931822
143.0528763811799
143.4884564529462
143.8795591176852
144.2228973908317
144.5327452358175
144.8259200040754
145.1131389916188
145.4130364084286
145.7536677443632
146.1614174580571
146.6770747124027
147.4086926992102
148.4152162896076
149.8713396715723
152.0317362044381
155.5758379318991
161.2124456507544
-1.719043563167934
-1.6282073932910115
-1.5735970159067239
-1.5370066471269976
-1.4959532918015994
-1.4629687299157799
-1.4379084479145128
-1.4183868803094852
-1.4006825660663624
-1.3881856261940024
-1.3638855419060634
-1.336872700307992
-1.2958246061261343
-1.2695267563814858
-1.2554192432076878
-1.246743850242546
-1.259574422781153
-1.2698078310168648
-1.2796475436098158
-1.298019019474311
-1.307833718944769
-1.3153278540410993
-1.3269556384051333
-1.3240185978409043
-1.3162383859774973
-1.3175594139191937
-1.3165803811596828
-1.3130880397492768
-1.320207508395128
-1.3169433712504828
-1.3141898795763767
-1.3177979707406717
-1.317857471651299
-1.321907110669832
-1.3345290499442686
-1.3347003150695167
-1.3422645103297761
-1.3679746296293642
-1.3772050436139072
-1.3942358530369496
-1.4185871109931558
-1.4270607893301754
-1.4487575452504586
-1.4656986366428608
-1.4083390412686552
-1.3195750191290316
-1.1362634658692086
-0.9086547282675652
-0.6824119391646688
-0.3984228466586364
-0.1434029398949173
0.08576847295289201
0.3734822326955076
5.665478805247908
0.1881163657647076
0.2205401450266707
0.1571685038988938
-0.19936319684496784
-1.2455557411854619
-1.2748606970688017
0.0
-1.961876832407799
0.29420707983726946
-1.8552428070628606
0.28597425738518134
-1.8371363322581726
0.21950346807914822
-1.8641252471822407
-0.16314390880048735
-0.15547260492753195
-1.4602115472182362
-1.3238069130881294
0.09948644685546343
-1.714560484161841
-0.20614215855241358
-0.20728470484403422
-1.635077357797
0.033979929504652284
-1.5825310647796218
-0.13608044782547735
-1.1144788675457311
-0.4628458236730274
-0.6110225462913663
-0.6428667477322463
-0.6576790377785224
-0.6667876564413643
-0.6763259674671578
-0.6867446646128936
-0.6993736007971989
-0.7149340406556908
-0.7277437985130899
-0.7414125507317937
-0.7577751016424688
-0.770265136444815
-0.7872142622850139
-0.8117362377688966
-0.8243630930960266
-0.8336862701179621
-0.8450326050188961
-0.8350237869823903
-0.8281467802179436
-0.8221416435151148
-0.7833309292241144
-0.7475614768566424
-0.7021536230228781
-0.5988398242184384
-0.47580838942094467
-0.3435949843000651
-0.23763297072941297
-0.12643115076141428
-0.007820471228994319
0.11080149026538601
0.270918804556855
0.536896285124794
1.1760207162832867
-0.05026819013424971
-0.042341241132243024
-0.03340438682826252
-0.023628814169927903
-0.011573991336313982
0.009125063625488927
0.0
-2.122632589390466
-2.042279429440441
-1.996096830036182
-1.967541286065348
-1.928784257772962
-1.896702009959055
-1.870119863265608
-1.84417895438608
-1.82009568547545
-1.800999058847987
-1.768743994023969
-1.733430895297385
-1.685952911372915
-1.6552967758607
-1.639093388599353
-1.629806665936183
-1.644411053290996
-1.655865915236405
-1.666879181198347
-1.689270598364182
-1.701796953675021
-1.711870162211274
-1.727376008318499
-1.726964401860546
-1.721238044302434
-1.72515845507775
-1.725568735479096
-1.722816886249688
-1.730708657724584
-1.725466590169339
-1.720331145694442
-1.721703344984154
-1.716085948144152
-1.713917256902061
-1.71995887156309
-1.707705909053818
-1.703730875977394
-1.719250918405037
-1.711548502626058
-1.716115419263915
-1.728945797997279
-1.714582410021188
-1.718814226488323
-1.717191210611128
-1.629114043289217
-1.51780652051038
-1.310285449107077
-1.065701992448896
-0.8310084068407019
-0.5440006098884793
-0.2954068011682009
-0.0868814914365967
0.1668131270598188
5.404116454788543
-0.1827062980471452
-0.2896192082299441
-0.5808717863556382
-1.294366342821427
-3.041893812549764
-4.13179139978303
0.0
-2.365465858630331
-0.1198649563121603
-2.277742621192319
-0.1445603815531691
-2.269967298229535
-0.214229811964127
-2.296336662533336
-0.5889359828770822
-0.5748857243366196
-1.873024979872221
-1.728665365206035
-0.2970717481339294
-2.104688789408622
-0.5919121780316279
-0.5909588502356995
-2.018140173490637
-0.3508567010051906
-1.968589148999162
-0.5233120854140085
-1.505730446435602
-0.8568090584032795
-1.007564854461541
-1.043287117645612
-1.060624841798164
-1.071787314766301
-1.083925008625714
-1.095733018932307
-1.10910244729761
-1.125435189985147
-1.136267017431946
-1.147553816849859
-1.161680475885951
-1.168493612937668
-1.179224408517243
-1.197166059387718
-1.197368687080328
-1.19515263576558
-1.196308893794569
-1.169367245994541
-1.150026346444909
-1.132500330519238
-1.070852549915127
-1.017618158094507
-0.9536461969911453
-0.8196148262390002
-0.6740398908022929
-0.5176169675379335
-0.3946802349107438
-0.2750276184374474
-0.1533982344588372
-0.0412023710078976
0.0982688401673663
0.3302271794891053
0.9146583658239223
-0.4210908539461025
-0.5525005943888578
-0.7714446770827945
-1.118631960146387
-1.807912062700616
-2.847805639088739
0.0
0.4035890262225321
0.4140720361494298
0.4224998141294582
0.4305346389383505
0.4328309659713624
0.4337332800432752
0.4322114153510952
0.4257920740765948
0.4194131194090876
0.4128134326539846
0.4048584521179057
0.3965581949893928
0.3901283052467809
0.3857700194792143
0.3836741453916653
0.383062815693637
0.3848366305098429
0.3860580842195402
0.3872316375885312
0.3912515788898709
0.3939632347302521
0.3965423081701747
0.4004203699133657
0.4029458040196417
0.4049996583249368
0.4075990411585561
0.4089883543194132
0.4097288465004112
0.4105011493294562
0.4085232189188561
0.4061412661180653
0.4039053742434821
0.3982284764928529
0.3920101462322291
0.3854298216188214
0.3730055939843014
0.3614663656476178
0.3512762887756728
0.3343434590121507
0.3218795662269653
0.3103586870041232
0.2875216206910125
0.2700566812378645
0.2514925739682672
0.2207750020205618
0.1982315013813482
0.1740219832378684
0.1570472641813308
0.1485964676760331
0.1455777632298429
0.1520038612732836
0.1726499643894887
0.2066691056356888
0.2613623504593645
0.3708226638118528
0.5101593532566148
0.738040290254532
1.095003145976459
1.796338071364302
2.856930702714228
0.0
0.4035890262225321
0.4140720361494298
0.4224998141294582
0.4305346389383505
0.4328309659713624
0.4337332800432752
0.4322114153510952
0.4257920740765948
0.4194131194090876
0.4128134326539846
0.4048584521179057
0.3965581949893928
0.3901283052467809
0.3857700194792143
0.3836741453916653
0.383062815693637
0.3848366305098429
0.3860580842195402
0.3872316375885312
0.3912515788898709
0.3939632347302521
0.3965423081701747
0.4004203699133657
0.4029458040196417
0.4049996583249368
0.4075990411585561
0.4089883543194132
0.4097288465004112
0.4105011493294562
0.4085232189188561
0.4061412661180653
0.4039053742434821
0.3982284764928529
0.3920101462322291
0.3854298216188214
0.3730055939843014
0.3614663656476178
0.3512762887756728
0.3343434590121507
0.3218795662269653
0.3103586870041232
0.2875216206910125
0.2700566812378645
0.2514925739682672
0.2207750020205618
0.1982315013813482
0.1740219832378684
0.1570472641813308
0.1485964676760331
0.1455777632298429
0.1520038612732836
0.1726499643894887
0.2066691056356888
0.2613623504593645
0.3708226638118528
0.5101593532566148
0.738040290254532
1.095003145976459
1.796338071364302
2.856930702714228
0.0
1.0
1.0
1.0
1.0
1.0
1.0
1.0
1.0
1.0
1.0
1.0
1.0
1.0
1.0
1.0
1.0
1.0
1.0
1.0
1.0
1.0
1.0
1.0
1.0
1.0
1.0
1.0
1.0
1.0
1.0
1.0
1.0
1.0
1.0
1.0
1.0
1.0
1.0
1.0
1.0
1.0
1.0
1.0
1.0
1.0
1.0
1.0
1.0
1.0
1.0
1.0
1.0
1.0
1.0
0.0
0.0
0.0
0.0
0.0
0.0
0.0
1.0
1.0
1.0
1.0
1.0
1.0
1.0
1.0
1.0
1.0
1.0
1.0
1.0
1.0
1.0
1.0
1.0
1.0
1.0
1.0
1.0
1.0
1.0
1.0
1.0
1.0
1.0
1.0
1.0
1.0
1.0
1.0
1.0
1.0
1.0
1.0
1.0
1.0
1.0
1.0
1.0
1.0
1.0
1.0
1.0
1.0
1.0
1.0
1.0
1.0
1.0
1.0
1.0
1.0
0.0
0.0
0.0
0.0
0.0
0.0
0.0
1.0
1.0
1.0
1.0
1.0
1.0
1.0
1.0
1.0
1.0
1.0
1.0
1.0
1.0
1.0
1.0
0.7015986081859769
0.7015986081859769
0.7015986081859769
0.7015986081859769
0.7015986081859769
0.7015986081859769
0.7015986081859769
0.7015986081859769
0.7015986081859769
0.7015986081859769
0.7015986081859769
0.7015986081859769
0.7015986081859769
0.7015986081859769
0.7015986081859769
0.7015986081859769
0.7015986081859769
0.7015986081859769
0.7015986081859769
0.7015986081859769
0.7015986081859769
0.7015986081859769
0.7015986081859769
0.7015986081859769
0.7015986081859769
0.7015986081859769
0.7015986081859769
0.7015986081859769
0.7015986081859769
1.0
1.0
1.0
1.0
1.0
1.0
1.0
1.0
1.0
1.0
1.0
1.0
1.0
1.0
1.0
1.0
1.0
1.0
1.0
1.0
1.0
1.0
1.0
1.0
1.0
1.0
1.0
1.0
1.0
0.012713954004375586
0.012522643316805774
0.012241180006835217
0.011870308005544427
0.01135040266031158
0.010807615946805646
0.010242417305406388
0.009627244491207885
0.008979260998492836
0.008306093871310167
0.007603293920370283
0.0069122527476502965
0.006252357025018315
0.005701225607961229
0.0052255857915459785
0.004805950185013031
0.004468973961144485
0.004131997737275937
0.0038109840341600974
0.0035305558891282635
0.00325012774409643
0.0029850657439348524
0.0027512965008038796
0.0025175272576729076
0.00229981876900209
0.0021087215835990263
0.0019176243981959642
0.0017410619733969394
0.0015842915630374572
0.0014275211526779757
0.0012836469802999441
0.001154287935352099
0.0010249288904042534
0.0009090354256542688
0.0008056959447637976
0.0007023564638733273
0.0006122852173578464
0.0005324474494826503
0.00045260968160745426
0.0003851992836228362
0.0003256805706096482
0.0002661618575964602
0.0002166170653874699
0.00017224112879281296
0.00012786519219815638
9.253792268836469e-05
6.333616885667669e-05
4.20429840806223e-05
2.7624225201019283e-05
1.7049318260112626e-05
1.0628768167837769e-05
6.782626702029576e-06
4.202743077801144e-06
2.924316786566879e-06
2.568634166351592e-06
2.3954756135574008e-06
2.4150621409845113e-06
2.474259716154873e-06
2.722521816921607e-06
3.959857006500464e-06
0.0004
0.0004
0.0004
0.0004
0.0004
0.0004
0.0004
0.0004
0.0004
0.0004
0.0004
0.0004
0.0004
0.0004
0.0004
0.0004
0.0004
0.0004
0.0004
0.0004
0.0004
0.0004
0.0004
0.0004
0.0004
0.0004
0.0004
0.0004
0.0004
0.0004
0.0004
0.0004
0.0004
0.0004
0.0004
0.0004
0.0004
0.0004
0.0004
0.0004
0.0004
0.0004
0.0004
0.0004
0.0004
0.0004
0.0004
0.0004
0.0004
0.0004
0.0004
0.0004
0.0004
0.0004
0.0004
0.0004
0.0004
0.0004
0.0004
0.0004
1.162045634587232e-08
1.820430393861804e-08
2.3397995420096767e-08
2.725212375375048e-08
2.960057246018744e-08
3.1556832458202534e-08
3.319749498422714e-08
3.464152348962763e-08
3.592600138599948e-08
3.705020883204817e-08
3.780025092524557e-08
3.837559316289666e-08
3.8829381782503677e-08
3.913902643840657e-08
3.937410144042347e-08
3.955735715982691e-08
3.967034486289783e-08
3.978333256596876e-08
3.9893025990365636e-08
3.999434353600619e-08
4.009566108164673e-08
4.022175415018773e-08
4.0398301931018384e-08
4.0574849711849056e-08
4.077639849341144e-08
4.101937180544153e-08
4.126234511747164e-08
4.152830315333734e-08
4.182555953655365e-08
4.2122815919769966e-08
4.2490072217123994e-08
4.2936115651879853e-08
4.338215908663571e-08
4.392681279327238e-08
4.456340102804553e-08
4.519998926281867e-08
4.592997988028456e-08
4.6732009569508185e-08
4.753403925873179e-08
4.8485534159784347e-08
4.9531943139707e-08
5.057835211962966e-08
5.2002938603837294e-08
5.362351069436888e-08
5.5244082784900455e-08
5.751180313026143e-08
6.028929328200166e-08
6.387341799947444e-08
6.840970116114401e-08
7.370642590357204e-08
8.017592488363205e-08
9.04862884477832e-08
1.0938081657783701e-07
1.4422883304751184e-07
3.6525748107579245e-07
6.672230955892941e-07
1.5515058449280014e-06
3.6506609890247675e-06
7.375069553347444e-06
2.758957962742941e-06
0.0
0.0
0.0
0.0
0.0
0.0
0.0
0.0
0.0
0.0
0.0
0.0
0.0
0.0
0.0
0.0
0.0
0.0
0.0
0.0
0.0
0.0
0.0
0.0
0.0
0.0
0.0
0.0
0.0
0.0
0.0
0.0
0.0
0.0
0.0
0.0
0.0
0.0
0.0
0.0
0.0
0.0
0.0
0.0
0.0
0.0
0.0
0.0
0.0
0.0
0.0
0.0
0.0
0.0
0.0
0.0
0.0
0.0
0.0
0.0
0.0
0.0
0.0
0.0
0.0
0.0
0.0
0.0
0.0
0.0
0.0
0.0
0.0
0.0
0.0
0.0
0.0
0.0
0.0
0.0
0.0
0.0
0.0
0.0
0.0
0.0
0.0
0.0
0.0
0.0
0.0
0.0
0.0
0.0
0.0
0.0
0.0
0.0
0.0
0.0
0.0
0.0
0.0
0.0
0.0
0.0
0.0
0.0
0.0
0.0
0.0
0.0
0.0
0.0
0.0
0.0
0.0
0.0
0.0
0.0
0.0
0.0
0.0
0.0
0.0
0.0
0.0
0.0
0.0
0.0
0.0
0.0
0.0
0.0
0.0
0.0
0.0
0.0
0.0
0.0
0.0
0.0
0.0
0.0
0.0
0.0
0.0
0.0
0.0
0.0
0.0
0.0
0.0
0.0
0.0
0.0
0.0
0.0
0.0
0.0
0.0
0.0
0.0
0.0
0.0
0.0
0.0
0.0
0.0
0.0
0.0
0.0
0.0
0.0
0.0
0.0
0.0
0.0
0.0
0.0
0.0
0.0
0.0
0.0
0.0
0.0
0.0
0.0
0.0
0.0
0.0
0.0
0.0
0.0
0.0
0.0
0.0
0.0
0.0
0.0
0.0
0.0
0.0
0.0
0.0
0.0
0.0
0.0
0.0
0.0
0.0
0.0
0.0
0.0
0.0
0.0
0.0
0.0
0.0
0.0
0.0
0.0
0.0
0.0
0.0
0.0
0.0
0.0
0.0
0.0
0.0
0.0
0.0
0.0
0.0
0.0
0.0
0.0
0.0
0.0
0.0
0.0
0.0
0.0
0.0
0.0
0.0
0.0
0.0
0.0
0.0
0.0
0.0
0.0
0.0
0.0
0.0
0.0
0.0
0.0
0.0
0.0
0.0
0.0
0.0
0.0
0.0
0.0
0.0
0.0
0.0
0.0
0.0
0.0
0.0
0.0
0.0
0.0
0.0
0.0
0.0
0.0
0.0
0.0
0.0
0.0
0.0
0.0
0.0
0.0
0.0
0.0
0.0
0.0
0.0
0.0
0.0
0.0
0.0
0.0
0.003570119022669338
0.0034996041578075655
0.003409540347023282
0.003299771279415631
0.003151251770058267
0.0029839708546992886
0.0028011180721289387
0.002604291313674109
0.0024083964683669027
0.0022150455849895105
0.0020336640534813193
0.0018666491438649583
0.0017126801861556545
0.001583721655396795
0.0014696337966006803
0.001366684215309443
0.0012803628962826381
0.0011940415772558322
0.0011119462292084807
0.0010405956371620795
0.0009692450451156782
0.0009009175021233207
0.0008387463204264312
0.0007765751387295417
0.0007168764676946636
0.0006612745364002989
0.0006056726051059345
0.0005525506983162698
0.0005028058461713033
0.00045306099402633686
0.0004067486529023704
0.000364299712480764
0.00032185077205915737
0.00028328669611704324
0.00024834448609198
0.00021340227606691685
0.00018270909280556347
0.00015529308444175237
0.00012787707607794126
0.00010572038238966507
8.690348263609823e-05
6.808658288253137e-05
5.376356942586015e-05
4.17694544908324e-05
2.9775339555804754e-05
2.1103949537266697e-05
1.4453040429115102e-05
9.93672573768964e-06
6.927207350205891e-06
4.764876598171457e-06
3.525337907350755e-06
2.8814058790235313e-06
2.5001055366884254e-06
2.35643836583194e-06
2.312563767431987e-06
2.298500334632782e-06
2.429364117616755e-06
2.7212248126938336e-06
3.176123844993294e-06
4.107939098779703e-06
0.0004
0.0004
0.0004
0.0004
0.0004
0.0004
0.0004
0.0004
0.0004
0.0004
0.0004
0.0004
0.0004
0.0004
0.0004
0.0004
0.0004
0.0004
0.0004
0.0004
0.0004
0.0004
0.0004
0.0004
0.0004
0.0004
0.0004
0.0004
0.0004
0.0004
0.0004
0.0004
0.0004
0.0004
0.0004
0.0004
0.0004
0.0004
0.0004
0.0004
0.0004
0.0004
0.0004
0.0004
0.0004
0.0004
0.0004
0.0004
0.0004
0.0004
0.0004
0.0004
0.0004
0.0004
0.0004
0.0004
0.0004
0.0004
0.0004
0.0004
1.530423069415213e-08
1.6826539649258388e-08
1.808721999581265e-08
1.9096758113918802e-08
1.9842467105754935e-08
2.052806856901885e-08
2.1163789892716428e-08
2.1754826211472416e-08
2.232117428905451e-08
2.2864743870556376e-08
2.3362715353827973e-08
2.3835625440069187e-08
2.429093676573531e-08
2.4724873785834516e-08
2.5152500193879194e-08
2.5580282996960746e-08
2.6016884610834346e-08
2.645348622470795e-08
2.6897815907637448e-08
2.7361794617209027e-08
2.7825773326780614e-08
2.830593906361297e-08
2.8819069263256004e-08
2.933219946289905e-08
2.9860472421681895e-08
3.041383564361395e-08
3.0967198865545996e-08
3.1551824608466535e-08
3.217902059273311e-08
3.280621657699968e-08
3.354295970468272e-08
3.4403001638466414e-08
3.526304357225011e-08
3.64703563005798e-08
3.8001430195198023e-08
3.9532504089816245e-08
4.2062446211803566e-08
4.536279201979365e-08
4.8663137827783724e-08
5.5497766277502105e-08
6.457675097106768e-08
7.365573566463323e-08
8.992625995249775e-08
1.099237067352801e-07
1.299211535180623e-07
1.5591366465459985e-07
1.8534955496373646e-07
2.1795727292589614e-07
2.5520913026591375e-07
2.989581120925996e-07
3.5573084478974945e-07
4.5121005984659787e-07
5.904474839433308e-07
8.009882108699423e-07
1.2359227430857984e-06
1.7346680040168692e-06
2.5195929471898077e-06
3.6181427137168562e-06
5.093409992380401e-06
2.5854019949177616e-06
0.0
0.0
0.0
0.0
0.0
0.0
0.0
0.0
0.0
0.0
0.0
0.0
0.0
0.0
0.0
0.0
0.0
0.0
0.0
0.0
0.0
0.0
0.0
0.0
0.0
0.0
0.0
0.0
0.0
0.0
0.0
0.0
0.0
0.0
0.0
0.0
0.0
0.0
0.0
0.0
0.0
0.0
0.0
0.0
0.0
0.0
0.0
0.0
0.0
0.0
0.0
0.0
0.0
0.0
0.0
0.0
0.0
0.0
0.0
0.0
0.0
0.0
0.0
0.0
0.0
0.0
0.0
0.0
0.0
0.0
0.0
0.0
0.0
0.0
0.0
0.0
0.0
0.0
0.0
0.0
0.0
0.0
0.0
0.0
0.0
0.0
0.0
0.0
0.0
0.0
0.0
0.0
0.0
0.0
0.0
0.0
0.0
0.0
0.0
0.0
0.0
0.0
0.0
0.0
0.0
0.0
0.0
0.0
0.0
0.0
0.0
0.0
0.0
0.0
0.0
0.0
0.0
0.0
0.0
0.0
0.0
0.0
0.0
0.0
0.0
0.0
0.0
0.0
0.0
0.0
0.0
0.0
0.0
0.0
0.0
0.0
0.0
0.0
0.0
0.0
0.0
0.0
0.0
0.0
0.0
0.0
0.0
0.0
0.0
0.0
0.0
0.0
0.0
0.0
0.0
0.0
0.0
0.0
0.0
0.0
0.0
0.0
0.0
0.0
0.0
0.0
0.0
0.0
0.0
0.0
0.0
0.0
0.0
0.0
0.0
0.0
0.0
0.0
0.0
0.0
0.0
0.0
0.0
0.0
0.0
0.0
0.0
0.0
0.0
0.0
0.0
0.0
0.0
0.0
0.0
0.0
0.0
0.0
0.0
0.0
0.0
0.0
0.0
0.0
0.0
0.0
0.0
0.0
0.0
0.0
0.0
0.0
0.0
0.0
0.0
0.0
0.0
0.0
0.0
0.0
0.0
0.0
0.0
0.0
0.0
0.0
0.0
0.0
0.0
0.0
0.0
0.0
0.0
0.0
0.0
0.0
0.0
0.0
0.0
0.0
0.0
0.0
0.0
0.0
0.0
0.0
0.0
0.0
0.0
0.0
0.0
0.0
0.0
0.0
0.0
0.0
0.0
0.0
0.0
0.0
0.0
0.0
0.0
0.0
0.0
0.0
0.0
0.0
0.0
0.0
0.0
0.0
0.0
0.0
0.0
0.0
0.0
0.0
0.0
0.0
0.0
0.0
0.0
0.0
0.0
0.0
0.0
0.0
0.0
0.0
0.0
0.0
0.0
0.0
0.0
0.0
0.0
0.0
0.0
0.0
2
2
2
2
1
1
296.8671963026573
264.0090024608929
42.83008887092166
-42.24036799695759
0.0
0.0
-42.83062957111357
42.24188331727001
53.0
53.0
6.265115300673023
5.601050757580543
1.0
1.0
2.0
2.0
3.0
3.0
4.0
4.0
5.0
5.0
6.0
6.0
7.0
7.0
8.0
8.0
9.0
9.0
10.0
10.0
11.0
11.0
12.0
12.0
13.0
13.0
14.0
14.0
15.0
15.0
16.0
16.0
17.0
17.0
18.0
18.0
19.0
19.0
20.0
20.0
21.0
21.0
22.0
22.0
23.0
23.0
24.0
24.0
25.0
25.0
26.0
26.0
27.0
27.0
28.0
28.0
29.0
29.0
30.0
30.0
31.0
31.0
32.0
32.0
33.0
33.0
34.0
34.0
35.0
35.0
36.0
36.0
37.0
37.0
38.0
38.0
39.0
39.0
40.0
40.0
41.0
41.0
42.0
42.0
43.0
43.0
44.0
44.0
45.0
45.0
46.0
46.0
47.0
47.0
48.0
48.0
49.0
49.0
50.0
50.0
51.0
51.0
52.0
52.0
53.0
53.0
54.0
54.0
55.0
55.0
56.0
56.0
57.0
57.0
58.0
58.0
59.0
59.0
60.0
60.0
0.0
0.0
0.0
0.0
0.0
0.0
0.0
0.0
0.0
0.0
0.0
0.0
0.0
0.0
0.0
0.0
0.0
0.0
0.0
0.0
0.0
0.0
0.0
0.0
0.0
0.0
0.0
0.0
0.0
0.0
0.0
0.0
0.0
0.0
0.0
0.0
0.0
0.0
0.0
0.0
0.0
0.0
0.0
0.0
0.0
0.0
0.0
0.0
0.0
0.0
0.0
0.0
0.0
0.0
0.0
0.0
0.0
0.0
0.0
0.0
0.0
0.0
0.0
0.0
0.0
0.0
0.0
0.0
0.0
0.0
0.0
0.0
0.0
0.0
0.0
0.0
0.0
0.0
0.0
0.0
0.0
0.0
0.0
0.0
0.0
0.0
0.0
0.0
0.0
0.0
0.0
0.0
0.0
0.0
0.0
0.0
0.0
0.0
0.0
0.0
0.0
0.0
0.0
0.0
0.0
0.0
0.99
0.0
0.0
0.0
0.0
0.0
0.0
0.0
0.0
0.0
0.0
0.0
0.0
0.0
0.0
0.0
0.0
0.0
0.0
0.0
0.0
0.0
0.0
0.0
0.0
0.0
0.0
0.0
0.0
0.0
0.0
0.0
0.0
0.0
0.0
0.0
0.0
0.0
0.0
0.0
0.0
0.0
0.0
0.0
0.0
0.0
0.0
0.0
0.0
0.0
0.0
0.0
0.0
0.0
0.0
0.0
0.0
0.0
0.0
0.0
0.0
0.0
0.0
0.0
0.0
0.0
0.0
0.0
0.0
0.0
0.0
0.0
0.0
0.0
0.0
0.0
0.0
0.0
0.0
0.0
0.0
0.0
0.0
0.0
0.0
0.0
0.0
0.0
0.0
0.0
0.0
0.0
0.0
0.0
0.0
0.0
0.0
0.0
0.0
0.0
0.0
0.0
0.0
0.0
0.0
0.0
0.0
0.0
0.0
0.0
0.0
0.0
0.0
0.0
0.0
0.0
0.0
0.0
0.0
0.0
0.8
0.0
0.0
0.0
0.0
0.0
0.0
0.0
0.0
0.0
0.0
0.0
0.0
0.0
0.0
0.0
0.0
0.0
0.0
0.0
0.0
0.0
0.0
0.0
0.0
0.0
0.0
0.0
0.0
0.0
0.0
0.0
0.0
0.0
0.0
0.0
0.0
0.0
0.0
0.0
0.0
0.0
0.0
0.0
0.0
0.0
0.0
0.0
0.0
0.0
0.0
0.0
0.0
0.0
0.0
0.0
0.0
0.0
0.0
0.0
0.0
0.0
0.0
0.0
0.0
0.0
0.0
0.0
0.0
0.0
0.0
0.0
0.0
0.0
0.0
0.0
0.0
0.0
0.0
0.0
0.0
0.0
0.0
0.0
0.0
0.0
0.0
0.0
0.0
0.0
0.0
0.0
0.0
0.0
0.0
0.0
0.0
0.0
0.0
0.0
0.0
0.0
0.0
0.0
0.0
0.0
0.0
0.0
0.0
0.0
0.0
0.0
0.0
0.0
0.0
0.0
0.0
0.0
0.0
0.0
0.5
0.0
0.0
0.0
0.0
0.0
0.0
0.0
0.0
0.0
0.0
0.0
0.0
0.0
14.999999999999998
60.0
