9.81
6.022e+23
0
0
0
3
0
1
277.76104451984725
2
2
0
0
1
1
0
1
60
7
1014.8
1.607


3
3
0
72.38857731909356
0
6.7
150.0
1000.0
287.04
9.81
79000.0
40.0
20000.0
0.0
0.0
0.0
0.0
0.0280134
0.04401
0.0319988
0.039948
0.01604
0.01801528
0.048
99000.0
2.1153802199668344e+29
0.8
1e-06
1000000.0
0.6
3.0
0.0001
500
58
0.7736243835983403
0
1
7
1.0
1
0
1
1
0.1
1000000000000.0
1
276.7632090955434
365.0226314513511
364.47511516182715
363.8822400647809
363.17266285323757
362.35973470488096
361.4685545894465
360.5081982902042
359.48413904247843
358.40115309274086
357.2634818789793
356.0741788638999
354.83686913062303
353.5525607664134
352.22406134126953
350.852596395969
349.43956578668843
347.98560061220206
346.49074606451325
344.9544568285347
343.37823993741
341.7625922479778
340.1068335334126
338.4098750212601
336.6707220795005
334.8868737602561
333.0545019909061
331.1726240411026
329.24004425602936
327.25479159818894
325.2114784027398
323.1087529832899
320.94429110756397
318.7138290598128
316.40872915585
314.026298175603
311.56441444769274
309.0066586190714
306.34721414102415
303.5799589552212
300.69092295482443
297.66925409615726
294.50034699011326
291.1663371475527
287.6488098130579
283.94056365026444
280.05685350991433
275.88297017899964
271.373537284611
266.47462533658
261.10837161435575
255.18166654789061
248.5570555158715
241.04931133534805
232.30399371678604
221.96053705578012
209.1084867739458
192.23705015720424
158.7041452652516
154.31590545556196
1006.356725
989.4701749999999
972.583625
955.6970749999999
938.810525
921.9239749999999
905.037425
888.1508749999999
871.264325
854.3777749999999
837.491225
820.6046749999999
803.718125
786.8315749999999
769.945025
753.0584749999999
736.171925
719.2853749999999
702.398825
685.5122749999999
668.625725
651.7391749999999
634.852625
617.9660749999999
601.079525
584.1929749999999
567.306425
550.4198749999999
533.533325
516.6467749999999
499.76022499999993
482.87367499999993
465.987125
449.100575
432.21402499999994
415.32747499999994
398.440925
381.554375
364.66782499999994
347.78127499999994
330.894725
314.008175
297.12162499999994
280.23507499999994
263.348525
246.461975
229.57542499999994
212.68887499999994
195.802325
178.915775
162.02922499999994
145.14267499999994
128.256125
111.369575
94.48302499999994
77.59647499999994
60.709925
43.823375
26.936824999999942
10.050274999999957
91.16700185707589
274.9432936853474
461.6434246760955
651.3293889605309
844.0514485118267
1039.8730555687894
1238.8706196985513
1441.1290070233595
1646.7409732233675
1855.8074312080769
2068.4376226452314
2284.749628356857
2504.870470377353
2728.936635130053
2957.09496919965
3189.5031820095937
3426.3306410816194
3667.7590007397366
3913.9830009419006
4165.212327150222
4421.673484815319
4683.610731895622
4951.287386160681
5224.9878162002005
5505.019267987746
5791.713314610295
6085.429480010434
6386.559912181047
6695.533139502751
7012.816845739178
7338.9236113522675
7674.418876145575
8019.927186377954
8376.137716778452
8743.815595270684
9123.818404726082
9517.10341649211
9924.743563241456
10347.95633235903
10788.126620387127
11246.838454938417
11725.918495993352
12227.48704660511
12754.027911831292
13308.495718699505
13894.485259360561
14516.30302657386
15179.139587636764
15889.46677548471
16655.502209775612
17487.923503812803
18400.9906835776
19414.411559179047
20556.458775253574
21870.443048922767
23427.91646137781
25362.388368551095
27901.366850613158
33149.80234973466
54964.779872378
3.519122223737253e+23
3.519122223737277e+23
3.519122223737277e+23
3.519122223737253e+23
3.519122223737253e+23
3.519122223737277e+23
3.519122223737277e+23
3.519122223737253e+23
3.519122223737253e+23
3.519122223737277e+23
3.519122223737277e+23
3.519122223737253e+23
3.519122223737253e+23
3.519122223737277e+23
3.519122223737277e+23
3.519122223737253e+23
3.519122223737253e+23
3.519122223737277e+23
3.519122223737277e+23
3.519122223737253e+23
3.519122223737253e+23
3.519122223737277e+23
3.519122223737277e+23
3.519122223737253e+23
3.519122223737253e+23
3.519122223737277e+23
3.519122223737277e+23
3.519122223737253e+23
3.519122223737253e+23
3.519122223737277e+23
3.519122223737277e+23
3.519122223737253e+23
3.519122223737253e+23
3.519122223737277e+23
3.519122223737277e+23
3.519122223737253e+23
3.519122223737253e+23
3.519122223737277e+23
3.519122223737277e+23
3.519122223737253e+23
3.519122223737253e+23
3.519122223737277e+23
3.519122223737277e+23
3.519122223737253e+23
3.519122223737253e+23
3.519122223737277e+23
3.519122223737277e+23
3.519122223737253e+23
3.519122223737253e+23
3.519122223737277e+23
3.519122223737277e+23
3.519122223737253e+23
3.519122223737253e+23
3.519122223737277e+23
3.519122223737277e+23
3.519122223737253e+23
3.519122223737253e+23
3.519122223737277e+23
3.519122223737277e+23
3.519122223737247e+23
-33.51144021214852
-0.48483208429028557
-0.4594839180975301
-0.4342516746126661
-0.41129901051144135
-0.39036396581222754
-0.371217385382296
-0.3538395610674623
-0.3379717900662945
-0.3233012563095955
-0.30994145706842424
-0.29760061186495723
-0.2861409800540645
-0.2756274286371023
-0.2656755902332387
-0.2563049887282566
-0.24743432197946624
-0.23885392895294721
-0.23074172017835726
-0.2228923325187967
-0.21533468132194988
-0.20785902945169943
-0.20045769751790832
-0.19305881691579885
-0.1856551473086281
-0.17842896628798777
-0.17117829123380834
-0.16389268413181812
-0.15642096107085968
-0.1489709648356088
-0.14134450764097717
-0.13355853442753418
-0.12547670176883163
-0.11722897503587171
-0.10881050785903451
-0.10017154537927081
-0.09107540214245424
-0.08204021214563262
-0.07281571779802759
-0.06335048719596803
-0.0538339274587048
-0.04412207910220317
-0.03431020247169647
-0.024425407946633615
-0.014455999025540345
-0.0036191352397433874
0.010163120497637845
0.023037959356656396
0.03489097685893097
0.045763432625475414
0.055297879236899855
0.06358475220838058
0.07027426214669136
0.07554002216485223
0.07617548265978484
0.07744833836556216
0.07831757822240118
0.07778865336174007
0.08332876902921091
0.0394452532332127
-34.592911404152346
-1.5476498954058684
-1.5042391964502144
-1.4611499429461787
-1.42036655221699
-1.3814599067956124
-1.3444042468279918
-1.3090958241363069
-1.2752931513416002
-1.2428093244161005
-1.211358956143897
-1.1810635481575105
-1.1516400772034672
-1.123157926090812
-1.095234493457724
-1.0678889958634272
-1.0410407577586511
-1.0146063701479875
-0.9883919773351408
-0.9625596397900154
-0.9370174206331967
-0.91156275043096
-0.8861709212451387
-0.8607853769243548
-0.8353989374780326
-0.8101882411863244
-0.7849478741428584
-0.7596757872337321
-0.7342168519526808
-0.7087773994405779
-0.6831609026719434
-0.6573842715100113
-0.6313129384237186
-0.6050741036052045
-0.5786630872192404
-0.552031596483971
-0.5249429199816973
-0.4979147663695471
-0.47069492387868195
-0.44323395192031967
-0.4157218718889908
-0.3880120182107589
-0.3602015842953392
-0.33231669013218834
-0.3043464646547136
-0.2755080512445147
-0.24372483515605836
-0.21284664010511278
-0.18298798049710285
-0.15410790154118104
-0.12656441293762555
-0.10026682967037459
-0.07556508659621386
-0.05228654940759725
-0.03363243778318292
-0.01434772812274332
0.004533762809558084
0.02201817736539624
0.04556867369439033
0.0197162753847806
1.0821608548312487
1.0641534017536467
1.0461459486760445
1.0281384955984423
1.0101310425208403
0.9921235894432383
0.9741161363656361
0.9561086832880339
0.9381012302104318
0.9200937771328298
0.9020863240552277
0.8840788709776255
0.8660714179000234
0.8480639648224213
0.8300565117448192
0.812049058667217
0.794041605589615
0.7760341525120129
0.7580266994344107
0.7400192463568086
0.7220117932792065
0.7040043402016044
0.6859968871240022
0.6679894340464
0.6499819809687981
0.631974527891196
0.6139670748135938
0.5959596217359916
0.5779521686583896
0.5599447155807875
0.5419372625031855
0.5239298094255832
0.5059223563479811
0.4879149032703791
0.46990745019277685
0.45189999711517476
0.4338925440375727
0.4158850909599706
0.39787763788236846
0.3798701848047663
0.36186273172716427
0.34385527864956217
0.32584782557196
0.3078403724943578
0.28983291941675576
0.2718254663391538
0.25381801326155157
0.23581056018394939
0.21780310710634734
0.1997956540287453
0.1817882009511431
0.16378074787354094
0.14577329479593887
0.12776584171833683
0.10975838864073466
0.09175093556313248
0.07374348248553045
0.055736029407928385
0.037728576330326204
0.019721123252724033
-16.886549999999943
-16.886550000000057
-16.886550000000057
-16.886549999999943
-16.886549999999943
-16.886550000000057
-16.886550000000057
-16.886549999999943
-16.886549999999943
-16.886550000000057
-16.886550000000057
-16.886549999999943
-16.886549999999943
-16.886550000000057
-16.886550000000057
-16.886549999999943
-16.886549999999943
-16.886550000000057
-16.886550000000057
-16.886549999999943
-16.886549999999943
-16.886550000000057
-16.886550000000057
-16.886549999999943
-16.886549999999943
-16.886550000000057
-16.886550000000057
-16.886549999999943
-16.886549999999943
-16.886550000000057
-16.886550000000057
-16.886549999999943
-16.886549999999943
-16.886550000000057
-16.886550000000057
-16.886549999999943
-16.886549999999943
-16.886550000000057
-16.886550000000057
-16.886549999999943
-16.886549999999943
-16.886550000000057
-16.886550000000057
-16.886549999999943
-16.886549999999943
-16.886550000000057
-16.886550000000057
-16.886549999999943
-16.886549999999943
-16.886550000000057
-16.886550000000057
-16.886549999999943
-16.886549999999943
-16.886550000000057
-16.886550000000057
-16.886549999999943
-16.886549999999943
-16.886550000000057
-16.886550000000057
-16.886549999999914
277.7632090955434
320.94910177424015
364.8603921932572
364.28421718992547
363.62732289728285
362.8608974564403
362.00411206659527
361.07403876564877
360.07791117407737
359.02080329519134
357.90716803424766
356.740633431402
355.5245196293579
354.2611179102774
352.95229900598406
351.6000364334948
350.20563561224037
348.7700925859404
347.2937126614594
345.77624201150957
344.2181698003787
342.62046309247984
340.9830032846661
339.3048962525857
337.58509274525505
335.82186504293395
334.01204522726135
332.15320332536066
330.2442315289327
328.2835525561302
326.2674882169582
324.1926475624004
322.05717869804846
319.8577867773213
317.58803561125023
315.242253473764
312.8179991639647
310.3060354502368
307.6952758264745
304.97971526221806
302.1493243249165
299.19169707426545
296.0940989345162
292.8403095714707
289.41219116889386
285.796841673808
281.9979491748919
277.9659965053696
273.62141039839895
268.9145466346545
263.77954665995316
258.13095599025075
251.85352323475826
244.78592849036966
236.65869671878522
227.1900689276976
215.78855299188768
201.2681453715756
181.76624133225604
156.4954889645329
152.11763846349947
1014.8
997.91345
981.0269
964.1403499999999
947.2538
930.36725
913.4807
896.5941499999999
879.7076
862.82105
845.9345
829.0479499999999
812.1614
795.27485
778.3883
761.5017499999999
744.6152
727.72865
710.8421
693.9555499999999
677.069
660.18245
643.2959
626.4093499999999
609.5228
592.63625
575.7497
558.8631499999999
541.9766
525.09005
508.20349999999996
491.3169499999999
474.43039999999996
457.54385
440.65729999999996
423.7707499999999
406.88419999999996
389.99765
373.11109999999996
356.2245499999999
339.33799999999997
322.45145
305.56489999999997
288.6783499999999
271.79179999999997
254.90525000000002
238.01869999999997
221.1321499999999
204.24559999999997
187.35905000000002
170.47249999999997
153.5859499999999
136.69939999999997
119.81285000000003
102.92629999999997
86.03974999999991
69.15319999999997
52.26665000000003
35.38009999999997
18.493549999999914
1.607
0.0
182.33400371415178
367.552583656543
555.734265695648
746.9245122254138
941.1783847982397
1138.5677263393388
1339.173513057764
1543.084500988955
1750.3974454577801
1961.2174169583736
2175.6578283320896
2393.841428381624
2615.8995123730815
2841.9737578870254
3072.216180512275
3306.790183506913
3545.8710986563256
3789.646902823148
4038.319099060653
4292.105555239792
4551.241414390847
4815.980049400397
5086.594722920966
5363.380909479434
5646.657626496059
5936.769002724533
6234.089957296335
6539.029867065759
6852.036411939742
7173.597279538613
7504.249943165921
7844.58780912523
8195.266563630677
8557.008869926225
8930.62232061514
9317.014488837023
9717.192344147195
10132.294782335715
10563.617882382347
11012.635358391906
11481.041551484928
11970.795440501774
12484.17865270845
13023.877170954134
13593.114266444878
14195.856252276246
14836.749800871474
15521.529374402055
16257.404176567366
17053.60024298386
17922.24676464175
18879.73460251345
19949.088515844647
21163.8290346625
22577.057063183038
24278.77585957258
26446.00087752961
29356.732823696708
36942.87187577261
44529.010927848445
359.4324013821694
415.0035292625738
416.34014935574714
417.62834082905454
418.8722328647933
420.0751401438848
421.23991278842954
422.36922025134004
423.46553244205495
424.53106574672603
425.56783286497944
426.5776191806049
427.56218192005866
428.52306685117003
429.4617644734953
430.3795781831391
431.2777541922888
432.15746074800916
433.01979253230877
433.8657617833867
434.69640746525874
435.51265695558385
436.3153710187524
437.1053625045187
437.88341641355015
438.6503691968235
439.4070152914275
440.15409585911056
440.89234720865153
441.62250913985747
442.34526325376027
443.0612641625662
443.77117475827487
444.475693761325
445.1753852027871
445.870901209673
446.56287019469005
447.2519264570228
447.93866100093607
448.6236678230748
449.3075614777427
449.9909269734461
450.6743749726662
451.3585147775523
452.0439560137762
452.7313306560742
453.4215680695248
454.11645661444425
454.8167338618853
455.5231519600271
456.236440780389
456.95742679560243
457.6868723134016
458.425681533224
459.1746227112776
459.93726826550574
460.70774026036264
461.4871053904095
462.2766254594715
463.070213145575
463.9055426448598
337.5300024798826
339.0796166494142
339.8365053362499
340.5420833324352
341.200467971709
341.8149415789729
342.3883393313206
342.9233094930003
343.422297242571
343.887490437089
344.320869422777
344.7241834627736
345.0991499781305
345.4472903747172
345.7700291000547
346.0686189973831
346.3442526255876
346.5980410319227
346.8310183254689
347.0441265534977
347.2382936036591
347.4143688328261
347.5731544861502
347.7154132908404
347.841863919205
347.9532578810595
348.0503009354805
348.1336417322731
348.2039201260156
348.2617754021985
348.3077844594655
348.3424928816222
348.3664500590363
348.3802365803484
348.3843324252275
348.3792226404223
348.3654025881651
348.3434001007148
348.3136301389321
348.2765370618341
348.2325799111711
348.1821821219992
348.1257865964406
348.063828608335
347.9967374913965
347.9249587698886
347.8492295251728
347.7711574755775
347.6912467266769
347.610019043046
347.5280348706984
347.4458525446182
347.3640803006689
347.28338212224
347.204491535812
347.1309376349863
347.0569793409251
346.9840474231308
346.9143271283742
346.843873435547
346.8152874281138
21.9023989022868
75.92391261315962
76.50364401949727
77.08625749661935
77.67176489308434
78.26019856491195
78.85157345710896
79.44591075833975
80.04323519948395
80.64357530963701
81.24696344220249
81.85343571783132
82.46303194192812
83.07577647645277
83.69173537344055
84.31095918575595
84.93350156670118
85.55941971608641
86.18877420683987
86.82163522988898
87.45811386159966
88.09828812275775
88.74221653260219
89.38994921367834
90.04155249434513
90.69711131576393
91.35671435594703
92.02045412683749
92.68842708263595
93.36073373765895
94.03747879429476
94.71877128094398
95.40472469923854
96.09545718097655
96.7910527775596
97.49167856925067
98.1974676065249
98.90852635630804
99.62503086200395
100.3471307612407
101.0749815665716
101.8087448514469
102.5485883762256
103.2946861692173
104.0472185223797
104.8063718861856
105.572338544352
106.3452991388667
107.1254871352084
107.9131329169811
108.7084059096906
109.5115742509842
110.3227920127327
111.142299410984
111.9701311754656
112.8063306305194
113.6507609194375
114.5030579672787
115.3622983310973
116.226339710028
117.090255216746
384.45647215004396
405.4346886262961
405.22365882406353
405.00761110092066
404.7903531937134
404.5728939205877
404.35620665833704
404.1411098744194
403.92832624099793
403.71856639432747
403.5125241881648
403.3109515476464
403.1144507389426
402.92369559285044
402.73923528908495
402.56181450527095
402.3921015185574
402.23076731651895
402.0784927306707
401.9360700044136
401.8041560464955
401.68338811618753
401.574539428925
401.47835999344636
401.3956285255532
401.3271823713485
401.2736402247664
401.23577291830657
401.2143484806138
401.210293559867
401.2242702743291
401.25711028046317
401.3096366046618
401.3828426692882
401.4774600071451
401.59431292681177
401.7342503153449
401.89836365769594
402.08718343523964
402.3014953334997
402.5421550362474
402.80979866006163
403.105234641071
403.4291728616618
403.78229740775345
404.16532558539683
404.58005494760295
405.0312186573662
405.5186492647022
406.04207938234686
406.6012603011675
407.1956819034434
407.8248605915722
408.48810472479846
409.1847593534445
409.91377246988924
410.66989673662357
411.4537956294798
412.26533387590746
413.10449023570504
413.9595360103749
71.5650600986768
32.69345749696932
31.90192036068477
31.10247466542516
30.29889416278218
29.49218405531425
28.68329561205131
27.87302594805019
27.06207283403612
26.25111820968857
25.44082340766589
24.63190406347066
23.82492246716718
23.02048971136712
22.2191268748671
21.42152822279709
20.62830788154099
19.84007945572676
19.05746301706409
18.28119293394256
17.51190269558284
16.75016671837139
15.99666908938319
15.25205488860926
14.5170064754502
13.79227604432152
13.0783933938322
12.37603661943234
11.68587706297591
11.00874061769721
10.34518445051464
9.695930931702001
9.061689319431531
8.44333462870546
7.841435805854946
7.256727650255467
6.689925696290654
6.141950477963736
5.613220039877943
5.104370123825666
4.616100553905752
4.148885529628932
3.703365376476174
3.280075593343626
2.879519603140133
2.50222791510072
2.149805456589301
1.826770557335583
1.532787479195807
1.267417816117896
1.030182825199684
0.8204499386446034
0.6375234862666125
0.4806320933846363
0.3489164398752326
0.2411458823363442
0.1522510964782413
0.0832598866520208
0.0349603996149058
0.0094743526376592
0.0
312.8914120513672
372.7412311293268
373.3217384633788
373.9051364354955
374.4914590309312
375.0807098652735
375.6729110462857
376.2680839263692
376.8662534069618
377.4674481846389
378.0717007804989
378.6790474841758
379.2895282717754
379.9032058814833
380.5201084142178
381.1402862824739
381.7637936370164
382.3906878607922
383.0210297136066
383.654877070471
384.2922533509127
384.9332213978161
385.5778703395418
386.2263051048371
386.878622050103
387.534906327027
388.1952468309342
388.8597362988742
389.5284714176379
390.2015529421698
390.8790858238145
391.5611793487612
392.2479472852303
392.9395080405827
393.6360242012902
394.3375852765563
395.0443246190543
395.7564131797322
396.4739633953617
397.197125209674
397.9260544823416
398.6609131304327
399.4018692645948
400.1490972683182
400.9027778046133
401.6630976702961
402.4302494910136
403.2044481000306
403.9858617855064
404.774661566229
405.5710774759678
406.3752319647988
407.1873371053056
408.0074726314138
408.8358429135693
409.6726265875529
410.5176456401453
411.3705357428278
412.2303734762925
413.0950158830674
413.9595360103749
25.024070767874605
-9.568840636277741
-11.11649053168361
-12.620729728133824
-14.081879671080003
-15.502246223296993
-16.883706130092605
-18.228110376920597
-19.537206201056904
-20.812499352398504
-22.055308676814604
-23.2666676329585
-24.447731181116012
-25.59937125831948
-26.72252918441029
-27.817763677868015
-28.885652673731443
-29.926693431490094
-30.94129980163808
-31.929691778973222
-32.89225141876324
-33.829268839396434
-34.740831589827394
-35.62700251107253
-36.48778788799689
-37.32318682547492
-38.133375066661245
-38.9183229408041
-39.677998728037835
-40.412215579990516
-41.120992979431094
-41.80415388210304
-42.46153815361305
-43.09285109203677
-43.69792519564197
-44.27658828286121
-44.82861987934518
-45.35356279932688
-45.85147756569643
-46.32217248957511
-46.76540644149543
-47.18112831338442
-47.56914033159518
-47.92934191589052
-48.261658606022706
-48.56600507067742
-48.841513121921935
-49.08523795707799
-49.298084597183106
-49.48107257768021
-49.63518047922139
-49.761744892159015
-49.86201172182939
-49.937576808425604
-49.9898633578332
-50.023495795616384
-50.03784352373913
-50.03330976092957
-50.01129158356417
-49.96572290986978
-49.946006634485
265.9649423812058
306.3861591524449
307.9345849755652
309.43960866701
310.9015738089268
312.3227575236586
313.7050437192693
315.0502835449501
316.3602244085348
317.6363722274004
318.8800460151111
320.0922793993029
321.2742275109633
322.4268006633501
323.5509022251875
324.647090774586
325.7159447440466
326.7579615761959
327.7735553084048
328.7629336195552
329.7263909080763
330.6642021144547
331.576485396767
332.4633584022312
333.3248574437548
334.160981836738
334.9719075416484
335.7576051128408
336.5180430630397
337.2530347845013
337.9626000089509
338.6465619499202
339.3047607396048
339.9369019516429
340.5428966193726
341.1224949901668
341.6754768918745
342.201449622751
342.7004100990541
343.1721669380084
343.6164793572654
344.0332965923702
344.4224212199644
344.7837530149914
345.1172178882564
345.4227308547879
345.6994240685834
345.9443869182419
346.1584592474811
346.3426012269281
346.4978520454987
346.6254026059736
346.7265568144023
346.8027500288554
346.8555750959368
346.8897917526499
346.9047282444468
346.9007875364788
346.8793667287593
346.8343990829093
346.8152874281138
290.9890131490804
296.8173185161672
296.8180944438816
296.8188789388762
296.8196941378468
296.8205113003616
296.8213375891767
296.8221731680295
296.8230182074779
296.8238728750019
296.8247373382965
296.8256117663444
296.8264963298473
296.8274294050306
296.8283730407772
296.829327096718
296.8302920703152
296.8312681447058
296.8322555067667
296.833241840582
296.8341394893131
296.8349332750583
296.8356538069396
296.8363558911587
296.8370695557579
296.8377950112631
296.8385324749872
296.8392821720367
296.8400443350019
296.8408192045108
296.8416070295198
296.8424080678172
296.8432225859917
296.8440508596061
296.8449714237306
296.8459067073056
296.8468570125293
296.8478868234241
296.8489325333577
296.8499944484333
296.85107291577
296.8521682789858
296.8532808883692
296.8544110991009
296.8555592822337
296.8567257841105
296.8579109466615
296.8591489611639
296.860374650298
296.8615286492479
296.8626715662773
296.8636577138146
296.8645450925729
296.8651732204298
296.8657117381036
296.8662959570335
296.8668847207077
296.8674777755492
296.8680751451951
296.8686761730395
296.8692807936288
-17.27584182080565
-0.772957336670616
-0.7512765400214375
-0.7297560516303735
-0.7093869667322544
-0.6899556851145074
-0.6714486171177605
-0.6538139385345739
-0.6369317913913419
-0.6207080780058396
-0.6050002559860834
-0.5898697845613758
-0.5751745261369102
-0.5609491288604115
-0.547003336413727
-0.5333456225871285
-0.5199368310972627
-0.5067344472823694
-0.49364164823598256
-0.4807402651514775
-0.467983489941165
-0.45527022041278586
-0.442588751171482
-0.4299102012259651
-0.4172309894385915
-0.4046399801779727
-0.3920339373839018
-0.3794118267803935
-0.366696847842727
-0.3539913737184235
-0.3411972395085366
-0.3283236019936736
-0.31530254148436493
-0.302197534906458
-0.2890070953721062
-0.275706269652725
-0.2621767887979561
-0.24867815854854589
-0.2350834863813925
-0.2213680652948216
-0.207627757193569
-0.19378835378825732
-0.1798983820048423
-0.1659718908311067
-0.15200210191138572
-0.1375993960106683
-0.1217255863741275
-0.1063034310805882
-0.09139121035646461
-0.0769673560200875
-0.0632107867507024
-0.0500770435759467
-0.037740068241466
-0.0261137031630603
-0.0167972498438425
-0.0071657001418142
0.002264641629196
0.0109968769712495
0.0227589295088284
0.0098473963386033
0.0
-20.18795856582534
-0.7733452591572414
-0.7516685134796074
-0.7301633663511399
-0.7097955044205094
-0.6903685408836107
-0.6718661146604811
-0.6542364132033496
-0.637358826601622
-0.6211400076795741
-0.6054374233877101
-0.5903117573178464
-0.5756407377875536
-0.561420896421426
-0.5474800311141039
-0.5338280579357175
-0.520424527331151
-0.5072277834083537
-0.4941347625547541
-0.4811887759511296
-0.4683801055292535
-0.45563044793643
-0.4429395480296089
-0.4302667842288318
-0.4175936785117082
-0.4050084544298302
-0.3924085240251424
-0.379792867626372
-0.3670840119204189
-0.3543850110205598
-0.3415977159478611
-0.3287305765541667
-0.3157163889597459
-0.302657767886497
-0.2894744104471762
-0.2761810903047781
-0.2626916393383803
-0.2492006482288573
-0.235614072971968
-0.2219072414619211
-0.2081750561701627
-0.1943442698242356
-0.1804634271106283
-0.166545581315173
-0.1525852906547854
-0.138191563286251
-0.1223441611631606
-0.1069162102968942
-0.0919678067175495
-0.0775384152919687
-0.0637038079404408
-0.0505204229767299
-0.0380539127528359
-0.0263829332875337
-0.0170891552299345
-0.0074598763125114
0.001968145828703
0.0106984008209112
0.0224586255371642
0.0095451182808117
0.0
2.912116745019692
0.0003879224866254
0.0003919734581699
0.0004073147207664
0.000408537688255
0.0004128557691032
0.0004174975427206
0.0004224746687757
0.0004270352102801
0.0004319296737345
0.0004371674016267
0.0004419727564705
0.0004662116506434
0.0004717675610145
0.0004766947003769
0.000482435348589
0.0004876962338882
0.0004933361259844
0.0004931143187715
0.0004485107996521
0.0003966155880885
0.0003602275236441
0.0003507968581269
0.0003565830028667
0.0003626890731167
0.0003684742518575
0.0003745866412406
0.0003810408459785
0.0003871640776919
0.0003936373021363
0.0004004764393245
0.0004069745604931
0.000413847475381
0.000460232980039
0.00046731507507
0.0004748206520531
0.0005148505404242
0.0005224896803114
0.0005305865905755
0.0005391761670995
0.0005472989765937
0.0005559160359783
0.000565045105786
0.0005736904840663
0.0005831887433997
0.0005921672755827
0.0006185747890331
0.000612779216306
0.0005765963610849
0.0005710592718812
0.0004930211897384
0.0004433794007832
0.0003138445113699
0.0002692301244734
0.000291905386092
0.0002941761706972
0.000296495800493
0.0002984761503383
0.0003003039716642
0.0003022780577916
0.0
1.0
0.0
0.0
0.0
0.0
0.0
0.0
0.0
0.0
0.0
0.0
0.0
0.0
0.0
0.0
0.0
0.0
0.0
0.0
0.0
0.0
0.0
0.0
0.0
0.0
0.0
0.0
0.0
0.0
0.0
0.0
0.0
0.0
0.0
0.0
0.0
0.0
0.0
0.0
0.0
0.0
0.0
0.0
0.0
0.0
0.0
0.0
0.0
0.0
0.0
0.0
0.0
0.0
0.0
0.0
1.0
1.0
1.0
1.0
0.0
0.0
1.0
1.0
1.0
1.0
1.0
1.0
1.0
1.0
1.0
1.0
1.0
1.0
1.0
1.0
1.0
1.0
0.93
0.93
0.93
0.93
0.93
0.93
0.93
0.93
0.93
0.93
0.93
0.93
0.93
0.93
0.93
0.93
0.93
0.93
0.93
0.93
0.93
0.93
0.93
0.93
0.93
0.93
0.93
0.93
0.93
1.0
1.0
1.0
1.0
1.0
1.0
1.0
1.0
1.0
1.0
1.0
1.0
1.0
1.0
1.0
1.0
1.0
1.0
1.0
1.0
1.0
1.0
1.0
1.0
1.0
1.0
1.0
1.0
1.0
1.8569944021908552e-14
1.7354625733319472e-14
1.6199962778740505e-14
1.5103902605346692e-14
1.4064427991185207e-14
1.3079557045175243e-14
1.2147343207108124e-14
1.1265875247647199e-14
1.0433277268327924e-14
9.647708701557804e-15
8.907364310616455e-15
8.210474189655528e-15
7.555303763698776e-15
6.9401537886420105e-15
6.363360351253128e-15
5.823294869172097e-15
5.318364090910963e-15
4.847010095853838e-15
4.407710294256919e-15
3.998977427248466e-15
3.61935956682883e-15
3.2674401158704225e-15
2.9418378081177377e-15
2.6412067081873357e-15
2.3642362115678656e-15
2.1096510446200373e-15
1.8762112645766447e-15
1.6627122595425502e-15
1.4679847484946954e-15
1.2908947812820945e-15
1.1303437386258385e-15
9.852683321190899e-16
8.546406042270896e-16
7.374679282871497e-16
6.327930085086592e-16
5.396938799730824e-16
4.572839086339571e-16
3.847117913168961e-16
3.211615557195869e-16
2.658525604117926e-16
2.1803949483535034e-16
1.7701237930417178e-16
1.4209656500424396e-16
1.1265273399362852e-16
8.807689920246192e-17
6.780040443295501e-17
5.12899243593938e-17
3.804746452813904e-17
2.7610361357626142e-17
1.9551282138365252e-17
1.3478225032941378e-17
9.034519076014297e-18
5.898824174318526e-18
3.785131106663341e-18
2.4427615239328128e-18
1.656367949085788e-18
1.2459337771558658e-18
1.0667732752514221e-18
1.0095315825556058e-18
1.0001847103263362e-18
3.48e-16
3.48e-16
3.48e-16
3.48e-16
3.48e-16
3.48e-16
3.48e-16
3.48e-16
3.48e-16
3.48e-16
3.48e-16
3.48e-16
3.48e-16
3.48e-16
3.48e-16
3.48e-16
3.48e-16
3.48e-16
3.48e-16
3.48e-16
3.48e-16
3.48e-16
3.48e-16
3.48e-16
3.48e-16
3.48e-16
3.48e-16
3.48e-16
3.48e-16
3.48e-16
3.48e-16
3.48e-16
3.48e-16
3.48e-16
3.48e-16
3.48e-16
3.48e-16
3.48e-16
3.48e-16
3.48e-16
3.48e-16
3.48e-16
3.48e-16
3.48e-16
3.48e-16
3.48e-16
3.48e-16
3.48e-16
3.48e-16
3.48e-16
3.48e-16
3.48e-16
3.48e-16
3.48e-16
3.48e-16
3.48e-16
3.48e-16
3.48e-16
3.48e-16
3.48e-16
1.7322297340509494e-54
7.561366308704624e-54
3.2998300505338575e-53
1.4397125187342173e-52
6.279847776911084e-52
2.738467500268162e-51
1.1938423932019384e-50
5.203108582763347e-50
2.2669950502645133e-49
9.874271728639633e-49
4.29953146414337e-48
1.8715143427037444e-47
8.143577445120726e-47
3.542264956725587e-46
1.5402240040818126e-45
6.694476415899044e-45
2.9085169404673506e-44
1.2631085569134812e-43
5.482960595947378e-43
2.378951458094145e-42
1.0316728290477071e-41
4.471709151312355e-41
1.9371738305416852e-40
8.387152579401897e-40
3.629090373228403e-39
1.5692912319555802e-38
6.781344287970085e-38
2.9283099488837715e-37
1.2635377117240762e-36
5.4476398829997124e-36
2.346684151140806e-35
1.0099542011247962e-34
4.342317556457909e-34
1.8650194879458073e-33
8.00115343869465e-33
3.4283941984692156e-32
1.4670828136543546e-31
6.26896051843375e-31
2.6745966664283662e-30
1.1391478249474543e-29
4.8427148386043137e-29
2.054478989165822e-28
8.696050884211554e-28
3.6714456741222865e-27
1.5456582645888835e-26
6.486227669397576e-26
2.711948856677923e-25
1.1291386817928241e-24
4.6784239800808504e-24
1.9274059401311143e-23
7.886772021416646e-23
3.2008252083106886e-22
1.285966037985339e-21
5.100820824343007e-21
1.989756573792686e-20
7.587512314849466e-20
2.800294557010474e-19
9.819527479310615e-19
3.141511576405174e-18
8.105230393616112e-18
3.06e-19
3.06e-19
3.06e-19
3.06e-19
3.06e-19
3.06e-19
3.06e-19
3.06e-19
3.06e-19
3.06e-19
3.06e-19
3.06e-19
3.06e-19
3.06e-19
3.06e-19
3.06e-19
3.06e-19
3.06e-19
3.06e-19
3.06e-19
3.06e-19
3.06e-19
3.06e-19
3.06e-19
3.06e-19
3.06e-19
3.06e-19
3.06e-19
3.06e-19
3.06e-19
3.06e-19
3.06e-19
3.06e-19
3.06e-19
3.06e-19
3.06e-19
3.06e-19
3.06e-19
3.06e-19
3.06e-19
3.06e-19
3.06e-19
3.06e-19
3.06e-19
3.06e-19
3.06e-19
3.06e-19
3.06e-19
3.06e-19
3.06e-19
3.06e-19
3.06e-19
3.06e-19
3.06e-19
3.06e-19
3.06e-19
3.06e-19
3.06e-19
3.06e-19
3.06e-19
0.0
0.0
0.0
0.0
0.0
0.0
0.0
0.0
0.0
0.0
0.0
0.0
0.0
0.0
0.0
0.0
0.0
0.0
0.0
0.0
0.0
0.0
0.0
0.0
0.0
0.0
0.0
0.0
0.0
0.0
0.0
0.0
0.0
0.0
0.0
0.0
0.0
0.0
0.0
0.0
0.0
0.0
0.0
0.0
0.0
0.0
0.0
0.0
0.0
0.0
0.0
0.0
0.0
0.0
0.0
0.0
0.0
0.0
0.0
0.0
1.65e-18
1.65e-18
1.65e-18
1.65e-18
1.65e-18
1.65e-18
1.65e-18
1.65e-18
1.65e-18
1.65e-18
1.65e-18
1.65e-18
1.65e-18
1.65e-18
1.65e-18
1.65e-18
1.65e-18
1.65e-18
1.65e-18
1.65e-18
1.65e-18
1.65e-18
1.65e-18
1.65e-18
1.65e-18
1.65e-18
1.65e-18
1.65e-18
1.65e-18
1.65e-18
1.65e-18
1.65e-18
1.65e-18
1.65e-18
1.65e-18
1.65e-18
1.65e-18
1.65e-18
1.65e-18
1.65e-18
1.65e-18
1.65e-18
1.65e-18
1.65e-18
1.65e-18
1.65e-18
1.65e-18
1.65e-18
1.65e-18
1.65e-18
1.65e-18
1.65e-18
1.65e-18
1.65e-18
1.65e-18
1.65e-18
1.65e-18
1.65e-18
1.65e-18
1.65e-18
0.0
0.0
0.0
0.0
0.0
0.0
0.0
0.0
0.0
0.0
0.0
0.0
0.0
0.0
0.0
0.0
0.0
0.0
0.0
0.0
0.0
0.0
0.0
0.0
0.0
0.0
0.0
0.0
0.0
0.0
0.0
0.0
0.0
0.0
0.0
0.0
0.0
0.0
0.0
0.0
0.0
0.0
0.0
0.0
0.0
0.0
0.0
0.0
0.0
0.0
0.0
0.0
0.0
0.0
0.0
0.0
0.0
0.0
0.0
0.0
0.0
0.0
0.0
0.0
0.0
0.0
0.0
0.0
0.0
0.0
0.0
0.0
0.0
0.0
0.0
0.0
0.0
0.0
0.0
0.0
0.0
0.0
0.0
0.0
0.0
0.0
0.0
0.0
0.0
0.0
0.0
0.0
0.0
0.0
0.0
0.0
0.0
0.0
0.0
0.0
0.0
0.0
0.0
0.0
0.0
0.0
0.0
0.0
0.0
0.0
0.0
0.0
0.0
0.0
0.0
0.0
0.0
0.0
0.0
0.0
2
2
1
277.7632090955434
-49.946006634485
0.0
0.0
58.0
6.7
1.0
2.0
3.0
4.0
5.0
6.0
7.0
8.0
9.0
10.0
11.0
12.0
13.0
14.0
15.0
16.0
17.0
18.0
19.0
20.0
21.0
22.0
23.0
24.0
25.0
26.0
27.0
28.0
29.0
30.0
31.0
32.0
33.0
34.0
35.0
36.0
37.0
38.0
39.0
40.0
41.0
42.0
43.0
44.0
45.0
46.0
47.0
48.0
49.0
50.0
51.0
52.0
53.0
54.0
55.0
56.0
57.0
58.0
59.0
60.0
0.5
0.0
0.0
0.0
0.0
0.0
0.0
0.0
0.0
0.0
0.0
0.0
0.0
0.0
0.0
0.0
0.0
0.0
0.0
0.0
0.0
0.0
0.0
0.0
0.0
0.0
0.0
0.0
0.0
0.0
0.0
0.0
0.0
0.0
0.0
0.0
0.0
0.0
0.0
0.0
0.0
0.0
0.0
0.0
0.0
0.0
0.0
0.0
0.0
0.0
0.0
0.0
0.0
0.0
0.0
0.0
0.0
0.0
0.0
0.0
3.0
0.0
0.0
0.0
0.0
0.0
0.0
0.0
0.0
0.0
0.0
0.0
0.0
0.0
0.0
0.0
0.0
0.0
0.0
0.0
0.0
0.0
0.0
0.0
0.0
0.0
0.0
0.0
0.0
0.0
0.0
0.0
0.0
0.0
0.0
0.0
0.0
0.0
0.0
0.0
0.0
0.0
0.0
0.0
0.0
0.0
0.0
0.0
0.0
0.0
0.0
0.0
0.0
0.0
0.0
0.0
0.0
0.0
0.0
0.0
0.5
0.0
0.0
0.0
0.0
0.0
0.0
0.0
0.0
0.0
0.0
0.0
0.0
0.0
0.0
0.0
0.0
0.0
0.0
0.0
0.0
0.0
0.0
0.0
0.0
0.0
0.0
0.0
0.0
0.0
0.0
0.0
0.0
0.0
0.0
0.0
0.0
0.0
0.0
0.0
0.0
0.0
0.0
0.0
0.0
0.0
0.0
0.0
0.0
0.0
0.0
0.0
0.0
0.0
0.0
0.0
0.0
0.0
0.0
0.0
0.0
