9.81
6.022e+23
0
0
0
3
0
1
294.98471544736253
2
2
0
0
1
1
0
1
60
7
1014.8
1.607


3
3
0
72.38857731909356
0
6.7
150.0
1000.0
287.04
9.81
79000.0
40.0
20000.0
0.0
0.0
0.0
0.0
0.0280134
0.04401
0.0319988
0.039948
0.01604
0.01801528
0.048
99000.0
2.1153802199668344e+29
0.8
1e-06
1000000.0
0.6
3.0
0.0001
2000
49
1.7265549623102638
0
1
7
1.0
1
0
1
1
0.1
1000000000000.0
1
293.9832391423991
293.40235274455057
292.50764359363166
291.5604134419403
290.58425787130705
289.58372375997465
288.5592668674511
287.50805722932427
286.4356688997981
285.3372925166189
284.2128218501698
283.0637476099346
281.8887614171559
280.68828393065775
279.4637246055856
278.21458784586014
276.94203535640145
275.6450257028079
274.3238025541248
272.9769522275452
271.6046423578937
270.2067818249105
268.78127188156895
267.326010190733
265.840254319558
264.3207315696799
262.7648679092397
261.17088180955744
259.5360296837512
257.85785646948744
256.1336160393459
254.3607681218702
252.53637921734756
250.6557391232396
248.7143885032872
246.70865110531182
244.63613661507327
242.49049938662884
240.26587580306
237.9547499443868
235.55014464206164
233.04603403493073
230.42732575378358
227.68229281536986
224.79812429348453
221.75766689769776
218.54744510440477
215.13630282731006
211.48877956352135
207.56753179353916
203.77300732800117
202.04637972374647
201.31075824696916
201.49012240543448
202.66459942874735
205.6561714316729
211.37419803100784
220.60176004169702
232.88331565363328
255.3224648952403
1006.356725
989.4701749999999
972.583625
955.6970749999999
938.810525
921.9239749999999
905.037425
888.1508749999999
871.264325
854.3777749999999
837.491225
820.6046749999999
803.718125
786.8315749999999
769.945025
753.0584749999999
736.171925
719.2853749999999
702.398825
685.5122749999999
668.625725
651.7391749999999
634.852625
617.9660749999999
601.079525
584.1929749999999
567.306425
550.4198749999999
533.533325
516.6467749999999
499.76022499999993
482.87367499999993
465.987125
449.100575
432.21402499999994
415.32747499999994
398.440925
381.554375
364.66782499999994
347.78127499999994
330.894725
314.008175
297.12162499999994
280.23507499999994
263.348525
246.461975
229.57542499999994
212.68887499999994
195.802325
178.915775
162.02922499999994
145.14267499999994
128.256125
111.369575
94.48302499999994
77.59647499999994
60.709925
43.823375
26.936824999999942
10.050274999999957
73.256705459922
220.8147711164479
370.48548776842404
522.3230043680096
676.3918502740453
832.7614712226331
991.5045829895954
1152.6988866930049
1316.426830673025
1482.7743855230397
1651.833187418245
1823.7006453738459
1998.4800988624436
2176.282209314416
2357.2252849692845
2541.4359103114502
2729.049534971554
2920.2109855459094
3115.0752444847412
3313.8084441558303
3516.5895069545095
3723.610601162619
3935.077788282416
4151.21312625362
4372.255976500261
4598.464273714195
4830.117433847132
5067.518941577368
5310.999142654037
5560.918815263014
5817.673318944099
6081.697423965797
6353.4699562939895
6633.519713922584
6922.434066588462
7220.869961546463
7529.564222928364
7849.345835868962
8181.15261262728
8526.05208687548
8885.26999354957
9260.218559853685
9652.535646678942
10064.143038898354
10497.316791892454
10954.787788587812
11439.864925963017
11956.601607196148
12510.058329451267
13107.362471268458
13761.943690386634
14493.576433553888
15328.23929830631
16305.018386606895
17489.56494145278
19004.326150601366
21107.934593256097
24487.253240211438
32899.064852755066
54964.779872378
3.519122223737253e+23
3.519122223737277e+23
3.519122223737277e+23
3.519122223737253e+23
3.519122223737253e+23
3.519122223737277e+23
3.519122223737277e+23
3.519122223737253e+23
3.519122223737253e+23
3.519122223737277e+23
3.519122223737277e+23
3.519122223737253e+23
3.519122223737253e+23
3.519122223737277e+23
3.519122223737277e+23
3.519122223737253e+23
3.519122223737253e+23
3.519122223737277e+23
3.519122223737277e+23
3.519122223737253e+23
3.519122223737253e+23
3.519122223737277e+23
3.519122223737277e+23
3.519122223737253e+23
3.519122223737253e+23
3.519122223737277e+23
3.519122223737277e+23
3.519122223737253e+23
3.519122223737253e+23
3.519122223737277e+23
3.519122223737277e+23
3.519122223737253e+23
3.519122223737253e+23
3.519122223737277e+23
3.519122223737277e+23
3.519122223737253e+23
3.519122223737253e+23
3.519122223737277e+23
3.519122223737277e+23
3.519122223737253e+23
3.519122223737253e+23
3.519122223737277e+23
3.519122223737277e+23
3.519122223737253e+23
3.519122223737253e+23
3.519122223737277e+23
3.519122223737277e+23
3.519122223737253e+23
3.519122223737253e+23
3.519122223737277e+23
3.519122223737277e+23
3.519122223737253e+23
3.519122223737253e+23
3.519122223737277e+23
3.519122223737277e+23
3.519122223737253e+23
3.519122223737253e+23
3.519122223737277e+23
3.519122223737277e+23
3.519122223737247e+23
-8.365673018484012
-2.500330574151505
-2.0440370870119926
-1.7481545572662878
-1.511291645286097
-1.3122383157722015
-1.1471702753702733
-1.025568499365954
-0.9217814687347071
-0.8535805330358017
-0.8188399550683675
-0.8085956681939772
-0.825260689176882
-0.8642062608679184
-0.9157480858188412
-0.978886868899806
-1.0444586263056461
-1.1129844482892084
-1.1789455060854725
-1.2437032298106012
-1.3014575376377606
-1.3471191537139688
-1.3837824724302399
-1.413989615343331
-1.4341160008676437
-1.4507080611364416
-1.4666907883940983
-1.48102282228058
-1.495939128816438
-1.5116134559711853
-1.5284345472254632
-1.5448566259898335
-1.5596879854728511
-1.5778514976307263
-1.6016137761140503
-1.627837900170099
-1.645834412551535
-1.658980816684594
-1.6653553245123436
-1.6665709979869967
-1.657569002051795
-1.6235550794744142
-1.5821256887362753
-1.5283805806445068
-1.4522049465547906
-1.3482200185944704
-1.1802633680514294
-0.9650562677476636
-0.7092042739062375
-0.3689833349074746
0.01946282636412175
0.038973459049710585
0.060089065681613735
0.08081104160778674
0.09724311797557274
0.10016704388934342
0.08615774614308164
0.06372949994805606
0.04408733711738618
0.027558540047385102
-9.340269025762922
-3.459169603353274
-2.986648749204619
-2.6745646472322164
-2.421480093285709
-2.206235545018586
-2.024850187372735
-1.8870733303428722
-1.7670412887435276
-1.6826257708536616
-1.6316833130269401
-1.6051654690102737
-1.6056727856185091
-1.6282993384085103
-1.6637485735303983
-1.7105322794753022
-1.7599149702802777
-1.8121967883561751
-1.8619653771743288
-1.9104897438400315
-1.9520013800830611
-1.9814494882823226
-2.001865773921196
-2.015844639850286
-2.0197500374106028
-2.020102437399032
-2.019865197075859
-2.017975229323895
-2.016671143391619
-2.016112721875885
-2.0167103860570137
-2.016890776630845
-2.0154944873119405
-2.0174492497145877
-2.0249670288943094
-2.034985894691715
-2.0367558379563206
-2.033618054857186
-2.0238006176786882
-2.008837856829814
-1.9835149712698978
-1.9333261565480768
-1.8756590762704946
-1.8056631728066463
-1.7130433716316702
-1.5929717018075564
-1.408744883207703
-1.177242225733778
-0.9050291013684841
-0.5481586153185845
-0.14438621663538243
-0.10884518797121245
-0.07177010862181987
-0.03512791736363852
-0.002708050309649934
0.016184013129020514
0.018626183319497613
0.012530781227610532
0.009447318044919939
0.00833292829685206
0.9751599330377076
0.9589330046111825
0.942706076184657
0.9264791477581316
0.9102522193316064
0.8940252909050811
0.8777983624785558
0.8615714340520302
0.845344505625505
0.8291175771989798
0.8128906487724544
0.796663720345929
0.7804367919194036
0.7642098634928784
0.7479829350663532
0.7317560066398276
0.7155290782133025
0.6993021497867772
0.6830752213602518
0.6668482929337264
0.6506213645072011
0.6343944360806758
0.6181675076541505
0.601940579227625
0.5857136508010998
0.5694867223745745
0.5532597939480491
0.5370328655215239
0.5208059370949985
0.5045790086684733
0.4883520802419479
0.4721251518154225
0.4558982233888972
0.4396712949623719
0.42344436653584655
0.40721743810932115
0.3909905096827959
0.3747635812562706
0.35853665282974523
0.3423097244032198
0.3260827959766946
0.30985586755016925
0.2936289391236439
0.27740201069711845
0.2611750822705932
0.24494815384406798
0.22872122541754256
0.2124942969910172
0.19626736856449192
0.18004044013796663
0.1638135117114413
0.1475865832849159
0.1313596548583906
0.11513272643186534
0.09890579800533995
0.08267886957881457
0.0664519411522893
0.05022501272576403
0.03399808429923864
0.01777115587271326
-16.886549999999943
-16.886550000000057
-16.886550000000057
-16.886549999999943
-16.886549999999943
-16.886550000000057
-16.886550000000057
-16.886549999999943
-16.886549999999943
-16.886550000000057
-16.886550000000057
-16.886549999999943
-16.886549999999943
-16.886550000000057
-16.886550000000057
-16.886549999999943
-16.886549999999943
-16.886550000000057
-16.886550000000057
-16.886549999999943
-16.886549999999943
-16.886550000000057
-16.886550000000057
-16.886549999999943
-16.886549999999943
-16.886550000000057
-16.886550000000057
-16.886549999999943
-16.886549999999943
-16.886550000000057
-16.886550000000057
-16.886549999999943
-16.886549999999943
-16.886550000000057
-16.886550000000057
-16.886549999999943
-16.886549999999943
-16.886550000000057
-16.886550000000057
-16.886549999999943
-16.886549999999943
-16.886550000000057
-16.886550000000057
-16.886549999999943
-16.886549999999943
-16.886550000000057
-16.886550000000057
-16.886549999999943
-16.886549999999943
-16.886550000000057
-16.886550000000057
-16.886549999999943
-16.886549999999943
-16.886550000000057
-16.886550000000057
-16.886549999999943
-16.886549999999943
-16.886550000000057
-16.886550000000057
-16.886549999999914
294.9832391423991
294.00159928923614
293.00596106260167
292.03547678297286
291.0737823298732
290.0854370519437
289.07292969226
288.0350863914748
286.973285839661
285.8878971527446
284.77647233341065
283.6396915031174
282.4786030227991
281.29764682637017
280.0960547427427
278.87300961259496
277.62763236315766
276.3589870421496
275.0660689254613
273.74780597236924
272.40304404986875
271.03053973086696
269.6289613874801
268.19687942346167
266.73274785866596
265.2349052301567
263.70155667599926
262.13075288437534
260.52037647241406
258.86811818994795
257.1714528594538
255.42760784062142
253.63352985216304
251.78585590742364
249.8808630999399
247.91440358170087
245.88182210750267
243.77790047918342
241.59674849409865
239.33168967062196
236.97509553917277
234.5181697211892
231.95078475069764
229.26112075773074
226.43524569495753
223.45659246760977
220.30513433923971
216.95655882678201
213.38086281071577
209.5402387485634
205.66841453392317
202.90280483026527
201.66692350657826
201.3839076453565
202.056492385675
204.13728332818243
208.49339954081404
215.97047020914331
226.72995982572536
244.09465311934267
266.53791001574973
1014.8
997.91345
981.0269
964.1403499999999
947.2538
930.36725
913.4807
896.5941499999999
879.7076
862.82105
845.9345
829.0479499999999
812.1614
795.27485
778.3883
761.5017499999999
744.6152
727.72865
710.8421
693.9555499999999
677.069
660.18245
643.2959
626.4093499999999
609.5228
592.63625
575.7497
558.8631499999999
541.9766
525.09005
508.20349999999996
491.3169499999999
474.43039999999996
457.54385
440.65729999999996
423.7707499999999
406.88419999999996
389.99765
373.11109999999996
356.2245499999999
339.33799999999997
322.45145
305.56489999999997
288.6783499999999
271.79179999999997
254.90525000000002
238.01869999999997
221.1321499999999
204.24559999999997
187.35905000000002
170.47249999999997
153.5859499999999
136.69939999999997
119.81285000000003
102.92629999999997
86.03974999999991
69.15319999999997
52.26665000000003
35.38009999999997
18.493549999999914
1.607
0.0
146.513410919844
295.11613131305177
445.85484422379625
598.791164512223
753.9925360358675
911.5304064093987
1071.4787595697921
1233.9190138162176
1398.9346475298325
1566.6141235162468
1737.0522513202434
1910.3490394274486
2086.6111582974386
2265.9532603313937
2448.4973096071753
2634.3745110157256
2823.724558927382
3016.697412164436
3213.453076805046
3414.1638115066144
3619.015202402404
3828.205999922833
4041.949576641999
4260.476675865242
4484.035277135279
4712.89327029311
4947.341597401155
5187.696285753582
5434.301999554493
5687.535630971534
5947.811006916664
6215.583841014929
6491.35607157305
6775.683356272118
7069.184776904806
7372.5551461881205
7686.5732996686065
8012.118372069318
8350.186853185241
8701.917320565719
9068.622666533418
9451.81445317395
9853.256840183934
10275.02923761277
10719.604346172137
11189.971231003487
11689.758620922546
12223.444593469749
12796.672065432786
13418.052877104132
14105.834503669137
14881.318363438639
15775.16023317398
16834.876540039808
18144.253342865748
19864.39895833698
22351.470228175214
26623.036252247657
39175.09345326248
51727.1506542772
446.23573958031454
483.8617233154291
481.1045877720393
478.1298475296513
475.0881384568152
471.96829628568577
468.802374384151
465.6073311007558
462.3964007921832
459.167848137813
455.9345742885438
452.7025978196095
449.4837080156863
446.2941138683454
443.13252393075703
440.005380889426
436.9139031508785
433.85873500352614
430.8456560328318
427.8773863697865
424.94945267356604
422.0686711804014
419.23815281385373
416.456712885962
413.7281071300585
411.05192547664336
408.4287709143063
405.8563186954609
403.3393233096474
400.87830237573945
398.47326796406657
396.1267453883123
393.8402620086556
391.61459738626314
389.45386939433763
387.3593406291066
385.33259788922044
383.3790660714945
381.49840005337825
379.6904262422528
377.965366179439
376.33363217576664
374.7884038844978
373.32723975709723
371.95333355653696
370.6686176658773
369.4698005164615
368.3639995692514
367.3488908487096
366.4095376463953
365.57343212768194
364.9669666249549
364.77109669502187
364.8551653355628
365.16967788636543
365.7445646427768
366.55150867777434
367.5171689488652
368.4487769603859
369.58150817388065
372.0512456773391
429.3331112066891
425.976255688663
423.0843020082347
419.8972783741925
416.5899304492719
413.1640054582483
409.6597019335668
406.0995518162501
402.5007550262629
398.8644336467124
395.2057931510528
391.5327084314149
387.8585906616938
384.2010014993993
380.5597998564866
376.9423942981222
373.3508877060789
369.7867307351047
366.2563518492178
362.763063541155
359.3029485563806
355.8832055416352
352.5072750623116
349.174278722407
345.8882404041063
342.6489974050311
339.4573688005409
336.3112470773166
333.2155726070551
330.1710321545607
327.1778198792313
324.2385594639282
321.3548712969696
318.5276153782518
315.7609921193355
313.0563659637119
310.4153919126649
307.8435604146069
305.3405728913356
302.9063291276397
300.5510972866547
298.2853524879592
296.1023452292197
293.999720995813
291.9807441868213
290.0474259053456
288.1966126475985
286.4355178713311
284.7619262990652
283.1611074659631
281.6606854739102
280.3872228005035
279.5219319297733
278.9345381821261
278.5763094352864
278.4785639155727
278.6199493140338
278.948969297404
279.3433811592402
280.2263648704862
283.0065809638079
16.9026283736254
57.88546762676609
58.02028576380458
58.23256915545876
58.49820800754332
58.80429082743746
59.1426724505842
59.50777928450574
59.89564576592032
60.30341449110055
60.72878113749101
61.16988938819457
61.62511735399251
62.09311236894608
62.5727240742704
63.06298659130382
63.56301544479965
64.07200426842147
64.589304183614
65.11432282863147
65.64650411718542
66.18546563876619
66.73087775154212
67.28243416355502
67.83986672595223
68.40292807161228
68.97140211376541
69.5450716181443
70.1237507025923
70.70727022117875
71.29544808483523
71.88818592438415
72.485390711686
73.0869820080113
73.69287727500208
74.30297466539467
74.91720597655555
75.53550565688762
76.15782716204261
76.78409711461306
77.4142688927843
78.04827968780745
78.68605865527812
79.32751876128421
79.97258936971564
80.62119176053169
81.27318786886299
81.92848169792028
82.58696454964438
83.24843018043222
83.91274665377178
84.57974382445146
85.24916476524858
85.92062715343666
86.59336845107902
87.26600072720416
87.93155936374053
88.56819965146123
89.1053958011457
89.35514330339448
89.04466471353123
591.3159135376093
619.6016282469611
613.385323100218
607.4239341086253
601.7076603885571
596.166338124142
590.7941806775884
585.5742872068207
580.4762835679052
575.4806896247912
570.5647900046686
565.7011302227072
560.8770749497739
556.0818080168143
551.2919187408174
546.501027125956
541.6990171079333
536.8839339903006
532.05865823125
527.2284231910305
522.38999975097
517.5572168777223
512.7452490228923
507.9619433210795
503.2174929253255
498.52156123449987
493.8783042347638
489.2859868188426
484.75101620370503
480.2733241264056
475.8521769928567
471.4889440310456
467.18556987475813
462.9444107650536
458.76623352341346
454.646737729288
450.58500909471024
446.5947214390281
442.68043736605455
438.8486629372504
435.1147650176069
431.4995160426645
428.02096159484756
424.6841383911765
421.5045690178097
418.5068097555183
415.7150209042948
413.2004750738772
411.0081241276016
409.1637418239189
407.77947768988685
407.0286259705245
406.72391085262024
406.73620938453934
407.01559401797834
407.5877727240801
408.4109007722065
409.3951872266169
410.3393260193652
411.4815045509051
413.9595749826602
349.849794561439
333.7436936331215
325.1472343921062
316.7944417736109
308.6764955751942
300.7251059928918
292.9359329623841
285.2938049325652
277.7710010193851
270.352158613562
263.0178569744066
255.743731665095
248.5193957837536
241.3356447849876
234.1696889343343
227.0149800246629
219.8596407106225
212.6985591319683
205.5318473327878
198.3614116145287
191.1794941483487
183.9994295709251
176.8373046975458
169.7023824347091
162.60775938854
155.5657930702185
148.5839194707276
141.6617227951098
134.8080582027533
128.0267018786472
121.3201252032489
114.6954969130026
108.1599838317616
101.7199351607054
95.37936496803393
89.14084793277075
83.01044626865296
77.00777741866699
71.14074350930746
65.41484903625607
59.84530886110285
54.45350559857178
49.25976221341966
44.27119404899667
39.513005054776
35.0159597097915
30.80395976283971
26.9466812860647
23.48912119030173
20.4419347433842
17.9128921091822
16.08022863534898
14.74580977117454
13.76595954590675
13.07421830346343
12.68659458499938
12.51682209936964
12.39169665153958
11.83096803647073
10.15204514692895
0.0
241.4661189761703
285.8579346138396
288.2380887081118
290.6294923350144
293.0311648133628
295.4412321312502
297.8582477152044
300.2804822742555
302.7052825485201
305.1285310112293
307.5469330302619
309.9573985576122
312.3576791660203
314.7461632318267
317.1222298064832
319.4860471012932
321.8393763973108
324.1853748583324
326.5268108984622
328.8670115765018
331.2105056026213
333.5577873067972
335.9079443253465
338.2595608863704
340.6097335367855
342.9557681642814
345.2943847640362
347.6242640237328
349.9429580009517
352.2466222477584
354.5320517896078
356.793447118043
359.0255860429965
361.2244756043482
363.3868685553795
365.5058897965173
367.5745628260573
369.5869440203611
371.5396938567471
373.4338139009943
375.269456156504
377.0460104440927
378.7611993814279
380.4129443421798
381.9915639630337
383.4908500457268
384.9110611414551
386.2537937878125
387.5190029372999
388.7218070805347
389.8665855807046
390.9483973351755
391.9781010814457
392.9702498386326
393.9413757145149
394.9011781390807
395.8940786728369
397.0034905750773
398.5083579828945
401.3294594039761
413.9595749826602
145.08017395729485
135.73990493153192
132.28073532817865
129.29408657897403
126.61952193174182
124.1980418384561
121.99180629343752
119.96695610606479
118.07988277572191
116.31284148697839
114.63021571612472
112.99853240309778
111.39336693408751
109.787694148469
108.15939481006049
106.49564623653009
104.78511395705479
103.02519898677451
101.21300219841834
99.35103682124401
97.44054707740398
95.48854569732092
93.5070962090386
91.5052304351174
89.48938579526711
87.46963575785651
85.44953332045748
83.42966812338162
81.41169289405772
79.3950217506661
77.37890902879022
75.3621986427332
73.34530786610236
71.32981337879042
69.31236412907583
67.28739710018152
65.2524112054898
63.215655367533486
61.1820373126763
59.15823669499761
57.1493988381678
55.1658838668979
53.23255771034982
51.35689863407933
49.55123546127268
47.83819208964101
46.245220387833456
44.83647550462575
43.659233278891975
42.75420417752349
42.206045562204906
42.061659345569524
41.95281415759831
41.88104404897649
41.84591613161285
41.8432080813032
41.85939209443222
41.87801827775172
41.89054905897933
41.89999637702425
41.908329305321104
79.48331664525006
92.23256205554156
97.93706761612857
103.1028366005816
107.9134348740777
112.4388994653566
116.7237689711827
120.8057468836849
124.7297540068778
128.5122750331503
132.1879361766462
135.7889767663199
139.3391948779403
142.8653567144117
146.3901109221523
149.9274142734593
153.4912469954563
157.0881716031364
160.72450451643
164.4016519266263
168.1234544080319
171.8837759707101
175.6699703647658
179.4718962876979
183.2804810155662
187.0832043348126
190.8734493298133
194.6495242822069
198.4075144043018
202.1443302759135
205.8576946759824
209.5430625509256
213.194887465208
216.8076802175465
220.3816271513016
223.9155180309411
227.404945644012
230.8357829959399
234.1998293820282
237.4914800913837
240.7057884255518
243.8318468893874
246.8425830158
249.7285269468163
252.4677391320453
255.0314661955541
257.3926528847587
259.4888365852664
261.2728051087635
262.719172722579
263.747793364728
264.3069941651545
264.7761221585988
265.1685786362194
265.502091131823
265.7919693305733
266.1031272146642
266.5572726458644
267.5124131227695
270.0743197235573
283.0065809638079
224.5634906025449
227.9724669870735
230.2178029443072
232.3969231795556
234.5329568058195
236.6369413038127
238.7155752646202
240.7727029897497
242.8096367825997
244.8251165201287
246.8181518927709
248.7875091694177
250.7325618120278
252.6530508628807
254.5495057322128
256.4230605099894
258.2763609525111
260.1133705899109
261.9375067148483
263.7526887478703
265.5640014854359
267.372321668031
269.1770665738044
270.9771267228153
272.7698668108333
274.5528400926691
276.3229826502708
278.0791924055885
279.8192072983595
281.5393520265796
283.2366037047726
284.9052611936588
286.5401953313104
288.1374935963369
289.6939912803774
291.2029151311226
292.6573568495018
294.0514383634734
295.3818666947045
296.6497167863813
297.8551872637196
298.9977307562853
300.0751407261498
301.0854255808956
302.018974593318
302.8696582851951
303.6378732725922
304.3253120898922
304.9320383876555
305.4733769001025
305.9538389269329
306.368653510724
306.7289363161971
307.0496226851959
307.3480072634359
307.6351774118765
307.9625193090964
308.4352909236161
309.4029621817488
311.9743161005816
324.914910269129
-4.664181359787385
-1.726508027264192
-1.491190971035858
-1.3353328871444332
-1.2083164052291773
-1.1014428746330809
-1.0108563725259008
-0.941446472361456
-0.882105173890444
-0.8399494530824207
-0.8139288333170425
-0.8012728322296665
-0.8015313898109029
-0.8122757057108063
-0.8305466456374246
-0.8533679779131168
-0.878583669633249
-0.9046979994668842
-0.929018999083426
-0.9537921053237832
-0.9745252941206477
-0.9886993942420393
-0.9994312928638193
-1.0064144375642872
-1.0078392460990733
-1.0085457191635279
-1.00843017211777
-1.0069746176360281
-1.0068425456948589
-1.0065684788677065
-1.006379084902246
-1.0069702208691154
-1.0062808007497372
-1.0068049707949425
-1.011030412924295
-1.0160457289337774
-1.0165297959999844
-1.015388745490947
-1.0104987336689704
-1.0026820800764944
-0.9904049272316771
-0.9653523877611182
-0.9362662802757468
-0.9016227895431033
-0.855130470971178
-0.7954311243387502
-0.7034379914321978
-0.5876538244808097
-0.4518931859660156
-0.2736707599758591
-0.07190187993216007
-0.0542855742143116
-0.03577716523450611
-0.0173929858099017
-0.0012919074297997046
0.008152015491119907
0.009542362686256495
0.0064625725649475885
0.005260987040557996
0.010723029270332418
0.0
-6.367478731408165
-2.849056290101371
-2.579989880288942
-2.402603542881743
-2.260196474957531
-2.140033748443067
-2.038701641036287
-1.959804764496564
-1.8891409970391
-1.835770934033527
-1.798502470363846
-1.773119709450001
-1.761105051684922
-1.760402026076953
-1.766669566012458
-1.779919385761797
-1.796446785736295
-1.816128856302813
-1.83651323456188
-1.858815747928261
-1.878053704596583
-1.890975622578057
-1.898832571935365
-1.902158243176634
-1.899230823275633
-1.892998653317274
-1.885921572123778
-1.876889290715606
-1.866314030355784
-1.854601435495165
-1.840618860640397
-1.823866175934582
-1.804371966432692
-1.784970824194595
-1.764965242339553
-1.742758523816752
-1.713496223995153
-1.68013816704759
-1.643980895224306
-1.605353046030666
-1.56127756122285
-1.503681012786787
-1.441354841749996
-1.368071189231323
-1.280426960551731
-1.179270265851044
-1.046917264556915
-0.8909846242115208
-0.7223733422946993
-0.5137339388168385
-0.2792870549364221
-0.2343011232769567
-0.1960083278524879
-0.1665693657995544
-0.1447766676254647
-0.1554045863341411
-0.2268182375561893
-0.4770350304254539
-1.279517749278091
-6.458884094413823
0.0
1.70329737162078
1.122548262837179
1.088798909253084
1.06727065573731
1.051880069728354
1.038590873809986
1.027845268510386
1.018358292135108
1.007035823148656
0.9958214809511063
0.9845736370468035
0.9718468772203346
0.9595736618740192
0.9481263203661467
0.9361229203750334
0.9265514078486802
0.9178631161030459
0.9114308568359288
0.907494235478454
0.9050236426044778
0.9035284104759354
0.9022762283360176
0.8994012790715457
0.8957438056123468
0.8913915771765598
0.8844529341537462
0.8774914000060082
0.8699146730795778
0.8594714846609252
0.8480329566274586
0.8342397757381509
0.8168959550654666
0.7980911656829548
0.7781658533996525
0.753934829415258
0.7267127948829747
0.6969664279951687
0.664749421556643
0.6334821615553357
0.6026709659541715
0.5708726339911729
0.5383286250256688
0.5050885614742492
0.4664483996882199
0.4252964895805531
0.3838391415122939
0.3434792731247172
0.3033307997307111
0.2704801563286837
0.2400631788409794
0.207385175004262
0.1800155490626451
0.1602311626179818
0.1491763799896527
0.143484760195665
0.163556601825261
0.2363606002424458
0.4834976029904015
1.284778736318649
6.469607123684155
0.0
1.0
1.0
1.0
1.0
1.0
1.0
1.0
1.0
1.0
1.0
1.0
1.0
1.0
1.0
1.0
1.0
1.0
1.0
1.0
1.0
1.0
1.0
1.0
1.0
1.0
1.0
1.0
1.0
1.0
1.0
1.0
1.0
1.0
1.0
1.0
1.0
1.0
1.0
1.0
1.0
1.0
1.0
1.0
1.0
1.0
1.0
1.0
1.0
1.0
1.0
0.0
0.0
0.0
0.0
0.0
0.0
0.0
0.0
0.0
0.0
0.0
1.0
1.0
1.0
1.0
1.0
1.0
1.0
1.0
1.0
1.0
1.0
1.0
1.0
1.0
1.0
1.0
0.93
0.93
0.93
0.93
0.93
0.93
0.93
0.93
0.93
0.93
0.93
0.93
0.93
0.93
0.93
0.93
0.93
0.93
0.93
0.93
0.93
0.93
0.93
0.93
0.93
0.93
0.93
0.93
0.93
1.0
1.0
1.0
1.0
1.0
1.0
1.0
1.0
1.0
1.0
1.0
1.0
1.0
1.0
1.0
1.0
1.0
1.0
1.0
1.0
1.0
1.0
1.0
1.0
1.0
1.0
1.0
1.0
1.0
0.018618225876365514
0.017354625733319473
0.016199962778740504
0.015103902605346694
0.014064427991185208
0.013079557045175244
0.012147343207108124
0.0112658752476472
0.010433277268327924
0.009647708701557805
0.008907364310616455
0.008210474189655528
0.007555303763698776
0.00694015378864201
0.0063633603512531275
0.005823294869172097
0.0053183640909109636
0.004847010095853838
0.004407710294256919
0.003998977427248466
0.0036193595668288303
0.0032674401158704226
0.0029418378081177378
0.0026412067081873357
0.0023642362115678657
0.0021096510446200374
0.001876211264576645
0.0016627122595425502
0.0014679847484946953
0.0012908947812820945
0.0011303437386258385
0.00098526833211909
0.0008546406042270896
0.0007374679282871497
0.0006327930085086591
0.0005396938799730824
0.0004572839086339571
0.0003847117913168961
0.00032116155571958687
0.0002658525604117926
0.00021803949483535035
0.00017701237930417178
0.00014209656500424397
0.00011265273399362851
8.807689920246192e-05
6.780040443295502e-05
5.12899243593938e-05
3.804746452813904e-05
2.7610361357626142e-05
1.9551282138365252e-05
1.3478225032941378e-05
9.034519076014297e-06
5.898824174318526e-06
3.7851311066633407e-06
2.442761523932813e-06
1.656367949085788e-06
1.2459337771558657e-06
1.066773275251422e-06
1.0095315825556058e-06
1.0001847103263362e-06
0.0004
0.0004
0.0004
0.0004
0.0004
0.0004
0.0004
0.0004
0.0004
0.0004
0.0004
0.0004
0.0004
0.0004
0.0004
0.0004
0.0004
0.0004
0.0004
0.0004
0.0004
0.0004
0.0004
0.0004
0.0004
0.0004
0.0004
0.0004
0.0004
0.0004
0.0004
0.0004
0.0004
0.0004
0.0004
0.0004
0.0004
0.0004
0.0004
0.0004
0.0004
0.0004
0.0004
0.0004
0.0004
0.0004
0.0004
0.0004
0.0004
0.0004
0.0004
0.0004
0.0004
0.0004
0.0004
0.0004
0.0004
0.0004
0.0004
0.0004
1.7322297340509496e-42
7.561366308704624e-42
3.2998300505338577e-41
1.4397125187342174e-40
6.279847776911085e-40
2.738467500268162e-39
1.1938423932019386e-38
5.203108582763347e-38
2.266995050264513e-37
9.874271728639634e-37
4.29953146414337e-36
1.8715143427037444e-35
8.143577445120726e-35
3.5422649567255867e-34
1.5402240040818125e-33
6.694476415899044e-33
2.908516940467351e-32
1.2631085569134812e-31
5.482960595947378e-31
2.378951458094145e-30
1.0316728290477071e-29
4.471709151312355e-29
1.9371738305416854e-28
8.387152579401898e-28
3.6290903732284034e-27
1.5692912319555803e-26
6.781344287970086e-26
2.9283099488837713e-25
1.2635377117240762e-24
5.447639882999713e-24
2.346684151140806e-23
1.0099542011247964e-22
4.342317556457909e-22
1.8650194879458073e-21
8.00115343869465e-21
3.428394198469216e-20
1.4670828136543546e-19
6.26896051843375e-19
2.674596666428366e-18
1.1391478249474543e-17
4.842714838604314e-17
2.0544789891658218e-16
8.696050884211555e-16
3.671445674122287e-15
1.5456582645888835e-14
6.486227669397576e-14
2.711948856677923e-13
1.1291386817928242e-12
4.67842398008085e-12
1.9274059401311145e-11
7.886772021416647e-11
3.200825208310689e-10
1.2859660379853392e-09
5.100820824343008e-09
1.9897565737926862e-08
7.587512314849466e-08
2.800294557010474e-07
9.819527479310615e-07
3.1415115764051744e-06
8.105230393616113e-06
3.06e-07
3.06e-07
3.06e-07
3.06e-07
3.06e-07
3.06e-07
3.06e-07
3.06e-07
3.06e-07
3.06e-07
3.06e-07
3.06e-07
3.06e-07
3.06e-07
3.06e-07
3.06e-07
3.06e-07
3.06e-07
3.06e-07
3.06e-07
3.06e-07
3.06e-07
3.06e-07
3.06e-07
3.06e-07
3.06e-07
3.06e-07
3.06e-07
3.06e-07
3.06e-07
3.06e-07
3.06e-07
3.06e-07
3.06e-07
3.06e-07
3.06e-07
3.06e-07
3.06e-07
3.06e-07
3.06e-07
3.06e-07
3.06e-07
3.06e-07
3.06e-07
3.06e-07
3.06e-07
3.06e-07
3.06e-07
3.06e-07
3.06e-07
3.06e-07
3.06e-07
3.06e-07
3.06e-07
3.06e-07
3.06e-07
3.06e-07
3.06e-07
3.06e-07
3.06e-07
0.0
0.0
0.0
0.0
0.0
0.0
0.0
0.0
0.0
0.0
0.0
0.0
0.0
0.0
0.0
0.0
0.0
0.0
0.0
0.0
0.0
0.0
0.0
0.0
0.0
0.0
0.0
0.0
0.0
0.0
0.0
0.0
0.0
0.0
0.0
0.0
0.0
0.0
0.0
0.0
0.0
0.0
0.0
0.0
0.0
0.0
0.0
0.0
0.0
0.0
0.0
0.0
0.0
0.0
0.0
0.0
0.0
0.0
0.0
0.0
1.65e-06
1.65e-06
1.65e-06
1.65e-06
1.65e-06
1.65e-06
1.65e-06
1.65e-06
1.65e-06
1.65e-06
1.65e-06
1.65e-06
1.65e-06
1.65e-06
1.65e-06
1.65e-06
1.65e-06
1.65e-06
1.65e-06
1.65e-06
1.65e-06
1.65e-06
1.65e-06
1.65e-06
1.65e-06
1.65e-06
1.65e-06
1.65e-06
1.65e-06
1.65e-06
1.65e-06
1.65e-06
1.65e-06
1.65e-06
1.65e-06
1.65e-06
1.65e-06
1.65e-06
1.65e-06
1.65e-06
1.65e-06
1.65e-06
1.65e-06
1.65e-06
1.65e-06
1.65e-06
1.65e-06
1.65e-06
1.65e-06
1.65e-06
1.65e-06
1.65e-06
1.65e-06
1.65e-06
1.65e-06
1.65e-06
1.65e-06
1.65e-06
1.65e-06
1.65e-06
0.0
0.0
0.0
0.0
0.0
0.0
0.0
0.0
0.0
0.0
0.0
0.0
0.0
0.0
0.0
0.0
0.0
0.0
0.0
0.0
0.0
0.0
0.0
0.0
0.0
0.0
0.0
0.0
0.0
0.0
0.0
0.0
0.0
0.0
0.0
0.0
0.0
0.0
0.0
0.0
0.0
0.0
0.0
0.0
0.0
0.0
0.0
0.0
0.0
0.0
0.0
0.0
0.0
0.0
0.0
0.0
0.0
0.0
0.0
0.0
0.0
0.0
0.0
0.0
0.0
0.0
0.0
0.0
0.0
0.0
0.0
0.0
0.0
0.0
0.0
0.0
0.0
0.0
0.0
0.0
0.0
0.0
0.0
0.0
0.0
0.0
0.0
0.0
0.0
0.0
0.0
0.0
0.0
0.0
0.0
0.0
0.0
0.0
0.0
0.0
0.0
0.0
0.0
0.0
0.0
0.0
0.0
0.0
0.0
0.0
0.0
0.0
0.0
0.0
0.0
0.0
0.0
0.0
0.0
0.0
2
2
1
294.9832391423991
-45.00658096380789
0.0
0.0
49.0
6.7
1.0
2.0
3.0
4.0
5.0
6.0
7.0
8.0
9.0
10.0
11.0
12.0
13.0
14.0
15.0
16.0
17.0
18.0
19.0
20.0
21.0
22.0
23.0
24.0
25.0
26.0
27.0
28.0
29.0
30.0
31.0
32.0
33.0
34.0
35.0
36.0
37.0
38.0
39.0
40.0
41.0
42.0
43.0
44.0
45.0
46.0
47.0
48.0
49.0
50.0
51.0
52.0
53.0
54.0
55.0
56.0
57.0
58.0
59.0
60.0
0.5
0.0
0.0
0.0
0.0
0.0
0.0
0.0
0.0
0.0
0.0
0.0
0.0
0.0
0.0
0.0
0.0
0.0
0.0
0.0
0.0
0.0
0.0
0.0
0.0
0.0
0.0
0.0
0.0
0.0
0.0
0.0
0.0
0.0
0.0
0.0
0.0
0.0
0.0
0.0
0.0
0.0
0.0
0.0
0.0
0.0
0.0
0.0
0.0
0.0
0.0
0.0
0.0
0.0
0.0
0.0
0.0
0.0
0.0
0.0
3.0
0.0
0.0
0.0
0.0
0.0
0.0
0.0
0.0
0.0
0.0
0.0
0.0
0.0
0.0
0.0
0.0
0.0
0.0
0.0
0.0
0.0
0.0
0.0
0.0
0.0
0.0
0.0
0.0
0.0
0.0
0.0
0.0
0.0
0.0
0.0
0.0
0.0
0.0
0.0
0.0
0.0
0.0
0.0
0.0
0.0
0.0
0.0
0.0
0.0
0.0
0.0
0.0
0.0
0.0
0.0
0.0
0.0
0.0
0.0
0.5
0.0
0.0
0.0
0.0
0.0
0.0
0.0
0.0
0.0
0.0
0.0
0.0
0.0
0.0
0.0
0.0
0.0
0.0
0.0
0.0
0.0
0.0
0.0
0.0
0.0
0.0
0.0
0.0
0.0
0.0
0.0
0.0
0.0
0.0
0.0
0.0
0.0
0.0
0.0
0.0
0.0
0.0
0.0
0.0
0.0
0.0
0.0
0.0
0.0
0.0
0.0
0.0
0.0
0.0
0.0
0.0
0.0
0.0
0.0
0.0
