9.81
6.022e+23
0
0
0
3
0
1
295.0
2
2
0
0
1
1
0
1
60
7
1000.0
1.0


3
3
0
77.072922555375
0
9.8
150.0
1000.0
287.04
9.81
79000.0
40.0
20000.0
0.0
0.0
0.0
0.0
0.0280134
0.04401
0.0319988
0.039948
0.01604
0.01801528
0.048
99000.0
2.1153802199668344e+29
0.8
1e-06
1000000.0
0.6
3.0
0.0001
300
37
6.012844688628931
0
1
6
1.0
1
0
1
1
0.1
1000000000000.0
1
294.26871925907585
292.9866233589325
291.59820148626767
290.1563553684064
288.6894981371443
287.20016075951776
285.6862696168397
284.1550544656658
282.6024263949761
281.02653215290985
279.42716015123716
277.8054233115106
276.1602033286893
274.4863676844694
272.7842825136977
271.0533360267466
269.29077257979407
267.4975199569622
265.671957832284
263.81157357707303
261.91582654515923
259.98513903472855
258.0180344315318
256.0142520794368
253.97196975294565
251.8744637523514
248.6085334772685
246.9725773734919
244.78626064690286
242.51595427335894
240.17872272901977
237.77850751577733
235.31605030768094
232.79047084563277
230.20109908025628
227.54331824255385
224.81314317147536
222.00559807613877
219.12561698682458
217.00094316366568
215.14765200748226
213.42734762293435
211.8897815338182
210.51192140518705
209.28487668779857
208.35904461545718
207.80487138933717
207.72050241629825
208.1285380553805
209.01202156820153
210.1501700721003
211.2845985260484
212.47477787892507
213.7217022285811
215.63056079681468
217.38731260120784
219.73784999675993
222.9033032807021
226.56044991142699
235.36299418607737
991.675
975.0250000000001
958.375
941.7249999999999
925.075
908.425
891.7750000000001
875.125
858.4749999999999
841.825
825.175
808.5250000000001
791.875
775.225
758.575
741.925
725.2750000000001
708.625
691.975
675.325
658.675
642.0250000000001
625.375
608.725
592.075
575.425
558.7750000000001
542.125
525.4750000000001
508.82500000000005
492.17500000000007
475.52500000000003
458.87500000000006
442.2250000000001
425.57500000000005
408.925
392.27500000000003
375.62500000000006
358.9750000000001
342.32500000000005
325.675
309.02500000000003
292.37500000000006
275.7250000000001
259.0750000000001
242.42500000000007
225.77500000000003
209.12500000000006
192.47500000000008
175.8250000000001
159.17500000000007
142.52500000000003
125.87500000000006
109.22500000000008
92.5750000000001
75.92500000000013
59.27500000000009
42.62500000000006
25.97500000000008
9.325000000000045
73.19638749046051
220.50792123903352
369.6756415089462
520.7453766981894
673.7736165687077
828.8200988820488
985.9493863126693
1145.2306164378922
1306.735293283967
1470.5386085753366
1636.7206266628814
1805.3664033114853
1976.5644618173521
2150.4075975284786
2326.9947037132815
2506.4302840722753
2688.825519277663
2874.299273246311
3062.9776226215145
3254.994984058649
3450.4960644789035
3649.636569739194
3852.5841386544266
4059.519512793605
4270.631081899045
4485.631496863829
4704.978685728382
4929.421919903273
5158.994049387991
5393.9632200058
5634.635758872691
5881.353270269598
6134.495052963788
6394.48326941698
6661.78764097394
6936.931233692912
7220.499615833894
7513.1564698981565
7816.244283963059
8131.546951049992
8460.666140645226
8805.393398536773
9167.85761996667
9550.557286638992
9956.633072084333
10390.127166549282
10856.205902854392
11361.47210039101
11914.33691981014
12525.380207222777
13207.941821528526
13980.062073810559
14867.69997357227
15911.546213717273
17176.209412487508
18776.51263652885
20953.21766972606
24351.576907600793
32624.232423864683
56560.69457252452
3.521179111399233e+23
3.521179111399233e+23
3.521179111399257e+23
3.521179111399233e+23
3.521179111399233e+23
3.521179111399233e+23
3.521179111399233e+23
3.521179111399257e+23
3.521179111399233e+23
3.521179111399233e+23
3.521179111399233e+23
3.521179111399233e+23
3.521179111399257e+23
3.5211791113992086e+23
3.521179111399257e+23
3.521179111399233e+23
3.521179111399233e+23
3.521179111399257e+23
3.5211791113992086e+23
3.521179111399257e+23
3.521179111399233e+23
3.521179111399233e+23
3.521179111399257e+23
3.5211791113992086e+23
3.521179111399257e+23
3.521179111399233e+23
3.521179111399233e+23
3.521179111399233e+23
3.521179111399233e+23
3.521179111399244e+23
3.521179111399244e+23
3.521179111399233e+23
3.521179111399233e+23
3.521179111399233e+23
3.521179111399257e+23
3.521179111399233e+23
3.521179111399233e+23
3.521179111399233e+23
3.521179111399233e+23
3.521179111399257e+23
3.521179111399233e+23
3.521179111399233e+23
3.521179111399233e+23
3.521179111399233e+23
3.521179111399233e+23
3.521179111399257e+23
3.521179111399233e+23
3.521179111399233e+23
3.521179111399233e+23
3.521179111399233e+23
3.521179111399257e+23
3.521179111399233e+23
3.521179111399233e+23
3.521179111399233e+23
3.521179111399233e+23
3.521179111399233e+23
3.521179111399257e+23
3.521179111399233e+23
3.521179111399233e+23
3.521179111399257e+23
-3.0440839058552154
-2.3716152922134643
-2.066000118112078
-1.905176432133142
-1.768559298075544
-1.6431936714981568
-1.5350678166389504
-1.411269306705546
-1.285902067927553
-1.1636135403597672
-1.0420183494602588
-0.9130139317594499
-0.7776439735773435
-0.6534880837126802
-0.5349879705192355
-0.4204264947080678
-0.31673867284327595
-0.2152176036173411
-0.11746150880297335
-0.028445950287251165
0.05547954153214496
0.14242427835572358
0.23307954920744633
0.33373242782812096
0.4444828736734435
0.48400298285402543
-11.088170954706657
-1.8171722036490556
-1.5530320651519762
-1.4183541073684707
-1.3295669259130871
-1.2564609753857705
-1.1797958559306454
-1.0877004390289642
-0.9621224096947043
-0.80201037048358
-0.5996310602565535
-0.3488121299094915
0.009987194922538967
0.07759070948600783
0.08954045372442543
0.10013562995601111
0.10883828435742515
0.11592472885634536
0.12295208471520808
0.13052493253710906
0.13778667887931406
0.1451583196655138
0.15451846743922942
0.16721522020949303
0.18157673856753279
0.18778068077030247
0.1826857572892028
0.16262888296061045
0.13171829549924297
0.10038870935900812
0.07015936011318942
0.04363073201482372
0.023314086456097553
0.02002571458232857
-4.430548677828298
-3.73498035505078
-3.406275404222143
-3.222360930426703
-3.0626629139516837
-2.9142093518696157
-2.7829980090677964
-2.6361147292604983
-2.4876627765771957
-2.342289053469088
-2.1976082709099245
-2.0455182556478917
-1.8870628658552846
-1.73982085473871
-1.5982340823470196
-1.4605861558010957
-1.3338121049397103
-1.2092012720256804
-1.0883552824248142
-0.9762497616307826
-0.8692321922432029
-0.7591931268948855
-0.6454405660410174
-0.5216865903785077
-0.38783132497859185
-0.3252088583154915
-11.871390380113112
-2.579816545110475
-2.292452060846415
-2.1345356816104015
-2.0225406765088962
-1.9261256512866112
-1.8267308427494982
-1.7107992671725754
-1.561958897129216
-1.378089861391203
-1.1518935995837865
-0.8770085728202162
-0.4935263865652928
-0.4093698046830241
-0.3741149492161071
-0.34032877890427926
-0.3089587622468173
-0.27915521281116185
-0.24867434720283654
-0.21869577133986695
-0.1886850554338082
-0.15836690845500812
-0.12619332619809143
-0.0904200811752105
-0.05349851845639364
-0.02440180147939941
-0.0062884061285046755
-0.003296744256203965
-0.01078388043069367
-0.01849006414579435
-0.024869210521700325
-0.027916759437914607
-0.024819689612314733
-0.0048161345561652524
1.3864514263063532
1.3633670100583524
1.3402825938103515
1.3171981775623507
1.29411376131435
1.2710293450663492
1.2479449288183484
1.2248605125703478
1.2017760963223467
1.178691680074346
1.1556072638263453
1.1325228475783446
1.1094384313303438
1.086354015082343
1.0632695988343424
1.0401851825863413
1.0171007663383407
0.99401635009034
0.970931933842339
0.9478475175943384
0.9247631013463375
0.9016786850983368
0.878594268850336
0.8555098526023351
0.8324254363543345
0.8093410201063337
0.7862566038583328
0.763172187610332
0.7400877713623314
0.7170033551143307
0.6939189388663298
0.6708345226183289
0.6477501063703283
0.6246656901223275
0.6015812738743267
0.5784968576263257
0.555412441378325
0.5323280251303244
0.5092436088823236
0.4861591926343228
0.463074776386322
0.43999036013832116
0.41690594389032043
0.39382152764231976
0.3707371113943189
0.34765269514631825
0.3245682788983173
0.3014838626503165
0.2783994464023158
0.25531503015431506
0.2322306139063143
0.20914619765831338
0.18606178141031263
0.16297736516231193
0.13989294891431114
0.11680853266631042
0.09372411641830965
0.07063970017030875
0.047555283922308005
0.024470867674307253
-16.649999999999977
-16.649999999999977
-16.65000000000009
-16.649999999999977
-16.649999999999977
-16.649999999999977
-16.649999999999977
-16.65000000000009
-16.649999999999977
-16.649999999999977
-16.649999999999977
-16.649999999999977
-16.65000000000009
-16.649999999999864
-16.65000000000009
-16.649999999999977
-16.649999999999977
-16.65000000000009
-16.649999999999864
-16.65000000000009
-16.649999999999977
-16.649999999999977
-16.65000000000009
-16.649999999999864
-16.65000000000009
-16.649999999999977
-16.649999999999977
-16.649999999999977
-16.649999999999977
-16.650000000000034
-16.650000000000034
-16.649999999999977
-16.649999999999977
-16.649999999999977
-16.65000000000009
-16.649999999999977
-16.649999999999977
-16.649999999999977
-16.649999999999977
-16.65000000000009
-16.649999999999977
-16.649999999999977
-16.649999999999977
-16.649999999999977
-16.649999999999977
-16.65000000000009
-16.649999999999977
-16.649999999999977
-16.649999999999977
-16.649999999999977
-16.65000000000009
-16.649999999999977
-16.649999999999977
-16.649999999999977
-16.649999999999977
-16.649999999999977
-16.65000000000009
-16.649999999999977
-16.649999999999977
-16.65000000000009
295.0
293.565350805187
292.11269393852797
290.64166348789666
289.1517271288188
287.6423099864345
286.11281607547727
284.5625759527943
282.9909039650229
281.39708428661123
279.78035898531203
278.13991673209534
276.47490176299937
274.7844347853803
273.0675763030613
271.3233275041582
269.550638928025
267.7483808941326
265.9153533502395
264.0502852463786
262.15181306607167
260.21846407014164
258.24865916297
256.24069171940306
254.1927258298421
252.10290496493644
249.9787176965323
247.80370006319123
245.87926440656898
243.65091982656668
241.34712029193008
238.97835848091296
236.54704205914481
234.05298112296788
231.4954001525325
228.87172974053695
226.17759331739393
223.40854448767712
220.56324701018212
218.05215599579515
216.0543761603008
214.2648315440003
212.63361610853786
211.17410119393185
209.8699537701205
208.7917993502586
208.0501371504696
207.7291657110086
207.8890389003829
208.53218306565483
209.53981333535162
210.6737180609628
211.8358974503864
213.0574605300189
214.6414383562518
216.48161493635024
218.54249783824025
221.30717188413314
224.724012263384
230.95662923661092
239.75991422276388
1000.0
983.35
966.7
950.05
933.4
916.75
900.1
883.45
866.8
850.15
833.5
816.85
800.2
783.55
766.9000000000001
750.25
733.6
716.95
700.3
683.6500000000001
667.0
650.35
633.7
617.05
600.4000000000001
583.75
567.1
550.45
533.8000000000001
517.1500000000001
500.50000000000006
483.85
467.20000000000005
450.55000000000007
433.9000000000001
417.25
400.6
383.95000000000005
367.30000000000007
350.6500000000001
334.0
317.35
300.70000000000005
284.05000000000007
267.4000000000001
250.7500000000001
234.10000000000002
217.45000000000005
200.80000000000007
184.1500000000001
167.5000000000001
150.85000000000002
134.20000000000005
117.55000000000007
100.90000000000009
84.25000000000011
67.60000000000014
50.950000000000045
34.30000000000007
17.65000000000009
1.0
0.0
146.39277498092102
294.62306749714605
444.72821552074646
596.7625378756322
750.7846952617831
906.8555025023144
1065.0432701230243
1225.41796275276
1388.0526238151738
1553.0245933354995
1720.4166599902633
1890.3161466327074
2062.812777001997
2238.0024180549603
2415.9869893716022
2596.8735787729483
2780.7774597823773
2967.8210867102443
3158.134158532785
3351.8558095845133
3549.136319373293
3750.136820105094
3955.031457203759
4164.007568383451
4377.254595414639
4594.00839831302
4815.9489731437425
5042.894866662804
5275.093232113179
5512.833207898421
5756.438309846961
6006.268230692236
6262.72187523534
6526.244663598619
6797.3306183492605
7076.5318490365635
7364.467382631224
7661.845557165089
7970.6430107610295
8292.450891338953
8628.881389951497
8981.905407122049
9353.80983281129
9747.304740466694
10165.961403701971
10614.292929396595
11098.11887631219
11624.825324469832
12203.84851515045
12846.911899295104
13568.971743761947
14391.15240385917
15344.247543285368
16478.844884149177
17873.573940825834
19679.451332231863
22226.984007220253
26476.16980798133
38772.29503974804
51068.42027151483
447.2304392320424
443.9066657159818
439.8061049199029
435.3793144338574
430.7782176744778
426.14597955954986
421.5334267831489
416.9992315033295
412.585771221073
408.2976780715672
404.12509903175766
400.0613916048026
396.10219062782096
392.2431135664174
388.46423419415424
384.75905672380657
381.12362114625944
377.5490680083035
374.05296222658944
370.62909893967065
367.26993632231614
363.9825956428026
360.7727379102375
357.6406440791667
354.59619734298604
351.6423471428293
348.7736290909881
389.5390476455829
387.88906915990526
385.9222606695369
383.9276893045116
381.9691480965744
380.0738058713823
378.2511708165113
376.51172794288
374.8620779982497
373.3098043504131
371.8569874799439
370.5041624201807
369.3107438414998
368.4002847500208
367.6559024510158
367.0329630538405
366.523842426916
366.1106284195297
365.7874070487598
365.5697844102557
365.46890228548
365.4960438196048
365.6509467734187
365.9241318820882
366.2736869487564
366.6438707259962
367.016533173443
367.3901547200097
367.7378534738099
368.0321285159111
368.2855832366147
368.4781691431787
368.7596229647549
370.08075441116193
429.4301565647301
426.0093205027821
421.7962199350754
417.2457708532146
412.5120534136609
407.738633160761
402.9772570192551
398.2874178600326
393.7122327971386
389.2573938258526
384.9138898996334
380.6758891174943
376.5396516403064
372.5012750276071
368.5412882128544
364.653491506593
360.8341449831876
357.0745853472094
353.3924497731312
349.78161913517
346.2346316721032
342.7586352329236
339.3593208345361
336.0370068598008
332.801579846626
329.6559875681162
326.59476403582
263.0703938126797
261.3081176595916
259.1536014894255
256.9138253131127
254.6665774167175
252.4480694607795
250.274012868141
248.159673512817
246.1159399761055
244.1533422321562
242.2757997481512
240.4854053528742
238.8427631306036
237.4726469826335
236.2592172520914
235.1585681659779
234.1643346436042
233.2594542203182
232.4383606492936
231.717891066423
231.1101216407808
230.6273608661296
230.2700767446355
230.0293077440066
229.8639076137197
229.7218493675951
229.5903653029834
229.4771645540567
229.389628441473
229.3098384665781
229.3070911477892
229.4369833714875
229.8745979859356
230.7989427449532
17.80028266731226
17.89734521319969
18.0098849848275
18.13354358064285
18.26616426081686
18.40734639878883
18.55616976389381
18.71181364329695
18.87353842393441
19.04028424571461
19.21120913212427
19.38550248730833
19.56253898751461
19.74183853881028
19.92294598129985
20.10556521721358
20.28947616307184
20.47448266109409
20.66051245345822
20.84747980450069
21.03530465021291
21.22396040987899
21.4134170757014
21.60363721936593
21.79461749636004
21.98635957471311
22.17886505516812
126.4686538329032
126.5809515003137
126.7686591801114
127.0138639913989
127.3025706798569
127.6257364106028
127.9771579483703
128.352054430063
128.7461380221442
129.1564621182569
129.5811877317927
130.0187570673065
130.4679807108962
130.9276377673873
131.3966851989244
131.8743948878626
132.3595077833118
132.8511741992115
133.3490463994662
133.8518933438327
134.3587806446992
134.8686829534752
135.3808700287832
135.8948241380816
136.4097793350367
136.9220213584011
137.4261678704596
137.912990165953
138.3482250323369
138.722290049333
138.9784920888255
139.0411857716912
138.8850249788193
139.2818116662087
468.0680143793661
460.3136921854772
452.47815103434743
444.6450851440801
436.82162745427354
429.12672642539394
421.5999642971235
414.2827710082362
407.23319599671925
400.45744007063615
393.9425719773576
387.6812562794926
381.6765370468632
375.9303971196042
370.4116968926025
365.1082853399077
360.0122636065594
355.1038983636638
350.3985913099241
345.8863727405805
341.5509603615951
337.3943874898383
333.4253366303785
329.6478022332666
326.0816689067075
322.739987381572
319.5460604714154
348.44008864589705
344.21029361510887
339.9510330638942
335.82192601725853
331.8408441328123
328.0193762563337
324.37001035871316
320.91976821790934
317.7081593761497
314.777795866922
312.17308539686906
309.94325176428566
308.2563067990395
306.93647790287736
305.81798065465654
304.8547124785767
304.0366330894054
303.34426386920785
302.7723681512353
302.3360497413914
302.04648256118173
301.9152571868516
301.9439668144673
302.1267318419616
302.42278839017337
302.7685703659338
303.13494440725214
303.50526920956264
303.8421840829321
304.11796906088733
304.3465545710693
304.5112237181955
304.7678578501594
306.0841731620101
340.0084271877737
331.3400954948563
322.5604588244781
313.7559004268623
304.9356066819822
296.2378727497298
287.7148871193546
279.4211353091748
271.4296386054284
263.7501866750388
256.3731467650296
249.2895311764961
242.5008470133532
236.0078477218817
229.7732113907778
223.7816722862247
218.0229615095619
212.4722201305972
207.146547424975
202.0353265513533
197.1198836787407
192.4035745189173
187.8952047971033
183.5975672465517
179.5311252333913
175.7084750242758
172.0509741495109
90.44522994640187
84.76979526094868
79.06389489406311
73.52070950647766
68.16405865790975
63.00891778920208
58.07059325872377
53.37571838298183
48.95390698119451
44.84004935923621
41.08026274578252
37.7266684282496
34.94953174469466
32.57632286268057
30.4420779562307
28.49644496491748
26.72911770686234
25.12195622645737
23.66846269155627
22.38245972575397
21.26810663155674
20.33168742127825
19.56384261074096
18.94651935889271
18.42323556590549
17.90866685263169
17.35080154435492
16.69981914263043
15.81330056095388
14.60850859607075
12.87585542874146
10.17681058603006
5.748359767759549
0.0
128.0595871915924
128.9735966906209
129.9176922098694
130.8891847172178
131.8860207722913
132.8888536756642
133.8850771777689
134.8616356990614
135.8035573912908
136.7072533955974
137.569425212328
138.3917251029965
139.17569003351
139.9225493977225
140.6384855018247
141.326613053683
141.9893020969975
142.6316782330666
143.2520438849491
143.8510461892272
144.4310766828544
144.990812970921
145.5301318332752
146.0502349867149
146.5505436733162
147.0315123572962
147.4950863219045
257.9948586994952
259.4404983541602
260.8871381698311
262.3012165107809
263.6767854749026
265.0104584671316
266.2994170999894
267.5440498349275
268.7542523949552
269.9377465076858
271.0928226510865
272.2165833360361
273.3067750543449
274.3601550401968
275.3759026984258
276.3582675136592
277.3075153825431
278.2223076427505
279.103905459679
279.9535900156374
280.778375929625
281.5835697655733
282.3801242037263
283.1802124830689
283.9995528242679
284.8599035133021
285.7841428628972
286.8054500669322
288.0288835219782
289.5094604648166
291.4706991423279
294.3344131321654
299.0194980823998
306.0841731620101
20.83757514732372
16.40702646949542
12.67204611444464
9.265770710222498
6.043409779795795
2.980746865844111
0.06653751397449525
-2.716460495093301
-5.352575224353799
-7.840238000930995
-10.182527054400083
-12.380135325310007
-14.4256535809579
-16.312716446813184
-18.052537301551894
-19.650771383898913
-21.11135753970001
-22.44516964463972
-23.6543709166654
-24.742726199090214
-25.718975960720996
-26.5882081529642
-27.347401279859085
-27.992841845900102
-28.51452843627861
-28.902359761257202
-29.227568619572693
-41.098958999685806
-43.67877554479628
-45.971227605642696
-48.1057632872531
-50.128303963761994
-52.054429615048605
-53.8811604577981
-55.59195972497068
-57.153918622099894
-58.5320084834911
-59.683902083074884
-60.5609106558951
-61.05443704246039
-61.46380684714342
-61.837921796359524
-62.1782505752638
-62.48720933751062
-62.76636455032178
-63.01503889752462
-63.233734668864486
-63.422419724298294
-63.5807866327533
-63.70697995895139
-63.797400040126604
-63.850898558583
-63.8753003600624
-63.8815887661909
-63.884885510447106
-63.8956693908778
-63.914159455023594
-63.939028665545294
-63.96694542498321
-63.99176511459552
-63.99658124915169
89.42172937695648
94.66922500792577
99.23576111059727
103.4898704263524
107.5764467316786
111.5007604110313
115.2623698999005
118.8662825508578
122.2825941917102
125.5072071508138
128.5407431346038
131.3863579409982
134.0388046269533
136.4934273057254
138.7680768220767
140.8718192203683
142.8111834736257
144.6023652166122
146.2459023481562
147.7462925838167
149.1147479933625
150.3550607140063
151.4641160374329
152.4394396132491
153.2704546132347
153.9475125438403
154.5437898863091
172.6251638662778
176.5383223986429
180.0897065953624
183.3931158066351
186.5025187588077
189.4391516715774
192.2034196094172
194.7839551298352
197.162032994911
199.31329287292
201.1955370023687
202.7587369246246
203.893231385909
204.8963241199529
205.8171392958608
206.6621232010605
207.4352169367419
208.1374979938608
208.7698979577374
209.3354313406691
209.8420150092241
210.2956734448514
210.7062341338945
211.0827883851139
211.4406720478142
211.8131825149634
212.2395637586285
212.7773454114263
213.5763278805191
214.7013298705073
216.4312357190477
219.2601727854574
224.126238218176
230.7989427449532
110.2593045242802
111.0762514774212
111.9078072250419
112.7556411365749
113.6198565114744
114.4815072768754
115.328907413875
116.1498220557645
116.9300189673564
117.6669691498828
118.3582160802037
119.0062226156882
119.6131510459954
120.1807108589122
120.7155395205248
121.2210478364694
121.6998259339257
122.1571955719725
122.5915314314908
123.0035663847265
123.3957720326415
123.7668525610421
124.1167147575738
124.446597767349
124.7559261769561
125.0451527825831
125.3162212667364
131.526204866592
132.8595468538466
134.1184789897197
135.287352519382
136.3742147950457
137.3847220565288
138.3222591516191
139.1919954048645
140.0081143728111
140.7812843894289
141.5116349192938
142.1978262687295
142.8387943434486
143.4325172728095
143.9792174995013
144.4838726257967
144.9480075992313
145.371133443539
145.7548590602128
146.1016966718046
146.4195952849258
146.7148868120981
146.9992541749431
147.2853883449873
147.5897734892312
147.937882154901
148.3579749924376
148.8924599009792
149.6806584896413
150.7871704154837
152.4922070535024
155.2932273604742
160.1344731035805
166.8023614958015
-2.2439698685163
-1.8916353218744497
-1.725129492492503
-1.6319651177157897
-1.551073249780783
-1.4758808058545967
-1.409426039850395
-1.3350374040848707
-1.2598549832332153
-1.1862325743973847
-1.112960382316324
-1.035934465695272
-0.9556837193343288
-0.8811108373199482
-0.8094014502191753
-0.7396864050641325
-0.6754776718162896
-0.612365200944019
-0.5511595233733655
-0.49438041690383827
-0.44017894890764386
-0.3844470161550442
-0.3268336733538556
-0.2641544436491172
-0.19635841035105403
-0.1646436867508347
-6.01130625053726
-1.3063447326168143
-1.160808107212902
-1.080846485584728
-1.0241431054039494
-0.9753297388042483
-0.9250059319003814
-0.8663040272337197
-0.7909281525009798
-0.6978056343747374
-0.5832428410725967
-0.444017895138341
-0.24978499258515596
-0.20717171624899544
-0.1893288198297231
-0.17222828362040032
-0.1563511302672437
-0.1412676031317715
-0.12584048053215438
-0.11066698764956431
-0.09547469045380899
-0.08012465783739162
-0.06383107178943301
-0.04571009940862311
-0.027002228951801904
-0.012249830128296002
-0.003051897084638988
-0.001500188971497729
-0.005212119672610427
-0.009014491739968156
-0.012055690026521959
-0.01325134601600797
-0.011034687014198852
-0.0003221207653809621
0.0
-2.658041762345276
-2.313111724862195
-2.15485652929841
-2.069995145962886
-1.987803398387108
-1.905387982800784
-1.825508968040746
-1.730482434512223
-1.633380285657116
-1.536593053056347
-1.441404343493907
-1.343557872074013
-1.243353029675809
-1.152190270245779
-1.065619782296557
-0.9823564496432834
-0.9072967776686085
-0.8325095704371709
-0.7600006148959597
-0.6931709684545464
-0.6282621733656236
-0.5617756685725322
-0.494035817966094
-0.4209384305269358
-0.3429537405339995
-0.3020355212624352
-9.158854154293506
-1.982152922685289
-1.798901451828331
-1.673293368718238
-1.57502235048225
-1.487508227115494
-1.40019928320228
-1.30713232842069
-1.20458037967203
-1.089689063037785
-0.9534230907172095
-0.7918159382027833
-0.5746614898441303
-0.5081018767997176
-0.4664253893837623
-0.4280141740900276
-0.3915992656613812
-0.3557301444348675
-0.3203329040559977
-0.2864626205615568
-0.2566025094322264
-0.2297940108079384
-0.2079634809057013
-0.1907380197942198
-0.1812807076778039
-0.1886897004258331
-0.2159771502531295
-0.2724053896726184
-0.4047128229505798
-0.5698532180688771
-0.8762583742249505
-1.432956479503463
-2.464833903269342
-3.379960374866997
0.0
0.4140718938289761
0.4214764029877452
0.4297270368059072
0.4380300282470962
0.4367301486063248
0.4295071769461874
0.4160829281903509
0.3954450304273522
0.3735253024239007
0.3503604786589622
0.3284439611775829
0.3076234063787408
0.2876693103414802
0.2710794329258307
0.2562183320773816
0.2426700445791508
0.2318191058523189
0.2201443694931518
0.2088410915225942
0.1987905515507081
0.1880832244579798
0.1773286524174881
0.1672021446122384
0.1567839868778186
0.1465953301829455
0.1373918345116005
3.147547903756246
0.6758081900684747
0.6380933446154291
0.5924468831335101
0.5508792450783007
0.5121784883112457
0.4751933513018987
0.4408283011869703
0.4136522271710502
0.3918834286630475
0.3701802496446129
0.3477980430644423
0.3248764972589744
0.3009301605507222
0.2770965695540392
0.2557858904696273
0.2352481353941375
0.214462541303096
0.1944924235238433
0.1757956329119925
0.1611278189784174
0.1496693529705468
0.1441324091162683
0.1450279203855967
0.154278478726002
0.1764398702975371
0.2129252531684905
0.2709052007011207
0.3995007032779694
0.560838726328909
0.8642026841984285
1.419705133487455
2.453799216255143
3.379638254101616
0.0
1.0
1.0
1.0
1.0
1.0
1.0
1.0
1.0
1.0
1.0
1.0
1.0
1.0
1.0
1.0
1.0
1.0
1.0
1.0
1.0
1.0
1.0
1.0
1.0
1.0
1.0
1.0
1.0
1.0
1.0
1.0
1.0
1.0
1.0
1.0
1.0
1.0
1.0
0.0
0.0
0.0
0.0
0.0
0.0
0.0
0.0
0.0
0.0
0.0
0.0
0.0
0.0
0.0
0.0
0.0
0.0
0.0
0.0
0.0
0.0
0.0
1.0
1.0
1.0
1.0
1.0
1.0
1.0
1.0
1.0
1.0
1.0
1.0
1.0
1.0
1.0
1.0
0.8605561031037754
0.8605561031037754
0.8605561031037754
0.8605561031037754
0.8605561031037754
0.8605561031037754
0.8605561031037754
0.8605561031037754
0.8605561031037754
0.8605561031037754
0.8605561031037754
0.8605561031037754
0.8605561031037754
0.8605561031037754
0.8605561031037754
0.8605561031037754
0.8605561031037754
0.8605561031037754
0.8605561031037754
0.8605561031037754
0.8605561031037754
0.8605561031037754
0.8605561031037754
0.8605561031037754
0.8605561031037754
0.8605561031037754
0.8605561031037754
0.8605561031037754
0.8605561031037754
1.0
1.0
1.0
1.0
1.0
1.0
1.0
1.0
1.0
1.0
1.0
1.0
1.0
1.0
1.0
1.0
1.0
1.0
1.0
1.0
1.0
1.0
1.0
1.0
1.0
1.0
1.0
1.0
1.0
0.013538246315282663
0.0129910388430396
0.012341867228186419
0.01160537983086978
0.01058618746884726
0.00946605950615322
0.008307732484350808
0.00713658351457806
0.006092421921980735
0.005171377580106756
0.004396181605303729
0.003743888614278089
0.003194025556406055
0.002755526146324461
0.002391585118357646
0.002085578388692517
0.0018395101755554499
0.0016161378962757575
0.001419291667179705
0.0012529750307417827
0.0011013260179173888
0.0009661908863361775
0.0008481737239471968
0.0007406442052980168
0.0006445138203177696
0.00055947909022493
0.00048289608518137944
0.0004148500269219327
0.0003649176274883251
0.0003112232801136605
0.0002632825216042692
0.000221073794326251
0.000183645695922379
0.00015112839908877382
0.0001230949692284404
9.896458152391197e-05
7.837263321000921e-05
6.107110654109645e-05
4.6805449983370874e-05
3.6668867669773583e-05
3.0255515359337935e-05
2.5581438215361318e-05
2.148059669434497e-05
1.8173984828585517e-05
1.5684633731505154e-05
1.3297636263017989e-05
1.1264657166641435e-05
9.219959757435189e-06
7.2239233185345156e-06
5.273523231966995e-06
3.6593534452972675e-06
3.024106766413035e-06
2.8324500391270233e-06
3.396316860927404e-06
4.0621419524289e-06
4.884698156592012e-06
5.9000847881990315e-06
7.3382226338478255e-06
8.323305486094076e-06
1.697018360432996e-07
0.0004
0.0004
0.0004
0.0004
0.0004
0.0004
0.0004
0.0004
0.0004
0.0004
0.0004
0.0004
0.0004
0.0004
0.0004
0.0004
0.0004
0.0004
0.0004
0.0004
0.0004
0.0004
0.0004
0.0004
0.0004
0.0004
0.0004
0.0004
0.0004
0.0004
0.0004
0.0004
0.0004
0.0004
0.0004
0.0004
0.0004
0.0004
0.0004
0.0004
0.0004
0.0004
0.0004
0.0004
0.0004
0.0004
0.0004
0.0004
0.0004
0.0004
0.0004
0.0004
0.0004
0.0004
0.0004
0.0004
0.0004
0.0004
0.0004
0.0004
1.3065442837795994e-08
1.609813246251006e-08
1.8451320475760573e-08
2.016080036876345e-08
2.1358414023579076e-08
2.2454492528502163e-08
2.346184864599769e-08
2.435074770331274e-08
2.5168293008394306e-08
2.59248194795521e-08
2.6578860853539352e-08
2.717492227184444e-08
2.7727500794852817e-08
2.821868937946919e-08
2.867559255048391e-08
2.9106915692640655e-08
2.950022653046024e-08
2.9893537368279825e-08
3.0281774756529767e-08
3.065711262938458e-08
3.1032450502239386e-08
3.142093683129147e-08
3.1836199651687564e-08
3.225146247208365e-08
3.2701440677579656e-08
3.320893932168535e-08
3.3716437965791035e-08
3.428270566534462e-08
3.492899931274215e-08
3.557529296013967e-08
3.6371436914800125e-08
3.733624217274159e-08
3.8301047430683085e-08
3.959226158737696e-08
4.118778732859431e-08
4.278331306981166e-08
4.513146211348355e-08
4.806009189575067e-08
5.0988721678017794e-08
5.632170630050282e-08
6.318151527324084e-08
7.004132424597885e-08
8.255287402060394e-08
9.799336545699721e-08
1.1343385689339041e-07
1.3646888186188418e-07
1.6453988297575865e-07
1.9889493840858378e-07
2.3731543525971197e-07
2.78963375570315e-07
3.2556784487230723e-07
3.9737569592667986e-07
5.064205645747201e-07
6.801946019508522e-07
1.1053081705738778e-06
1.6111307341008319e-06
2.5512822486276946e-06
4.137854497676283e-06
6.1841356611202155e-06
2.780474791942962e-06
0.0
0.0
0.0
0.0
0.0
0.0
0.0
0.0
0.0
0.0
0.0
0.0
0.0
0.0
0.0
0.0
0.0
0.0
0.0
0.0
0.0
0.0
0.0
0.0
0.0
0.0
0.0
0.0
0.0
0.0
0.0
0.0
0.0
0.0
0.0
0.0
0.0
0.0
0.0
0.0
0.0
0.0
0.0
0.0
0.0
0.0
0.0
0.0
0.0
0.0
0.0
0.0
0.0
0.0
0.0
0.0
0.0
0.0
0.0
0.0
0.0
0.0
0.0
0.0
0.0
0.0
0.0
0.0
0.0
0.0
0.0
0.0
0.0
0.0
0.0
0.0
0.0
0.0
0.0
0.0
0.0
0.0
0.0
0.0
0.0
0.0
0.0
0.0
0.0
0.0
0.0
0.0
0.0
0.0
0.0
0.0
0.0
0.0
0.0
0.0
0.0
0.0
0.0
0.0
0.0
0.0
0.0
0.0
0.0
0.0
0.0
0.0
0.0
0.0
0.0
0.0
0.0
0.0
0.0
0.0
0.0
0.0
0.0
0.0
0.0
0.0
0.0
0.0
0.0
0.0
0.0
0.0
0.0
0.0
0.0
0.0
0.0
0.0
0.0
0.0
0.0
0.0
0.0
0.0
0.0
0.0
0.0
0.0
0.0
0.0
0.0
0.0
0.0
0.0
0.0
0.0
0.0
0.0
0.0
0.0
0.0
0.0
0.0
0.0
0.0
0.0
0.0
0.0
0.0
0.0
0.0
0.0
0.0
0.0
0.0
0.0
0.0
0.0
0.0
0.0
0.0
0.0
0.0
0.0
0.0
0.0
0.0
0.0
0.0
0.0
0.0
0.0
0.0
0.0
0.0
0.0
0.0
0.0
0.0
0.0
0.0
0.0
0.0
0.0
0.0
0.0
0.0
0.0
0.0
0.0
0.0
0.0
0.0
0.0
0.0
0.0
0.0
0.0
0.0
0.0
0.0
0.0
0.0
0.0
0.0
0.0
0.0
0.0
0.0
0.0
0.0
0.0
0.0
0.0
0.0
0.0
0.0
0.0
0.0
0.0
0.0
0.0
0.0
0.0
0.0
0.0
0.0
0.0
0.0
0.0
0.0
0.0
0.0
0.0
0.0
0.0
0.0
0.0
0.0
0.0
0.0
0.0
0.0
0.0
0.0
0.0
0.0
0.0
0.0
0.0
0.0
0.0
0.0
0.0
0.0
0.0
0.0
0.0
0.0
0.0
0.0
0.0
0.0
0.0
0.0
0.0
0.0
0.0
0.0
0.0
0.0
0.0
0.0
0.0
0.0
0.0
0.0
0.0
0.0
0.0
2
2
1
295.0
-63.99658124915169
0.0
0.0
37.0
9.8
1.0
2.0
3.0
4.0
5.0
6.0
7.0
8.0
9.0
10.0
11.0
12.0
13.0
14.0
15.0
16.0
17.0
18.0
19.0
20.0
21.0
22.0
23.0
24.0
25.0
26.0
27.0
28.0
29.0
30.0
31.0
32.0
33.0
34.0
35.0
36.0
37.0
38.0
39.0
40.0
41.0
42.0
43.0
44.0
45.0
46.0
47.0
48.0
49.0
50.0
51.0
52.0
53.0
54.0
55.0
56.0
57.0
58.0
59.0
60.0
0.0
0.0
0.0
0.0
0.0
0.0
0.0
0.0
0.0
0.0
0.0
0.0
0.0
0.0
0.0
0.0
0.0
0.0
0.0
0.0
0.0
0.0
0.0
0.0
0.0
0.0
0.99
0.0
0.0
0.0
0.0
0.0
0.0
0.0
0.0
0.0
0.0
0.0
0.0
0.0
0.0
0.0
0.0
0.0
0.0
0.0
0.0
0.0
0.0
0.0
0.0
0.0
0.0
0.0
0.0
0.0
0.0
0.0
0.0
0.0
0.0
0.0
0.0
0.0
0.0
0.0
0.0
0.0
0.0
0.0
0.0
0.0
0.0
0.0
0.0
0.0
0.0
0.0
0.0
0.0
0.0
0.0
0.0
0.0
0.0
0.0
6.5
0.0
0.0
0.0
0.0
0.0
0.0
0.0
0.0
0.0
0.0
0.0
0.0
0.0
0.0
0.0
0.0
0.0
0.0
0.0
0.0
0.0
0.0
0.0
0.0
0.0
0.0
0.0
0.0
0.0
0.0
0.0
0.0
0.0
0.0
0.0
0.0
0.0
0.0
0.0
0.0
0.0
0.0
0.0
0.0
0.0
0.0
0.0
0.0
0.0
0.0
0.0
0.0
0.0
0.0
0.0
0.0
0.0
0.0
0.0
0.01
0.0
0.0
0.0
0.0
0.0
0.0
0.0
0.0
0.0
0.0
0.0
0.0
0.0
0.0
0.0
0.0
0.0
0.0
0.0
0.0
0.0
0.0
0.0
0.0
0.0
0.0
0.0
0.0
0.0
0.0
0.0
0.0
0.0
45.0
