9.81
6.022e+23
0
0
0
3
0
1
276.3941083294798
2
2
0
0
1
1
0
1
60
7
1014.8
1.607


3
3
0
72.38857731909356
2
6.7
150.0
1000.0
287.04
9.81
79000.0
40.0
20000.0
0.0
0.0
0.0
0.0
0.0280134
0.04401
0.0319988
0.039948
0.01604
0.01801528
0.048
99000.0
2.1153802199668344e+29
0.8
1e-06
1000000.0
0.6
3.0
0.0001
1000
25
1.4532277114555578
0
1
3
1.0
1
0
1
1
0.02
1000000000000.0
1
276.03285865297806
272.8303907018818
269.51777396130643
266.18192595300224
262.8398860648166
259.49691359236493
255.68455169699118
252.776744862001
249.45221707250334
246.11703195381546
242.77772999254924
239.4373446163776
236.09406506101723
232.74746476967212
229.39296016409523
226.05226884951028
222.7128722935771
219.37766845717672
216.04547681707004
212.7153735969234
209.39278284286013
206.08036398202168
202.77974416201866
199.48370691411097
196.1940172209427
192.9123520507246
189.99133530800637
188.76962187566525
188.27699217325176
187.69546387538338
196.1496806384531
199.34261144777903
201.87942471381734
204.19592506991546
206.55427788476516
209.04020928953182
211.6802081649142
214.45031268389957
217.28824313732503
220.1341168417584
222.90535663375834
225.584547179364
228.09837518262162
230.6001716662154
232.9421746840588
235.15545463288194
237.2397262268588
239.2119360515067
241.08372242063967
242.85184632821526
244.5600812427995
246.18454320463638
247.8070552333536
249.42878654424132
251.19389156203297
253.24169605396298
255.85612112013044
259.5090990027233
265.11341759928416
280.36702496537924
985.8078294205452
929.1704806481764
875.1792495166603
823.7395676755561
774.7591835452633
728.1481322206923
683.8187054112204
641.6854214173221
601.6649951442855
563.6763081534225
527.6403787511956
493.4803321166968
461.1213704679191
430.49074326727884
401.5177174668512
374.13354779379824
348.27144707648074
323.86655661175473
300.85591657396975
279.1784364661994
258.7748656142472
239.58776370398954
221.56147136262913
204.64208078445134
188.77740640169188
173.91695560114255
160.0118994871406
147.0150436916059
134.88079923181198
123.56515341659627
113.06822910177317
103.42139991365353
94.59762521328918
86.52668309909939
79.14434290767173
72.39185404938198
66.2154784558712
60.566062918475225
55.39864791416369
50.67210980592391
46.348833570126516
42.39441344635203
38.777379127371375
35.46894531022901
32.44278261529059
29.674808050169382
27.142993350988494
24.827189675708794
22.708967254386252
20.771468720253548
18.999274954396526
17.378282376382327
15.895590704286075
14.539400290881032
13.298918218966925
12.164272408518528
11.126433052096747
10.177140753284732
9.308840796255959
8.514623023374321
249.08687866937757
747.278832469893
1245.4857681864435
1743.6802089594376
2241.8548211250745
2739.5515207940352
3237.192150319067
3735.250188020051
4233.309676926569
4731.355320605046
5229.381042751388
5727.381745240648
6225.349728491329
6723.271517611627
7221.151968404929
7719.0060644976475
8216.838745134834
8714.65708343443
9212.46601640266
9710.276059693308
10208.107872639463
10705.988308346845
11203.938518265255
11701.973929069489
12200.11513297122
12698.854724878498
13200.962957454281
13709.823207173715
14226.550191543685
14763.974968160943
15325.229042470903
15897.173496913463
16476.034107258114
17061.55627467577
17653.981300223844
18253.71081429479
18861.150130867936
19476.581491776375
20100.11331592267
20731.650711779315
21370.956204835154
22017.663020292577
22671.518611419833
23332.2782800429
23999.53071860577
24672.908625669737
25352.068445056826
26036.707332977712
26726.5344097951
27421.316591179944
28120.84913347431
28825.009860495724
29533.794882036775
30247.407483153733
30966.455039480497
31692.148201522294
32426.775052674646
33174.59749721643
33952.1515756029
29750.0
1.2083817215540284e+24
1.1522396340029291e+24
1.0980926287961995e+24
1.0458921111181598e+24
9.955901137306276e+23
9.471392962205574e+23
9.004929442400112e+23
8.556049687376111e+23
8.124299051813578e+23
7.709229127731061e+23
7.310397736537112e+23
6.927368920994009e+23
6.559712937085388e+23
6.207006245789061e+23
5.8688315047518377e+23
5.5447775598626366e+23
5.234439436722621e+23
4.937418332009425e+23
4.653321604731652e+23
4.381762767372445e+23
4.1223614769169925e+23
3.874743525762576e+23
3.638540832506727e+23
3.413391432610348e+23
3.198939468932488e+23
2.994835182132102e+23
2.8007349009337698e+23
2.6163010322526454e+23
2.441202051174308e+23
2.275112490785433e+23
2.099962303909993e+23
1.9207963453711375e+23
1.7569165853699338e+23
1.6070188260127692e+23
1.4699101418156962e+23
1.3444993860921102e+23
1.2297885073227274e+23
1.1248646064011282e+23
1.0288926715444699e+23
9.41108933051818e+22
8.608147850255597e+22
7.873712256833963e+22
7.2019377201538795e+22
6.58747808315659e+22
6.025443315711079e+22
5.511360598478068e+22
5.0411387270468504e+22
4.611035553062728e+22
4.217628203234118e+22
3.857785839213596e+22
3.5286447415694375e+22
3.227585519559005e+22
2.9522122653338054e+22
2.700333486679621e+22
2.4699446665495278e+22
2.2592123105942128e+22
2.0664593557355814e+22
1.8901518236610363e+22
1.7288866130238602e+22
1.5813803331965176e+22
-5.242525217984721
-3.1271653753256126
-2.6459763508123046
-2.4944696330217373
-2.4254453417011437
-2.402896681967008
-7.4499323749402535
-2.6734868724448937
-2.4170374647273696
-2.2776351337328262
-2.1819964611155926
-2.09908233140662
-2.041924130254015
-2.01050285773742
-2.032643479152126
-1.95412966711032
-1.8693588591071852
-1.7622127184105134
-1.643347286626963
-1.5199788471496987
-1.3662786455138467
-1.1755207524005067
-0.9482489151424777
-0.7224702383685555
-0.49335952949574424
-0.24649709736137235
-0.013588534590493325
-0.02078434587599843
-0.024426082560188644
-0.025816164833790338
-0.023107928186860607
-0.020080210312334593
-0.017033187936695
-0.01408696245674034
-0.01151224848744198
-0.009005641453702171
-0.007264936326275782
-0.005608001772195037
-0.004398156560997182
-0.003503934170079669
-0.002712948179207499
-0.0021227271825937774
-0.0016197070099121542
-0.0013703260823532113
-0.0011068814930980284
-0.0008957126700107064
-0.0007279016544488788
-0.0005934416938189913
-0.00048549401589816185
-0.00039333495936678736
-0.0003282862046653641
-0.00026954844397139685
-0.00022294465064775398
-0.00018005294353597514
-0.00014920521188410918
-0.00012143561348677212
-9.705507526898892e-05
-7.50324887735426e-05
-5.534012489244774e-05
-3.158001525693277e-05
-5.242362521316821
-3.1269724532279355
-2.6458332509855893
-2.494278693081185
-2.4253168566276173
-2.4027838114695896
-7.449908362654881
-2.673388243111333
-2.4169448522040966
-2.27755150431409
-2.1819096703554806
-2.09900811253641
-2.0418597522703976
-2.0104380268032855
-2.0326000939602977
-1.9540854273280388
-1.8693174715632779
-1.7621861911412111
-1.643329290046097
-1.519968407109502
-1.3662794805656802
-1.1755355519836996
-0.9482825199222304
-0.7225365420872834
-0.49349201300481127
-0.2468395463230877
-0.013357832917904489
-0.02046657009211117
-0.024170211654677587
-0.025468227001823607
-0.022850161394700308
-0.019842046864283702
-0.016840949174110165
-0.013915286665991289
-0.011370179734200292
-0.00891242505900891
-0.007180380259399044
-0.00555055804338167
-0.00435139737010104
-0.003456957964914409
-0.002679902904588971
-0.0020953771473273264
-0.0016054188627947497
-0.0013476123798739081
-0.001088532783711571
-0.0008748449896813781
-0.0007140294370344691
-0.0005817222381665488
-0.00047512932971471855
-0.0003859140392137306
-0.0003200636877807028
-0.0002625793645165686
-0.00021691630507802984
-0.0001736599095352176
-0.00014485054748547554
-0.00011765728999080238
-9.413127281732159e-05
-7.269401106668738e-05
-5.075730533121714e-05
-2.9563354672745845e-05
-0.0002194429056601166
-0.0002069042258151239
-0.00019494810001665174
-0.0001835538264464467
-0.00017270120752661656
-0.0001623705434076211
-0.00015254262546406894
-0.00014319872979840157
-0.0001343206107525515
-0.0001258904944276652
-0.00011789107221197671
-0.0001103054943169291
-0.00010311736332163475
-9.631072772577408e-05
-8.987007551103111e-05
-8.378032771116752e-05
-7.802683199084113e-05
-7.259535623327487e-05
-6.747208213688694e-05
-6.26435988209955e-05
-5.8096896440713294e-05
-5.381935981115229e-05
-4.979876204106074e-05
-4.60232581760186e-05
-4.24813788513214e-05
-3.916202395468562e-05
-3.605445629891354e-05
-3.3148295304658895e-05
-3.043351069343925e-05
-2.7900416191045654e-05
-2.553966324150454e-05
-2.3360653534090377e-05
-2.136755400333387e-05
-1.9544503043080957e-05
-1.7876992338074885e-05
-1.63517514029975e-05
-1.4956641972484284e-05
-1.3680561401641118e-05
-1.251335430829906e-05
-1.1445731753833063e-05
-1.0469197319364474e-05
-9.575979489042541e-06
-8.758969802293304e-06
-8.011666282835455e-06
-7.328121694256425e-06
-6.702896210353122e-06
-6.131014123575512e-06
-5.607924247047548e-06
-5.1294636950344114e-06
-4.691824753611547e-06
-4.2915245778836485e-06
-3.925377474596155e-06
-3.590469549557045e-06
-3.284135518106486e-06
-3.0039374940860213e-06
-2.74764558850437e-06
-2.513220163498962e-06
-2.298795600365582e-06
-2.1026654524779128e-06
-1.9232688649399846e-06
-57.9843411589095
-55.290356385828204
-52.692105877203744
-50.18725780500472
-47.77351045558089
-45.44859219356101
-43.21026142538278
-41.056306562413965
-38.984545983659245
-36.99282799806679
-35.07903080638704
-33.24106246261056
-31.476860834944773
-29.784393566335723
-28.161658034519633
-26.60668131158633
-25.11752012304862
-23.692260806403453
-22.32901926916645
-21.025940946374305
-19.781200757530115
-18.593003062985133
-17.459581619735673
-16.37919953661992
-15.350149228899
-14.37075237219966
-13.439359855804241
-12.5543517352651
-11.714137184322823
-10.917154446108569
-10.076694183537626
-9.216964192701653
-8.430585208027054
-7.711299020352513
-7.053381362502805
-6.451596354076727
-5.901154832944798
-5.397676241847158
-4.937153766775914
-4.515922449703659
-4.130630021891115
-3.7782102256578582
-3.4558584123034493
-3.1610092219812884
-2.8913161678955497
-2.6446329623468685
-2.4189964360149077
-2.212610914544488
-2.0238339281006006
-1.8511631401648074
-1.69322439154924
-1.5487607644791552
-1.4166225797133478
-1.2957582470967388
-1.1852058967314765
-1.0840857241653161
-0.9915929886782457
-0.9069916089457841
-0.829608305111762
-0.7588272406515131
276.3945134548441
273.05674928067447
269.7187412739172
266.3807763420727
263.0429357675591
259.70523653905315
256.373799991995
253.0368521034177
249.6998222868018
246.36285495207036
243.02601066151024
239.6893102753094
236.35280124815415
233.01653929975026
229.68064927394218
227.72228610895118
224.38674923613092
221.0513281884129
217.71598350291634
214.38068848663858
211.05377847727257
207.73628078228296
204.42976965906524
201.13145192556908
197.83860587189042
194.55295297229895
191.4537277324144
189.38573742883426
188.53070450077695
187.9950305855943
191.93178326874693
197.7549968363578
200.6193288273725
203.0452891533539
205.38194457251439
207.80324047696467
210.3654151313442
213.069760616939
215.8731072672144
218.71448370743826
221.52257531656946
224.2473686671542
226.8435094656302
229.35106516562777
231.77278878340815
234.05023922013376
236.19885237635532
238.2269573096116
240.14883458862383
241.9686808449523
243.7067687744212
245.37303935358935
246.99645454088048
248.61850517118822
250.31186152224126
252.21826529611948
254.54932550283064
257.68297021149255
262.3115509568859
272.7404315597651
287.993950033924
1014.8
956.8156588410905
901.5253024552622
848.8331965780585
798.6459387730538
750.8724283174729
705.4238361239119
662.2135746985291
621.1572681361151
582.1727221524559
545.1798941543891
510.10086334800206
476.8598008853915
445.38294005044673
415.598546484111
387.4368884495914
360.83020713800505
335.71268701495643
312.020426208553
289.6914069393865
268.6654659930122
248.8842652354821
230.29126217249697
212.8316805527613
196.45248101614138
181.10233178724238
166.73157941504272
153.29221955923848
140.73786782397337
129.02373063965055
118.10657619354198
108.02988201000436
98.8129178173027
90.38233260927565
82.67103358892314
75.61765222642033
69.1660558723436
63.26490103939881
57.86722479755165
52.930071030775736
48.41414858107208
44.28351855918096
40.505308333523104
37.049449921219654
33.888440699238366
30.997124531342816
28.352491568995948
25.93349513298104
23.720884218436552
21.69705029033595
19.845887150171144
18.152662758621904
16.60390199414275
15.187279414429401
13.891521167332662
12.706315270601186
11.62222954643587
10.630636557757624
9.72364494881184
8.894036643700078
8.135209403048565
0.0
498.17375733875514
996.3839076010308
1494.587628771856
1992.7727891470192
2490.9368531031296
2988.166188484941
3486.2181121531935
3984.282263886909
4482.3370899662295
4980.373551243862
5478.388534258915
5976.374956222382
6474.324500760276
6972.218534462977
7470.085402346882
7967.926726648414
8465.750763621254
8963.563403247605
9461.368629557717
9959.183489828898
10457.032255450027
10954.944361243664
11452.932675286844
11951.015182852134
12449.215083090305
12948.494366666691
13453.431548241871
13966.214866105556
14486.885516981814
15041.06441934007
15609.393665601734
16184.95332822519
16767.114886291034
17355.997663060505
17951.964937387183
18555.4566912024
19166.843570533474
19786.319413019275
20413.907218826065
21049.39420473256
21692.518204937747
22342.807835647407
23000.22938719226
23664.327172893543
24334.734264317998
25011.082987021477
25693.053903092175
26380.360762863253
27072.708056726944
27769.92512563294
28471.77314131568
29178.24657967577
29889.343184397778
30605.471781909688
31327.43829705131
32056.858105993277
32796.691999356015
33552.50299507685
34351.80015612894
35082.90235875219
457.7670574444468
452.29247970458897
445.1824549746776
438.024170195908
431.1318591499569
424.6314231052676
418.57213737182565
448.62044240699436
443.48897496424854
438.6987983775037
434.3348832961645
430.3815345540497
426.8221236308908
423.6303120882767
420.7780583270379
418.6869783069544
416.41138728223575
414.404137914353
412.6558714692889
411.13361201711894
409.8202271874352
408.69513192301076
407.7354677180243
406.9256480961189
406.24015475159297
405.6575023788698
405.18171792063504
404.8625768239765
404.7716856748631
404.8023945392596
405.0440415747766
405.8431415411984
406.4459561739386
406.9902134758564
407.4911709423621
407.9593524247811
408.3983953787741
408.8064648010866
409.1810084253236
409.5194325395704
409.8214020972986
410.0890143088447
410.3256389156634
410.5356138169543
410.7231103273034
410.89189843709573
411.0458079682229
411.1869799310102
411.3177827583829
411.4400308866733
411.5554387532809
411.6659714638742
411.77304524300644
411.8800190738607
411.9900135809344
412.1103011789518
412.2509076272982
412.42913912866766
412.674546872919
413.0805078149719
413.9495870572075
330.9248164654312
324.9985317107249
317.2192669561893
309.2699139870906
301.5117070744059
294.0985261825972
287.0984216042884
274.4656790904189
268.8206343150898
263.3466917255209
258.2233062217191
253.4749839900964
249.1077204983193
245.1097792886272
241.4630471450537
238.5959079318248
235.5673714456707
232.8335256307299
230.3872085313404
228.196905169133
226.246254279897
224.5149481081576
222.9802106234668
221.6260176095955
220.4263863279492
219.359138427571
218.4273990963855
217.6800077621179
217.1876250171824
216.8426469441144
216.7334990295362
217.2084791769765
217.5153248891092
217.7900793334542
218.0469869709257
218.2959488594383
218.5404602151956
218.7789413834216
219.0093551389666
219.2296865774632
219.4400282773409
219.6425609409825
219.8402098944095
220.0362556815589
220.2332013496198
220.4325781673296
220.6355295916916
220.8412043286324
221.0488310089494
221.2570872673433
221.464696877439
221.6708712219248
221.874572919552
222.0770803244936
222.2797948552462
222.4886481235584
222.7126650106853
222.9684611226517
223.2851477594938
223.7558082842123
224.6823710106879
126.8422409790156
127.2939479938641
127.9631880184883
128.7542562088174
129.620152075551
130.5328969226704
131.4737157675373
174.1547633165754
174.6683406491587
175.3521066519828
176.1115770744454
176.9065505639533
177.7144031325715
178.5205327996495
179.3150111819842
180.0910703751296
180.8440158365651
181.5706122836231
182.2686629379485
182.9367068479859
183.5739729075382
184.1801838148532
184.7552570945575
185.2996304865234
185.8137684236438
186.2983639512988
186.7543188242495
187.1825690618586
187.5840606576807
187.9597475951452
188.3105425452404
188.6346623642219
188.9306312848294
189.2001341424022
189.4441839714364
189.6634035653428
189.8579351635785
190.027523417665
190.171653286357
190.2897459621072
190.3813738199577
190.4464533678622
190.4854290212539
190.4993581353954
190.4899089776836
190.4593202697661
190.4102783765313
190.3457756023778
190.2689517494335
190.18294361933
190.0907418758419
189.9951002419494
189.8984723234544
189.8029387493671
189.7102187256882
189.6216530553934
189.5382426166129
189.460678006016
189.3893991134252
189.3246995307596
189.2672160465196
515.2111151843903
504.4941749232157
494.2571777400764
484.4530597103214
475.0664699712888
466.140717069972
457.6786475250605
480.27704419757424
472.4721885117171
465.26506707276815
458.6236004871149
452.4883420746445
446.8299230389493
441.5962517440648
436.73355995602276
432.60987984197885
428.3802033899323
424.50363655048614
420.99318391428096
417.8275951720649
414.9942419352716
412.50286719028134
410.3676674333113
408.60956529148365
407.2015354048705
406.1253910191425
405.40276701458464
405.07026808500825
404.9589103658027
404.96544901854446
405.18162782705963
405.95787763208676
406.54085021796266
407.06826657070644
407.55530875054615
408.01212005323094
408.4422505821648
408.8431396242181
409.2121326904116
409.54620540728837
409.8447180070516
410.1096503156933
410.3441795453645
410.5525490277925
410.7386979257617
410.9063975027706
411.0594321889079
411.19989012225824
411.33011122739254
411.45188422635323
411.5669061789217
411.6771188258274
411.78393002559505
411.8906869401441
412.0005077873083
412.1206505347783
412.2611393258346
412.4392766959313
412.6846117461715
413.0905219309193
413.9595716098001
247.6114513834717
232.3353159693068
217.6737274133925
203.5862958224826
190.0485216349975
177.0870104112447
164.6619542538245
137.8921216035923
125.5085885973999
113.8771696077537
102.9945868621833
92.8265638292149
83.37168060713601
74.59510337721296
66.45616183008852
59.33474111621349
52.37772963588331
46.02232564027045
40.26863258653148
35.08321346821377
30.45246221449279
26.37752716258115
22.8478094746957
19.86533533024993
17.37728016269789
15.3400830239553
13.76786549165023
12.68247597758716
11.89781504862261
11.29567867870886
10.95589251529755
11.28355704069919
11.44701518754568
11.58170657236113
11.69853022374528
11.80352238051656
11.89451516339659
11.96306899589631
11.99980967954496
11.9949810499498
11.941440923967
11.83517874151756
11.67491576628378
11.46140550422571
11.19704643236123
10.88499921383755
10.53002428016802
10.13584271932561
9.707113225853188
9.248170087253381
8.762997706625747
8.255457827721768
7.727595938857233
7.18199064437313
6.618111811047546
6.036003361149359
5.431118724771696
4.790532460896623
4.07254527774112
3.150371042971881
0.0
267.5996638009186
272.1588589539089
276.5834503266839
280.8667638878388
285.0179483362913
289.0537066587273
293.016693271236
342.3849225939819
346.9635999143172
351.3878974650144
355.6290136249316
359.6617782454296
363.4582424318133
367.0011483668518
370.2773981259342
373.2751387257654
376.002473754049
378.4813109102157
380.7245513277495
382.7443817038511
384.5417797207788
386.1253400277002
387.5198579586156
388.7442299612337
389.8242552421726
390.7853079951872
391.6349015229344
392.3877921074211
393.0610953171801
393.6697703398356
394.2257353117621
394.6743205913876
395.093835030417
395.4865599983453
395.8567785268009
396.2085976727144
396.5477354187682
396.8800706283218
397.2123230108666
397.5512243573386
397.9032770830846
398.2744715741757
398.6692637790807
399.0911435235668
399.5416514934005
400.021398288933
400.5294079087399
401.0640474029326
401.6229980015394
402.2037141390999
402.803908472296
403.4216609981056
404.0563340867378
404.708696295771
405.3823959762608
406.0846471736289
406.8300206010629
407.6487442350347
408.6120664684304
409.9401508879474
413.9595716098001
57.44405773994353
52.20169521862671
49.074722765398775
46.428889514413186
43.934610821332
41.50929396470438
39.106510153234794
31.656601790579913
28.98321354746858
26.566268695264483
24.288717190950393
22.106807520594913
20.007799408058503
17.965939655788105
15.95550162898482
13.922901535024522
11.968816107696483
10.099498636133205
8.337312444991994
6.693983154945897
5.174014747836395
3.807735267270715
2.6321997152870154
1.683917195364785
0.9613806532775016
0.4678886402726903
0.2210490939496026
0.2076912610316981
0.18722469093958694
0.16305447928490935
0.13758625228308574
0.11473609088838543
0.09489404402410173
0.07805309484999157
0.06413780818400028
0.052767628449799986
0.043855203390791075
0.03667482313139203
0.03112426508801036
0.02677286771790932
0.023315909752994912
0.02063600684840594
0.018540629701078615
0.016935210838283865
0.015587598458409957
0.014499065674698386
0.013624220685017008
0.012910191247982539
0.01232846900981599
0.011853339680101271
0.01146742564088754
0.011147361953106838
0.01088478258859027
0.01066786628351224
0.010494206373977022
0.010349355826491546
0.010231698536500744
0.010137567263683422
0.010064873252616735
0.010014115947285518
0.009984552592612772
83.31336508195946
92.66321574141809
99.54553954279683
105.6836181646081
111.4631854394083
117.0115157713525
122.4364673504639
136.5735574868266
143.31204571769
149.4695221177672
155.2287193595358
160.6484201608815
165.7360398911833
170.5146759114142
175.0068853149652
179.2611668156113
183.1896418097875
186.8111999904594
190.118575944809
193.1136917009193
195.7937920654042
198.1374209455764
200.1324011487711
201.7606822793455
203.0491061652513
204.0190554036157
204.6595336047353
204.9975317845308
205.2898099685598
205.5469682654055
205.7776065142386
205.9249221362773
206.0683097015635
206.2083727610931
206.3484567471805
206.4924264789217
206.645945051799
206.8158723875253
207.0095454594216
207.2347055275134
207.4985873533739
207.807382199465
208.1652941281257
208.5748501773331
209.0361549172585
209.5475789534921
210.1055053115236
210.7053616093068
211.3417177830962
212.0089171800899
212.7016991708133
213.415413394203
214.1469769806948
214.8950896801205
215.6616830441986
216.4526447624091
217.2815462859135
218.177928661755
219.2126024817527
220.6054372412405
224.6823710106879
140.757422821903
144.8649109600448
148.6202623081956
152.1125076790213
155.3977962607403
158.5208097360569
161.5429775036987
168.2301592774065
172.2952592651586
176.0357908130317
179.5174365504862
182.7552276814764
185.7438392992418
188.4806155672023
190.96238694395
193.1840683506358
195.158457917484
196.9106986265926
198.455888389801
199.8076748558652
200.9678068132406
201.9451562128471
202.7646008640581
203.4445994747103
204.0104868185288
204.4869440438884
204.8805826986849
205.2052230455625
205.4770346594994
205.7100227446904
205.9151927665217
206.0396582271657
206.1632037455876
206.2864258559431
206.4125945553645
206.5451941073715
206.6898002551898
206.8525472106567
207.0406697245096
207.2614783952313
207.5219032631269
207.8280182063134
208.1838347578268
208.5917853881714
209.0517425157169
209.5620780191668
210.1191295322086
210.7182718005548
211.354046252106
212.02077051977
212.7131665964542
213.4265607561561
214.1578617632834
214.905757546404
215.6721772505726
216.4629941182356
217.29177798445
218.1880662290187
219.2226673550053
220.6154513571878
224.6923555632805
-0.762081450192485
-0.47661548643588025
-0.42322112274317625
-0.41872977294905467
-0.427888494738507
-0.44554602425484047
-1.45325279810813
-0.5485172393645699
-0.5224813589260962
-0.5186894067546709
-0.5241152008091979
-0.5320537964781716
-0.5467030463257039
-0.5687356351085314
-0.6082638275295007
-0.6190937220100706
-0.6273576606632365
-0.6268939085803352
-0.6203982820738945
-0.6092582413565943
-0.5824441675565046
-0.5329314947047326
-0.45786774854425977
-0.37187282695869794
-0.2709720206084326
-0.1447066401792476
-0.008264640892668013
-0.0135712843167001
-0.01738060059217189
-0.01947156024532809
-0.0190936007694288
-0.018122472494754308
-0.016761554284568686
-0.01510931375026539
-0.013419969470817
-0.011485392648925313
-0.01046456858931391
-0.008069533292798192
-0.00741419557288292
-0.006590240260837876
-0.0049845177626779424
-0.0024486041090057142
-0.004486228751499288
-0.002433998982499075
-0.0015635761354728661
-0.005276321898352032
-0.002046693868592797
0.002166706849130229
0.00503851703345326
0.0022039846357868598
-0.013537882421283953
-0.0021191897663999093
0.022426220949870235
-0.014289959313299683
0.02733944925374221
-0.03187971221486752
0.01625254829276024
-0.0264690578702087
0.0016743861018806427
0.5617169650025531
0.0
-1.359934212293085
-1.04980748430492
-0.9824508743358767
-0.9712383195808783
-0.9794879719160747
-1.006698411667512
-2.759288338642674
-1.384224554995219
-1.332092022831095
-1.313011021865579
-1.303021789564589
-1.290814094416934
-1.280372951120673
-1.272023641337932
-1.274066084602003
-1.245251970547779
-1.216025438061263
-1.177337594975116
-1.131274285914585
-1.07502748976222
-0.9992177561476764
-0.9049258656587268
-0.7865376383011209
-0.6634222703786881
-0.5329179600567588
-0.3758796375135064
-0.2121093098907723
-0.1963478095099219
-0.1851459376003167
-0.1781746153541002
-0.1232976155432593
-0.131204141097226
-0.1401166802040623
-0.1532092192349617
-0.172146335334979
-0.2006862828897013
-0.2428567567248806
-0.3026121504829793
-0.3846260281818497
-0.4928184488133481
-0.6304892676526437
-0.7989397075244237
-0.9994966809312222
-1.230796086029631
-1.491796222212942
-1.779243651600679
-2.091394428083488
-2.425599887759742
-2.780383644968139
-3.156282356308016
-3.554952384268757
-3.983746498958276
-4.453862646662119
-4.989591901966823
-5.628408540487511
-6.448567717141585
-7.624016264575603
-9.621087038434487
-14.15958281006488
-45.31215274917974
0.0
0.5978527621006001
0.5731919978690398
0.5592297515927005
0.5525085466318236
0.5515994771775677
0.5611523874126715
1.306035540534544
0.8357073156306492
0.8096106639049989
0.7943216151109082
0.7789065887553911
0.7587602979387623
0.7336699047949691
0.7032880062294006
0.6658022570725024
0.6261582485377083
0.5886677773980264
0.5504436863947807
0.5108760038406905
0.4657692484056257
0.4167735885911718
0.3719943709539942
0.3286698897568611
0.2915494434199901
0.2619459394483262
0.2311729973342588
0.2038446689981043
0.1827765251932218
0.1677653370081448
0.1587030551087721
0.1042040147738305
0.1130816686024717
0.1233551259194936
0.1380999054846963
0.158726365864162
0.189200890240776
0.2323921881355667
0.2945426171901811
0.3772118326089668
0.4862282085525102
0.6255047498899657
0.796491103415418
0.995010452179723
1.228362087047132
1.490232646077469
1.773967329702327
2.089347734214895
2.427766594608872
2.785422162001592
3.158486340943803
3.541414501847473
3.981627309191876
4.47628886761199
4.975301942653523
5.655747989741253
6.416688004926717
7.640268812868364
9.594617980564278
14.16125719616676
45.87386971418229
0.0
1.0
1.0
1.0
1.0
1.0
1.0
1.0
1.0
1.0
1.0
1.0
1.0
1.0
1.0
1.0
1.0
1.0
1.0
1.0
1.0
1.0
1.0
1.0
1.0
1.0
1.0
0.0
0.0
0.0
0.0
0.0
0.0
0.0
0.0
0.0
0.0
0.0
0.0
0.0
0.0
0.0
0.0
0.0
0.0
0.0
0.0
0.0
0.0
0.0
0.0
0.0
0.0
0.0
0.0
0.0
0.0
0.0
0.0
0.0
0.0
0.0
1.0
1.0
1.0
1.0
1.0
1.0
1.0
1.0
1.0
1.0
1.0
1.0
1.0
1.0
1.0
1.0
0.5257894736842106
0.5257894736842106
0.5257894736842106
0.5257894736842106
0.5257894736842106
0.5257894736842106
0.5257894736842106
0.5257894736842106
0.5257894736842106
0.5257894736842106
0.5257894736842106
0.5257894736842106
0.5257894736842106
0.5257894736842106
0.5257894736842106
0.5257894736842106
0.5257894736842106
0.5257894736842106
0.5257894736842106
0.5257894736842106
0.5257894736842106
0.5257894736842106
0.5257894736842106
0.5257894736842106
0.5257894736842106
0.5257894736842106
0.5257894736842106
0.5257894736842106
0.5257894736842106
1.0
1.0
1.0
1.0
1.0
1.0
1.0
1.0
1.0
1.0
1.0
1.0
1.0
1.0
1.0
1.0
1.0
1.0
1.0
1.0
1.0
1.0
1.0
1.0
1.0
1.0
1.0
1.0
1.0
0.005690526315789474
0.0049996019426621135
0.004353695237857932
0.0037576837447275135
0.003214563668724718
0.0027256082961014416
0.002290574689606143
0.0019079415997573562
0.0015751622735526458
0.0012889175302073582
0.0010453568368485068
0.0008403178754819553
0.0006695179803955139
0.0005287136125461633
0.00041382654397013484
0.0003210375264814951
0.000246849846642336
0.00018812630583214712
0.00014210383477952093
0.00010639021163664829
7.894727648865654e-05
5.806470668691594e-05
4.232791976781774e-05
3.058307985501528e-05
2.1901563374192186e-05
1.5545640466190036e-05
1.0936584844023269e-05
7.625958513060493e-06
5.270438557219068e-06
3.6102616301561665e-06
4.742105263157894e-12
4.742105263157894e-12
4.742105263157894e-12
4.742105263157894e-12
4.742105263157894e-12
4.742105263157894e-12
4.742105263157894e-12
4.742105263157894e-12
4.742105263157894e-12
4.742105263157894e-12
4.742105263157894e-12
4.742105263157894e-12
4.742105263157894e-12
4.742105263157894e-12
4.742105263157894e-12
4.742105263157894e-12
4.742105263157894e-12
4.742105263157894e-12
4.742105263157894e-12
4.742105263157894e-12
4.742105263157894e-12
4.742105263157894e-12
4.742105263157894e-12
4.742105263157894e-12
4.742105263157894e-12
4.742105263157894e-12
4.742105263157894e-12
4.742105263157894e-12
4.742105263157894e-12
4.742105263157894e-12
0.0004
0.0004
0.0004
0.0004
0.0004
0.0004
0.0004
0.0004
0.0004
0.0004
0.0004
0.0004
0.0004
0.0004
0.0004
0.0004
0.0004
0.0004
0.0004
0.0004
0.0004
0.0004
0.0004
0.0004
0.0004
0.0004
0.0004
0.0004
0.0004
0.0004
0.0004
0.0004
0.0004
0.0004
0.0004
0.0004
0.0004
0.0004
0.0004
0.0004
0.0004
0.0004
0.0004
0.0004
0.0004
0.0004
0.0004
0.0004
0.0004
0.0004
0.0004
0.0004
0.0004
0.0004
0.0004
0.0004
0.0004
0.0004
0.0004
0.0004
1.7322297340509496e-42
2.7274300498348094e-40
3.38520592634022e-38
3.340078856607049e-36
2.6414104914533314e-34
1.6877252204372024e-32
8.781045306822986e-31
3.748653514062508e-29
1.32284844300314e-27
3.886762068681088e-26
9.575548548264268e-25
1.9916384562026333e-23
3.52063842183636e-22
5.3236580002712434e-21
6.929665890714154e-20
7.812436607437913e-19
7.673889661624742e-18
6.605526581708447e-17
5.010678755372086e-16
3.3677878804921295e-15
2.016240572836122e-14
1.0807107709161197e-13
5.211910360899798e-13
2.272413655476346e-12
8.999045364777151e-12
3.251424780964944e-11
1.0764749255869143e-10
3.2795023463072254e-10
9.230897163259248e-10
2.4099511013495653e-09
5.857828593806157e-09
1.3213918960294605e-08
2.7633405007069234e-08
5.3920172025920165e-08
9.875273391228389e-08
1.7067733880002653e-07
2.797557622786115e-07
4.368406055621806e-07
6.525360147202993e-07
9.359808135353098e-07
1.2936405261121315e-06
1.728301321926677e-06
2.2384230140155095e-06
2.817942175284456e-06
3.4565386949396677e-06
4.140307937712861e-06
4.852729305151746e-06
5.5757964639105736e-06
6.291174056112218e-06
6.9812648359926294e-06
7.630102165964341e-06
8.224017955918322e-06
8.752069248231644e-06
9.206233706238e-06
9.581403382162219e-06
9.875217192366786e-06
1.0087776549697575e-05
1.0221287231573557e-05
1.0279665583444358e-05
1.0268140200657238e-05
3.06e-07
3.06e-07
3.06e-07
3.06e-07
3.06e-07
3.06e-07
3.06e-07
3.06e-07
3.06e-07
3.06e-07
3.06e-07
3.06e-07
3.06e-07
3.06e-07
3.06e-07
3.06e-07
3.06e-07
3.06e-07
3.06e-07
3.06e-07
3.06e-07
3.06e-07
3.06e-07
3.06e-07
3.06e-07
3.06e-07
3.06e-07
3.06e-07
3.06e-07
3.06e-07
3.06e-07
3.06e-07
3.06e-07
3.06e-07
3.06e-07
3.06e-07
3.06e-07
3.06e-07
3.06e-07
3.06e-07
3.06e-07
3.06e-07
3.06e-07
3.06e-07
3.06e-07
3.06e-07
3.06e-07
3.06e-07
3.06e-07
3.06e-07
3.06e-07
3.06e-07
3.06e-07
3.06e-07
3.06e-07
3.06e-07
3.06e-07
3.06e-07
3.06e-07
3.06e-07
0.0
0.0
0.0
0.0
0.0
0.0
0.0
0.0
0.0
0.0
0.0
0.0
0.0
0.0
0.0
0.0
0.0
0.0
0.0
0.0
0.0
0.0
0.0
0.0
0.0
0.0
0.0
0.0
0.0
0.0
0.0
0.0
0.0
0.0
0.0
0.0
0.0
0.0
0.0
0.0
0.0
0.0
0.0
0.0
0.0
0.0
0.0
0.0
0.0
0.0
0.0
0.0
0.0
0.0
0.0
0.0
0.0
0.0
0.0
0.0
1.65e-06
1.65e-06
1.65e-06
1.65e-06
1.65e-06
1.65e-06
1.65e-06
1.65e-06
1.65e-06
1.65e-06
1.65e-06
1.65e-06
1.65e-06
1.65e-06
1.65e-06
1.65e-06
1.65e-06
1.65e-06
1.65e-06
1.65e-06
1.65e-06
1.65e-06
1.65e-06
1.65e-06
1.65e-06
1.65e-06
1.65e-06
1.65e-06
1.65e-06
1.65e-06
1.65e-06
1.65e-06
1.65e-06
1.65e-06
1.65e-06
1.65e-06
1.65e-06
1.65e-06
1.65e-06
1.65e-06
1.65e-06
1.65e-06
1.65e-06
1.65e-06
1.65e-06
1.65e-06
1.65e-06
1.65e-06
1.65e-06
1.65e-06
1.65e-06
1.65e-06
1.65e-06
1.65e-06
1.65e-06
1.65e-06
1.65e-06
1.65e-06
1.65e-06
1.65e-06
0.0
0.0
0.0
0.0
0.0
0.0
0.0
0.0
0.0
0.0
0.0
0.0
0.0
0.0
0.0
0.0
0.0
0.0
0.0
0.0
0.0
0.0
0.0
0.0
0.0
0.0
0.0
0.0
0.0
0.0
0.0
0.0
0.0
0.0
0.0
0.0
0.0
0.0
0.0
0.0
0.0
0.0
0.0
0.0
0.0
0.0
0.0
0.0
0.0
0.0
0.0
0.0
0.0
0.0
0.0
0.0
0.0
0.0
0.0
0.0
0.0
0.0
0.0
0.0
0.0
0.0
0.0
0.0
0.0
0.0
0.0
0.0
0.0
0.0
0.0
0.0
0.0
0.0
0.0
0.0
0.0
0.0
0.0
0.0
0.0
0.0
0.0
0.0
0.0
0.0
0.0
0.0
0.0
0.0
0.0
0.0
0.0
0.0
0.0
0.0
0.0
0.0
0.0
0.0
0.0
0.0
0.0
0.0
0.0
0.0
0.0
0.0
0.0
0.0
0.0
0.0
0.0
0.0
0.0
0.0
2
2
1
276.3945134548441
0.009984552592612772
0.0
0.0
25.0
6.7
1.0
2.0
3.0
4.0
5.0
6.0
7.0
8.0
9.0
10.0
11.0
12.0
13.0
14.0
15.0
16.0
17.0
18.0
19.0
20.0
21.0
22.0
23.0
24.0
25.0
26.0
27.0
28.0
29.0
30.0
31.0
32.0
33.0
34.0
35.0
36.0
37.0
38.0
39.0
40.0
41.0
42.0
43.0
44.0
45.0
46.0
47.0
48.0
49.0
50.0
51.0
52.0
53.0
54.0
55.0
56.0
57.0
58.0
59.0
60.0
0.0
0.0
0.0
0.0
0.0
0.0
0.66
0.0
0.0
0.0
0.0
0.0
0.0
0.0
0.0
0.0
0.0
0.0
0.0
0.0
0.0
0.0
0.0
0.0
0.0
0.0
0.0
0.0
0.0
0.0
0.0
0.0
0.0
0.0
0.0
0.0
0.0
0.0
0.0
0.0
0.0
0.0
0.0
0.0
0.0
0.0
0.0
0.0
0.0
0.0
0.0
0.0
0.0
0.0
0.0
0.0
0.0
0.0
0.0
0.0
0.0
0.0
0.0
0.0
0.0
0.0
3.0
0.0
0.0
0.0
0.0
0.0
0.0
0.0
0.0
0.0
0.0
0.0
0.0
0.0
0.0
0.0
0.0
0.0
0.0
0.0
0.0
0.0
0.0
0.0
0.0
0.0
0.0
0.0
0.0
0.0
0.0
0.0
0.0
0.0
0.0
0.0
0.0
0.0
0.0
0.0
0.0
0.0
0.0
0.0
0.0
0.0
0.0
0.0
0.0
0.0
0.0
0.0
0.0
0.0
0.0
0.0
0.0
0.0
0.0
0.0
0.5
0.0
0.0
0.0
0.0
0.0
0.0
0.0
0.0
0.0
0.0
0.0
0.0
0.0
0.0
0.0
0.0
0.0
0.0
0.0
0.0
0.0
0.0
0.0
0.0
0.0
0.0
0.0
0.0
0.0
0.0
0.0
0.0
0.0
0.0
0.0
0.0
0.0
0.0
0.0
0.0
0.0
0.0
0.0
0.0
0.0
0.0
0.0
0.0
0.0
0.0
0.0
0.0
0.0
0.0
