9.81
6.022e+23
0
0
0
3
0
1
243.3092279568488
2
2
0
0
1
1
0
1
60
7
1000.0
1.0


3
3
0
80.10220330563587
0
6.5
150.0
1000.0
287.04
9.81
79000.0
40.0
20000.0
0.0
0.0
0.0
0.0
0.0280134
0.04401
0.0319988
0.039948
0.01604
0.01801528
0.048
99000.0
2.1153802199668344e+29
0.8
1e-06
1000000.0
0.6
3.0
0.0001
500
43
0.6476904811851334
0
1
6
1.0
1
0
1
1
0.1
1000000000000.0
2
260.946642041019
260.0960020487094
259.2333486063722
258.3582957912403
257.47043808416635
256.5693489955197
255.65457956715335
254.7256567366807
253.78208154847732
252.82332719371254
251.8488368592738
250.85802136260844
249.85025654620162
248.82488040154522
247.7811898879234
246.71843740601287
245.6358268800078
244.532509394531
243.40757832373606
242.26006387943397
241.08892699240545
239.89305242549352
238.6712411209066
237.4221550184569
236.16149286527627
234.87592220194543
233.56177446429382
232.21628804301614
230.83562895158434
229.4201458591726
227.96641544702612
226.46854472104633
224.92818017742562
223.33912081621222
221.69751097845264
220.00318552263195
218.24866171381908
216.4297018595271
214.54376200754106
212.58328673832025
210.56780402948678
208.45998159336446
206.24946155327297
203.94544953593933
202.24515718820987
201.2660033664556
200.4289460072485
199.67818080343338
198.99503444347818
198.37825936888362
197.84713795066338
197.48153050791714
197.4064245922701
197.89929806410026
200.01479547895602
203.8533170762032
210.64695415024238
219.84612668332645
232.66531296703826
242.2590088107492
243.31098533618285
242.51739925486163
241.7125629978762
240.89616684200328
240.06784648046937
239.22720639915545
238.3738197744085
237.5072343583052
236.626977688132
235.73255169947248
234.82343379914553
233.8990731437356
232.95888584789387
232.00225522041745
231.0285276347085
230.03700986140947
229.0269616497254
227.99759066223422
226.94805224761149
225.8774417789768
224.78478971647814
223.6690639014029
222.52922263502992
221.36702336882578
220.1780317637822
218.95774404774008
217.7076521346491
216.42619311764508
215.11156519848694
213.76178490779242
212.3746729757295
210.94783397030616
209.47862588432932
207.9641222751763
206.4010700430495
204.785836908346
203.11434717140673
201.38199949566913
199.5835322352068
197.71278782437201
195.761848354727
193.65373841896084
205.23805940358383
205.69552657137447
206.60341751175605
207.0796374691303
207.55190743762788
208.08673401167687
208.6535043776126
209.261610919568
209.7905196902809
210.26059220940516
210.68004336696802
211.09739049624096
211.67527107083384
212.16538478836216
212.8731813081741
213.57205768404035
214.3162895948478
226.9520196918404
991.675
975.0250000000001
958.375
941.7249999999999
925.075
908.425
891.7750000000001
875.125
858.4749999999999
841.825
825.175
808.5250000000001
791.875
775.225
758.575
741.925
725.2750000000001
708.625
691.975
675.325
658.675
642.0250000000001
625.375
608.725
592.075
575.425
558.7750000000001
542.125
525.4750000000001
508.82500000000005
492.17500000000007
475.52500000000003
458.87500000000006
442.2250000000001
425.57500000000005
408.925
392.27500000000003
375.62500000000006
358.9750000000001
342.32500000000005
325.675
309.02500000000003
292.37500000000006
275.7250000000001
259.0750000000001
242.42500000000007
225.77500000000003
209.12500000000006
192.47500000000008
175.8250000000001
159.17500000000007
142.52500000000003
125.87500000000006
109.22500000000008
92.5750000000001
75.92500000000013
59.27500000000009
42.62500000000006
25.97500000000008
9.325000000000045
991.675
975.0250000000001
958.375
941.7249999999999
925.075
908.425
891.7750000000001
875.125
858.4749999999999
841.825
825.175
808.5250000000001
791.875
775.225
758.575
741.925
725.2750000000001
708.625
691.975
675.325
658.675
642.0250000000001
625.375
608.725
592.075
575.425
558.7750000000001
542.125
525.4750000000001
508.82500000000005
492.17500000000007
475.52500000000003
458.87500000000006
442.2250000000001
425.57500000000005
408.925
392.27500000000003
375.62500000000006
358.9750000000001
342.32500000000005
325.675
309.02500000000003
292.37500000000006
275.7250000000001
259.0750000000001
242.42500000000007
225.77500000000003
209.12500000000006
192.47500000000008
175.8250000000001
159.17500000000007
142.52500000000003
125.87500000000006
109.22500000000008
92.5750000000001
75.92500000000013
59.27500000000009
42.62500000000006
25.97500000000008
9.325000000000045
64.97902928079861
195.84672040535168
328.56263461107795
463.1861446313712
599.7796380273633
738.4087285883843
879.142486798597
1022.0536914866975
1167.2191050564463
1314.7197750202574
1464.6413649339117
1617.0745182670457
1772.1152592527114
1929.8654353536958
2090.4332066801294
2253.93358851252
2420.489054051761
2590.23020566358
2763.2965242474156
2939.8372079861965
3120.012113682892
3303.9928162847254
3491.963786221177
3684.1308789057466
3880.7183007322224
4081.9626640909783
4288.119382226825
4499.464695088067
4716.299928842403
4938.955074830927
5167.7895152893925
5403.198837267777
5645.620015341359
5895.5348842507365
6153.480681609282
6420.057009893367
6695.934168189804
6981.869295336498
7278.720594072873
7587.4841162001585
7909.298309157593
8245.453339220381
8597.467514230791
8967.892244664712
9360.477389823884
9779.173118096085
10228.23175766029
10712.889418332004
11239.791454042941
11817.611959881191
12458.096643254627
13177.804800327915
14001.319628889432
14969.0900256731
16149.521267159054
17669.299820442604
19791.3954940239
23229.719724135586
31740.05306167988
56560.69457252452
60.617617363790835
182.70778372090328
306.5287463340468
432.1281549298791
559.5620567043253
688.8912999833902
820.1815499444574
953.5023831911187
1088.9264862946866
1226.5304845499961
1366.3947769079866
1508.6041085095167
1653.2483078697824
1800.4222505584614
1950.226494513685
2102.767690405844
2258.159722972626
2416.524490278961
2577.9919386824577
2742.7012415493327
2910.801558856818
3082.4516842530093
3257.811879079621
3436.6117661879525
3619.533551579272
3807.2701232780614
3999.5919560612906
4196.739497138832
4398.9899462400845
4606.648452500783
4820.0502882027695
5039.563981344824
5265.59599457203
5498.5965498263395
5739.066123999695
5987.563529338693
6244.715796560116
6511.23082359667
6787.918094437029
7075.724926873148
7375.869460664691
7700.194066167176
8052.907399351792
8428.882774906651
8831.210551197564
9263.212539151265
9729.520225355467
10235.963729559891
10789.939884685693
11400.899183110756
12081.30187313618
12848.358340867093
13726.839650292697
14754.593046173368
15992.252828147506
17547.736230810275
19643.032499169567
22873.352799507273
30811.646637613703
56560.69457252452
3.521179111399233e+23
3.521179111399233e+23
3.521179111399257e+23
3.521179111399233e+23
3.521179111399233e+23
3.521179111399233e+23
3.521179111399233e+23
3.521179111399257e+23
3.521179111399233e+23
3.521179111399233e+23
3.521179111399233e+23
3.521179111399233e+23
3.521179111399257e+23
3.5211791113992086e+23
3.521179111399257e+23
3.521179111399233e+23
3.521179111399233e+23
3.521179111399257e+23
3.5211791113992086e+23
3.521179111399257e+23
3.521179111399233e+23
3.521179111399233e+23
3.521179111399257e+23
3.5211791113992086e+23
3.521179111399257e+23
3.521179111399233e+23
3.521179111399233e+23
3.521179111399233e+23
3.521179111399233e+23
3.521179111399244e+23
3.521179111399244e+23
3.521179111399233e+23
3.521179111399233e+23
3.521179111399233e+23
3.521179111399257e+23
3.521179111399233e+23
3.521179111399233e+23
3.521179111399233e+23
3.521179111399233e+23
3.521179111399257e+23
3.521179111399233e+23
3.521179111399233e+23
3.521179111399233e+23
3.521179111399233e+23
3.521179111399233e+23
3.521179111399257e+23
3.521179111399233e+23
3.521179111399233e+23
3.521179111399233e+23
3.521179111399233e+23
3.521179111399257e+23
3.521179111399233e+23
3.521179111399233e+23
3.521179111399233e+23
3.521179111399233e+23
3.521179111399233e+23
3.521179111399257e+23
3.521179111399233e+23
3.521179111399233e+23
3.521179111399257e+23
3.521179111399233e+23
3.521179111399233e+23
3.521179111399257e+23
3.521179111399233e+23
3.521179111399233e+23
3.521179111399233e+23
3.521179111399233e+23
3.521179111399257e+23
3.521179111399233e+23
3.521179111399233e+23
3.521179111399233e+23
3.521179111399233e+23
3.521179111399257e+23
3.5211791113992086e+23
3.521179111399257e+23
3.521179111399233e+23
3.521179111399233e+23
3.521179111399257e+23
3.5211791113992086e+23
3.521179111399257e+23
3.521179111399233e+23
3.521179111399233e+23
3.521179111399257e+23
3.5211791113992086e+23
3.521179111399257e+23
3.521179111399233e+23
3.521179111399233e+23
3.521179111399233e+23
3.521179111399233e+23
3.521179111399244e+23
3.521179111399244e+23
3.521179111399233e+23
3.521179111399233e+23
3.521179111399233e+23
3.521179111399257e+23
3.521179111399233e+23
3.521179111399233e+23
3.521179111399233e+23
3.521179111399233e+23
3.521179111399257e+23
3.521179111399233e+23
3.521179111399233e+23
3.521179111399233e+23
3.521179111399233e+23
3.521179111399233e+23
3.521179111399257e+23
3.521179111399233e+23
3.521179111399233e+23
3.521179111399233e+23
3.521179111399233e+23
3.521179111399257e+23
3.521179111399233e+23
3.521179111399233e+23
3.521179111399233e+23
3.521179111399233e+23
3.521179111399233e+23
3.521179111399257e+23
3.521179111399233e+23
3.521179111399233e+23
3.521179111399257e+23
-2.8436840858069923
-2.7839056132813726
-2.7484918077341947
-2.7384839426184295
-2.712260551137676
-2.6954273687491965
-2.689183749722465
-2.680971701592405
-2.6678905781934583
-2.6487243885307623
-2.6150071241755177
-2.5681381712155513
-2.5059966365884083
-2.444915986294962
-2.3888594468838615
-2.333877730945737
-2.3121779807033622
-2.2848571792967753
-2.2543555759861658
-2.225462564756697
-2.193042903289994
-2.1589379969217966
-2.123485610221783
-2.083293079511556
-2.0450162867128885
-1.9980996318998443
-1.9442214201435475
-1.8851291520574167
-1.825321901297658
-1.7590678511586941
-1.6887842300064393
-1.6212258854669916
-1.5476532266706706
-1.4738247706840721
-1.4006856612788128
-1.3204778921880238
-1.2396492394986631
-1.156958974647527
-1.0659445139212012
-0.9687310784669669
-0.8094030436956482
-0.6481176547149914
-0.4853137881583212
-0.26405866444481857
-0.20950039780643953
-0.22829373127574565
-0.2258950521964555
-0.2137273362566185
-0.1950358373782804
-0.172255984762555
-0.1460563693475329
-0.11918515278318959
-0.09243592088499775
-0.06764478219867451
-0.051073750859237876
-0.03929305762546542
-0.027990783698352797
-0.015143497384724924
-0.008143980622576832
-0.006539173526719701
0.05740541300228652
0.2524840127044228
0.30468595289369427
0.30613356860151253
0.2943663480625922
0.2790915378680521
0.265345907151056
0.2602810765955952
0.2597105547654399
0.2626985375965416
0.2693130800735666
0.27538762646555304
0.2827813136501425
0.2900176312057381
0.29593177527614856
0.30039840180339583
0.3017991882200992
0.3036608598737218
0.30523122742416464
0.3058639146818505
0.3071728479412603
0.3078096347153061
0.301964903269907
0.2344844168356086
-3.034313900120946
0.29793497961025783
0.39130373094784443
0.416633411898955
0.4347302471361647
0.4531065482902361
0.4740901516563344
0.4990568636981304
0.5266749703850397
0.5583897719029973
0.594188830982073
0.6351552126078739
0.6820240615016903
0.7370186611607944
0.8041253746954015
0.9043840668440377
1.0923266180242024
1.8126361266608564
-0.06494114244236315
-0.05716446510308987
-0.0625371582024995
-0.06157079537014781
-0.060588907183596
-0.05901671711686368
-0.0577389931964602
-0.05575337765999738
-0.05256840451554706
-0.04777905587425765
-0.041749393817886477
-0.03501515522351675
-0.02793310619017994
-0.0211943052927345
-0.014944119108139267
-0.008879556900107194
-0.0038533328309725695
-0.00206547801847351
-1.2333315318481937
-1.2000690976681199
-1.191432842153887
-1.208534785479415
-1.2089006085389826
-1.2188597388005888
-1.2394149444746034
-1.2580699961701072
-1.2718810228142274
-1.2796193526602622
-1.2725717673411339
-1.252711971149779
-1.2170464486281105
-1.1828336171599005
-1.1540732651599797
-1.126214690243529
-1.1309425696970834
-1.130483799134396
-1.126847634359308
-1.1246622765184213
-1.1190336263542804
-1.1119418276242072
-1.103344929938487
-1.0900660877651092
-1.0785216806087874
-1.0584737089332066
-1.0314468237188805
-0.9994516157818225
-0.9663911915211827
-0.9270757191069094
-0.8837682128894073
-0.843381915775808
-0.7965786108895543
-0.7497458087800339
-0.7036402820559147
-0.6504942342443769
-0.5968132175869698
-0.5411742607305428
-0.4772620902882352
-0.40732670990564657
-0.27532445689283236
-0.14149962433398855
-0.006869684791496411
0.1822403722044328
0.23109437102766606
0.18327242350588335
0.15759516561274722
0.14215115751810004
0.13366638409178222
0.12872196953117054
0.12760871415460429
0.12688114294988395
0.12616325334366252
0.12369186446227332
0.11327340950597886
0.09778487737659702
0.08213431537944871
0.06719896789797986
0.04752320928912468
0.022100195239289633
-1.5523223150624403
-1.3305170946008218
-1.2516096861304646
-1.2233975001167678
-1.2082728066460575
-1.196558373442258
-1.1835644932861058
-1.162569977260084
-1.135811564004939
-1.105998102254354
-1.072539714075944
-1.0399196441357574
-1.005782457414881
-0.9716309328479937
-0.9388289968343102
-0.9075674319058464
-0.8794250730199593
-0.8506353459952578
-0.8223927319960254
-0.7948604944689421
-0.7668596431028334
-0.7394502575868103
-0.7184572711507258
-0.7591182701552128
-4.002300776408191
-0.6421576709030035
-0.5221337644641153
-0.4700735948387944
-0.4252377937299343
-0.37990933766425883
-0.3325205250896772
-0.28064795542007914
-0.22634885794198567
-0.16777438816302492
-0.10520241049286483
-0.03751248809237495
0.03604679702399949
0.11790849573446849
0.2117548465184882
0.33870757028276444
0.5531461469596195
1.2986430330130219
-0.545796537966865
-0.5118879586471223
-0.4905011481039594
-0.4631716054801984
-0.43553513683966116
-0.40699151702170866
-0.3790943409124452
-0.35045614225700206
-0.32074084877734776
-0.28915338147865555
-0.25661600564600917
-0.22310797650274594
-0.1895895114320183
-0.15603860023287552
-0.12310389861417548
-0.09046911378609934
-0.05913288787894544
-0.030548439588258702
-1.6106632113549122
-1.583845668885853
-1.5570281264167936
-1.5302105839477345
-1.5033930414786751
-1.4765754990096158
-1.4497579565405565
-1.4229404140714974
-1.3961228716024376
-1.3693053291333785
-1.3424877866643192
-1.3156702441952601
-1.2888527017262008
-1.2620351592571415
-1.2352176167880826
-1.2084000743190229
-1.1815825318499635
-1.1547649893809044
-1.127947446911845
-1.1011299044427858
-1.0743123619737267
-1.0474948195046672
-1.020677277035608
-0.9938597345665486
-0.9670421920974894
-0.94022464962843
-0.9134071071593708
-0.8865895646903115
-0.8597720222212523
-0.832954479752193
-0.8061369372831336
-0.7793193948140743
-0.7525018523450151
-0.7256843098759558
-0.6988667674068965
-0.6720492249378371
-0.6452316824687778
-0.6184141399997186
-0.5915965975306593
-0.5647790550616001
-0.5379615125925407
-0.5111439701234815
-0.4843264276544222
-0.457508885185363
-0.43069134271630366
-0.40387380024724445
-0.377056257778185
-0.3502387153091257
-0.3234211728400665
-0.29660363037100723
-0.26978608790194797
-0.24296854543288854
-0.21615100296382928
-0.18933346049477004
-0.1625159180257108
-0.13569837555665154
-0.10888083308759229
-0.08206329061853285
-0.0552457481494736
-0.028428205680414344
1.6098248735970067
1.5830212894516165
1.5562177053062265
1.529414121160836
1.5026105370154461
1.4758069528700557
1.4490033687246657
1.4221997845792758
1.3953962004338853
1.3685926162884952
1.3417890321431052
1.314985447997715
1.2881818638523248
1.2613782797069346
1.2345746955615446
1.2077711114161542
1.180967527270764
1.1541639431253743
1.1273603589799837
1.1005567748345937
1.0737531906892035
1.0469496065438133
1.0201460223984233
0.9933424382530329
0.966538854107643
0.9397352699622527
0.9129316858168626
0.8861281016714724
0.8593245175260822
0.8325209333806922
0.8057173492353019
0.7789137650899117
0.7521101809445216
0.7253065967991315
0.6985030126537414
0.6716994285083511
0.644895844362961
0.6180922602175708
0.5912886760721806
0.5644850919267905
0.5376815077814002
0.51087792363601
0.48407433949061995
0.45727075534522993
0.4304671711998397
0.40366358705444966
0.3768600029090593
0.35005641876366916
0.3232528346182791
0.2964492504728889
0.2696456663274988
0.24284208218210848
0.21603849803671835
0.18923491389132827
0.16243132974593813
0.135627745600548
0.10882416145515787
0.08202057730976756
0.055216993164377434
0.028413409018987312
-16.649999999999977
-16.649999999999977
-16.65000000000009
-16.649999999999977
-16.649999999999977
-16.649999999999977
-16.649999999999977
-16.65000000000009
-16.649999999999977
-16.649999999999977
-16.649999999999977
-16.649999999999977
-16.65000000000009
-16.649999999999864
-16.65000000000009
-16.649999999999977
-16.649999999999977
-16.65000000000009
-16.649999999999864
-16.65000000000009
-16.649999999999977
-16.649999999999977
-16.65000000000009
-16.649999999999864
-16.65000000000009
-16.649999999999977
-16.649999999999977
-16.649999999999977
-16.649999999999977
-16.650000000000034
-16.650000000000034
-16.649999999999977
-16.649999999999977
-16.649999999999977
-16.65000000000009
-16.649999999999977
-16.649999999999977
-16.649999999999977
-16.649999999999977
-16.65000000000009
-16.649999999999977
-16.649999999999977
-16.649999999999977
-16.649999999999977
-16.649999999999977
-16.65000000000009
-16.649999999999977
-16.649999999999977
-16.649999999999977
-16.649999999999977
-16.65000000000009
-16.649999999999977
-16.649999999999977
-16.649999999999977
-16.649999999999977
-16.649999999999977
-16.65000000000009
-16.649999999999977
-16.649999999999977
-16.65000000000009
-16.649999999999977
-16.649999999999977
-16.65000000000009
-16.649999999999977
-16.649999999999977
-16.649999999999977
-16.649999999999977
-16.65000000000009
-16.649999999999977
-16.649999999999977
-16.649999999999977
-16.649999999999977
-16.65000000000009
-16.649999999999864
-16.65000000000009
-16.649999999999977
-16.649999999999977
-16.65000000000009
-16.649999999999864
-16.65000000000009
-16.649999999999977
-16.649999999999977
-16.65000000000009
-16.649999999999864
-16.65000000000009
-16.649999999999977
-16.649999999999977
-16.649999999999977
-16.649999999999977
-16.650000000000034
-16.650000000000034
-16.649999999999977
-16.649999999999977
-16.649999999999977
-16.65000000000009
-16.649999999999977
-16.649999999999977
-16.649999999999977
-16.649999999999977
-16.65000000000009
-16.649999999999977
-16.649999999999977
-16.649999999999977
-16.649999999999977
-16.649999999999977
-16.65000000000009
-16.649999999999977
-16.649999999999977
-16.649999999999977
-16.649999999999977
-16.65000000000009
-16.649999999999977
-16.649999999999977
-16.649999999999977
-16.649999999999977
-16.649999999999977
-16.65000000000009
-16.649999999999977
-16.649999999999977
-16.65000000000009
261.946642041019
261.1019146603686
260.2453620563998
259.3766077756942
258.495256426136
257.6008923615463
256.69307824884277
255.77135350481356
254.83523258789745
253.88420312840682
252.91772387836792
251.9352224595293
250.93609288503717
249.91969282671565
248.88534059572436
247.832311799472
246.75983563190326
245.66709074746186
244.5532006609496
243.417228605872
242.25817177234546
241.07495483181495
239.8664226385216
238.63133222264108
237.36825043362222
236.0756957388969
234.7520737099584
233.3956584031309
232.00458464276224
230.57680036432453
229.11006774491142
227.60195263836445
226.0497465591924
224.45047732340788
222.8008532633705
221.09718195774678
219.3353609956774
217.5107788998931
215.61820434277038
213.6517120163202
211.60427855511566
209.5146427017119
207.35592997402796
205.09993654272012
203.14497383206924
201.85652468659384
200.95319152344177
200.15627418531278
199.43218202021114
198.77256249484674
198.18718450508263
197.72637727578177
197.49348281499988
197.69024774668375
198.9846448097692
201.9549931771843
207.26566833684356
215.25653606720857
226.26114541661087
237.4655359808626
247.05856204714175
243.31098533618285
242.52295631045357
241.72381317354038
240.9132837964827
240.09102086179456
239.2566430734149
238.40974069916672
237.54986982392103
236.67656986696014
235.78935648357466
234.88771788964112
233.9711206829208
233.03899657882124
232.09074609123735
231.1257353238684
230.14329091981944
229.14269977727034
228.12319449645128
227.08395780228798
226.02411766720581
224.94273686501862
223.8388135422085
222.71128523486811
221.55913100946253
220.3868867024598
219.1811477993754
217.94631127037553
216.6809639731934
215.38339323636748
214.05170813487712
212.6838326549784
211.27748427075127
209.83015464413168
208.3390680987976
206.80114742582566
205.21296363454397
203.5706811564187
201.86998416066547
200.10598580494346
198.2730496397408
196.3644969832739
194.37117070045076
192.1482771117416
205.46679298747915
206.14947204156528
206.84152749044318
207.31577245337908
207.81932072465236
208.37011919464473
208.9575576485903
209.52606530492443
210.025555949843
210.4703177881866
210.8887169316045
211.3863307835374
211.920327929598
212.51928304826814
213.22261949610723
213.94417363944407
220.63415464334412
233.2698847403367
1000.0
983.35
966.7
950.05
933.4
916.75
900.1
883.45
866.8
850.15
833.5
816.85
800.2
783.55
766.9000000000001
750.25
733.6
716.95
700.3
683.6500000000001
667.0
650.35
633.7
617.05
600.4000000000001
583.75
567.1
550.45
533.8000000000001
517.1500000000001
500.50000000000006
483.85
467.20000000000005
450.55000000000007
433.9000000000001
417.25
400.6
383.95000000000005
367.30000000000007
350.6500000000001
334.0
317.35
300.70000000000005
284.05000000000007
267.4000000000001
250.7500000000001
234.10000000000002
217.45000000000005
200.80000000000007
184.1500000000001
167.5000000000001
150.85000000000002
134.20000000000005
117.55000000000007
100.90000000000009
84.25000000000011
67.60000000000014
50.950000000000045
34.30000000000007
17.65000000000009
1.0
1000.0
983.35
966.7
950.05
933.4
916.75
900.1
883.45
866.8
850.15
833.5
816.85
800.2
783.55
766.9000000000001
750.25
733.6
716.95
700.3
683.6500000000001
667.0
650.35
633.7
617.05
600.4000000000001
583.75
567.1
550.45
533.8000000000001
517.1500000000001
500.50000000000006
483.85
467.20000000000005
450.55000000000007
433.9000000000001
417.25
400.6
383.95000000000005
367.30000000000007
350.6500000000001
334.0
317.35
300.70000000000005
284.05000000000007
267.4000000000001
250.7500000000001
234.10000000000002
217.45000000000005
200.80000000000007
184.1500000000001
167.5000000000001
150.85000000000002
134.20000000000005
117.55000000000007
100.90000000000009
84.25000000000011
67.60000000000014
50.950000000000045
34.30000000000007
17.65000000000009
1.0
0.0
129.95805856159723
261.7353822491061
395.3898869730498
530.9824022896926
668.5768737650338
808.2405834117349
950.0443901854591
1094.0629927879359
1240.3752173249568
1389.064332715558
1540.2183971522654
1693.9306393818258
1850.2998791235968
2009.4309915837948
2171.435421776464
2336.4317552485763
2504.5463528549453
2675.914058472214
2850.678990022617
3028.9954259497763
3211.0288014160083
3396.956831153443
3586.970741288911
3781.2910165225826
3980.145584941862
4183.779743240095
4392.4590212135545
4606.470368962579
4826.129488722226
5051.780660939627
5283.798369639159
5522.599304896396
5768.640725786323
6022.42904271515
6284.532320503415
6555.581699283319
6836.28663709629
7127.451953576706
7429.98923456904
7744.978997831277
8073.617620483909
8417.289057956854
8777.64597050473
9158.138518824695
9562.816260823072
9995.5299753691
10460.933539951484
10964.845296712523
11514.737611373359
12120.486308389023
12795.706978120228
13559.902622535603
14442.736635243264
15495.443416102935
16803.599118215174
18535.00052267003
21047.790465377762
25411.64898289341
38068.457140466344
50725.26529803936
0.0
121.23523472758167
244.1803327142249
368.87715995386867
495.37914990588956
623.744963502761
754.0376364640194
886.3254634248954
1020.6793029573421
1157.1736696320313
1295.887299467961
1436.9022543480123
1580.305962671021
1726.1906530685435
1874.6538480483794
2025.7991409789909
2179.736239832697
2336.5832061125543
2496.4657744453675
2659.518102919548
2825.884380179117
2995.718737534518
3169.1846309715
3346.439127187742
3526.7844051881634
3712.2826979703805
3902.2575485857424
4096.926363536839
4296.552630740825
4501.4272617393435
4711.869643262222
4928.230933143317
5150.897029546331
5380.294959597729
5616.898140054951
5861.23410794444
6113.892950732946
6375.538642387286
6646.923004806055
6928.913184068003
7222.536669678295
7529.202251651087
7871.185880683265
8234.628918020318
8623.136631792986
9039.28447060214
9487.14060770039
9971.899843010542
10500.027616109239
11079.852153262149
11721.946212959363
12440.657533312997
13256.05914842119
14197.620152164205
15311.56594018253
16672.939716112483
18422.53274550807
20863.53225283106
24883.17334618349
36740.11992904392
48597.06651190443
349.867317517802
349.05531248082
348.1321297240081
347.12954375533945
346.0791584548324
345.0123378039882
343.93778286212785
342.86236675558484
341.79624403273647
340.74688037893293
339.71876722769423
338.71731383817644
337.7450295849148
336.80170634556606
335.8806636543985
334.980056824707
334.09753578092324
333.23737151397825
332.3973232227678
331.57771665496125
330.7787909959759
330.0016055127462
329.2477147174162
328.5163427336876
327.8098499190349
327.1330766121796
326.48506140630764
325.8659768470046
325.27377438518147
324.70637194265566
324.16477467707875
323.6463833327104
323.14856830757316
322.671184478909
322.21234256209436
321.7728075202774
321.3540998882906
320.95371615204215
320.570263634271
320.20662811176203
319.8611507783276
319.5418966214415
319.2451573637439
318.9689082290199
318.75373251792263
318.6879810379799
318.74634754057627
318.8694034908981
319.0396759876889
319.2456569773956
319.48387621955305
319.7533148009269
320.0639514394693
320.432805324216
320.9153717204164
321.55991612638053
322.4305947563421
323.547236662373
324.9330143302225
326.6528799521705
328.5234730534492
281.3730419585592
281.1358276507622
280.6325000183781
280.0148415720962
279.3274569308962
278.6034465887796
277.8594000511795
277.1071268028182
276.3576820366026
275.6143683274625
274.87909836788657
274.1533413342854
273.4378647537559
272.7327359078596
272.0364881191517
271.3481781472813
270.6674763747017
269.9928410286128
269.3269325993115
268.6694476292548
268.0200703093036
267.38069337368125
266.7514791373743
266.13207166612057
265.51908593111114
304.62991541180395
304.265937834563
303.8269904107524
303.38888369995436
302.9631432985951
302.554049628989
302.1631008803853
301.7904333739767
301.4372303309034
301.1037583083312
300.7901692389604
300.4961694362386
300.22175112353057
299.9666904124271
299.7307555262314
299.51360209254983
299.3152652579063
299.13645056661414
301.1249669561975
301.8049604241138
302.3600794532182
302.8328345980408
303.29270800878567
303.7609849880742
304.239192475886
304.7245547946638
305.1992085902782
305.6518267931507
306.07734652543843
306.4774861950137
306.8408445963306
307.1552307943242
307.4020695557113
307.5583737597987
307.938020949178
309.4885454383876
266.9673829479624
265.802170135425
264.511707960103
263.1281679089365
261.6830311015233
260.2052036075893
258.7051547705894
257.1910967394919
255.6735399770467
254.1606823856875
252.6578569870142
251.1711397785873
249.7039723157448
248.2572339126706
246.8255680243672
245.4080438395609
244.0029564926091
242.615252383872
241.2428958695762
239.8864480640239
238.5463556576256
237.2238094316001
235.92050304109
234.6357849718238
233.3720933660143
232.1343533194684
230.9216840739912
229.734331119323
228.5703261572273
227.4276599506346
226.3073609435703
225.2068858336447
224.1236500869519
223.0575125133134
222.0066152384672
220.9717406068895
219.9543935428965
218.9520823281609
217.9634192417875
216.9912765282915
216.0340081471966
215.099912626638
214.1852073065596
213.2878159703863
212.4483311971902
211.7551232665374
211.1830045141089
210.6726368467895
210.2067070000685
209.7739748972275
209.3711670822954
208.9975099556826
208.6634446839532
208.3868404741871
208.2247476810025
208.2462501814308
208.5250396732543
209.1458184970028
210.2757510569325
212.1479183388013
213.5385520088708
198.7286562288896
198.4532458630289
197.8964764964245
197.2140802638737
196.452821558371
195.6450672597565
194.8074557244506
193.9520337242665
193.0899533574759
192.2253150067867
191.3608149457122
190.4987189700112
189.6405717626092
188.7870568927402
187.9373013379817
187.0908110371307
186.2476090853184
185.4065062380274
184.5702702140196
183.7387373106499
182.9117209729498
182.0911401331986
181.277184629213
180.4695203248299
179.6647327419775
171.7118848326137
171.1276885436436
170.4442487777185
169.7418749110126
169.0349621235731
168.3296255892466
167.6287537595329
166.9335375579047
166.2459792396873
165.5669851049441
164.8972331451974
164.2368238957559
163.586166445328
162.9454203754039
162.3145655082886
161.6938765797278
161.0836987371617
160.4849871611386
162.0530423001671
162.3052819388513
162.4256283159941
162.4573692179039
162.4702992229806
162.486049876924
162.5069508706534
162.5311379655883
162.5429764059818
162.5372384505815
162.5144917691403
162.4853402059994
162.4616150176456
162.4383871272997
162.4352799430153
162.446682197802
162.7799854867837
163.8846810464059
82.89993456983959
83.25314234539505
83.62042176390509
84.00137584640294
84.39612735330908
84.80713419639893
85.23262809153847
85.67127001609293
86.1227040556898
86.58619799324546
87.06091024068004
87.54617405958916
88.04105726917
88.54447243289545
89.0550956300313
89.5720129851461
90.09457928831416
90.62211913010627
91.1544273531916
91.69126859093733
92.23243533835029
92.77779608114608
93.3272116763262
93.88055776186381
94.43775655302058
94.99872329271122
95.56337733231643
96.13164572768159
96.70344822795414
97.27871199202104
97.85741373350842
98.4394974990657
99.02491822062127
99.61367196559561
100.2057273236272
100.8010669133879
101.3997063453941
102.0016338238812
102.6068443924835
103.2153515834705
103.827142631131
104.4419839948035
105.0599500571843
105.6810922586336
106.3054013207324
106.9328577714425
107.5633430264674
108.1967666441086
108.8329689876204
109.4716820801681
110.1127091372577
110.7558048452443
111.4005067555161
112.0459648500289
112.6906240394139
113.3136659449497
113.9055550830878
114.4014181653702
114.65726327329
114.5049616133692
114.9849210445784
82.6443857296696
82.68258178773333
82.73602352195361
82.8007613082225
82.87463537252518
82.95837932902312
83.05194432672889
83.15509307855169
83.2677286791267
83.38905332067581
83.51828342217438
83.65462236427419
83.79729299114672
83.9456790151194
84.09918678117002
84.25736711015064
84.4198672893833
84.58633479058541
84.75666238529186
84.9307103186049
85.1083493363538
85.28955324048265
85.47429450816132
85.6625513412907
85.85435318913363
132.9180305791903
133.1382492909194
133.3827416330339
133.6470087889418
133.928181175022
134.2244240397424
134.5343471208524
134.856895816072
135.1912510912161
135.5367732033871
135.892936093763
136.2593455404827
136.6355846782026
137.0212700370232
137.4161900179428
137.819725512822
138.2315665207446
138.6514634054755
139.0719246560304
139.4996784852625
139.9344511372241
140.3754653801369
140.8224087858051
141.2749351111502
141.7322416052326
142.1934168290755
142.6562321842964
143.1145883425692
143.5628547562981
143.9921459890143
144.379229578685
144.7168436670245
144.966789612696
145.1116915619967
145.1580354623943
145.6038643919817
463.6991099921663
461.65377342333625
459.5305215688561
457.3365027580335
455.0775826720471
452.8018614126639
450.5084467320029
448.1936156809853
445.8694229619668
443.54817828534897
441.2404457814502
438.96642062459125
436.74142440017965
434.5810547122029
432.47717840387554
430.42249830902404
428.4137625749968
426.4226557383547
424.4521236480098
422.5056694458439
420.58208151034023
418.6858624007562
416.820029777802
414.9853128641349
413.188753961717
411.43345897425297
409.7269700594478
408.0764386764258
406.48478459882114
404.9509909647739
403.4823179800901
402.0801584228325
400.7389614819193
399.4649990423656
398.2564113167711
397.1132359928981
396.044034126667
395.0468371728314
394.1222103943296
393.2813127815326
392.52850873819244
391.93393012441356
391.49569124238184
391.21257242286663
391.1796370839735
391.3449799750586
391.58661890116076
391.86727001709545
392.17969367140427
392.5193410452028
392.8862822568914
393.2833295524197
393.72084733391205
394.2158644720024
394.8221227326654
395.57994054813526
396.54840405547344
397.7471802768837
399.2001569126313
400.96754574386836
402.8602390403864
242.0502545680436
240.2607179451843
238.42687321819932
236.5576050857869
234.64682294447022
232.71453979570754
230.77393488466504
228.83809714301765
226.9260823995421
225.046957126397
223.20568906456668
221.40739231688954
219.65199609222444
217.9410847889133
216.27320606735736
214.64606709865257
213.05779789416712
211.5037374750583
209.9871936997617
208.507315997709
207.06307818328875
205.65684160456374
204.28817711066984
202.95031236826543
201.5782083631008
236.68673706738556
235.68060181924147
234.7195206309667
233.81134032532995
232.96036213024067
232.17135912297033
231.447889849277
230.79457438744816
230.21502248643296
229.7137760756978
229.29498459583428
228.9634723050199
228.725100789336
228.58794857396694
228.5637685342896
228.68532267089097
229.04013198320706
230.1599603249278
231.6026801765443
231.77078568581348
231.83540356681394
231.84498710615645
231.86932538006164
231.93061084232838
232.02972398922782
232.16463016574858
232.31854311258564
232.48200793397945
232.6509116606211
232.82794335369366
233.0017122435786
233.16005984133932
233.2837947041121
233.34962979441366
233.67014409591386
235.1901201455352
158.91993959623
155.1197400480617
151.1613187113546
147.0603138626412
142.8324754788456
138.5666829788486
134.2629623877661
129.9198268066788
125.5659795898495
121.2274351102258
116.9274934970854
112.7035288633596
108.5820438670971
104.5840195305485
100.6900390306628
96.88488217357754
93.15988631194828
89.47340921732922
85.83196470442036
82.2396793018256
78.69566810588027
75.20818463616632
71.78271542429039
68.42131108067855
65.13481151943952
61.92968636031184
58.81608526898821
55.80251759615201
52.89026575759531
50.07540393660348
47.36674496391586
44.761992757334
42.2516137769413
39.84283077255102
37.52983196121802
35.30984349087913
33.1931498396528
31.1749283136017
29.25380517183336
27.4424368643698
25.74229832659586
24.16223123187197
22.71283191276114
21.41228900833091
20.35976985825185
19.5064548523277
18.73048850885157
17.99602887781951
17.29511883478911
16.61522942392732
15.9552756241697
15.31567967180032
14.70140743750305
14.12137206765102
13.60359015254607
13.20107476451505
12.87520943490233
12.39073477549887
10.97875207276371
6.645859641098353
0.0
108.7528585870606
106.4475759910371
104.0901548800798
101.6861792409612
99.22654757130402
96.73807310336805
94.23876814534854
91.74635470703464
89.28612849185342
86.8695206367553
84.5031842045335
82.19284034374095
79.93792897261773
77.73966416626058
75.59520026430486
73.50095351388926
71.45396493267302
69.4474742252877
67.48514397376557
65.5655257710984
63.68653351267906
61.85062243449474
60.05702303932035
58.29817443102935
56.5086462427707
41.02284833172677
39.24678166900688
37.52309960612304
35.85997251866056
34.26162369525926
32.73361657921193
31.2799554645557
29.90577103761587
28.61555630164117
27.41542645479231
26.31086661927477
25.30758492069922
24.41259001841471
23.63426810976693
22.98491482092402
22.49694620315717
22.25656009318595
22.79052823590787
23.49200935294212
22.92092412026107
22.23851690122016
21.49469049049224
20.75974132972435
20.05544504005508
19.3756666107728
18.71338180327837
18.03617796851975
17.30563302108102
16.49152478810892
15.55609650575148
14.41965007457381
12.99422545033391
11.0617835740629
8.364544930179036
4.634157837038256
0.0
304.7791703959363
306.5340333752746
308.3692028575015
310.2761888953923
312.2451071932015
314.2351784338153
316.2454843442368
318.2737888743065
320.3034433721173
322.3207431751232
324.3129522843648
326.2628917612317
328.1593805330826
329.9970351816544
331.7871393732127
333.5376161354465
335.2538762630485
336.9492465210255
338.6201589435894
340.2659901440183
341.88641340446
343.4776777645899
345.0373143535116
346.5640017834564
348.0539424422775
349.5037726139411
350.9108847904596
352.2739210802738
353.5945188412258
354.8755870281704
356.1155730161742
357.3181656654985
358.487347704978
359.6221682698146
360.7265793555531
361.803392502019
362.8508842870142
363.8719088592297
364.8684052224963
365.8388759171628
366.7862104115966
367.7716988925416
368.7828593296207
369.8002834145357
370.8198672257216
371.8385251227309
372.8561303923092
373.8712411392759
374.8845748366152
375.9041116212755
376.9310066327217
377.9676498806194
379.019439896409
380.0944924043514
381.2185325801193
382.3788657836202
383.6731946205711
385.3564455013848
388.2214048398676
394.32168610277
402.8602390403864
133.297395980983
133.8131419541472
134.3367183381195
134.8714258448257
135.4202753731662
135.9764666923395
136.5351667393165
137.091742435983
137.6399539076887
138.1774364896417
138.7025048600332
139.2145519731486
139.7140671196067
140.2014206226527
140.6780058030525
141.1451135847633
141.6038329614941
142.0562632497706
142.5020497259961
142.9417902266106
143.3765446706097
143.806219170069
144.2311540713495
144.6521379372361
145.0695621203301
195.6638887356588
196.4338201502346
197.1964210248437
197.9513678066694
198.6987384349814
199.4377425437584
200.1679343847213
200.8888033498323
201.5994661847918
202.2983496209055
202.9841179765595
203.6558873843207
204.3125107709213
204.9536804642
205.5788537133656
206.1883764677338
206.7835718900211
207.3694320890199
208.1106708236022
208.8498615655524
209.5968866655938
210.3502966156642
211.1095840503373
211.8751658022733
212.654057378455
213.4512483624702
214.2823651440659
215.1763749128984
216.1593868725122
217.2718468479422
218.5820621690048
220.1658343910054
222.2220111300492
224.9850848642346
229.0359862588756
235.1901201455352
113.8317924743643
112.59846094251611
111.39839184484799
110.2069590026941
108.99842421721469
107.78952360867571
106.57066386987512
105.33124892540052
104.07317892923041
102.80129790641618
101.52167855375592
100.24910678641479
98.996394815265
97.7793483666369
96.596514749477
95.44244148431702
94.31622679407349
93.1852842243764
92.05480042524201
90.9279527908827
89.80329051436428
88.68425688801
87.57231506038579
86.4689701304473
85.3789040426822
84.3003823620734
83.2419086531402
82.21046182942132
81.2110102136395
80.24461902211831
79.3175433030114
78.433775090122
77.59039317434619
76.79381456345664
76.0440687546766
75.34042847262069
74.68993423837631
74.09312102078934
73.5519467600588
73.07468466977056
72.66735795986492
72.39203350297208
72.2505338786381
72.2436641938466
72.42590456605103
72.6569989370787
72.84027136058458
72.99786652619733
73.14001768371543
73.27368406780721
73.40240603733838
73.53001475149298
73.65689589444287
73.78305914778653
73.9067510122488
74.02002442175478
74.11780929913138
74.19994361451083
74.26714258240881
74.31466579169793
74.33676598693722
-39.32278739051554
-40.875109705577984
-42.205626800178806
-43.45723648630927
-44.68063398642604
-45.888906793072096
-47.08546516651435
-48.26902965980046
-49.43159963706054
-50.56741120106548
-51.673409303319836
-52.74594901739578
-53.78586866153154
-54.79165111894642
-55.76328205179441
-56.70211104862872
-57.60967848053457
-58.48910355355453
-59.339738899549786
-60.16213163154581
-60.956992126014754
-61.72385176911759
-62.4633020267044
-63.18175929785512
-63.940877568010336
-67.94317834441853
-68.58533601532153
-69.10746977978565
-69.57754337462444
-70.00278116835437
-70.38269050601863
-70.71521103110831
-70.99585898652839
-71.22220784447038
-71.3899822326334
-71.49518464312627
-71.53269713121864
-71.49665033419464
-71.37874183846017
-71.16698699194168
-70.82827942165892
-70.2751332746993
-68.97649024168628
-69.52228677965314
-70.03417473830027
-70.52467588640422
-70.98784749188442
-71.42338262872408
-71.8303741457458
-72.20946848665824
-72.55992462891524
-72.88066547769259
-73.16981885917124
-73.42643486481725
-73.64954284132
-73.83913235275202
-73.99517095298489
-74.11827485159907
-74.20874396538517
-74.26787685326411
-74.29842529285237
108.0474433517324
110.6824300873634
113.3503892487484
116.0678540462952
118.8505556226777
121.6385206287407
124.4421923828233
127.2712699328131
130.1075603871972
132.9332472754616
135.7303634899289
138.4676109152277
141.1219284486477
143.6732143821221
146.1355289937043
148.5231616659834
150.8430701806609
153.1418431665428
155.4109311651558
157.6467687621983
159.8506875517454
162.0156247954338
164.1377876167996
166.2144738911453
168.2372818465748
170.2046669591565
172.1055988050029
173.931813523171
175.6800603996321
177.3522560140311
178.9406159796544
180.4448930763107
181.8720363100105
183.2146817407624
184.4767832772492
185.6618971160104
186.7612437032437
187.7771540145592
188.7096140699541
189.5488396639217
190.2917098206007
190.937681394766
191.4723753937984
191.8755269620554
192.0885613389383
192.2486684142097
192.4525160052573
192.67660796897
192.9115881652794
193.1587454733002
193.4158914581256
193.6818302838822
193.9620372464501
194.2654684065361
194.6211575284565
195.0451754169157
195.649830238352
196.7550837215039
199.2969989841687
205.5020586977029
213.5385520088708
89.97579764182898
92.00566987199178
93.8063216163447
95.52790102291249
97.22627398706702
98.90699415638846
100.568687579102
102.2056790172318
103.8038248656225
105.3557943700314
106.8576307411787
108.3058786262702
109.7026427899915
111.0473927264797
112.3421010736769
113.5898575232414
114.7936441526454
115.9590320127397
117.085126240254
118.1732115395515
119.2251874602707
120.2405176987039
121.2201615898926
122.1713458938005
123.1560864992068
130.689036500887
131.8809068746367
132.9211491715955
133.8819023923521
134.7733384283138
135.5960090100347
136.3487982949772
137.0277665202888
137.6304229380461
138.1515586501518
138.5863665259227
138.9292389750566
139.1735764269133
139.311152265637
139.3296506873645
139.1969303765707
138.8271386439758
137.6944589252307
138.561032947225
139.3843578185902
140.1871114147739
140.9626787274117
141.7105578932562
142.4306048368689
143.1312842598806
143.8177561623099
144.506798437462
145.2316054295005
146.0229669810314
146.9292437002479
148.0419649430718
149.4441616769658
151.3734963689523
154.082137267623
158.1458276497454
163.8846810464059
221.8792358260967
223.2808910298795
224.7487810935964
226.2748130489893
227.8489798398924
229.4280442374164
231.0128562526984
232.6025188582136
234.1807393164276
235.7345451818778
237.2520420436848
238.7167177016425
240.1183232639127
241.452562748759
242.7320437431813
243.9656031503004
245.1592969747344
246.3271273909192
247.4657315903978
248.574721553081
249.6539780661097
250.6998816834438
251.7101026771854
252.6834440215926
253.616185889257
254.5050493212299
255.3475074581431
256.1422753525923
256.8910706132716
257.5968750361494
258.2581592826658
258.8786681664327
259.4624294843567
260.008496304219
260.5208520319258
261.0023255886311
261.45117794162
261.8702750353485
262.2615608300129
262.6235243336923
262.9590677804656
263.3297148977381
263.7229092724365
264.119191155902
264.5144659049893
264.9056673512884
265.2927873658419
265.6744744951673
266.0516058489948
266.4324295411074
266.818297495464
267.2118450353752
267.618933140893
268.0485275543226
268.5279085407053
269.0651998386705
269.7676395374834
270.9550273360147
273.5641415665775
279.8167244894008
287.875317995808
50.65301025131343
51.1305601664138
51.6006948161659
52.07066453660322
52.54564000064098
53.01808736331637
53.48322241258765
53.93664935743134
54.37222522856196
54.78838316896592
55.18422143785886
55.55992960887442
55.91677412845996
56.25574160753328
56.57881902188249
56.88774647461268
57.18396567211083
57.46992845918517
57.74538734070421
58.01107990800569
58.26819533425595
58.51666592958631
58.7568595631882
58.98958659594538
59.21520893119646
62.74585815646847
63.29557085931517
63.81367939180985
64.30435901772765
64.77055725995942
65.21331850401606
65.63358726386889
66.0319075337604
66.40821509357573
66.7615764175184
67.09118188279643
67.39654184383795
67.67692609271867
67.93241042717682
68.16266369542282
68.36865095491177
68.55200536927649
68.71796868354441
69.03874616757184
69.35018308028992
69.66243552836968
69.97483123552729
70.28717526453212
70.6002306911231
70.92181577322236
71.25783153339466
71.62613295976942
72.06178657032925
72.59653211621415
73.2797008589279
74.20283259031979
75.4489907239809
77.25522151735322
79.87339330223784
83.87795079648129
89.58625575355352
-0.6242808521829883
-0.6074112219669502
-0.6030181904586308
-0.6116656429562336
-0.611849389989299
-0.616892215817659
-0.6273026127166842
-0.6367556883946552
-0.6437592138656886
-0.6476904811851334
-0.644137404094531
-0.6340977445408347
-0.6160532909032873
-0.5987406729587337
-0.5841871221227847
-0.5700884300956928
-0.5724914809777977
-0.5722683784258584
-0.5704359367678395
-0.5693384178889874
-0.5664978992809436
-0.5629169840950219
-0.5585740632827441
-0.5518607535748853
-0.5460270376748451
-0.5358867686050797
-0.5222118415289962
-0.5060197381874405
-0.48928711829400745
-0.46938658137007216
-0.44746274923031976
-0.4270173335671178
-0.4033217776634289
-0.3796100154245122
-0.3562657455014885
-0.3293557553710955
-0.30217387454191835
-0.27399961057665
-0.24163515172645922
-0.2062188028164688
-0.1393438549245146
-0.07154969351139312
-0.0033538965331600945
0.0924367026910893
0.1171816840380539
0.09295688352765251
0.07994872081316388
0.07212433886375501
0.0678276741496146
0.0653247554783333
0.06476329102545741
0.0643990504030926
0.0640425609685091
0.06280652524120081
0.057547599766615776
0.049754555234030384
0.041980990851560485
0.034867186522701044
0.026057722024184216
0.013753575745274915
0.0
-0.31776899592858143
-0.16808940116204896
-0.09856708732489894
-0.0624149264053423
-0.050990796828982
-0.038439881611224025
-0.023468918995148025
-0.009591741629271455
0.001423600529127489
0.008414480036603833
0.008786361919577379
0.0028974261287245673
-0.004900220315565251
-0.007306886069058716
-0.006799580149758011
-0.0047332985133473615
0.0016080912800915392
0.006698311846479732
0.010941115216537733
0.014161306266991636
0.01581862752458929
0.01580918248965002
0.011532412532047898
-0.026042999253246935
-3.36518210642016
-0.17672210464999222
-0.12408906705801298
-0.10712640474832519
-0.093804832689107
-0.0815378812424084
-0.06680764670104405
-0.04804028285698536
-0.028491222568177377
-0.004284670882616082
0.023790708932661303
0.053825097479062695
0.0886550136290528
0.1286373028629581
0.174092130909232
0.2372986754104419
0.37517611419985775
0.773033949233018
-0.2380937271625691
-0.2166969747001991
-0.20834146283787452
-0.1966393359288218
-0.185367985623269
-0.1735790904536786
-0.16189728544412538
-0.15214397606543978
-0.14955354073107818
-0.1608065579442947
-0.1831114051870957
-0.21608552734196587
-0.29130495895968017
-0.3542285749323399
-0.37544522970951155
-0.04958523316904184
1.1107368740955552
1.1775892941684671
0.0
-1.334713790936353
-1.351415488436193
-1.37649184059414
-1.409536571791716
-1.412202684712657
-1.420158706998841
-1.43302763939555
-1.436681230071149
-1.431310149548613
-1.416838094787273
-1.386512439834557
-1.34450552235188
-1.292316380186584
-1.247249265152697
-1.209420226784526
-1.175115550442888
-1.164409659069463
-1.149373165201797
-1.13253066313899
-1.116362660477605
-1.096617131535861
-1.074950376784781
-1.051914900495149
-1.024623630175909
-0.9965500039668916
-0.9628890787086609
-0.9250422161863826
-0.8855487522654597
-0.8470261035857845
-0.8045603882635602
-0.7619694471881355
-0.722898422941995
-0.6800973031589158
-0.6392989776882266
-0.6003019912907709
-0.5568578509932467
-0.5145944321205528
-0.47232393188306
-0.4250973861950154
-0.3762899560695814
-0.3272074037157589
-0.2708413840529684
-0.2042104997015607
-0.1079094315444856
-0.0810998850588251
-0.1032560002451922
-0.1135104895826738
-0.1190257637239764
-0.1251939006315769
-0.1302535180118173
-0.1347074023117545
-0.1419347172410677
-0.1536985930479523
-0.1801690953102822
-0.2147800274200421
-0.3062790100663843
-0.5598499022766927
-1.287569804657056
-3.143081770107839
-4.070767532958685
0.0
-1.028201934681946
-0.9120936676312918
-0.8720407374604081
-0.8602858552408248
-0.8513440915523399
-0.8417063727924061
-0.8291939456740137
-0.8095172833057651
-0.7861273351537968
-0.7607331335655357
-0.7335886738204486
-0.7075103516823208
-0.681163309598862
-0.655815478263022
-0.6320326848114993
-0.6097604188605427
-0.5903100868115738
-0.570406474929459
-0.5511536111546127
-0.5328629363216258
-0.5143006047303281
-0.4962242102001091
-0.4818084246803569
-0.4988058758542707
-3.815705072712207
-0.6037244147535734
-0.5269194417153993
-0.4866554188263444
-0.451543817980884
-0.4167116881358965
-0.3813143446588598
-0.3439213722318626
-0.3052667480636643
-0.2639736331463305
-0.2202455368566211
-0.1736769981430885
-0.1237655439495816
-0.0696870184434519
-0.0093701035593242
0.0672275221573293
0.1873125654086134
0.5737422586914428
-0.4389503303309697
-0.417043108935774
-0.4066230319347535
-0.3928522197016665
-0.3788271960191067
-0.36472919304141
-0.3549188602253169
-0.3477222495555904
-0.3490242340682901
-0.367140325588455
-0.4008525592035571
-0.4590611478934489
-0.563632586146338
-0.7102621402327546
-0.9772761228377648
-1.372022224348799
-2.058402618036468
-2.906931814535493
0.0
0.7104329387533646
0.7440042664692429
0.7734736501355092
0.7978709288354825
0.8003532947233579
0.8032664911811821
0.8057250266788657
0.7999255416764937
0.7875509356829243
0.7691476136021396
0.742375035740026
0.7104077778110454
0.6762630892832967
0.6485085921939633
0.6252331046617413
0.6050271203471953
0.5919181780916654
0.5771047867759387
0.5620947263711504
0.5470242425886175
0.5301192322549174
0.5120333926897591
0.4933408372124048
0.4727628766010238
0.4505229662920466
0.4270023101035812
0.4028303746573863
0.3795290140780192
0.357738985291777
0.3351738068934881
0.3145066979578158
0.2958810893748772
0.2767755254954869
0.2596889622637144
0.2440362457892824
0.2275020956221512
0.2124205575786344
0.19832432130641
0.1834622344685562
0.1700711532531126
0.1878635487912443
0.1992916905415753
0.2008566031684006
0.2003461342355749
0.198281569096879
0.1962128837728447
0.1934592103958377
0.1911501025877314
0.1930215747811915
0.1955782734901506
0.1994706933372119
0.2063337676441603
0.2177411540164614
0.242975620551483
0.2723276271866579
0.3560335653004147
0.6018308931282532
1.322436991179757
3.169139492132023
4.08452110870396
0.0
0.7104329387533646
0.7440042664692429
0.7734736501355092
0.7978709288354825
0.8003532947233579
0.8032664911811821
0.8057250266788657
0.7999255416764937
0.7875509356829243
0.7691476136021396
0.742375035740026
0.7104077778110454
0.6762630892832967
0.6485085921939633
0.6252331046617413
0.6050271203471953
0.5919181780916654
0.5771047867759387
0.5620947263711504
0.5470242425886175
0.5301192322549174
0.5120333926897591
0.4933408372124048
0.4727628766010238
0.4505229662920466
0.4270023101035812
0.4028303746573863
0.3795290140780192
0.357738985291777
0.3351738068934881
0.3145066979578158
0.2958810893748772
0.2767755254954869
0.2596889622637144
0.2440362457892824
0.2275020956221512
0.2124205575786344
0.19832432130641
0.1834622344685562
0.1700711532531126
0.1878635487912443
0.1992916905415753
0.2008566031684006
0.2003461342355749
0.198281569096879
0.1962128837728447
0.1934592103958377
0.1911501025877314
0.1930215747811915
0.1955782734901506
0.1994706933372119
0.2063337676441603
0.2177411540164614
0.242975620551483
0.2723276271866579
0.3560335653004147
0.6018308931282532
1.322436991179757
3.169139492132023
4.08452110870396
0.0
1.0
1.0
1.0
1.0
1.0
1.0
1.0
1.0
1.0
1.0
1.0
1.0
1.0
1.0
1.0
1.0
1.0
1.0
1.0
1.0
1.0
1.0
1.0
1.0
1.0
1.0
1.0
1.0
1.0
1.0
1.0
1.0
1.0
1.0
1.0
1.0
1.0
1.0
1.0
1.0
1.0
1.0
1.0
1.0
0.0
0.0
0.0
0.0
0.0
0.0
0.0
0.0
0.0
0.0
0.0
0.0
0.0
0.0
0.0
0.0
0.0
1.0
1.0
1.0
1.0
1.0
1.0
1.0
1.0
1.0
1.0
1.0
1.0
1.0
1.0
1.0
1.0
1.0
1.0
1.0
1.0
1.0
1.0
1.0
1.0
1.0
1.0
1.0
1.0
1.0
1.0
1.0
1.0
1.0
1.0
1.0
1.0
1.0
1.0
1.0
1.0
1.0
1.0
1.0
0.0
0.0
0.0
0.0
0.0
0.0
0.0
0.0
0.0
0.0
0.0
0.0
0.0
0.0
0.0
0.0
0.0
0.0
1.0
1.0
1.0
1.0
1.0
1.0
1.0
1.0
1.0
1.0
1.0
1.0
1.0
1.0
1.0
1.0
0.38
0.38
0.38
0.38
0.38
0.38
0.38
0.38
0.38
0.38
0.38
0.38
0.38
0.38
0.38
0.38
0.38
0.38
0.38
0.38
0.38
0.38
0.38
0.38
0.38
0.38
0.38
0.38
0.38
1.0
1.0
1.0
1.0
1.0
1.0
1.0
1.0
1.0
1.0
1.0
1.0
1.0
1.0
1.0
1.0
1.0
1.0
1.0
1.0
1.0
1.0
1.0
1.0
1.0
1.0
1.0
1.0
1.0
0.0012148514006576037
0.001204345271011679
0.0011747336301016582
0.0011281989628043581
0.0010469093128238662
0.0009677294143785477
0.0008903073673181026
0.0008076920997916372
0.0007244952768512781
0.0006430413390352262
0.0005637870746624487
0.0004904449540904563
0.00042472480814461825
0.0003713860274436543
0.0003271550951160733
0.00028977520767305273
0.0002597948184507298
0.00023209381027654183
0.0002068049124524191
0.0001841051269716997
0.00016325300611422867
0.00014436470476715134
0.00012749218466978488
0.00011209449100685112
9.811681018442238e-05
8.54885058104361e-05
7.408701491785335e-05
6.418692181869505e-05
5.571440475824232e-05
4.808527916540596e-05
4.1609807627182505e-05
3.6143716824126535e-05
3.1197259680232456e-05
2.7059329737845863e-05
2.3551544684391363e-05
2.0331034315470766e-05
1.764621787382403e-05
1.532035052256026e-05
1.3141620428296207e-05
1.1305293171866118e-05
9.665264265220622e-06
8.166412916851654e-06
6.829882889359361e-06
5.61219124887011e-06
4.8120033395694494e-06
4.5113849491560845e-06
4.4387041959270196e-06
4.4464208859256585e-06
4.613882752083381e-06
4.910507619282617e-06
5.386977266896804e-06
6.103525362053579e-06
7.144249939336551e-06
8.85149196937069e-06
8.738312060169768e-06
7.768231793712783e-06
5.833201794192477e-06
6.1770574632347654e-06
4.546457357649621e-06
1.9961293534994958e-07
0.0004
0.0004
0.0004
0.0004
0.0004
0.0004
0.0004
0.0004
0.0004
0.0004
0.0004
0.0004
0.0004
0.0004
0.0004
0.0004
0.0004
0.0004
0.0004
0.0004
0.0004
0.0004
0.0004
0.0004
0.0004
0.0004
0.0004
0.0004
0.0004
0.0004
0.0004
0.0004
0.0004
0.0004
0.0004
0.0004
0.0004
0.0004
0.0004
0.0004
0.0004
0.0004
0.0004
0.0004
0.0004
0.0004
0.0004
0.0004
0.0004
0.0004
0.0004
0.0004
0.0004
0.0004
0.0004
0.0004
0.0004
0.0004
0.0004
0.0004
1.077709902103444e-08
1.803560534109325e-08
2.3706736270116025e-08
2.7854424666635138e-08
3.0407645386303146e-08
3.2501483286972955e-08
3.4201792530497156e-08
3.544206677539131e-08
3.655344417932217e-08
3.752195405376722e-08
3.810671096020631e-08
3.855138696449809e-08
3.8906615726384716e-08
3.918085709782455e-08
3.9363415175102446e-08
3.94812311060027e-08
3.950930268941581e-08
3.953737427282895e-08
3.956171114202737e-08
3.9576552301679917e-08
3.959139346133247e-08
3.964415338845309e-08
3.977413390585825e-08
3.99041144232634e-08
4.006112122631487e-08
4.0262908284572867e-08
4.0464695342830865e-08
4.0674065423368417e-08
4.0893761321478116e-08
4.1113457219587815e-08
4.140408471756015e-08
4.1774547994952335e-08
4.214501127234452e-08
4.260014801413837e-08
4.313422597419448e-08
4.3668303934250605e-08
4.423935627067932e-08
4.483892607824647e-08
4.543849588581362e-08
4.6095530145319335e-08
4.6789055742553654e-08
4.7482581339787966e-08
4.837231723902231e-08
4.936373659263659e-08
5.0355155946250876e-08
5.1752249158890387e-08
5.34822012431228e-08
5.576253265305787e-08
5.875120043930063e-08
6.2338744539503e-08
6.688562046005487e-08
7.358801963515753e-08
8.564265808781442e-08
1.077696630959349e-07
3.030102159861466e-07
5.734598268917054e-07
1.3847733147971254e-06
3.4897444420893106e-06
7.497528831213351e-06
2.7509074805837885e-06
0.0
0.0
0.0
0.0
0.0
0.0
0.0
0.0
0.0
0.0
0.0
0.0
0.0
0.0
0.0
0.0
0.0
0.0
0.0
0.0
0.0
0.0
0.0
0.0
0.0
0.0
0.0
0.0
0.0
0.0
0.0
0.0
0.0
0.0
0.0
0.0
0.0
0.0
0.0
0.0
0.0
0.0
0.0
0.0
0.0
0.0
0.0
0.0
0.0
0.0
0.0
0.0
0.0
0.0
0.0
0.0
0.0
0.0
0.0
0.0
0.0
0.0
0.0
0.0
0.0
0.0
0.0
0.0
0.0
0.0
0.0
0.0
0.0
0.0
0.0
0.0
0.0
0.0
0.0
0.0
0.0
0.0
0.0
0.0
0.0
0.0
0.0
0.0
0.0
0.0
0.0
0.0
0.0
0.0
0.0
0.0
0.0
0.0
0.0
0.0
0.0
0.0
0.0
0.0
0.0
0.0
0.0
0.0
0.0
0.0
0.0
0.0
0.0
0.0
0.0
0.0
0.0
0.0
0.0
0.0
0.0
0.0
0.0
0.0
0.0
0.0
0.0
0.0
0.0
0.0
0.0
0.0
0.0
0.0
0.0
0.0
0.0
0.0
0.0
0.0
0.0
0.0
0.0
0.0
0.0
0.0
0.0
0.0
0.0
0.0
0.0
0.0
0.0
0.0
0.0
0.0
0.0
0.0
0.0
0.0
0.0
0.0
0.0
0.0
0.0
0.0
0.0
0.0
0.0
0.0
0.0
0.0
0.0
0.0
0.0
0.0
0.0
0.0
0.0
0.0
0.0
0.0
0.0
0.0
0.0
0.0
0.0
0.0
0.0
0.0
0.0
0.0
0.0
0.0
0.0
0.0
0.0
0.0
0.0
0.0
0.0
0.0
0.0
0.0
0.0
0.0
0.0
0.0
0.0
0.0
0.0
0.0
0.0
0.0
0.0
0.0
0.0
0.0
0.0
0.0
0.0
0.0
0.0
0.0
0.0
0.0
0.0
0.0
0.0
0.0
0.0
0.0
0.0
0.0
0.0
0.0
0.0
0.0
0.0
0.0
0.0
0.0
0.0
0.0
0.0
0.0
0.0
0.0
0.0
0.0
0.0
0.0
0.0
0.0
0.0
0.0
0.0
0.0
0.0
0.0
0.0
0.0
0.0
0.0
0.0
0.0
0.0
0.0
0.0
0.0
0.0
0.0
0.0
0.0
0.0
0.0
0.0
0.0
0.0
0.0
0.0
0.0
0.0
0.0
0.0
0.0
0.0
0.0
0.0
0.0
0.0
0.0
0.0
0.0
0.0
0.0
0.0
0.0
0.0
0.0
0.00027220027491576415
0.0002610909560726009
0.00025195821619160947
0.00024407613541236283
0.0002311717582604878
0.00021562229406172243
0.00019837730960712037
0.00017933766624917856
0.0001609744721468496
0.00014364203573273115
0.00012788509476292944
0.00011397330694452344
0.00010162956356209585
9.098741005897727e-05
8.180171601180072e-05
7.376947949344505e-05
6.699558646794225e-05
6.067621863414288e-05
5.4904655369560156e-05
4.978958623045662e-05
4.501031405226562e-05
4.061708302904254e-05
3.66379522906251e-05
3.292683034154368e-05
2.9531381084737103e-05
2.6408539337795323e-05
2.350877060841885e-05
2.086745228849905e-05
1.8475865140739967e-05
1.626631279507732e-05
1.424701533032432e-05
1.240896185704668e-05
1.0731063548285874e-05
9.195884421968093e-06
7.804392696495635e-06
6.5627540200253624e-06
5.430999765768902e-06
4.424516015204918e-06
3.5604271679203502e-06
2.764191395732808e-06
2.080954996389373e-06
1.5364797605590403e-06
1.0451841697882925e-06
7.4080360943116166e-06
7.63496007433781e-06
7.532286512855636e-06
6.8728304239836445e-06
5.946702106484035e-06
5.041998146688882e-06
4.143511183260122e-06
3.630202445449611e-06
3.5740550795375e-06
3.7758595096705423e-06
4.360476506569725e-06
5.238649926006473e-06
6.555626577923595e-06
9.130174446436335e-06
1.269841328776384e-05
1.442740182815023e-05
6.723776092773956e-08
0.0004
0.0004
0.0004
0.0004
0.0004
0.0004
0.0004
0.0004
0.0004
0.0004
0.0004
0.0004
0.0004
0.0004
0.0004
0.0004
0.0004
0.0004
0.0004
0.0004
0.0004
0.0004
0.0004
0.0004
0.0004
0.0004
0.0004
0.0004
0.0004
0.0004
0.0004
0.0004
0.0004
0.0004
0.0004
0.0004
0.0004
0.0004
0.0004
0.0004
0.0004
0.0004
0.0004
0.0004
0.0004
0.0004
0.0004
0.0004
0.0004
0.0004
0.0004
0.0004
0.0004
0.0004
0.0004
0.0004
0.0004
0.0004
0.0004
0.0004
1.2959233613293881e-08
1.3718166282465942e-08
1.4681224319019344e-08
1.5816589377320584e-08
1.667902650024816e-08
1.743929779706772e-08
1.8118545274379428e-08
1.8758024813359357e-08
1.9396942501199397e-08
2.003351596525268e-08
2.065794131878059e-08
2.126516412203864e-08
2.185933455178149e-08
2.243463898180174e-08
2.2990985603989746e-08
2.3529521708562022e-08
2.4035119966900403e-08
2.45407182252388e-08
2.5038384549464836e-08
2.5515883509298826e-08
2.599338246913282e-08
2.647431458129481e-08
2.69622382194743e-08
2.7450161857653787e-08
2.7964412270396886e-08
2.8522283908015316e-08
2.9080155545633746e-08
2.9698718513563477e-08
3.039992499510858e-08
3.110113147665368e-08
3.1964821394707925e-08
3.301139160619477e-08
3.405796181768161e-08
3.561811598070392e-08
3.765708535579603e-08
3.969605473088814e-08
4.301122807898893e-08
4.73107076828677e-08
5.1610187286746474e-08
6.029127808864092e-08
7.175479956947176e-08
8.321832105030261e-08
1.0259731123663057e-07
1.2607839082808692e-07
1.4955947041954318e-07
1.8049784284351185e-07
2.1584612217021064e-07
2.5556577261848574e-07
3.017020856804272e-07
3.568585698388771e-07
4.301229831826702e-07
5.503025151796553e-07
7.169841734138935e-07
9.56411525335898e-07
1.4076545793136882e-06
1.924701387690719e-06
2.7805070392178316e-06
3.869562631954846e-06
5.098718063175626e-06
2.6204743799922416e-06
0.0
0.0
0.0
0.0
0.0
0.0
0.0
0.0
0.0
0.0
0.0
0.0
0.0
0.0
0.0
0.0
0.0
0.0
0.0
0.0
0.0
0.0
0.0
0.0
0.0
0.0
0.0
0.0
0.0
0.0
0.0
0.0
0.0
0.0
0.0
0.0
0.0
0.0
0.0
0.0
0.0
0.0
0.0
0.0
0.0
0.0
0.0
0.0
0.0
0.0
0.0
0.0
0.0
0.0
0.0
0.0
0.0
0.0
0.0
0.0
0.0
0.0
0.0
0.0
0.0
0.0
0.0
0.0
0.0
0.0
0.0
0.0
0.0
0.0
0.0
0.0
0.0
0.0
0.0
0.0
0.0
0.0
0.0
0.0
0.0
0.0
0.0
0.0
0.0
0.0
0.0
0.0
0.0
0.0
0.0
0.0
0.0
0.0
0.0
0.0
0.0
0.0
0.0
0.0
0.0
0.0
0.0
0.0
0.0
0.0
0.0
0.0
0.0
0.0
0.0
0.0
0.0
0.0
0.0
0.0
0.0
0.0
0.0
0.0
0.0
0.0
0.0
0.0
0.0
0.0
0.0
0.0
0.0
0.0
0.0
0.0
0.0
0.0
0.0
0.0
0.0
0.0
0.0
0.0
0.0
0.0
0.0
0.0
0.0
0.0
0.0
0.0
0.0
0.0
0.0
0.0
0.0
0.0
0.0
0.0
0.0
0.0
0.0
0.0
0.0
0.0
0.0
0.0
0.0
0.0
0.0
0.0
0.0
0.0
0.0
0.0
0.0
0.0
0.0
0.0
0.0
0.0
0.0
0.0
0.0
0.0
0.0
0.0
0.0
0.0
0.0
0.0
0.0
0.0
0.0
0.0
0.0
0.0
0.0
0.0
0.0
0.0
0.0
0.0
0.0
0.0
0.0
0.0
0.0
0.0
0.0
0.0
0.0
0.0
0.0
0.0
0.0
0.0
0.0
0.0
0.0
0.0
0.0
0.0
0.0
0.0
0.0
0.0
0.0
0.0
0.0
0.0
0.0
0.0
0.0
0.0
0.0
0.0
0.0
0.0
0.0
0.0
0.0
0.0
0.0
0.0
0.0
0.0
0.0
0.0
0.0
0.0
0.0
0.0
0.0
0.0
0.0
0.0
0.0
0.0
0.0
0.0
0.0
0.0
0.0
0.0
0.0
0.0
0.0
0.0
0.0
0.0
0.0
0.0
0.0
0.0
0.0
0.0
0.0
0.0
0.0
0.0
0.0
0.0
0.0
0.0
0.0
0.0
0.0
0.0
0.0
0.0
0.0
0.0
0.0
0.0
0.0
0.0
0.0
0.0
2
2
2
2
1
1
261.946642041019
243.31098533618285
74.33676598693722
-74.29842529285237
0.0
0.0
-74.32284271842718
74.31583339966016
43.0
42.0
6.5
6.5
1.0
1.0
2.0
2.0
3.0
3.0
4.0
4.0
5.0
5.0
6.0
6.0
7.0
7.0
8.0
8.0
9.0
9.0
10.0
10.0
11.0
11.0
12.0
12.0
13.0
13.0
14.0
14.0
15.0
15.0
16.0
16.0
17.0
17.0
18.0
18.0
19.0
19.0
20.0
20.0
21.0
21.0
22.0
22.0
23.0
23.0
24.0
24.0
25.0
25.0
26.0
26.0
27.0
27.0
28.0
28.0
29.0
29.0
30.0
30.0
31.0
31.0
32.0
32.0
33.0
33.0
34.0
34.0
35.0
35.0
36.0
36.0
37.0
37.0
38.0
38.0
39.0
39.0
40.0
40.0
41.0
41.0
42.0
42.0
43.0
43.0
44.0
44.0
45.0
45.0
46.0
46.0
47.0
47.0
48.0
48.0
49.0
49.0
50.0
50.0
51.0
51.0
52.0
52.0
53.0
53.0
54.0
54.0
55.0
55.0
56.0
56.0
57.0
57.0
58.0
58.0
59.0
59.0
60.0
60.0
0.0
0.0
0.0
0.0
0.0
0.0
0.0
0.0
0.0
0.0
0.0
0.0
0.0
0.0
0.0
0.0
0.0
0.0
0.0
0.0
0.0
0.0
0.0
0.0
0.0
0.0
0.0
0.0
0.0
0.0
0.0
0.0
0.0
0.0
0.0
0.0
0.0
0.0
0.0
0.0
0.0
0.0
0.0
0.0
0.0
0.0
0.0
0.0
0.0
0.6
0.0
0.0
0.0
0.0
0.0
0.0
0.0
0.0
0.0
0.0
0.0
0.0
0.0
0.0
0.0
0.0
0.0
0.0
0.0
0.0
0.0
0.0
0.0
0.0
0.0
0.0
0.0
0.0
0.0
0.0
0.0
0.0
0.0
0.0
0.0
0.0
0.0
0.0
0.0
0.0
0.0
0.0
0.0
0.0
0.0
0.0
0.0
0.0
0.0
0.0
0.0
0.0
0.0
0.0
0.0
0.0
0.0
0.0
0.0
0.0
0.0
0.0
0.0
0.0
0.0
0.0
0.0
0.0
0.0
0.0
0.0
0.0
0.0
0.0
0.0
0.0
0.0
0.0
0.0
0.0
0.0
0.0
0.0
0.0
0.0
0.0
0.0
0.0
0.0
0.0
0.0
0.0
0.0
0.0
0.0
0.0
0.0
0.0
0.0
0.0
0.0
0.0
0.0
0.0
0.0
0.0
0.0
0.0
0.0
0.0
0.0
0.0
0.0
0.0
0.0
0.0
0.0
0.0
0.0
3.0
0.0
0.0
0.0
0.0
0.0
0.0
0.0
0.0
0.0
0.0
0.0
0.0
0.0
0.0
0.0
0.0
0.0
0.0
0.0
0.0
0.0
0.0
0.0
0.0
0.0
0.0
0.0
0.0
0.0
0.0
0.0
0.0
0.0
0.0
0.0
0.0
0.0
0.0
0.0
0.0
0.0
0.0
0.0
0.0
0.0
0.0
0.0
0.0
0.0
0.0
0.0
0.0
0.0
0.0
0.0
0.0
0.0
0.0
0.0
0.0
0.0
0.0
0.0
0.0
0.0
0.0
0.0
0.0
0.0
0.0
0.0
0.0
0.0
0.0
0.0
0.0
0.0
0.0
0.0
0.0
0.0
0.0
0.0
0.0
0.0
0.0
0.0
0.0
0.0
0.0
0.0
0.0
0.0
0.0
0.0
0.0
0.0
0.0
0.0
0.0
0.0
0.0
0.0
0.0
0.0
0.0
0.0
0.0
0.0
0.0
0.0
0.0
0.0
0.0
0.0
0.0
0.0
0.0
0.0
0.5
0.0
0.0
0.0
0.0
0.0
0.0
0.0
0.0
0.0
0.0
0.0
0.0
0.0
0.0
0.0
0.0
0.0
0.0
0.0
0.0
0.0
0.0
0.0
0.0
0.0
0.0
0.0
0.0
0.0
0.0
0.0
0.0
0.0
0.0
0.0
0.0
0.0
0.0
0.0
0.0
0.0
0.0
0.0
0.0
0.0
0.0
0.0
0.0
0.0
0.0
0.0
0.0
0.0
0.0
0.0
0.0
0.0
0.0
0.0
0.0
0.0
0.0
0.0
0.0
0.0
0.0
0.0
0.0
0.0
0.0
14.999999999999998
60.0
