9.81
6.022e+23
0
0
0
3
0
1
276.844018172047
2
2
0
0
1
1
0
1
60
7
1000.0
1.0


3
3.0
0
77.072922555375
0
5.783625987995279
150.0
1000.0
287.04
9.81
79000.0
40.0
20000.0
0.0
0.0
0.0
0.0
0.0280134
0.04401
0.0319988
0.039948
0.01604
0.01801528
0.048
99000.0
2.1153802199668344e+29
0.8
1e-06
1000000.0
0.6
3.0
0.0001
60
47
1.0608604850597905
0
1
6.0
1.0
1.0
0.0
1
1
0.1
1000000000000.0
1
276.844018172047
276.04057701106547
275.2254888283135
274.3983749237503
273.55883721289825
272.7064569074455
271.84076245686083
270.98027797931104
270.0896231253154
269.1842007570659
268.26338588925114
267.3267259113534
266.3734631697505
265.4030456886029
264.4147304367677
263.4078194172845
262.3815257911496
261.3350206087997
260.2674240495464
259.1777880300915
258.0650854337406
256.92821754744574
255.76600105545245
254.57715786008444
253.3603101672343
252.11397606419965
250.8365462938861
249.52626672477393
248.1812199827132
246.79930697035132
245.37823261699654
243.9154808315743
242.40827579080855
240.85353983073713
239.24785097428673
237.58737240416806
235.86780555013004
234.084315320415
232.23138107544176
230.30267765480903
228.29099387279157
226.18796101895398
223.98373072568015
221.66672816223743
219.2230198882121
216.63553512662367
213.88323129295415
210.92613679020735
209.96218511365078
210.45182087576302
211.3415262170755
212.2747329371475
213.2368947313497
214.20698240642938
215.71234630193888
217.14817960016936
219.18284015217787
222.10833900641427
225.8259915633973
235.35642676742654
991.675
975.0250000000001
958.375
941.7249999999999
925.075
908.425
891.7750000000001
875.125
858.4749999999999
841.825
825.175
808.5250000000001
791.875
775.225
758.575
741.925
725.2750000000001
708.625
691.975
675.325
658.675
642.0250000000001
625.375
608.725
592.075
575.425
558.7750000000001
542.125
525.4750000000001
508.82500000000005
492.17500000000007
475.52500000000003
458.87500000000006
442.2250000000001
425.57500000000005
408.925
392.27500000000003
375.62500000000006
358.9750000000001
342.32500000000005
325.675
309.02500000000003
292.37500000000006
275.7250000000001
259.0750000000001
242.42500000000007
225.77500000000003
209.12500000000006
192.47500000000008
175.8250000000001
159.17500000000007
142.52500000000003
125.87500000000006
109.22500000000008
92.5750000000001
75.92500000000013
59.27500000000009
42.62500000000006
25.97500000000008
9.325000000000045
68.96279129362425
207.87930537133144
348.8096117991378
491.81918853870593
636.9768651579384
784.3550509572951
934.035277925902
1086.0988979615452
1240.6264568137512
1397.707604092146
1557.4371526836794
1719.915466852523
1885.2489050620684
2053.5503441594806
2224.939711733814
2399.5446115752698
2577.5009928596282
2758.9539119489073
2944.058377675206
3132.9802919540125
3325.8975097472044
3523.0010361703726
3724.4963761265753
3930.6050651765245
4141.566415081114
4357.639503897093
4579.105449416009
4806.270021233988
5039.466656531996
5279.059962329315
5525.449801410588
5779.07607417914
6040.4243419247
6310.032483592568
6588.498617196606
6876.49059997258
7174.757515917117
7484.143624415896
7805.605444250854
8140.232963894095
8489.27616091109
8854.178409309385
9236.619233756195
9638.569627606921
10062.36445902825
10510.799101712299
10987.24500179914
11498.652061185798
12055.933356431575
12670.915118020068
13357.133708363988
14132.580468364802
15022.944589819232
16068.255465272247
17332.524068735453
18929.923064510767
21099.930970779293
24486.969503488945
32752.740436538465
56560.69457252452
3.521179111399233e+23
3.521179111399233e+23
3.521179111399257e+23
3.521179111399233e+23
3.521179111399233e+23
3.521179111399233e+23
3.521179111399233e+23
3.521179111399257e+23
3.521179111399233e+23
3.521179111399233e+23
3.521179111399233e+23
3.521179111399233e+23
3.521179111399257e+23
3.5211791113992086e+23
3.521179111399257e+23
3.521179111399233e+23
3.521179111399233e+23
3.521179111399257e+23
3.5211791113992086e+23
3.521179111399257e+23
3.521179111399233e+23
3.521179111399233e+23
3.521179111399257e+23
3.5211791113992086e+23
3.521179111399257e+23
3.521179111399233e+23
3.521179111399233e+23
3.521179111399233e+23
3.521179111399233e+23
3.521179111399244e+23
3.521179111399244e+23
3.521179111399233e+23
3.521179111399233e+23
3.521179111399233e+23
3.521179111399257e+23
3.521179111399233e+23
3.521179111399233e+23
3.521179111399233e+23
3.521179111399233e+23
3.521179111399257e+23
3.521179111399233e+23
3.521179111399233e+23
3.521179111399233e+23
3.521179111399233e+23
3.521179111399233e+23
3.521179111399257e+23
3.521179111399233e+23
3.521179111399233e+23
3.521179111399233e+23
3.521179111399233e+23
3.521179111399257e+23
3.521179111399233e+23
3.521179111399233e+23
3.521179111399233e+23
3.521179111399233e+23
3.521179111399233e+23
3.521179111399257e+23
3.521179111399233e+23
3.521179111399233e+23
3.521179111399257e+23
-2.380913376619144
-1.8494494235461179
-1.7877822601953588
-1.8251898864496405
-1.8689439254123752
-1.8964619945040482
-1.9218903102170233
-1.9952666945023796
-1.9587848111604194
-1.9110358322137082
-1.8597825567821626
-1.8021313284772886
-1.7364641657922035
-1.6779536561738058
-1.6233919554062302
-1.5698182405129295
-1.5344667078337462
-1.4947425370840701
-1.4629214723472272
-1.3655119726001006
-1.386872221167494
-1.376919136281689
-1.3709188342934973
-1.3596857665697353
-1.3476055283449127
-1.3379203115170684
-1.338492218901526
-1.3412415116644858
-1.3480623276317054
-1.352871343092232
-1.3592230783997676
-1.3683368115578447
-1.3899657305549429
-1.4152016742606695
-1.4444426393912273
-1.4854707399641607
-1.519103067591537
-1.562053000250866
-1.6122970183442633
-1.6427192434762237
-1.6574106551158585
-1.6783934204288267
-1.6676755188691001
-1.611767909629762
-1.5228438188670907
-1.2999307764212833
-0.8950372381036351
-0.17243812448270796
0.04818513715764439
0.033411251178474044
0.02906360577542698
0.026595488544178383
0.025010131307809998
0.02402650487731039
0.025609253896201317
0.027110864393825124
0.032068472654319245
0.04024340334569825
0.04957538683575212
0.020860687964778274
-2.4938543469350947
-1.9605099267063082
-1.8969622961997885
-1.9324894552983096
-1.9743630271052837
-2.000000629041196
-2.0235484775984105
-2.0950443947280064
-2.0566820442302856
-2.007052598127814
-1.9539188555405076
-1.894387160079873
-1.8268395302390275
-1.766448553464869
-1.7100063855415328
-1.6545522034924716
-1.6173202036575276
-1.5757155657520912
-1.5420140338594877
-1.4427240669566004
-1.4622038483682331
-1.4503702963266676
-1.4424895271827154
-1.4293759923031928
-1.4154152869226095
-1.4038496029390046
-1.4025410431677017
-1.4034098687749008
-1.40835021758636
-1.4112787658911259
-1.415750034042901
-1.4229833000452174
-1.442731751886555
-1.4660872284365212
-1.4934477264113184
-1.5325953598284912
-1.5643472203001068
-1.6054166858036751
-1.6537802367413121
-1.6823219947175119
-1.695132939201386
-1.7142352373585936
-1.7016368686431065
-1.6438487922480078
-1.553044234329576
-1.328250724728008
-0.9214767192545992
-0.19699713847791145
0.02550659031820146
0.012613171494791686
0.010145993247505203
0.009558343172017203
0.009853453091409392
0.010750293816670364
0.014213509991321871
0.017595587644706256
0.024433663060960953
0.034489060908100555
0.045701511553915
0.018867279838701734
0.11294097031595081
0.11106050316019024
0.10918003600442966
0.10729956884866906
0.1054191016929085
0.1035386345371479
0.10165816738138732
0.09977770022562676
0.09789723306986615
0.09601676591410557
0.094136298758345
0.09225583160258442
0.09037536444682386
0.08849489729106326
0.08661443013530269
0.0847339629795421
0.08285349582378151
0.08097302866802095
0.07909256151226035
0.07721209435649978
0.0753316272007392
0.0734511600449786
0.07157069288921804
0.06969022573345746
0.06780975857769687
0.06592929142193629
0.06404882426617571
0.06216835711041512
0.06028788995465455
0.05840742279889398
0.05652695564313339
0.054646488487372795
0.05276602133161223
0.050885554175851645
0.04900508702009107
0.047124619864330475
0.04524415270856989
0.043363685552809325
0.04148321839704874
0.03960275124128816
0.03772228408552757
0.03584181692976699
0.033961349774006416
0.03208088261824584
0.030200415462485256
0.02831994830672468
0.026439481150964086
0.024559013995203507
0.02267854683944293
0.020798079683682354
0.018917612527921776
0.01703714537216118
0.015156678216400604
0.013276211060640027
0.011395743904879446
0.009515276749118869
0.00763480959335829
0.005754342437597699
0.0038738752818371206
0.001993408126076542
-16.649999999999977
-16.649999999999977
-16.65000000000009
-16.649999999999977
-16.649999999999977
-16.649999999999977
-16.649999999999977
-16.65000000000009
-16.649999999999977
-16.649999999999977
-16.649999999999977
-16.649999999999977
-16.65000000000009
-16.649999999999864
-16.65000000000009
-16.649999999999977
-16.649999999999977
-16.65000000000009
-16.649999999999864
-16.65000000000009
-16.649999999999977
-16.649999999999977
-16.65000000000009
-16.649999999999864
-16.65000000000009
-16.649999999999977
-16.649999999999977
-16.649999999999977
-16.649999999999977
-16.650000000000034
-16.650000000000034
-16.649999999999977
-16.649999999999977
-16.649999999999977
-16.65000000000009
-16.649999999999977
-16.649999999999977
-16.649999999999977
-16.649999999999977
-16.65000000000009
-16.649999999999977
-16.649999999999977
-16.649999999999977
-16.649999999999977
-16.649999999999977
-16.65000000000009
-16.649999999999977
-16.649999999999977
-16.649999999999977
-16.649999999999977
-16.65000000000009
-16.649999999999977
-16.649999999999977
-16.649999999999977
-16.649999999999977
-16.649999999999977
-16.65000000000009
-16.649999999999977
-16.649999999999977
-16.65000000000009
276.844018172047
276.046308188186
275.2371358500839
274.416131822682
273.5829080409576
272.737056400978
271.8781474300521
271.41052021808594
270.53495055231326
269.63691194119065
268.72379332315853
267.79505590030226
266.85009454055194
265.8882544291767
264.90888806268526
263.91127492702606
262.894672604217
261.85827319997463
260.801222329173
259.72260603981897
258.62143673191605
257.4966514905932
256.3471093014491
255.17157945776844
253.96873401365937
252.73714311571698
251.4752611790429
250.18140650933003
248.85374335374357
247.49026347653228
246.08876979367392
244.64685672428544
243.16187831119143
241.63090781077284
240.05069540251193
238.41761168922739
236.72758897714905
234.97606043527253
233.1578481979284
231.26702936512538
229.2968357638003
227.23947744587278
225.08584587231707
222.8252294439588
220.44487402522475
217.92927750741788
215.26003066242058
212.41810772818576
210.44416095192906
210.2070029947069
210.89667354641927
211.80812957711152
212.7558138342486
213.72193856888953
214.95966435418413
216.43026295105412
218.16550987617362
220.6455895792961
223.96716528490578
230.59120916541193
240.12164436944116
1000.0
983.35
966.7
950.05
933.4
916.75
900.1
883.45
866.8
850.15
833.5
816.85
800.2
783.55
766.9000000000001
750.25
733.6
716.95
700.3
683.6500000000001
667.0
650.35
633.7
617.05
600.4000000000001
583.75
567.1
550.45
533.8000000000001
517.1500000000001
500.50000000000006
483.85
467.20000000000005
450.55000000000007
433.9000000000001
417.25
400.6
383.95000000000005
367.30000000000007
350.6500000000001
334.0
317.35
300.70000000000005
284.05000000000007
267.4000000000001
250.7500000000001
234.10000000000002
217.45000000000005
200.80000000000007
184.1500000000001
167.5000000000001
150.85000000000002
134.20000000000005
117.55000000000007
100.90000000000009
84.25000000000011
67.60000000000014
50.950000000000045
34.30000000000007
17.65000000000009
1.0
0.0
137.9255825872485
277.83302815541435
419.7861954428613
563.8521816345506
710.1015486813262
858.6085532332642
1009.4620026185399
1162.7357933045503
1318.517120322952
1476.8980878613402
1637.9762175060187
1801.854716199027
1968.6430939251095
2138.4575943938517
2311.4218290737767
2487.667394076763
2667.3345916424933
2850.5732322553213
3037.5435230950907
3228.417060812934
3423.377958681475
3622.6241136592703
3826.36863859388
4034.8414917591695
4248.29133840306
4466.987669391127
4691.223229440891
4921.316813027083
5157.616500036908
5400.503424621722
5650.396178199455
5907.755970158825
6173.092713690574
6446.972253494561
6730.02498089865
7022.956219046509
7326.5588127877245
7641.728436044066
7969.482452457642
8310.983475330548
8667.568846491631
9040.78797212714
9432.450495385252
9844.688759828592
10280.040158227908
10741.558045196689
11232.93195840159
11764.372163970005
12347.494548893144
12994.335687146991
13719.931729580985
14545.229207148617
15500.659972489848
16635.850958054645
18029.19717941626
19830.648949605275
22369.21299195331
26604.726015024575
38900.75485805236
51196.783701080225
361.76160957870394
361.2880832192064
360.1579477656549
358.8275866170536
357.3838554450146
355.8848330934503
354.35867471449177
353.2034207755832
351.67950978292214
350.1515742790541
348.6361256902429
347.1346231504255
345.6465312786391
344.1721261742203
342.7032037810989
341.2398620152479
339.7809614673143
338.32093025565223
336.8650191744666
335.41049167440144
340.191089996923
338.69874563106634
337.2182678996194
335.7476810244147
334.2902451951569
332.8459334958957
331.4123327429544
329.98892409925327
328.57673769719946
327.17741307633105
325.79408558938593
324.43043948406705
323.08485634428166
321.7569286515244
320.447449908634
319.16036676245074
317.9061763711475
316.6857693328505
315.4969024866881
314.3404276090995
313.22368078687504
312.1508965387432
311.1230414561385
310.1451453830905
309.21957633652676
308.34645274563877
307.53222069673643
306.7754878551767
306.1743885239084
305.999928979298
306.1412438478181
306.4341045887322
306.7844029806179
307.1537522150873
307.5291657752283
307.89132206385574
308.235638892432
308.596249399733
309.0040673082918
309.68015340815873
311.2968662845177
333.0817140334071
332.2039966062511
330.6646132308404
328.9199986544068
327.0569230730932
325.1325518137836
323.1747693126656
321.5815289045841
319.6140238230376
317.6363549685515
315.665404273802
313.703061146936
311.7491298322723
309.8041438684015
307.8602060745973
305.9175688455984
303.975179408621
302.0275785039168
300.0799494412435
298.1295261150064
296.0812267415217
294.1270203679744
292.1735794470562
290.2210303529844
288.273707345274
286.332311547721
284.3949439443942
282.4613995684455
280.5329401931418
278.611376764586
276.6999128225111
274.8023093105709
272.9169979873216
271.0435823873287
269.1828712173572
267.3387995634159
265.5218207707917
263.732826257811
261.969577194628
260.2328815184284
258.5301570481493
256.8656846051919
255.2404028537011
253.6596589061471
252.1259761309505
250.6394446653522
249.2070252513999
247.8276282553926
246.5997941714497
245.7948439328154
245.3021202356497
244.9577035356838
244.6693848556325
244.4015571541924
244.1461065587181
243.9010393308593
243.6671945394623
243.5085798249597
243.4953573207535
243.8573081065343
244.8275939097885
28.67989554529686
29.08408661295526
29.49333453481449
29.90758796264683
30.32693237192142
30.75228127966672
31.18390540182618
31.62189187099908
32.06548595988453
32.51521931050263
32.97072141644095
33.43156200348949
33.89740144636682
34.36798230581876
34.84299770650165
35.32229316964954
35.80578205869332
36.29335175173545
36.78506973322311
37.28096555939502
44.10986325540131
44.57172526309195
45.04468845256315
45.52665067143026
46.01653784988295
46.51362194817468
47.01738879856022
47.52752453080782
48.04379750405763
48.56603631174508
49.09417276687483
49.62813017349618
50.16785835696004
50.71334626419571
51.26457869127677
51.82156719903483
52.38435560035581
52.9529430750395
53.52732529206008
54.10754609067109
54.69352373872575
55.2852119335513
55.88263860243734
56.4854864769434
57.09360020557622
57.70700808028659
58.32519544533654
58.94785959978414
59.57459435245874
60.20508504648259
60.83912361216838
61.47640105304844
62.11501812498541
62.7521950608949
63.38305921651023
63.99028273299644
64.56844435296972
65.08766957477329
65.50870998753827
65.82284530162444
66.46927237472919
434.00302334860896
431.0356426421764
427.9449972619186
424.71767381711743
421.34145318978005
417.8680678111105
414.3419088031107
411.1631063866038
407.5441509992148
403.9595334511164
400.4370322641775
396.98161086881953
393.5991318369533
390.2978872022954
387.0625162557091
383.8891681043166
380.77571535289053
377.6983639375709
374.6667372906332
371.6701957567083
375.0080700122735
372.0535217980487
369.1226737702749
366.20959736788757
363.3227855463266
360.4630585601427
357.6256082042625
354.7996585173938
351.9840622465649
349.17638740811026
346.381781155274
343.6023850159122
340.8338185760815
338.0631591314376
335.28759316011065
332.5070622875162
329.7202765363844
326.93552227778747
324.1412387458212
321.33098363149145
318.5319148145495
315.7639976272162
313.02190730725283
310.3423743655618
307.77295652675
305.34678870153243
303.20430592790217
301.52609636708786
300.7279998973416
300.57904694304943
300.73297498306437
301.03598171722604
301.39583845228344
301.77504113984435
302.16120499380213
302.53757479242086
302.89948720864186
303.2845313790039
303.72683834847084
304.44862595989156
306.0842061160892
227.6728401223929
223.2878775906347
218.7294554448583
213.9869795590073
209.0516095555415
204.0014681833942
198.8983331186623
194.1589325737248
188.9833431631567
183.8803571445614
178.8816318055881
173.9895105408515
169.2070368083356
164.5398847203558
159.9622669866253
155.4643766325096
151.0391930133579
146.6523429408726
142.3142754653378
138.0106339131912
133.4084805425922
129.1247538116171
124.8612895886169
120.609250830478
116.3787347524503
112.170449668634
107.9780923617618
103.791032326721
99.60749836326794
95.42363875516887
91.246188288948
87.0769928583812
82.9113098961286
78.73678114344081
74.5511605156747
70.35576019545248
66.15183094875286
61.94997054220966
57.73841294737145
53.50953746278975
49.29555986929951
45.11999902743861
40.9782631995145
36.92563159317594
33.02477199004602
29.31462501445605
25.95450852905655
23.13889267054368
21.29435942867428
20.15896804736364
19.34639625242935
18.68384795585077
18.04626734464929
17.36888500534907
16.59274821184741
15.60742072894331
14.33741673414136
12.59115750622298
9.970935339611747
5.73214375168495
0.0
206.3301832262161
207.7477650515417
209.2155418170603
210.7306942581101
212.2898436342386
213.8665996277163
215.4435756844484
217.004173812879
218.5608078360581
220.079176306555
221.5554004585894
222.992100327968
224.3920950286177
225.7580024819396
227.1002492690838
228.424791471807
229.7365223395326
231.0460209966983
232.3524618252954
233.6595618435171
241.5995894696813
242.9287679864316
244.261384181658
245.6003465374096
246.9440507938763
248.2926088915087
249.6475158425007
251.0086261906728
252.376563883297
253.7527486529414
255.135592866326
256.525392157531
257.9225086799529
259.3263779879968
260.736432644436
262.1513020920637
263.5684455876316
264.9855517355778
266.4028257984498
267.8214461687017
269.23635494525
270.6439985997776
272.0436441077383
273.4167427723859
274.748184536704
276.0321636870764
277.2497973988456
278.3872036965442
279.4336404686673
280.4200788956858
281.386578730635
282.3521337613753
283.3495711076342
284.4061561344953
285.5684567819547
286.9301540634775
288.5620704745005
290.6933738727809
293.7559030088591
298.7164822082066
306.0842061160892
72.241413769905
69.7475594229699
67.78704949626359
65.8900872000638
63.95759774476549
61.98323471766021
59.983234088619014
57.9596856110206
55.8646412162926
53.80795917206231
51.8009065739345
49.84698771839399
47.95260055831412
46.12576102807509
44.35931247461022
42.64930608906869
40.994753885576216
39.37743368191869
37.8017181161666
36.25970408230711
34.81698001535051
33.354776166982276
31.90440587065561
30.461916343472893
29.0325403511697
27.61712506424709
26.213275461308086
24.810734418140385
23.407324549365484
21.998974331779124
20.587695565887998
19.171945531845097
17.74896223179988
16.306230479913324
14.840143251476803
13.346695525065485
11.814100165236994
10.249752944936887
8.644336259133212
6.9905560223919
5.308234027674388
3.6131010884730017
1.898865851114408
0.1972289824713016
-1.4466198097767062
-2.9996640441062823
-4.32791476883429
-5.2493914880888894
-5.446388626566801
-5.420882036248599
-5.408268864753808
-5.3981228715063025
-5.388564528334285
-5.378711075242876
-5.367960781426206
-5.353747271434884
-5.3361516837901775
-5.3117180207292165
-5.277228959821116
-5.231527448267201
-5.212660168428499
105.4088739110143
108.9161190156165
111.9351577859822
114.9330190953995
118.0053135175517
121.1310836303894
124.2764361940032
127.4225963308593
130.6306806598809
133.7559978239901
136.7837724682139
139.7135506060845
142.5420930239368
145.2642591480457
147.897939087972
150.4531922130887
152.9359863952631
155.3752355630442
157.7656739759057
160.1188922018151
162.6727461989295
165.0022665563573
167.3122898584393
169.6117795225064
171.8949725928237
174.161861879087
176.4168515826324
178.6703672417245
180.9254418298739
183.1877380094172
185.4537245335631
187.7253164521897
190.005688091193
192.3068012438879
194.6317107016825
196.9830393679634
199.3699898220388
201.7828557156014
204.2311642472566
206.7233440556387
209.2345971788498
211.7456855777533
214.2621396541866
216.7340273129712
219.1012041409045
221.3248196508962
223.2525167223433
224.6887355848489
225.3054347427754
225.6358758854518
225.9557239832204
226.2738555798331
226.6231175109831
227.0326721488433
227.5533583468707
228.293618601916
229.329777805321
230.9174223187368
233.5244219811418
238.1251643548493
244.8275939097885
177.6502876809193
178.6636784385864
179.7222072822458
180.8231062954633
181.9629112623172
183.1143183480496
184.2596702826222
185.3822819418799
186.4953218761735
187.5639569960524
188.5846790421484
189.5605383244785
190.4946935822509
191.3900201761208
192.2572515625822
193.1024983021574
193.9307402808393
194.7526692449629
195.5673920920723
196.3785962841222
197.48972621428
198.3570427233396
199.2166957290949
200.0736958659793
200.9275129439934
201.7789869433341
202.6301270439405
203.4811016598649
204.3327663792394
205.1867123411963
206.0414200994511
206.8972619840348
207.7546503229929
208.6130317238012
209.4718539531593
210.3297348930289
211.1840899872758
212.0326086605383
212.8755005063898
213.7139000780306
214.5428312065242
215.3587866662263
216.161005505301
216.9312562954425
217.6545843311278
218.3251556067899
218.924601953509
219.43934409676
219.8590461162086
220.2149938492032
220.5474551184666
220.8757327083268
221.2345529826488
221.6539610736004
222.1853975654445
222.9398713304811
223.9936261215308
225.6057042980076
228.2471930213207
232.8936369065821
239.61493374136
-1.2629034470780227
-0.992731338500799
-0.960528765695544
-0.9785121710301737
-0.9997189288860444
-1.0127072020621881
-1.024642239832934
-1.0608604850597905
-1.0414427013960768
-1.0163188501696219
-0.9894189804384376
-0.9592773186694697
-0.9250743901064896
-0.8944931504734102
-0.8659101814684049
-0.8378260807948372
-0.8189687633986564
-0.7978968340843224
-0.7808269359560613
-0.7304378200765885
-0.7403824411299617
-0.7343907629060514
-0.7303997175922323
-0.723758260092704
-0.7166874140910038
-0.7108290929408739
-0.7101663137778815
-0.7106061854697869
-0.7131079221064385
-0.7145910932819399
-0.7168555882794545
-0.7205190017439282
-0.7305219743275804
-0.7423522076105482
-0.756211564512473
-0.7760423423152194
-0.7921276338007823
-0.8129325545690975
-0.8374318267920047
-0.8518922414210006
-0.8583855574893581
-0.8680659079086261
-0.861694541073174
-0.8324377411408026
-0.7864587805240066
-0.6726155192632561
-0.4665970254917862
-0.099652725732197
0.01303302131079942
0.006494591322554005
0.00524354990593201
0.004955583382356216
0.005124306938266099
0.0056141636024916175
0.007439231443236105
0.009247411344878054
0.012888436302524342
0.01830874472574795
0.02462493031599111
0.01169132471772194
0.0
-1.776543443656327
-1.529249702736621
-1.518522571247671
-1.556225570175962
-1.583312895084495
-1.593232097620832
-1.593641161973589
-1.625007951095663
-1.583083460565408
-1.533674731203216
-1.484036041670361
-1.432756576078905
-1.378873228444486
-1.334051852784884
-1.294325902786698
-1.25762289054223
-1.235565803707094
-1.210841433426108
-1.191988094942747
-1.293617195067291
-1.179984288073215
-1.170108341336608
-1.164772681867407
-1.156517881898618
-1.148259439786865
-1.1422318811107
-1.141485225564554
-1.142274878158844
-1.145932869106451
-1.147802158908905
-1.150641489071635
-1.155088727347589
-1.165595036163095
-1.177648704654153
-1.191030966293497
-1.209074659183585
-1.222201744042828
-1.240154691285315
-1.262377041508778
-1.272038348716514
-1.271954910040234
-1.274672815105925
-1.252098351468581
-1.199058619576324
-1.126339744634504
-0.9764466102300837
-0.7274955492821755
-0.3123798916377698
-0.1673801026240302
-0.1620143514666975
-0.1611448830423797
-0.1769134963191636
-0.2074538804701243
-0.2637459383987975
-0.3749679487682012
-0.5248512107060231
-0.8041979864665596
-1.320537350464181
-2.330438408549424
-3.39501715086033
0.0
0.5136399965783042
0.536518364235822
0.5579938055521271
0.5777133991457882
0.5835939661984506
0.580524895558644
0.5689989221406552
0.5641474660358724
0.5416407591693312
0.517355881033594
0.4946170612319235
0.4734792574094352
0.4537988383379964
0.4395587023114737
0.4284157213182931
0.4197968097473927
0.4165970403084375
0.4129445993417855
0.4111611589866857
0.5631793749907025
0.4396018469432533
0.4357175784305566
0.4343729642751745
0.4327596218059139
0.4315720256958613
0.431402788169826
0.4313189117866724
0.4316686926890571
0.4328249470000125
0.433211065626965
0.4337859007921805
0.4345697256036607
0.4350730618355146
0.4352964970436048
0.4348194017810241
0.4330323168683657
0.4300741102420457
0.4272221367162174
0.4249452147167734
0.4201461072955132
0.413569352550876
0.4066069071972988
0.3904038103954071
0.3666208784355214
0.3398809641104974
0.3038310909668276
0.2608985237903893
0.2127271659055728
0.1804131239348296
0.1685089427892515
0.1663884329483117
0.1818690797015198
0.2125781874083904
0.2693601020012891
0.3824071802114373
0.5340986220509012
0.8170864227690839
1.338846095189929
2.355063338865415
3.406708475578052
0.0
1.0
1.0
1.0
1.0
1.0
1.0
1.0
0.0
0.0
0.0
0.0
0.0
0.0
0.0
0.0
0.0
0.0
0.0
0.0
0.0
0.0
0.0
0.0
0.0
0.0
0.0
0.0
0.0
0.0
0.0
0.0
0.0
0.0
0.0
0.0
0.0
0.0
0.0
0.0
0.0
0.0
0.0
0.0
0.0
0.0
0.0
1.0
1.0
0.0
0.0
0.0
0.0
0.0
0.0
0.0
0.0
0.0
0.0
0.0
0.0
0.0
1.0
1.0
1.0
1.0
1.0
1.0
1.0
1.0
1.0
1.0
1.0
1.0
1.0
1.0
1.0
1.0
0.8605561031037754
0.8605561031037754
0.8605561031037754
0.8605561031037754
0.8605561031037754
0.8605561031037754
0.8605561031037754
0.8605561031037754
0.8605561031037754
0.8605561031037754
0.8605561031037754
0.8605561031037754
0.8605561031037754
0.8605561031037754
0.8605561031037754
0.8605561031037754
0.8605561031037754
0.8605561031037754
0.8605561031037754
0.8605561031037754
0.8605561031037754
0.8605561031037754
0.8605561031037754
0.8605561031037754
0.8605561031037754
0.8605561031037754
0.8605561031037754
0.8605561031037754
0.8605561031037754
1.0
1.0
1.0
1.0
1.0
1.0
1.0
1.0
1.0
1.0
1.0
1.0
1.0
1.0
1.0
1.0
1.0
1.0
1.0
1.0
1.0
1.0
1.0
1.0
1.0
1.0
1.0
1.0
1.0
0.004057347218577478
0.004022179781566021
0.003951614959253813
0.0038465515260593867
0.0036367721691921216
0.003374329874368015
0.0030761650357795296
0.0028314975146235656
0.0025187340897245484
0.0022288658085266888
0.001977576764853189
0.0017599438689341104
0.0015711353635838798
0.0014203451900652727
0.0012937732435890942
0.0011860377473829366
0.0011016311229328534
0.0010211666903088912
0.0009480861306297931
0.000886760641793854
0.000827681078742923
0.0007729574594272708
0.0007242015736227121
0.0006768384955758999
0.0006322904115327019
0.0005911256554824822
0.0005509376946409015
0.0005132026523426546
0.00047810075360953184
0.00044364817223814914
0.0004110373723685191
0.00038018316224678857
0.00034986746923439127
0.00032083342852402537
0.0002929711040143802
0.00026578837445938617
0.00023921311112394894
0.00021350226862616414
0.0001889580777588682
0.00016413914438830388
0.00014031575796883338
0.00011861327410857683
9.647989894083393e-05
7.624184705818365e-05
5.9175585730100945e-05
4.286374017605236e-05
2.888977609137934e-05
1.7223530609591605e-05
1.0213190069306247e-05
6.6270960107873495e-06
4.401915836199644e-06
3.5274010521955463e-06
3.207967500619726e-06
3.716329303044646e-06
4.24661375261124e-06
4.87057340081134e-06
5.6511929315384445e-06
6.799886116271672e-06
7.644871920744686e-06
1.6332166280625872e-07
0.0004
0.0004
0.0004
0.0004
0.0004
0.0004
0.0004
0.0004
0.0004
0.0004
0.0004
0.0004
0.0004
0.0004
0.0004
0.0004
0.0004
0.0004
0.0004
0.0004
0.0004
0.0004
0.0004
0.0004
0.0004
0.0004
0.0004
0.0004
0.0004
0.0004
0.0004
0.0004
0.0004
0.0004
0.0004
0.0004
0.0004
0.0004
0.0004
0.0004
0.0004
0.0004
0.0004
0.0004
0.0004
0.0004
0.0004
0.0004
0.0004
0.0004
0.0004
0.0004
0.0004
0.0004
0.0004
0.0004
0.0004
0.0004
0.0004
0.0004
1.3065442837795994e-08
1.609813246251006e-08
1.8451320475760573e-08
2.016080036876345e-08
2.1358414023579076e-08
2.2454492528502163e-08
2.346184864599769e-08
2.435074770331274e-08
2.5168293008394306e-08
2.59248194795521e-08
2.6578860853539352e-08
2.717492227184444e-08
2.7727500794852817e-08
2.821868937946919e-08
2.867559255048391e-08
2.9106915692640655e-08
2.950022653046024e-08
2.9893537368279825e-08
3.0281774756529767e-08
3.065711262938458e-08
3.1032450502239386e-08
3.142093683129147e-08
3.1836199651687564e-08
3.225146247208365e-08
3.2701440677579656e-08
3.320893932168535e-08
3.3716437965791035e-08
3.428270566534462e-08
3.492899931274215e-08
3.557529296013967e-08
3.6371436914800125e-08
3.733624217274159e-08
3.8301047430683085e-08
3.959226158737696e-08
4.118778732859431e-08
4.278331306981166e-08
4.513146211348355e-08
4.806009189575067e-08
5.0988721678017794e-08
5.632170630050282e-08
6.318151527324084e-08
7.004132424597885e-08
8.255287402060394e-08
9.799336545699721e-08
1.1343385689339041e-07
1.3646888186188418e-07
1.6453988297575865e-07
1.9889493840858378e-07
2.3731543525971197e-07
2.78963375570315e-07
3.2556784487230723e-07
3.9737569592667986e-07
5.064205645747201e-07
6.801946019508522e-07
1.1053081705738778e-06
1.6111307341008319e-06
2.5512822486276946e-06
4.137854497676283e-06
6.1841356611202155e-06
2.780474791942962e-06
0.0
0.0
0.0
0.0
0.0
0.0
0.0
0.0
0.0
0.0
0.0
0.0
0.0
0.0
0.0
0.0
0.0
0.0
0.0
0.0
0.0
0.0
0.0
0.0
0.0
0.0
0.0
0.0
0.0
0.0
0.0
0.0
0.0
0.0
0.0
0.0
0.0
0.0
0.0
0.0
0.0
0.0
0.0
0.0
0.0
0.0
0.0
0.0
0.0
0.0
0.0
0.0
0.0
0.0
0.0
0.0
0.0
0.0
0.0
0.0
0.0
0.0
0.0
0.0
0.0
0.0
0.0
0.0
0.0
0.0
0.0
0.0
0.0
0.0
0.0
0.0
0.0
0.0
0.0
0.0
0.0
0.0
0.0
0.0
0.0
0.0
0.0
0.0
0.0
0.0
0.0
0.0
0.0
0.0
0.0
0.0
0.0
0.0
0.0
0.0
0.0
0.0
0.0
0.0
0.0
0.0
0.0
0.0
0.0
0.0
0.0
0.0
0.0
0.0
0.0
0.0
0.0
0.0
0.0
0.0
0.0
0.0
0.0
0.0
0.0
0.0
0.0
0.0
0.0
0.0
0.0
0.0
0.0
0.0
0.0
0.0
0.0
0.0
0.0
0.0
0.0
0.0
0.0
0.0
0.0
0.0
0.0
0.0
0.0
0.0
0.0
0.0
0.0
0.0
0.0
0.0
0.0
0.0
0.0
0.0
0.0
0.0
0.0
0.0
0.0
0.0
0.0
0.0
0.0
0.0
0.0
0.0
0.0
0.0
0.0
0.0
0.0
0.0
0.0
0.0
0.0
0.0
0.0
0.0
0.0
0.0
0.0
0.0
0.0
0.0
0.0
0.0
0.0
0.0
0.0
0.0
0.0
0.0
0.0
0.0
0.0
0.0
0.0
0.0
0.0
0.0
0.0
0.0
0.0
0.0
0.0
0.0
0.0
0.0
0.0
0.0
0.0
0.0
0.0
0.0
0.0
0.0
0.0
0.0
0.0
0.0
0.0
0.0
0.0
0.0
0.0
0.0
0.0
0.0
0.0
0.0
0.0
0.0
0.0
0.0
0.0
0.0
0.0
0.0
0.0
0.0
0.0
0.0
0.0
0.0
0.0
0.0
0.0
0.0
0.0
0.0
0.0
0.0
0.0
0.0
0.0
0.0
0.0
0.0
0.0
0.0
0.0
0.0
0.0
0.0
0.0
0.0
0.0
0.0
0.0
0.0
0.0
0.0
0.0
0.0
0.0
0.0
0.0
0.0
0.0
0.0
0.0
0.0
0.0
0.0
0.0
0.0
0.0
0.0
0.0
0.0
0.0
0.0
0.0
0.0
2.0
2.0
1.0
276.844018172047
-5.212660168428499
0.0
0.0
47.0
5.783625987995279
1.0
2.0
3.0
4.0
5.0
6.0
7.0
8.0
9.0
10.0
11.0
12.0
13.0
14.0
15.0
16.0
17.0
18.0
19.0
20.0
21.0
22.0
23.0
24.0
25.0
26.0
27.0
28.0
29.0
30.0
31.0
32.0
33.0
34.0
35.0
36.0
37.0
38.0
39.0
40.0
41.0
42.0
43.0
44.0
45.0
46.0
47.0
48.0
49.0
50.0
51.0
52.0
53.0
54.0
55.0
56.0
57.0
58.0
59.0
60.0
0.0
0.0
0.0
0.0
0.0
0.0
0.0
0.0
0.0
0.0
0.0
0.0
0.0
0.0
0.0
0.0
0.0
0.0
0.0
0.1
0.0
0.0
0.0
0.0
0.0
0.0
0.0
0.0
0.0
0.0
0.0
0.0
0.0
0.0
0.0
0.0
0.0
0.0
0.0
0.0
0.0
0.0
0.0
0.0
0.0
0.0
0.0
0.0
0.0
0.0
0.0
0.0
0.0
0.0
0.0
0.0
0.0
0.0
0.0
0.0
0.0
0.0
0.0
0.0
0.0
0.0
0.0
0.0
0.0
0.0
0.0
0.0
0.0
0.0
0.0
0.0
0.0
0.0
0.0
0.15
0.0
0.0
0.0
0.0
0.0
0.0
0.0
0.0
0.0
0.0
0.0
0.0
0.0
0.0
0.0
0.0
0.0
0.0
0.0
0.0
0.0
0.0
0.0
0.0
0.0
0.0
0.0
0.0
0.0
0.0
0.0
0.0
0.0
0.0
0.0
0.0
0.0
0.0
0.0
0.0
0.0
0.0
0.0
0.0
0.0
0.0
0.0
0.0
0.0
0.0
0.0
0.0
0.0
0.0
0.0
0.0
0.0
0.0
0.0
0.01
0.0
0.0
0.0
0.0
0.0
0.0
0.0
0.0
0.0
0.0
0.0
0.0
0.0
0.0
0.0
0.0
0.0
0.0
0.0
0.0
0.0
0.0
0.0
0.0
0.0
0.0
0.0
0.0
0.0
0.0
0.0
0.0
0.0
0.0
0.0
0.0
0.0
0.0
0.0
0.0
45.0
