9.81
6.022e+23
0
0
0
3
0
1
224.3894298250598
2
2
0
0
1
1
0
1
60
7
1000.0
1.0


3
3
0
80.10220330563587
0
5.601050757580543
150.0
350.0
287.04
9.81
79000.0
40.0
20000.0
0.0
0.0
0.0
0.0
0.0280134
0.04401
0.0319988
0.039948
0.01604
0.01801528
0.048
99000.0
2.1153802199668344e+29
0.8
1e-06
1000000.0
0.6
3.0
0.0001
400
50
2.026935518974756
0
1
6
1.0
1
0
1
1
0.02
1000000000000.0
2
295.59234542277534
294.66341630621616
293.7212543440194
292.765432747689
291.7955030001197
290.81099332893524
289.81140704191176
288.7962207091542
287.76488217465453
286.7168083775073
285.651382960333
284.56795363929
283.46582930636544
282.3442768303228
281.20251751762333
280.03972318868875
278.8550118178484
277.6474426769899
276.4160109130362
275.1596414775532
273.8771823126262
272.5673966800839
271.22895450051664
269.86042254345955
268.4602532794842
267.0267721673351
265.55816310281233
264.0524516984313
262.50748599081396
260.92091408209797
259.29015810678965
257.6123837688963
255.88446450560434
254.10293908914375
252.26396115824932
250.36323874736138
248.39596131637734
246.3567110201818
244.23935391321388
242.03690533810044
239.74136171494962
237.34348804651867
234.83254624073018
232.195943115006
229.41876751874256
226.48317141963145
223.36752662100258
220.04525022976313
216.48320462574713
212.6304131540613
209.3546187341953
209.05090346810445
210.15720645001036
212.14800186178056
215.71649589852186
219.83199152767847
225.75947691500372
233.2813772880328
241.85575342032212
243.61005887018288
225.3894298250598
224.75586633738905
224.11304986014127
223.46067849435337
222.7984302689055
222.12902742342695
221.45020706958596
220.75607567696784
220.90472927747615
220.28572658080304
221.49996615817992
220.74678224026297
221.26523881085305
220.48040547618183
220.77053448343472
220.08562615594414
219.98340645542186
219.5916380751213
219.04114185097623
218.69080837871206
217.97736226698083
217.43052654721305
216.66773344750953
215.9089011128444
215.0484145479955
214.1241456215993
213.12569122947264
212.0582578143613
210.9481227722829
209.80756601384437
208.63461644770345
207.4273144415949
206.18339441358805
204.900200023179
203.57501454268737
202.20453279377938
200.78519957337397
199.31290087694967
197.78282424200714
196.189742362544
194.52723312288833
192.78768259410302
190.9618164106108
189.1248540882044
188.4405420646093
188.34974751071033
188.83999443400376
189.819473615426
191.20945178688845
192.96198890140363
194.79740095684497
196.7135505864932
198.73354845535283
200.9192994939271
203.57580482063676
206.2992532872441
209.51507571159323
213.4644654846252
218.97840740833828
224.3378591930289
991.675
975.0250000000001
958.375
941.7249999999999
925.075
908.425
891.7750000000001
875.125
858.4749999999999
841.825
825.175
808.5250000000001
791.875
775.225
758.575
741.925
725.2750000000001
708.625
691.975
675.325
658.675
642.0250000000001
625.375
608.725
592.075
575.425
558.7750000000001
542.125
525.4750000000001
508.82500000000005
492.17500000000007
475.52500000000003
458.87500000000006
442.2250000000001
425.57500000000005
408.925
392.27500000000003
375.62500000000006
358.9750000000001
342.32500000000005
325.675
309.02500000000003
292.37500000000006
275.7250000000001
259.0750000000001
242.42500000000007
225.77500000000003
209.12500000000006
192.47500000000008
175.8250000000001
159.17500000000007
142.52500000000003
125.87500000000006
109.22500000000008
92.5750000000001
75.92500000000013
59.27500000000009
42.62500000000006
25.97500000000008
9.325000000000045
991.675
975.0250000000001
958.375
941.7249999999999
925.075
908.425
891.7750000000001
875.125
858.4749999999999
841.825
825.175
808.5250000000001
791.875
775.225
758.575
741.925
725.2750000000001
708.625
691.975
675.325
658.675
642.0250000000001
625.375
608.725
592.075
575.425
558.7750000000001
542.125
525.4750000000001
508.82500000000005
492.17500000000007
475.52500000000003
458.87500000000006
442.2250000000001
425.57500000000005
408.925
392.27500000000003
375.62500000000006
358.9750000000001
342.32500000000005
325.675
309.02500000000003
292.37500000000006
275.7250000000001
259.0750000000001
242.42500000000007
225.77500000000003
209.12500000000006
192.47500000000008
175.8250000000001
159.17500000000007
142.52500000000003
125.87500000000006
109.22500000000008
92.5750000000001
75.92500000000013
59.27500000000009
42.62500000000006
25.97500000000008
9.325000000000045
73.61530649089882
221.88538165765289
372.2676040080561
524.8300949533992
679.6444440947605
836.7859528996651
996.3339003917218
1158.3718333007087
1322.9878834456954
1490.2751154994519
1660.3319087175726
1833.2623767213524
2009.176830012611
2188.1922865872334
2370.433036821603
2556.031269755903
2745.1277690195448
2937.8726879723945
3134.426415215278
3334.960543509459
3539.6589574060445
3748.7190576090784
3962.353143389345
4180.789978368276
4404.276569879998
4633.080198122109
4867.49073871743
5107.823331514129
5354.421459955818
5607.660519825247
5867.951974498581
6135.748217245009
6411.548291204748
6695.904656724347
6989.431246841033
7292.813119267827
7606.818103465437
7932.310963265874
8270.27076214467
8621.812349077132
8988.213207318997
9370.947371552711
9771.728791412414
10192.56751491379
10635.843570178904
11104.405752712999
11601.706225107204
12131.98798877763
12700.540271228576
13315.499659329853
13993.167805672205
14757.145022402688
15636.957584905664
16677.687527411672
17950.577481406268
19583.61341789116
21844.498369536384
25445.711731897107
34077.40952263391
56560.69457252452
56.15112465966617
169.26623735763528
284.0333596476435
400.506391945193
518.7428183070828
638.2566157088589
759.4517955458302
883.3805765301266
1009.8029344014934
1138.9304955689286
1270.7249755204466
1405.1968720476434
1542.4903885406952
1682.6129063752314
1825.763962461565
1971.9055865988685
2121.2730073767443
2273.86421600414
2429.8525993755334
2589.3457962305433
2752.4521925250287
2919.3408908673423
3090.1335252842086
3265.0065054466086
3444.1238770992177
3627.6756637567496
3815.8669458677955
4008.9300235276273
4207.13123435864
4410.763875411725
4620.179861252136
4835.7290605652415
5057.815965655914
5286.914834055267
5523.510704695809
5768.1936772707595
6021.59849037381
6284.4596498503015
6557.636362786123
6842.061901566865
7138.8828574215495
7449.458605450791
7775.444971673427
8119.7037987590975
8486.134550999745
8879.128407024282
9303.970060256172
9767.059317793352
10276.37735546146
10841.81076334522
11476.115952618959
12196.900769791144
13029.564881722119
14013.30771809459
15210.835472065632
16733.698613641955
18814.579982026808
22088.005948018937
30001.732832242178
56560.69457252452
3.521179111399233e+23
3.521179111399233e+23
3.521179111399257e+23
3.521179111399233e+23
3.521179111399233e+23
3.521179111399233e+23
3.521179111399233e+23
3.521179111399257e+23
3.521179111399233e+23
3.521179111399233e+23
3.521179111399233e+23
3.521179111399233e+23
3.521179111399257e+23
3.5211791113992086e+23
3.521179111399257e+23
3.521179111399233e+23
3.521179111399233e+23
3.521179111399257e+23
3.5211791113992086e+23
3.521179111399257e+23
3.521179111399233e+23
3.521179111399233e+23
3.521179111399257e+23
3.5211791113992086e+23
3.521179111399257e+23
3.521179111399233e+23
3.521179111399233e+23
3.521179111399233e+23
3.521179111399233e+23
3.521179111399244e+23
3.521179111399244e+23
3.521179111399233e+23
3.521179111399233e+23
3.521179111399233e+23
3.521179111399257e+23
3.521179111399233e+23
3.521179111399233e+23
3.521179111399233e+23
3.521179111399233e+23
3.521179111399257e+23
3.521179111399233e+23
3.521179111399233e+23
3.521179111399233e+23
3.521179111399233e+23
3.521179111399233e+23
3.521179111399257e+23
3.521179111399233e+23
3.521179111399233e+23
3.521179111399233e+23
3.521179111399233e+23
3.521179111399257e+23
3.521179111399233e+23
3.521179111399233e+23
3.521179111399233e+23
3.521179111399233e+23
3.521179111399233e+23
3.521179111399257e+23
3.521179111399233e+23
3.521179111399233e+23
3.521179111399257e+23
3.521179111399233e+23
3.521179111399233e+23
3.521179111399257e+23
3.521179111399233e+23
3.521179111399233e+23
3.521179111399233e+23
3.521179111399233e+23
3.521179111399257e+23
3.521179111399233e+23
3.521179111399233e+23
3.521179111399233e+23
3.521179111399233e+23
3.521179111399257e+23
3.5211791113992086e+23
3.521179111399257e+23
3.521179111399233e+23
3.521179111399233e+23
3.521179111399257e+23
3.5211791113992086e+23
3.521179111399257e+23
3.521179111399233e+23
3.521179111399233e+23
3.521179111399257e+23
3.5211791113992086e+23
3.521179111399257e+23
3.521179111399233e+23
3.521179111399233e+23
3.521179111399233e+23
3.521179111399233e+23
3.521179111399244e+23
3.521179111399244e+23
3.521179111399233e+23
3.521179111399233e+23
3.521179111399233e+23
3.521179111399257e+23
3.521179111399233e+23
3.521179111399233e+23
3.521179111399233e+23
3.521179111399233e+23
3.521179111399257e+23
3.521179111399233e+23
3.521179111399233e+23
3.521179111399233e+23
3.521179111399233e+23
3.521179111399233e+23
3.521179111399257e+23
3.521179111399233e+23
3.521179111399233e+23
3.521179111399233e+23
3.521179111399233e+23
3.521179111399257e+23
3.521179111399233e+23
3.521179111399233e+23
3.521179111399233e+23
3.521179111399233e+23
3.521179111399233e+23
3.521179111399257e+23
3.521179111399233e+23
3.521179111399233e+23
3.521179111399257e+23
-3.5823624366753903
-3.3499570950978335
-3.188003497408319
-3.0662368928001684
-2.94469986761329
-2.8396077738309904
-2.7502692941524347
-2.6725012683175677
-2.6155124019108733
-2.580843321169368
-2.540739852684855
-2.5043528182217267
-2.452534037757869
-2.42162170280004
-2.4109842647901214
-2.4013393513172563
-2.4250886944437853
-2.4447068334657756
-2.4572974332591917
-2.482217261526795
-2.4968170308281827
-2.5044517584335786
-2.5144723102953255
-2.5011387290815574
-2.479887578045237
-2.466928530249992
-2.4579001818927195
-2.438131603230813
-2.4368669796962075
-2.418986062789165
-2.401634763191704
-2.3956587139446404
-2.3852219043424756
-2.3798454284701407
-2.387775882550681
-2.3798209711396656
-2.386844153521669
-2.427657107663202
-2.4450275064527864
-2.477425970479233
-2.5209039668112947
-2.5276851682881536
-2.5611101482960366
-2.5932592537233345
-2.5129516918266215
-2.3845727352160924
-2.0774732312783613
-1.6700100902022295
-1.2251815934642498
-0.589468930396646
-0.015674594847454842
4.451775059699514e-11
6.52901621656099e-11
7.566021420490898e-11
7.375212940363696e-11
6.348803427425054e-11
4.719853674561847e-11
3.119337427248681e-11
1.859869896980726e-11
1.2256810150157449e-11
0.7581379311580194
0.5293071153195545
0.5947590054899935
0.6736607213751373
0.7224802216497083
0.5630925389749454
-19.93595289409211
-0.11317202200095144
0.7020501571491379
-0.5837632372290937
0.49555258300546046
-0.5432583512784529
0.317804388935538
-0.4875343432979681
0.12218083776566924
-0.3410859593384541
-0.13905661271622605
-0.1640725608240733
-0.30761265607245414
-0.1417380956744635
-0.3076616440397957
-0.21672752035492582
-0.2806161673071168
-0.26739581810926283
-0.2854455644217881
-0.29049115730372743
-0.2999683956724065
-0.3052840467010497
-0.3109808077382044
-0.32387656188824593
-0.3488952252120494
-0.35050083227903883
-0.39967665959193716
-0.41055955212788076
-0.4421754968885093
-0.474782804157745
-0.486573634399024
-0.526263960139324
-0.5313584306680679
-0.5339908407475151
-0.5202830430798349
-0.469599617209891
-0.39409803429846
-0.28538065814913566
-0.2534302793247781
-0.2102645085072163
-0.16273825340664264
-0.11837344323336252
-0.08522115412875367
-0.06202817538879468
-0.048019435168281055
-0.039122493828238084
-0.03298293697262761
-0.027909441134748247
-0.023437452071718184
-0.01913766775453954
-0.014823217822320309
-0.010375534304756379
-0.006412215709080776
-0.005046746104435274
-2.6543654626270268
-2.437411270674488
-2.290908822603086
-2.1845933676134166
-2.0785074920439826
-1.9888665478797236
-1.914979217818697
-1.8526623416018708
-1.8111246248125497
-1.791906693689043
-1.7672543748224996
-1.746318489976801
-1.7099508591304016
-1.6944896737905992
-1.6993033853985366
-1.7051096215431016
-1.7443101142876856
-1.7793794029277024
-1.8074211523381791
-1.8477921302234108
-1.8778430491432232
-1.900928926366106
-1.9264006278453678
-1.9285181962496267
-1.9227181948306793
-1.9252102966529776
-1.9316330979140446
-1.927315668869369
-1.9415021949527045
-1.9390724276633193
-1.9371722776832883
-1.9466473780543936
-1.951661718069829
-1.961736391814668
-1.9851179955134057
-1.9926142337199906
-2.0150885657195943
-2.071352669479097
-2.1041742178863103
-2.1520238315303004
-2.2109529774801047
-2.233185328574592
-2.282061458200417
-2.329661713245116
-2.2648053009660316
-2.151877493972961
-1.8602291396532564
-1.4682171481941282
-1.0388398010730384
-0.4185782876201074
0.13976489831310346
0.13998834356914358
0.12453719397194618
0.10908604436372116
0.09363489474452535
0.07818374511748516
0.06273259548549959
0.047281445853343484
0.03183029622465483
0.016379146602218952
-0.05826862630042484
-0.3108876922009536
-0.19472815888242323
-0.10781718078015956
-0.04572178784569303
-0.1940611773204033
-22.536059333198327
-0.11742174603118016
-0.9049800184806429
-0.04777641270161226
-1.3303083508686626
-0.14976083821382247
-1.1965088579779461
-0.33078006565031615
-1.0317728286846162
-0.5763609030399977
-0.8128878416242102
-0.7908462206144051
-0.6864157737829117
-0.8390198990293598
-0.7008168704395317
-0.7903165571515487
-0.7374009160598689
-0.7558463294159949
-0.7421327241934179
-0.7406424610330902
-0.7321633463809292
-0.7235237724000569
-0.7200870494034959
-0.7234499052129806
-0.7166760851902438
-0.7556511864082225
-0.7324625998184828
-0.7651078507918498
-0.7828252214981504
-0.7857202967739099
-0.8101224293144611
-0.8086860996233582
-0.8081591196424185
-0.797838092677388
-0.768119021426088
-0.7118344113924593
-0.6251704391129991
-0.4937248854987857
-0.45662905051859326
-0.4064017214281037
-0.35103705674605834
-0.2978812826521846
-0.2523929744958977
-0.2159758733770616
-0.18757144377305224
-0.163825110639074
-0.14295220911399298
-0.12322926770869458
-0.10390275817810846
-0.08537530017392214
-0.06695829663955521
-0.04870005094178964
-0.03149207406964649
-0.018420736169503016
-0.9279969740385865
-0.9125458244208441
-0.8970946748031016
-0.881643525185359
-0.8661923755676165
-0.850741225949874
-0.8352900763321317
-0.8198389267143893
-0.8043877770966467
-0.7889366274789043
-0.7734854778611618
-0.7580343282434193
-0.7425831786256769
-0.7271320290079344
-0.7116808793901921
-0.6962297297724495
-0.680778580154707
-0.6653274305369646
-0.6498762809192221
-0.6344251313014797
-0.6189739816837372
-0.6035228320659947
-0.5880716824482523
-0.5726205328305097
-0.5571693832127674
-0.5417182335950249
-0.5262670839772824
-0.5108159343595399
-0.4953647847417975
-0.4799136351240551
-0.4644624855063126
-0.44901133588857006
-0.43356018627082765
-0.4181090366530852
-0.4026578870353427
-0.3872067374176002
-0.3717555877998578
-0.3563044381821153
-0.34085328856437286
-0.32540213894663045
-0.30995098932888787
-0.2944998397111454
-0.279048690093403
-0.2635975404756606
-0.2481463908579181
-0.23269524124017568
-0.21724409162243313
-0.20179294200469064
-0.1863417923869482
-0.1708906427692058
-0.15543949315146335
-0.13998834353372078
-0.12453719391597834
-0.10908604429823592
-0.09363489468049345
-0.07818374506275101
-0.06273259544500857
-0.04728144582726602
-0.03183029620952358
-0.01637914659178113
0.8219581295213716
0.8082725266648407
0.79458692380831
0.780901320951779
0.7672157180952482
0.7535301152387174
0.7398445123821865
0.7261589095256559
0.7124733066691248
0.698787703812594
0.6851021009560633
0.6714164980995324
0.6577308952430017
0.6440452923864707
0.6303596895299399
0.6166740866734091
0.6029884838168782
0.5893028809603474
0.5756172781038165
0.5619316752472857
0.548246072390755
0.534560469534224
0.5208748666776932
0.5071892638211624
0.49350366096463155
0.47981805810810063
0.4661324552515699
0.452446852395039
0.4387612495385082
0.42507564668197745
0.4113900438254465
0.39770444096891566
0.38401883811238485
0.37033323525585404
0.3566476323993232
0.3429620295427923
0.32927642668626145
0.3155908238297307
0.3019052209731999
0.28821961811666896
0.2745340152601381
0.2608484124036073
0.24716280954707645
0.23347720669054567
0.2197916038340148
0.20610600097748402
0.1924203981209531
0.17873479526442226
0.16504919240789148
0.15136358955136064
0.13767798669482983
0.1239923838382989
0.1103067809817681
0.0966211781252373
0.08293557526870646
0.06924997241217565
0.055564369555644824
0.04187876669911392
0.028193163842583097
0.01450756098605228
-16.649999999999977
-16.649999999999977
-16.65000000000009
-16.649999999999977
-16.649999999999977
-16.649999999999977
-16.649999999999977
-16.65000000000009
-16.649999999999977
-16.649999999999977
-16.649999999999977
-16.649999999999977
-16.65000000000009
-16.649999999999864
-16.65000000000009
-16.649999999999977
-16.649999999999977
-16.65000000000009
-16.649999999999864
-16.65000000000009
-16.649999999999977
-16.649999999999977
-16.65000000000009
-16.649999999999864
-16.65000000000009
-16.649999999999977
-16.649999999999977
-16.649999999999977
-16.649999999999977
-16.650000000000034
-16.650000000000034
-16.649999999999977
-16.649999999999977
-16.649999999999977
-16.65000000000009
-16.649999999999977
-16.649999999999977
-16.649999999999977
-16.649999999999977
-16.65000000000009
-16.649999999999977
-16.649999999999977
-16.649999999999977
-16.649999999999977
-16.649999999999977
-16.65000000000009
-16.649999999999977
-16.649999999999977
-16.649999999999977
-16.649999999999977
-16.65000000000009
-16.649999999999977
-16.649999999999977
-16.649999999999977
-16.649999999999977
-16.649999999999977
-16.65000000000009
-16.649999999999977
-16.649999999999977
-16.65000000000009
-16.649999999999977
-16.649999999999977
-16.65000000000009
-16.649999999999977
-16.649999999999977
-16.649999999999977
-16.649999999999977
-16.65000000000009
-16.649999999999977
-16.649999999999977
-16.649999999999977
-16.649999999999977
-16.65000000000009
-16.649999999999864
-16.65000000000009
-16.649999999999977
-16.649999999999977
-16.65000000000009
-16.649999999999864
-16.65000000000009
-16.649999999999977
-16.649999999999977
-16.65000000000009
-16.649999999999864
-16.65000000000009
-16.649999999999977
-16.649999999999977
-16.649999999999977
-16.649999999999977
-16.650000000000034
-16.650000000000034
-16.649999999999977
-16.649999999999977
-16.649999999999977
-16.65000000000009
-16.649999999999977
-16.649999999999977
-16.649999999999977
-16.649999999999977
-16.65000000000009
-16.649999999999977
-16.649999999999977
-16.649999999999977
-16.649999999999977
-16.649999999999977
-16.65000000000009
-16.649999999999977
-16.649999999999977
-16.649999999999977
-16.649999999999977
-16.65000000000009
-16.649999999999977
-16.649999999999977
-16.649999999999977
-16.649999999999977
-16.649999999999977
-16.65000000000009
-16.649999999999977
-16.649999999999977
-16.65000000000009
296.59234542277534
295.6699286566556
294.734487189657
293.78560473226213
292.822843996996
291.84574523712354
290.8538246546271
289.8465726630766
288.823451989112
287.78389559407714
286.72730439481757
285.6530447597287
284.56044575273154
283.44879609387954
282.31734080064626
281.16527746848055
279.99175214277716
278.79585472679986
277.5766138610602
276.33299119889244
275.0638749900942
273.76807286903846
272.44430372500966
271.091188509904
269.7072398108955
268.2908499819533
266.84027758659715
265.3536318529077
263.8288547778351
262.263700437673
260.65571096040304
259.0021884870563
257.30016228461625
255.54634996047244
253.73711145169503
251.86839409868358
249.93566662991913
247.9338392367155
245.85716603752806
243.69912502277967
241.4522688873012
239.10803777647797
236.6565215504393
234.08615416490102
231.38331529899094
228.53180297237412
225.51212310076872
222.30051337511642
218.8675703182898
215.17642216708447
211.16198737491817
209.20276110111882
209.60405495897018
211.15260415577927
213.9322488800272
217.77424371298642
222.79573422124992
229.52042710145452
237.56856535413803
242.73290614522804
244.48721159509776
225.3894298250598
224.76041922643176
224.12230284971827
223.47478627193618
222.8175601181425
222.15028982104045
221.4787544271854
220.7926491133585
220.47289084251733
220.59522792913958
220.89284636949148
220.96197710366545
220.84461343000203
220.79533042309225
220.5479782593831
220.42808031968943
220.03451630568298
219.78752226527158
219.31638996304878
218.86597511484416
218.33408532284645
217.70394440709694
217.0491299973613
216.28831728017695
215.47865783041993
214.5862800847974
213.62491842553595
212.59197452191697
211.49662721988585
210.37170443776012
209.21551370300884
208.02580530547831
206.80090969079174
205.53796524946463
204.23452090997364
202.88759428848138
201.49355741215768
200.0489278476706
198.54896001930905
196.9887745777855
195.3627962603828
193.66375609847418
191.88369520281213
190.01202373148973
188.78269807640686
188.39514478765983
188.59487097235706
189.32973402471487
190.51446270115724
192.08572034414604
193.8796949291243
195.75547577166907
197.72354952092303
199.82642397463997
202.24755215728192
204.93752905394044
207.90716449941868
211.4897705981092
216.22143644648173
221.65813330068357
227.0175850853742
1000.0
983.35
966.7
950.05
933.4
916.75
900.1
883.45
866.8
850.15
833.5
816.85
800.2
783.55
766.9000000000001
750.25
733.6
716.95
700.3
683.6500000000001
667.0
650.35
633.7
617.05
600.4000000000001
583.75
567.1
550.45
533.8000000000001
517.1500000000001
500.50000000000006
483.85
467.20000000000005
450.55000000000007
433.9000000000001
417.25
400.6
383.95000000000005
367.30000000000007
350.6500000000001
334.0
317.35
300.70000000000005
284.05000000000007
267.4000000000001
250.7500000000001
234.10000000000002
217.45000000000005
200.80000000000007
184.1500000000001
167.5000000000001
150.85000000000002
134.20000000000005
117.55000000000007
100.90000000000009
84.25000000000011
67.60000000000014
50.950000000000045
34.30000000000007
17.65000000000009
1.0
1000.0
983.35
966.7
950.05
933.4
916.75
900.1
883.45
866.8
850.15
833.5
816.85
800.2
783.55
766.9000000000001
750.25
733.6
716.95
700.3
683.6500000000001
667.0
650.35
633.7
617.05
600.4000000000001
583.75
567.1
550.45
533.8000000000001
517.1500000000001
500.50000000000006
483.85
467.20000000000005
450.55000000000007
433.9000000000001
417.25
400.6
383.95000000000005
367.30000000000007
350.6500000000001
334.0
317.35
300.70000000000005
284.05000000000007
267.4000000000001
250.7500000000001
234.10000000000002
217.45000000000005
200.80000000000007
184.1500000000001
167.5000000000001
150.85000000000002
134.20000000000005
117.55000000000007
100.90000000000009
84.25000000000011
67.60000000000014
50.950000000000045
34.30000000000007
17.65000000000009
1.0
0.0
147.23061298179763
296.5401503335081
447.995057682604
601.6651322241945
757.6237559653266
915.9481498340035
1076.7196509494402
1240.0240156519772
1405.9517512394134
1574.5984797594904
1746.0653376756547
1920.4594157670501
2097.894244258172
2278.490328916295
2462.375744726911
2649.6867947848955
2840.568743254194
3035.1766326905945
3233.6761977399624
3436.244889278956
3643.0730255331327
3854.365089685024
4070.3411970936654
4291.238759642886
4517.314380117108
4748.8460161271105
4986.135461307748
5229.511201720509
5479.331718191127
5735.989321459367
5999.914627537794
6271.581806952225
6551.514775457273
6840.294537991421
7138.567955690644
7447.05828284501
7766.577924085865
8098.044002445885
8442.497521843456
8801.127176310807
9175.299238327189
9566.595504778234
9976.862078046592
10408.272951780988
10863.41418857682
11345.39731684918
11858.015133365228
12405.960844190031
12995.119698267119
13635.879620392585
14350.455990951823
15163.834053853554
16110.081115957773
17245.29393886557
18655.86102394697
20511.365811835352
23177.63092723742
27713.792536556797
40441.026508711024
53168.260480865334
0.0
112.30224931933235
226.23022539593822
341.8364938993488
459.1762899910372
578.3093466231282
698.2038847945896
820.6997062970709
946.0614467631824
1073.5444220398044
1204.3165690980527
1337.1333819428407
1473.2603621524459
1611.7204149289444
1753.5053978215185
1898.022527101611
2045.7886460961258
2196.7573686573633
2350.971063350917
2508.7341354001496
2669.957457060937
2834.9469279891205
3003.734853745564
3176.532196822853
3353.480814070364
3534.766940128072
3720.5843873854274
3911.1495043501636
4106.710542705091
4307.551926012188
4513.975824811263
4726.383897693009
4945.074223437473
5170.5577078743545
5403.27196023618
5643.749449155437
5892.637905386083
6150.559075361537
6418.360224339067
6696.91250123318
6987.211301900551
7290.554412942547
7608.362797959034
7942.52714538782
8296.880452130375
8675.388649869115
9082.868164179448
9525.071956332897
10009.046679253808
10543.708031669112
11139.91349502133
11812.318410216589
12581.4831293657
13477.646634078537
14548.968802110641
15872.702142020622
17594.695085263287
20034.464878790324
24141.547017247554
35861.9186472368
47582.29027722613
470.20871414226497
467.919083746463
465.371574139357
462.6581882362483
459.834623201199
456.9493054078116
454.016592590419
451.0500308540846
448.0739884742736
445.10360050454693
442.1504184081829
439.229553739155
436.349883909264
433.51080454282965
430.70151843339204
427.9178544782383
425.15184034364114
422.3983187667852
419.66305952589977
416.94635357860744
414.2464299543405
411.57588427389067
408.9350029507286
406.3160080522802
403.7323266968869
401.18227277984255
398.6585814853565
396.17055658211063
393.71678342869274
391.29736150696954
388.9225905690652
386.5926087376526
384.3043598915086
382.0636583444365
379.87102863059386
377.7269502734732
375.64877884293367
373.62812292998024
371.65922089470723
369.76224464865015
367.93072844586663
366.1679886982121
364.4960708773407
362.9102945962625
361.4195824117665
360.0555908639255
358.8036583996969
357.67925878315145
356.66798412869554
355.7382516871824
354.89206815278123
354.3932083048746
354.44531205956815
354.832225438772
355.4628797355333
356.1851473239718
356.9541891936953
357.70136231552044
358.4031987461844
359.0127948259249
360.0296325944295
155.46718083154417
154.56950223377206
153.94823377254136
153.24074436985836
152.47816729550945
151.6828573103906
150.87108188774528
273.3829887660245
273.5110080118218
274.0598864439894
274.094709068121
274.6045038734401
274.4804824723131
274.8006971729982
274.6585414496071
274.7823175257728
274.6664823427153
274.56908200249643
274.44912157406407
274.2095669008572
273.9947810521834
273.67534455988505
273.3448935157856
272.9505686091103
272.52133070143725
272.0500793767456
271.54208159606696
271.0022248206701
270.4347504232079
269.8556143055537
269.27710030808623
268.6988425665615
268.1375274937591
267.5728237163309
267.03432140246
266.5097247384466
266.006691937195
265.5337430576664
265.0783103262381
264.6629762935714
264.2762006974243
263.9154418292269
263.6023576471544
263.3233144727562
263.1530601663639
263.18454023937903
263.3680263943708
263.6919460301432
264.1334898462655
264.67585394964243
265.299793483051
265.97372250103876
266.6833958233965
267.4245418162446
268.20288424842784
269.0138222291463
269.8407040412719
270.6935859124927
271.5870508732002
272.5254266041655
273.6420963691911
438.7879392090571
436.0078094622595
432.9623181422768
429.7441521138579
426.4092762919749
423.0059295933973
419.5488901109792
416.0520067236053
412.5397448908799
409.0273415305703
405.5263436261322
402.0519360290423
398.6132267971903
395.2098808139465
391.8316383931504
388.4746886966803
385.1313101599871
381.796669105306
378.4765808396633
375.1714423880501
371.8796048095167
368.6136254332915
365.3738105213853
362.1524550545979
358.9629430038713
355.8036032939973
352.6672238877795
349.5630775949536
346.4897539593263
343.4473751191305
340.4461924736663
337.4863578519678
334.5648342191761
331.6873975535708
328.8545808434024
326.0668694537554
323.3415741270061
320.6703204528027
318.047365938194
315.4928527420336
313.0003505493971
310.5731959814536
308.2334268124041
305.9764392813532
303.8111979001059
301.7693776912584
299.8364808461717
298.0280852052655
296.3299664057896
294.7107709747542
293.1726882192907
291.9797644591548
291.3362030733968
291.0268695683978
290.9624492993787
291.0075746912625
291.1247530005064
291.296818344926
291.5974075719556
292.0726773374895
292.4788902868749
146.3355716410951
145.4126875093871
144.7656394030525
144.0318188681921
143.2423859066856
142.4196515883181
141.5798910700248
132.3656886892791
132.5972375947307
133.1959474598033
133.23670919341
133.7163260351006
133.5313105452513
133.7641193075544
133.5123341623476
133.50719029168
133.245089937641
132.986346248559
132.6905712123051
132.2617242732116
131.8454013646807
131.3125316527456
130.7572267531888
130.1272931633543
129.4518563583524
128.7241348979674
127.9497641671735
127.1337861397822
126.280651240136
125.4065510831713
124.5237887558059
123.6322034908763
122.7486872302887
121.8529060918163
120.9746221401364
120.1016929346479
119.2416930665054
118.4034020512957
117.5744260308494
116.7772244678982
116.0008762734702
115.2431530320925
114.5255429880146
113.8354860746036
113.2481528064674
112.8562494917338
112.6108524056652
112.5006896992442
112.5032008688045
112.6020412219904
112.7786130923465
113.0029524659293
113.2662582520403
113.5702635359632
113.9306067085628
114.3696657245298
114.8800488235968
115.5077349101652
116.3008011047112
117.2920215599663
118.0214056877453
31.42077493320789
31.91127428420353
32.40925599708024
32.9140361223904
33.42534690922412
33.94337581441433
34.46770247943982
34.99802413047929
35.53424358339371
36.07625897397662
36.62407478205071
37.17761771011269
37.7366571120737
38.30092372888317
38.86988004024167
39.44316578155804
40.02053018365404
40.60164966147921
41.18647868623645
41.77491119055736
42.3668251448238
42.96225884059919
43.56119242934328
44.16355299768231
44.76938369301557
45.37866948584524
45.99135759757694
46.60747898715705
47.22702946936642
47.84998638783898
48.4763980953989
49.10625088568482
49.73952567233257
50.37626079086566
51.01644778719143
51.66008081971787
52.30720471592758
52.95780247717757
53.61185495651323
54.26939190661651
54.93037789646953
55.59479271675857
56.26264406493659
56.93385531490929
57.60838451166057
58.28621317266711
58.96717755352519
59.65117357788595
60.33801772290592
61.02748071242818
61.71937993349053
62.41344384571976
63.10910898617136
63.80535587037425
64.50043043615459
65.17757263270934
65.82943619318887
66.4045439705944
66.80579117422877
66.9401174884354
67.5507423075546
9.131609190449073
9.15681472438496
9.182594369488875
9.208925501666283
9.235781388823852
9.263205722072502
9.291190817720485
141.0173000767454
140.9137704170911
140.8639389841861
140.857999874711
140.8881778383395
140.9491719270618
141.0365778654438
141.1462072872595
141.2751272340928
141.4213924050743
141.5827357539374
141.758550361759
141.9478426276456
142.1493796875027
142.3628129071394
142.5876667625968
142.823275445756
143.0694743430849
143.3259444787782
143.5923174288935
143.8684386808879
144.1540991830719
144.4490632223824
144.7533115522803
145.0666390756852
145.3888402634704
145.7199176245146
146.0596992623236
146.4080318037987
146.7649988706896
147.1303410063707
147.5038842953887
147.8857518256732
148.2753244239541
148.6722887971344
149.0768146591398
149.4878283981526
149.9049073598965
150.3282907476452
150.7571739887056
151.191256330899
151.630288977461
152.073812727652
152.5211803907045
152.9707700351095
153.4171375713562
153.8542782802814
154.272277539865
154.6441565046165
154.9606552176751
155.1858510023275
155.286249768489
155.2334050441992
155.6206906814458
608.2997207638743
603.3557249054452
598.3708040276648
593.3665093019529
588.3583508992901
583.3945256138588
578.4729462485865
573.5914052944333
568.7627005730203
563.9811879784814
559.2360991884282
554.5479801445777
549.9219918247101
545.3729615991454
540.869185815917
536.3862184753648
531.9150947192245
527.4172630280808
522.9026243842677
518.3784972846372
513.8307815301469
509.2823928005539
504.74058255102574
500.19518702473204
495.68298747308904
491.2102153612139
486.76131377007493
482.34165576891496
477.96056694662775
473.5996428299519
469.2857994643842
465.0186453552883
460.78374913109
456.5913858659481
452.4370197602907
448.3078234076567
444.2370377433971
440.2012932647241
436.161038559972
432.15988809602857
428.1763480617147
424.20265533658016
420.29755218713404
416.4297144478554
412.60934055011444
408.9805437013075
405.57673374310576
402.592104986907
400.11261318425716
398.1440409416709
396.8792791196496
396.5201841700559
396.7122762683188
397.2237268414947
397.9634671826196
398.7793696658026
399.62659528064364
400.4365009979541
401.1856188744715
401.8270452504368
402.8602621655435
169.9588239066704
169.00287668259784
168.0707205291662
167.1685029676008
166.2981087124717
165.45707693950715
164.45124033954139
264.4270878846223
264.4376853843884
264.08158379807537
264.06863000950534
263.2481164639559
262.97433422461495
262.09804006732213
261.6251042782807
260.7171075257618
260.0249114396643
259.11462325782117
258.2038166087745
257.27784616178474
256.2240404140815
255.20378705134357
254.08301945009254
252.95129362735756
251.76620939026853
250.5528253413834
249.3041850996717
248.03216497789379
246.7411668080315
245.44194364097388
244.1399797382934
242.84504591157844
241.5280796523678
240.23091327512125
238.9273031104584
237.61988122494694
236.33112812692136
235.04805681807827
233.7839379870266
232.5604448347176
231.37583114589313
230.24695325626956
229.22203466280462
228.31782104929334
227.65384185740228
227.22869287989872
227.00577731346254
226.97865989248885
227.12232242595906
227.41229355483992
227.82025721487142
228.3066147890862
228.85246300080496
229.45065678453898
230.10576994901353
230.81280517155395
231.55431168350552
232.34023525808678
233.18500016785248
234.09188382474812
235.1901328536042
335.0755916420445
328.0970216985059
321.0066738263635
313.8322676242303
306.5970891584164
299.3680428719433
292.1465471411745
284.9352960726626
277.7590345725681
270.6248483831524
263.5383540480988
256.5386989731854
249.6431778264135
242.8753037473732
236.1900384923803
229.5533402758487
222.9487508933914
216.3177489233659
209.6733293888307
203.0193996392093
196.3309530234414
189.6367952484036
182.9447913329921
176.2367924706185
169.5580538972105
162.915528756683
156.2855246009444
149.6806502883817
143.1104143078293
136.550370593533
130.0397046731298
123.5781462380116
117.1475677741957
110.7703685323216
104.4399917857235
98.13999056126933
91.92392338518405
85.76602619476964
79.62304387462427
73.56198446119144
67.55084630711586
61.57534413243935
55.71594934320998
49.92833359097736
44.23810286116116
38.85530981203538
33.81785917293195
29.34710988578189
25.51641872961691
22.30020952571619
19.89035105366796
18.46501945507085
17.63637531326808
17.15129903744745
16.88539787879688
16.58868427396713
16.15782738963411
15.22680484708121
13.06218321688112
7.694129174969307
0.0
139.3158401282163
138.2906182487291
137.2894211776789
136.3186181076947
135.3802394767003
134.4721955532333
133.4004974402264
94.0242628249605
92.9528276571963
91.52539720989463
90.45522598226017
88.5899198157711
87.28360278484745
85.38526732397699
83.8946116223047
81.9690943690072
80.25762224488632
78.31958938881739
76.37516878964571
74.40875714993994
72.30262604566136
70.22020071408069
68.02768963441085
65.81188268468856
63.53298180527824
61.2168311788483
58.85526545171852
56.4624541445505
54.04387233722612
51.60998520059739
49.1715100764416
46.73881009391862
44.28242407641809
41.85098205581735
39.41917658384109
36.99018333574655
34.59766493461976
32.22672769004087
29.88794285572102
27.61622312582749
25.40130075983682
23.25834106807716
21.25756505429512
19.40537311523296
17.82340045541879
16.53342787419763
15.48278063057876
14.66736086862385
14.04761339970406
13.58216134370661
13.23203374094782
12.9395960402322
12.65983970367827
12.36109136120309
12.01024959959164
11.51614524091426
10.80215729403821
9.719568552874797
8.04232994210889
5.102214040504445
0.0
273.2241291218299
275.2587032069393
277.3641302013013
279.5342416777226
281.7612617408737
284.0264827419156
286.326399107412
288.6561092217708
291.0036660004522
293.356339595329
295.6977451403294
298.0092811713923
300.2788139982965
302.4976578517721
304.6791473235367
306.8328781995161
308.9663438258331
311.0995141047149
313.229294995437
315.3590976454279
317.4998285067055
319.6455975521503
321.7957912180336
323.9583945541135
326.1249335758785
328.2946866045309
330.4757891691305
332.6610054805333
334.8501526387984
337.0492722364189
339.2460947912544
341.4404991172767
343.6361813568943
345.8210173336265
347.9970279745672
350.1678328463874
352.313114358213
354.4352670699545
356.5379946853477
358.5979036348371
360.6255017545988
362.6273112041408
364.5816028439241
366.5013808568781
368.3712376889533
370.1252338892721
371.7588745701738
373.2449951011251
374.5961944546402
375.8438314159547
376.9889280659816
378.0551647149851
379.0759009550507
380.0724278040472
381.0780693038227
382.1906853918355
383.4687678910095
385.2096961508729
388.1234356575904
394.1329160754675
402.8602621655435
30.64298377845409
30.71225843386877
30.78129935148732
30.8498848599061
30.9178692357714
30.98488138627387
31.05074289931499
170.4028250596618
171.4848577271921
172.5561865881807
173.6134040272452
174.6581966481848
175.6907314397675
176.7127727433451
177.730492655976
178.7480131567546
179.767289194778
180.7950338690038
181.8286478191288
182.8690890118448
183.9214143684202
184.9835863372629
186.0553298156817
187.139410942669
188.2332275849903
189.3359941625351
190.4489196479532
191.5697108333433
192.6972944708054
193.8319584403765
194.9684696618518
196.1062358176598
197.2456555759497
198.3799312193039
199.5081265266173
200.6296978892004
201.7334631923016
202.8213291280374
203.8959951313056
204.9442217088901
205.9745303860563
206.9886121881924
207.9644696085095
208.9124479340604
209.8304414019835
210.6952650057011
211.5229966828838
212.311299023865
213.074709026255
213.8301322111333
214.5882234739236
215.367018748854
216.1926232971267
217.0895654233359
218.0955203494219
219.2966599306397
220.7521543894673
222.620666705212
225.1426702257436
228.9896697842437
235.1901328536042
138.0910066216092
135.43664115898218
132.9992298883077
130.7083210657046
128.5237276980912
126.44522020604721
124.45635365816749
122.54137444034879
120.68871209874692
118.87758747393437
117.08568078024533
115.31842640542283
113.57210791544603
111.86215705631562
110.16766738252502
108.46836399712649
106.76325437558339
105.0189442612957
103.239564858368
101.43214370602982
99.58435157580641
97.70650852666319
95.80557960029708
93.87917897245171
91.95066077620208
90.0279425813714
88.10273228471843
86.17109918680438
84.24378351793501
82.30228132298231
80.36320889531899
78.4260366176357
76.47938923958131
74.52772752151148
72.56599112969681
70.5808731341834
68.58825890046342
66.57317033474382
64.50181766526472
62.397643447378414
60.24561961584811
58.03466663836801
55.80148130979342
53.519419851593
51.189758138347884
48.92495283738185
46.77307534340889
44.912846203755635
43.44462905556151
42.40578925448847
41.98721096686836
42.126975865181464
42.26696420875061
42.391501402722554
42.500587447086275
42.5942223418308
42.672406086948286
42.735138682433785
42.78242012828713
42.81425042451178
42.830629571114
14.491643075126198
14.433374448825774
14.12248675662482
13.927758597742397
13.819941416962237
13.774219629116544
13.580158451796141
-8.955900881402187
-9.073322627433367
-9.97830264591401
-10.026079058615622
-11.356387409484284
-11.506148247698107
-12.702657105676053
-13.03343717132637
-14.065210000010985
-14.641570903050983
-15.454458744675193
-16.2453049652896
-16.93172073907251
-17.77074063810187
-18.4715575085414
-19.26187406569295
-19.99927498175282
-20.755121311168814
-21.497254035362232
-22.237896496395322
-22.97005984277625
-23.69358361517631
-24.413670664579804
-25.137120569792785
-25.85379665498303
-26.60944784139125
-27.341910441209734
-28.107018292001584
-28.889843513499734
-29.675563810273644
-30.485686239588105
-31.294372339211463
-32.10253145885388
-32.90036955153127
-33.66848857295736
-34.38032298434982
-35.005493423462816
-35.4992183089616
-35.955847359480195
-36.3622490809083
-36.71328613765436
-37.01116742030654
-37.26356039480244
-37.4795362681795
-37.66710771195255
-37.83093282259163
-37.97388503170562
-38.097114299414315
-38.20101705759242
-38.286392357766346
-38.3533506544059
-38.40205070534769
-38.43354277941734
-38.45196351558684
103.7123475670127
107.9107877637536
111.9556443159133
115.9118844896276
119.8121871335585
123.637886721454
127.4023429698047
131.1167106509427
134.7807103183117
138.4024931474179
141.9879895780334
145.5132370558568
148.9700489707768
152.3345770665733
155.64159990077
158.9213484208316
162.1825592665957
165.47892018194
168.8032514508326
172.1520427488407
175.5486517860753
178.9768301848879
182.4290191883932
185.9156625839795
189.4048891066608
192.8880745373142
196.3816992868352
199.8824273065719
203.379339651497
206.8970045255976
210.4064878005365
213.9082116139562
217.4172664449804
220.9170290212493
224.4145890576789
227.9268788924861
231.417650741822
234.9042942580331
238.4243220635698
241.9308682808421
245.4495042422812
248.9978518490142
252.5174774691941
256.0481056903758
259.5730950389448
262.9140678792231
266.0186216732397
268.6809753194836
270.8135476761727
272.410561449038
273.2823371656227
273.5147450040839
273.6998277601288
273.8755705309504
274.0770514205818
274.4188904172954
274.9669256108723
276.0700134978448
278.5352243550745
284.3785481625202
292.4788902868749
7.01973151287882
7.122069260658037
7.476218225373628
7.713200760497415
7.862146429985302
7.947456035084826
8.17939362979837
38.34142586431859
39.64440993753438
41.67055024990868
42.78148321114982
45.12640621932952
46.24770776040383
48.37885198357739
49.61772254004288
51.5380959226728
52.98746769275472
54.6667568597416
56.31540242265937
57.85296712327169
59.54277531901937
61.09233093866488
62.72953711877792
64.31541047866577
65.9188745530742
67.50730371911908
69.094498715455
70.67133199523165
72.23677890290988
73.7965658825739
75.3522786793643
76.89339339695769
78.46626315387057
80.001924035999
81.55544555629535
83.1115095989014
84.64402813188568
86.17667436125483
87.68648317512833
89.1610013420707
90.5995755136334
91.98481196401534
93.26797793371946
94.4301129593706
95.42475235104858
96.32282161753614
97.12807177508643
97.83332883062036
98.45558746910046
99.01987987828382
99.54657935139865
100.0633564256971
100.6064185483621
101.2091721747601
101.9203571089712
102.8535204836156
104.0778915295586
105.7881663572904
108.2584711626023
112.1898075194618
118.0214056877453
241.8033541886219
243.3474289227358
244.954874204221
246.6202055553322
248.3359148316497
250.0831069275012
251.8586966279722
253.6580850912915
255.4694224170586
257.2800806213523
259.0736703582787
260.8316634612796
262.5421568862228
264.1967341228889
265.809267283295
267.3897124179581
268.9458136421791
270.4978644432357
272.0428163092006
273.5841864548705
275.1330033618817
276.6833387115511
278.2345987886903
279.7948415564312
281.3555498828629
282.9160171186856
284.4844315715536
286.0535264933763
287.623123169432
289.1992858485799
290.7696966958555
292.3342482315919
293.8966556845617
295.4447565427608
296.9805801873757
298.5077520266695
300.0059096422854
301.4774645927769
302.9261397288345
304.3285117282205
305.6951238581293
307.0325184873822
308.3189587789875
309.5675255419688
310.7628531772927
311.839020716605
312.7916970166486
313.5938215232392
314.2581767317342
314.8163507035265
315.2695481324911
315.6417208692654
315.9667919688794
316.267071933673
316.5776388676681
317.0131127591262
317.6393316978206
318.8051521802786
321.3176444833616
327.192798587032
335.3095198579889
21.51137458800502
21.55544370948381
21.59870498199845
21.64095935823981
21.68208784694754
21.72167566420137
21.75955208159451
29.3855249829164
30.57108731010101
31.69224760399467
32.7554041525342
33.77001880984523
34.74155951270572
35.67619487790134
36.58428536871651
37.47288592266182
38.34589678970374
39.2122981150664
40.07009745736977
40.92124638419918
41.7720346809175
42.62077343012348
43.46766305308497
44.31613549691295
45.16375324190539
46.01004968375685
46.85660221905968
47.7012721524554
48.54319528773357
49.3828952179941
50.21515810957152
51.03959674197466
51.85681531247932
52.66001359478926
53.44842726429377
54.22166608540167
54.96846432161203
55.69098812166672
56.39211083591687
57.05846988321682
57.69920596210213
58.31632339105798
58.88765494936965
59.42461953590779
59.92553404208698
60.36697425805594
60.76582269417813
61.120042692966
61.44442004879392
61.75631948348138
62.06704308321915
62.39624871374454
62.77548572577047
63.23528714305448
63.82324280955689
64.65250342602317
65.79149917179225
67.43481570288449
69.85642045725461
73.75626474004446
79.56944217215846
-2.1043215955738677
-2.026935518974756
-1.9825585435741204
-1.9547948695732302
-1.9177866820863643
-1.887632196751085
1.983787781162408
-1.255039515026759
-1.2662975505864895
-1.277316572728349
-1.2714019475333078
-1.258569075992116
-1.2305296398675707
-1.2148555403641685
-1.210918667634704
-1.2094303585452801
-1.2305851745653267
-1.2491130855843593
-1.264873735773263
-1.289277894954941
-1.3063077099281435
-1.3194071636398301
-1.3360572721226633
-1.3377989237182493
-1.3354086036351445
-1.3405666854304736
-1.3451189446722727
-1.344578393157236
-1.3562171195097017
-1.355842335014842
-1.3558776419470875
-1.3632505701038906
-1.3656499381431135
-1.3720278971483921
-1.387180475158061
-1.3896823418649453
-1.3998947626328397
-1.4276522849637432
-1.4384434484062316
-1.4575544052080849
-1.4845755824035998
-1.493233581546696
-1.516225785009547
-1.5316415830666583
-1.4685754398967004
-1.3704086130069972
-1.1690386802314257
-0.9158115856578595
-0.6508567288178355
-0.2840940292738021
0.04913603933180691
0.0984664124945786
0.1440317433348953
0.19594982447931
0.2471595912008991
0.29970407312527686
0.274166720553379
-0.02131903756982112
-0.9832025647641092
-1.1566836449562126
0.0
-0.0295011216073395
-0.1574618519297255
-0.0986232678682682
-0.05460014722093259
-0.0231471281143538
-0.09828680840687551
-11.412887860548167
-0.05910177783828219
-0.45804829312808637
-0.023862828745706444
-0.6735259407549318
-0.07555063316861826
-0.6057771725978919
-0.1672634103858009
-0.5223471775199621
-0.29166991270707926
-0.4114812548830319
-0.400319127422803
-0.34742353180625596
-0.4247230223594236
-0.35471896095442734
-0.40005429861895536
-0.3732501559655055
-0.38259368032753066
-0.37564767480808986
-0.37489272259055617
-0.3705983495544808
-0.3662229726343876
-0.36448285711762424
-0.3661886239555978
-0.36275992964558507
-0.3825044869162235
-0.37076310151431174
-0.38730376836706765
-0.3962830608639017
-0.39775791502126123
-0.41012616496451526
-0.4094054092987142
-0.409149514713835
-0.40392968694815473
-0.3888834285610659
-0.36038782638663486
-0.3165003787802759
-0.24993001401435005
-0.231158550553062
-0.2057301606857223
-0.17770017575522737
-0.1507843765735678
-0.12774690527980137
-0.10930073151041661
-0.09490701623942979
-0.08286277259681007
-0.0722643275752661
-0.06223326555192932
-0.05236707869410179
-0.042883909292677824
-0.03339489732842704
-0.02389930207884916
-0.014713432015722061
-0.007484749445780814
0.0
-2.126658155518112
-2.048862618366845
-2.003975294717573
-1.97564096140827
-1.937851880199681
-1.906829966962645
-1.881458339651143
-1.855945162795144
-1.834560844051838
-1.8161805023848
-1.785662281137723
-1.750997252899624
-1.704252241094135
-1.675123796282385
-1.66130839344851
-1.651918407077024
-1.669723158040884
-1.683891129406119
-1.696280997539394
-1.720502370320442
-1.736493366289956
-1.748655585089343
-1.766107950843901
-1.767416395896374
-1.764356369546771
-1.769644253038531
-1.773242310132924
-1.77130953615579
-1.781821424702597
-1.77767715593442
-1.773746714782726
-1.777460133968502
-1.772753278938423
-1.771637614764937
-1.779098777573175
-1.768199158393649
-1.766108011944642
-1.783018332881366
-1.776189432554519
-1.782313314716856
-1.797363311815091
-1.782814611801831
-1.78838781757736
-1.785531529558956
-1.692320672724544
-1.57256608071143
-1.348576097154591
-1.080223173860106
-0.8089438470923673
-0.4415851722495987
-0.117722773675211
-0.093750948958153
-0.0890199167612915
-0.102057182438437
-0.1731535180135531
-0.2775991700050437
-0.5587529513709767
-1.248716315804349
-2.959849765178029
-4.103109210563017
0.0
-0.0518376815515841
-0.1793889513218144
-0.1200400190117208
-0.0754462390559723
-0.0432123262276704
-0.1174845786184355
-15.27813398136172
-0.6600074256066673
-1.026311586593435
-0.5627267584021576
-1.187786274359347
-0.5679788100761263
-1.079499773824456
-0.6275316663040175
-0.9727369033337682
-0.7341579612388232
-0.8506192383585891
-0.8350971712445626
-0.778830793572387
-0.8559474977249245
-0.7849046173162398
-0.8293027200684683
-0.8033008346867431
-0.8122111525056553
-0.8045954407197164
-0.8039702901986137
-0.798721715015132
-0.7929541156329416
-0.7900871623105195
-0.7880234448751756
-0.7806290024812236
-0.7967140507808349
-0.7778664423096213
-0.7869134859836127
-0.7882013632790158
-0.776274731549965
-0.7763394142763175
-0.7647714572163371
-0.7468954988621224
-0.7286885964569257
-0.701671157972557
-0.6499688566417701
-0.5886624113480888
-0.5038199605066477
-0.4549037833809056
-0.4078876283901549
-0.3572375926783928
-0.3151959647758143
-0.2858340235543332
-0.2667918744862132
-0.2617658292464477
-0.2750801340495417
-0.3053159876714529
-0.3602402724696763
-0.472680187908554
-0.6201871524229984
-0.8663145692527827
-1.251296580313377
-1.991360632429642
-2.953910315052585
0.0
0.0223365599442446
0.0219270993920889
0.0214167511434526
0.0208460918350397
0.0200651981133166
0.01919777021156
3.865246120813551
0.6009056477683851
0.5682632934653485
0.5388639296564511
0.5142603336044153
0.492428176907508
0.4737226012265642
0.4602682559182166
0.4503897258138061
0.4424880485317439
0.4391379834755572
0.4347780438217596
0.4314072617661311
0.4312244753655009
0.4301856563618125
0.4292484214495129
0.4300506787212376
0.4296174721781247
0.4289477659116266
0.4290775676080575
0.4281233654606512
0.426731142998554
0.4256043051928952
0.4218348209195778
0.4178690728356385
0.4142095638646114
0.4071033407953096
0.399609717616545
0.3919183024151141
0.3785168165287037
0.3662132493118022
0.3553660479176229
0.3377459841482874
0.324758909508771
0.3127877294114911
0.2895810302551352
0.2721620325678129
0.2538899464922976
0.2237452328278436
0.2021574677044326
0.1795374169231654
0.1644115882022465
0.1580871182745318
0.1574911429757966
0.1668588130070179
0.1922173614527316
0.2330516600961868
0.298007006917747
0.4203131092144522
0.5773032431303206
0.8329196719243557
1.227397278234528
1.97664720041392
2.946425565606804
0.0
0.0223365599442446
0.0219270993920889
0.0214167511434526
0.0208460918350397
0.0200651981133166
0.01919777021156
3.865246120813551
0.6009056477683851
0.5682632934653485
0.5388639296564511
0.5142603336044153
0.492428176907508
0.4737226012265642
0.4602682559182166
0.4503897258138061
0.4424880485317439
0.4391379834755572
0.4347780438217596
0.4314072617661311
0.4312244753655009
0.4301856563618125
0.4292484214495129
0.4300506787212376
0.4296174721781247
0.4289477659116266
0.4290775676080575
0.4281233654606512
0.426731142998554
0.4256043051928952
0.4218348209195778
0.4178690728356385
0.4142095638646114
0.4071033407953096
0.399609717616545
0.3919183024151141
0.3785168165287037
0.3662132493118022
0.3553660479176229
0.3377459841482874
0.324758909508771
0.3127877294114911
0.2895810302551352
0.2721620325678129
0.2538899464922976
0.2237452328278436
0.2021574677044326
0.1795374169231654
0.1644115882022465
0.1580871182745318
0.1574911429757966
0.1668588130070179
0.1922173614527316
0.2330516600961868
0.298007006917747
0.4203131092144522
0.5773032431303206
0.8329196719243557
1.227397278234528
1.97664720041392
2.946425565606804
0.0
1.0
1.0
1.0
1.0
1.0
1.0
1.0
1.0
1.0
1.0
1.0
0.0
0.0
0.0
1.0
1.0
1.0
1.0
1.0
1.0
1.0
1.0
1.0
0.0
0.0
1.0
0.0
1.0
1.0
1.0
1.0
0.0
1.0
1.0
1.0
1.0
1.0
1.0
0.0
0.0
0.0
1.0
1.0
1.0
1.0
1.0
1.0
0.0
0.0
1.0
1.0
0.0
0.0
0.0
0.0
0.0
0.0
0.0
0.0
0.0
0.0
1.0
1.0
1.0
1.0
1.0
1.0
1.0
0.0
0.0
0.0
0.0
0.0
0.0
0.0
0.0
0.0
0.0
0.0
0.0
0.0
0.0
0.0
0.0
0.0
0.0
0.0
0.0
0.0
1.0
1.0
1.0
1.0
1.0
1.0
0.0
1.0
1.0
1.0
1.0
1.0
1.0
1.0
1.0
0.0
0.0
0.0
0.0
0.0
0.0
0.0
0.0
0.0
0.0
0.0
0.0
0.0
0.0
0.0
0.0
0.0
0.0
1.0
1.0
1.0
1.0
1.0
1.0
1.0
1.0
1.0
1.0
1.0
1.0
1.0
1.0
1.0
1.0
0.7015986081859769
0.7015986081859769
0.7015986081859769
0.7015986081859769
0.7015986081859769
0.7015986081859769
0.7015986081859769
0.7015986081859769
0.7015986081859769
0.7015986081859769
0.7015986081859769
0.7015986081859769
0.7015986081859769
0.7015986081859769
0.7015986081859769
0.7015986081859769
0.7015986081859769
0.7015986081859769
0.7015986081859769
0.7015986081859769
0.7015986081859769
0.7015986081859769
0.7015986081859769
0.7015986081859769
0.7015986081859769
0.7015986081859769
0.7015986081859769
0.7015986081859769
0.7015986081859769
1.0
1.0
1.0
1.0
1.0
1.0
1.0
1.0
1.0
1.0
1.0
1.0
1.0
1.0
1.0
1.0
1.0
1.0
1.0
1.0
1.0
1.0
1.0
1.0
1.0
1.0
1.0
1.0
1.0
0.012713954004375586
0.012522643316805774
0.012241180006835217
0.011870308005544427
0.01135040266031158
0.010807615946805646
0.010242417305406388
0.009627244491207885
0.008979260998492836
0.008306093871310167
0.007603293920370283
0.0069122527476502965
0.006252357025018315
0.005701225607961229
0.0052255857915459785
0.004805950185013031
0.004468973961144485
0.004131997737275937
0.0038109840341600974
0.0035305558891282635
0.00325012774409643
0.0029850657439348524
0.0027512965008038796
0.0025175272576729076
0.00229981876900209
0.0021087215835990263
0.0019176243981959642
0.0017410619733969394
0.0015842915630374572
0.0014275211526779757
0.0012836469802999441
0.001154287935352099
0.0010249288904042534
0.0009090354256542688
0.0008056959447637976
0.0007023564638733273
0.0006122852173578464
0.0005324474494826503
0.00045260968160745426
0.0003851992836228362
0.0003256805706096482
0.0002661618575964602
0.0002166170653874699
0.00017224112879281296
0.00012786519219815638
9.253792268836469e-05
6.333616885667669e-05
4.20429840806223e-05
2.7624225201019283e-05
1.7049318260112626e-05
1.0628768167837769e-05
6.782626702029576e-06
4.202743077801144e-06
2.924316786566879e-06
2.568634166351592e-06
2.3954756135574008e-06
2.4150621409845113e-06
2.474259716154873e-06
2.722521816921607e-06
3.959857006500464e-06
0.0004
0.0004
0.0004
0.0004
0.0004
0.0004
0.0004
0.0004
0.0004
0.0004
0.0004
0.0004
0.0004
0.0004
0.0004
0.0004
0.0004
0.0004
0.0004
0.0004
0.0004
0.0004
0.0004
0.0004
0.0004
0.0004
0.0004
0.0004
0.0004
0.0004
0.0004
0.0004
0.0004
0.0004
0.0004
0.0004
0.0004
0.0004
0.0004
0.0004
0.0004
0.0004
0.0004
0.0004
0.0004
0.0004
0.0004
0.0004
0.0004
0.0004
0.0004
0.0004
0.0004
0.0004
0.0004
0.0004
0.0004
0.0004
0.0004
0.0004
1.162045634587232e-08
1.820430393861804e-08
2.3397995420096767e-08
2.725212375375048e-08
2.960057246018744e-08
3.1556832458202534e-08
3.319749498422714e-08
3.464152348962763e-08
3.592600138599948e-08
3.705020883204817e-08
3.780025092524557e-08
3.837559316289666e-08
3.8829381782503677e-08
3.913902643840657e-08
3.937410144042347e-08
3.955735715982691e-08
3.967034486289783e-08
3.978333256596876e-08
3.9893025990365636e-08
3.999434353600619e-08
4.009566108164673e-08
4.022175415018773e-08
4.0398301931018384e-08
4.0574849711849056e-08
4.077639849341144e-08
4.101937180544153e-08
4.126234511747164e-08
4.152830315333734e-08
4.182555953655365e-08
4.2122815919769966e-08
4.2490072217123994e-08
4.2936115651879853e-08
4.338215908663571e-08
4.392681279327238e-08
4.456340102804553e-08
4.519998926281867e-08
4.592997988028456e-08
4.6732009569508185e-08
4.753403925873179e-08
4.8485534159784347e-08
4.9531943139707e-08
5.057835211962966e-08
5.2002938603837294e-08
5.362351069436888e-08
5.5244082784900455e-08
5.751180313026143e-08
6.028929328200166e-08
6.387341799947444e-08
6.840970116114401e-08
7.370642590357204e-08
8.017592488363205e-08
9.04862884477832e-08
1.0938081657783701e-07
1.4422883304751184e-07
3.6525748107579245e-07
6.672230955892941e-07
1.5515058449280014e-06
3.6506609890247675e-06
7.375069553347444e-06
2.758957962742941e-06
0.0
0.0
0.0
0.0
0.0
0.0
0.0
0.0
0.0
0.0
0.0
0.0
0.0
0.0
0.0
0.0
0.0
0.0
0.0
0.0
0.0
0.0
0.0
0.0
0.0
0.0
0.0
0.0
0.0
0.0
0.0
0.0
0.0
0.0
0.0
0.0
0.0
0.0
0.0
0.0
0.0
0.0
0.0
0.0
0.0
0.0
0.0
0.0
0.0
0.0
0.0
0.0
0.0
0.0
0.0
0.0
0.0
0.0
0.0
0.0
0.0
0.0
0.0
0.0
0.0
0.0
0.0
0.0
0.0
0.0
0.0
0.0
0.0
0.0
0.0
0.0
0.0
0.0
0.0
0.0
0.0
0.0
0.0
0.0
0.0
0.0
0.0
0.0
0.0
0.0
0.0
0.0
0.0
0.0
0.0
0.0
0.0
0.0
0.0
0.0
0.0
0.0
0.0
0.0
0.0
0.0
0.0
0.0
0.0
0.0
0.0
0.0
0.0
0.0
0.0
0.0
0.0
0.0
0.0
0.0
0.0
0.0
0.0
0.0
0.0
0.0
0.0
0.0
0.0
0.0
0.0
0.0
0.0
0.0
0.0
0.0
0.0
0.0
0.0
0.0
0.0
0.0
0.0
0.0
0.0
0.0
0.0
0.0
0.0
0.0
0.0
0.0
0.0
0.0
0.0
0.0
0.0
0.0
0.0
0.0
0.0
0.0
0.0
0.0
0.0
0.0
0.0
0.0
0.0
0.0
0.0
0.0
0.0
0.0
0.0
0.0
0.0
0.0
0.0
0.0
0.0
0.0
0.0
0.0
0.0
0.0
0.0
0.0
0.0
0.0
0.0
0.0
0.0
0.0
0.0
0.0
0.0
0.0
0.0
0.0
0.0
0.0
0.0
0.0
0.0
0.0
0.0
0.0
0.0
0.0
0.0
0.0
0.0
0.0
0.0
0.0
0.0
0.0
0.0
0.0
0.0
0.0
0.0
0.0
0.0
0.0
0.0
0.0
0.0
0.0
0.0
0.0
0.0
0.0
0.0
0.0
0.0
0.0
0.0
0.0
0.0
0.0
0.0
0.0
0.0
0.0
0.0
0.0
0.0
0.0
0.0
0.0
0.0
0.0
0.0
0.0
0.0
0.0
0.0
0.0
0.0
0.0
0.0
0.0
0.0
0.0
0.0
0.0
0.0
0.0
0.0
0.0
0.0
0.0
0.0
0.0
0.0
0.0
0.0
0.0
0.0
0.0
0.0
0.0
0.0
0.0
0.0
0.0
0.0
0.0
0.0
0.0
0.0
0.0
0.0
0.0
0.0
0.0
0.0
0.0
0.003570119022669338
0.0034996041578075655
0.003409540347023282
0.003299771279415631
0.003151251770058267
0.0029839708546992886
0.0028011180721289387
0.002604291313674109
0.0024083964683669027
0.0022150455849895105
0.0020336640534813193
0.0018666491438649583
0.0017126801861556545
0.001583721655396795
0.0014696337966006803
0.001366684215309443
0.0012803628962826381
0.0011940415772558322
0.0011119462292084807
0.0010405956371620795
0.0009692450451156782
0.0009009175021233207
0.0008387463204264312
0.0007765751387295417
0.0007168764676946636
0.0006612745364002989
0.0006056726051059345
0.0005525506983162698
0.0005028058461713033
0.00045306099402633686
0.0004067486529023704
0.000364299712480764
0.00032185077205915737
0.00028328669611704324
0.00024834448609198
0.00021340227606691685
0.00018270909280556347
0.00015529308444175237
0.00012787707607794126
0.00010572038238966507
8.690348263609823e-05
6.808658288253137e-05
5.376356942586015e-05
4.17694544908324e-05
2.9775339555804754e-05
2.1103949537266697e-05
1.4453040429115102e-05
9.93672573768964e-06
6.927207350205891e-06
4.764876598171457e-06
3.525337907350755e-06
2.8814058790235313e-06
2.5001055366884254e-06
2.35643836583194e-06
2.312563767431987e-06
2.298500334632782e-06
2.429364117616755e-06
2.7212248126938336e-06
3.176123844993294e-06
4.107939098779703e-06
0.0004
0.0004
0.0004
0.0004
0.0004
0.0004
0.0004
0.0004
0.0004
0.0004
0.0004
0.0004
0.0004
0.0004
0.0004
0.0004
0.0004
0.0004
0.0004
0.0004
0.0004
0.0004
0.0004
0.0004
0.0004
0.0004
0.0004
0.0004
0.0004
0.0004
0.0004
0.0004
0.0004
0.0004
0.0004
0.0004
0.0004
0.0004
0.0004
0.0004
0.0004
0.0004
0.0004
0.0004
0.0004
0.0004
0.0004
0.0004
0.0004
0.0004
0.0004
0.0004
0.0004
0.0004
0.0004
0.0004
0.0004
0.0004
0.0004
0.0004
1.530423069415213e-08
1.6826539649258388e-08
1.808721999581265e-08
1.9096758113918802e-08
1.9842467105754935e-08
2.052806856901885e-08
2.1163789892716428e-08
2.1754826211472416e-08
2.232117428905451e-08
2.2864743870556376e-08
2.3362715353827973e-08
2.3835625440069187e-08
2.429093676573531e-08
2.4724873785834516e-08
2.5152500193879194e-08
2.5580282996960746e-08
2.6016884610834346e-08
2.645348622470795e-08
2.6897815907637448e-08
2.7361794617209027e-08
2.7825773326780614e-08
2.830593906361297e-08
2.8819069263256004e-08
2.933219946289905e-08
2.9860472421681895e-08
3.041383564361395e-08
3.0967198865545996e-08
3.1551824608466535e-08
3.217902059273311e-08
3.280621657699968e-08
3.354295970468272e-08
3.4403001638466414e-08
3.526304357225011e-08
3.64703563005798e-08
3.8001430195198023e-08
3.9532504089816245e-08
4.2062446211803566e-08
4.536279201979365e-08
4.8663137827783724e-08
5.5497766277502105e-08
6.457675097106768e-08
7.365573566463323e-08
8.992625995249775e-08
1.099237067352801e-07
1.299211535180623e-07
1.5591366465459985e-07
1.8534955496373646e-07
2.1795727292589614e-07
2.5520913026591375e-07
2.989581120925996e-07
3.5573084478974945e-07
4.5121005984659787e-07
5.904474839433308e-07
8.009882108699423e-07
1.2359227430857984e-06
1.7346680040168692e-06
2.5195929471898077e-06
3.6181427137168562e-06
5.093409992380401e-06
2.5854019949177616e-06
0.0
0.0
0.0
0.0
0.0
0.0
0.0
0.0
0.0
0.0
0.0
0.0
0.0
0.0
0.0
0.0
0.0
0.0
0.0
0.0
0.0
0.0
0.0
0.0
0.0
0.0
0.0
0.0
0.0
0.0
0.0
0.0
0.0
0.0
0.0
0.0
0.0
0.0
0.0
0.0
0.0
0.0
0.0
0.0
0.0
0.0
0.0
0.0
0.0
0.0
0.0
0.0
0.0
0.0
0.0
0.0
0.0
0.0
0.0
0.0
0.0
0.0
0.0
0.0
0.0
0.0
0.0
0.0
0.0
0.0
0.0
0.0
0.0
0.0
0.0
0.0
0.0
0.0
0.0
0.0
0.0
0.0
0.0
0.0
0.0
0.0
0.0
0.0
0.0
0.0
0.0
0.0
0.0
0.0
0.0
0.0
0.0
0.0
0.0
0.0
0.0
0.0
0.0
0.0
0.0
0.0
0.0
0.0
0.0
0.0
0.0
0.0
0.0
0.0
0.0
0.0
0.0
0.0
0.0
0.0
0.0
0.0
0.0
0.0
0.0
0.0
0.0
0.0
0.0
0.0
0.0
0.0
0.0
0.0
0.0
0.0
0.0
0.0
0.0
0.0
0.0
0.0
0.0
0.0
0.0
0.0
0.0
0.0
0.0
0.0
0.0
0.0
0.0
0.0
0.0
0.0
0.0
0.0
0.0
0.0
0.0
0.0
0.0
0.0
0.0
0.0
0.0
0.0
0.0
0.0
0.0
0.0
0.0
0.0
0.0
0.0
0.0
0.0
0.0
0.0
0.0
0.0
0.0
0.0
0.0
0.0
0.0
0.0
0.0
0.0
0.0
0.0
0.0
0.0
0.0
0.0
0.0
0.0
0.0
0.0
0.0
0.0
0.0
0.0
0.0
0.0
0.0
0.0
0.0
0.0
0.0
0.0
0.0
0.0
0.0
0.0
0.0
0.0
0.0
0.0
0.0
0.0
0.0
0.0
0.0
0.0
0.0
0.0
0.0
0.0
0.0
0.0
0.0
0.0
0.0
0.0
0.0
0.0
0.0
0.0
0.0
0.0
0.0
0.0
0.0
0.0
0.0
0.0
0.0
0.0
0.0
0.0
0.0
0.0
0.0
0.0
0.0
0.0
0.0
0.0
0.0
0.0
0.0
0.0
0.0
0.0
0.0
0.0
0.0
0.0
0.0
0.0
0.0
0.0
0.0
0.0
0.0
0.0
0.0
0.0
0.0
0.0
0.0
0.0
0.0
0.0
0.0
0.0
0.0
0.0
0.0
0.0
0.0
0.0
0.0
0.0
0.0
0.0
0.0
0.0
2
2
2
2
1
1
296.59234542277534
225.3894298250598
42.830629571114
-38.45196351558684
0.0
0.0
-42.83062957111357
42.24188331727001
50.0
42.0
6.265115300673023
5.601050757580543
1.0
1.0
2.0
2.0
3.0
3.0
4.0
4.0
5.0
5.0
6.0
6.0
7.0
7.0
8.0
8.0
9.0
9.0
10.0
10.0
11.0
11.0
12.0
12.0
13.0
13.0
14.0
14.0
15.0
15.0
16.0
16.0
17.0
17.0
18.0
18.0
19.0
19.0
20.0
20.0
21.0
21.0
22.0
22.0
23.0
23.0
24.0
24.0
25.0
25.0
26.0
26.0
27.0
27.0
28.0
28.0
29.0
29.0
30.0
30.0
31.0
31.0
32.0
32.0
33.0
33.0
34.0
34.0
35.0
35.0
36.0
36.0
37.0
37.0
38.0
38.0
39.0
39.0
40.0
40.0
41.0
41.0
42.0
42.0
43.0
43.0
44.0
44.0
45.0
45.0
46.0
46.0
47.0
47.0
48.0
48.0
49.0
49.0
50.0
50.0
51.0
51.0
52.0
52.0
53.0
53.0
54.0
54.0
55.0
55.0
56.0
56.0
57.0
57.0
58.0
58.0
59.0
59.0
60.0
60.0
0.0
0.0
0.0
0.0
0.0
0.0
0.0
0.0
0.0
0.0
0.0
0.0
0.0
0.99
0.0
0.0
0.0
0.0
0.0
0.0
0.0
0.0
0.0
0.0
0.0
0.0
0.0
0.0
0.0
0.0
0.0
0.0
0.0
0.0
0.0
0.0
0.0
0.0
0.0
0.0
0.0
0.0
0.0
0.0
0.0
0.0
0.0
0.0
0.0
0.0
0.0
0.0
0.0
0.0
0.0
0.0
0.0
0.0
0.0
0.0
0.0
0.0
0.0
0.0
0.0
0.0
0.0
0.0
0.0
0.0
0.0
0.0
0.0
0.0
0.0
0.0
0.0
0.0
0.0
0.0
0.0
0.0
0.0
0.0
0.0
0.0
0.0
0.0
0.0
0.0
0.0
0.0
0.0
0.0
0.0
0.0
0.0
0.0
0.0
0.0
0.0
0.0
0.0
0.0
0.0
0.0
0.0
0.0
0.0
0.0
0.0
0.0
0.0
0.0
0.0
0.0
0.0
0.0
0.0
0.0
0.0
0.0
0.0
0.0
0.0
0.0
0.0
0.0
0.0
0.0
0.0
0.0
0.0
220.0
0.0
0.0
0.0
0.0
0.0
0.0
0.0
0.0
0.0
0.0
0.0
0.0
0.0
0.0
0.0
0.0
0.0
0.0
0.0
0.0
0.0
0.0
0.0
0.0
0.0
0.0
0.0
0.0
0.0
0.0
0.0
0.0
0.0
0.0
0.0
0.0
0.0
0.0
0.0
0.0
0.0
0.0
0.0
0.0
0.0
0.0
0.0
0.0
0.0
0.0
0.0
0.0
0.0
0.0
0.0
0.0
0.0
0.0
0.0
0.0
0.0
0.0
0.0
0.0
0.0
0.0
0.0
0.0
0.0
0.0
0.0
0.0
0.0
0.0
0.0
0.0
0.0
0.0
0.0
0.0
0.0
0.0
0.0
0.0
0.0
0.0
0.0
0.0
0.0
0.0
0.0
0.0
0.0
0.0
0.0
0.0
0.0
0.0
0.0
0.0
0.0
0.0
0.0
0.0
0.0
0.0
0.0
0.0
0.0
0.0
0.0
0.0
0.0
0.0
0.0
0.0
0.0
0.0
0.0
0.5
0.0
0.0
0.0
0.0
0.0
0.0
0.0
0.0
0.0
0.0
0.0
0.0
0.0
0.0
0.0
0.0
0.0
0.0
0.0
0.0
0.0
0.0
0.0
0.0
0.0
0.0
0.0
0.0
0.0
0.0
0.0
0.0
0.0
0.0
0.0
0.0
0.0
0.0
0.0
0.0
0.0
0.0
0.0
0.0
0.0
0.0
0.0
0.0
0.0
0.0
0.0
0.0
0.0
0.0
0.0
0.0
0.0
0.0
0.0
0.0
0.0
0.0
0.0
0.0
0.0
0.0
0.0
0.0
0.0
0.0
0.0
0.0
0.0
0.0
0.0
0.0
0.0
0.0
0.0
0.0
0.0
0.0
0.0
0.0
0.0
0.0
0.0
0.0
0.0
0.0
0.0
0.0
0.0
0.0
0.0
0.0
0.0
0.0
0.0
0.0
0.0
0.0
0.0
0.0
0.0
0.0
14.999999999999998
60.0
