9.81
6.022e+23
0
0
0
3
0
1
281.1435709729323
2
2
0
0
1
1
0
1
60
7
1000.0
1.0


3
3
0
77.072922555375
0
5.783625987995279
150.0
1000.0
287.04
9.81
79000.0
40.0
20000.0
0.0
0.0
0.0
0.0
0.0280134
0.04401
0.0319988
0.039948
0.01604
0.01801528
0.048
99000.0
2.1153802199668344e+29
0.8
1e-06
1000000.0
0.6
3.0
0.0001
500
50
7.77655556875768
0
1
6
1.0
1
0
1
0
0.1
1000000000000.0
1
280.14382996776567
279.33081302664067
278.5060102469136
277.6690384149139
276.81949470157
275.9569552785788
275.08097380914717
274.19107979932033
273.286776794049
272.36754039999533
271.4328161145836
270.48201693790116
269.5145207406772
268.529667357616
267.5267553707269
266.50503854184007
265.46372184705746
264.4019570582558
263.3188378076774
262.2133940608002
261.0845859096701
259.93129658321067
258.75232455206657
257.5463745824844
256.31204756556735
255.04782891363692
253.75207527268958
252.42299924681913
251.0586517640617
249.65690162952512
248.21541170571027
246.73161102462936
245.202661962175
243.62542137912908
241.99639433708222
240.31167860586262
238.56689765557834
236.7571191187645
234.87675473991877
232.91943648730728
230.8778616137253
228.74359675486417
226.50682723154824
224.15603191001372
221.67755517854934
219.05503391081078
216.268625018489
213.29252326234825
210.28665561486713
207.10667064310965
203.6082175962839
199.70131177555618
197.89450122406708
196.15007419702567
194.6567858132055
192.4473444137837
189.63541896838888
185.50289725301064
177.87894452243938
158.19366953749758
991.675
975.0250000000001
958.375
941.7249999999999
925.075
908.425
891.7750000000001
875.125
858.4749999999999
841.825
825.175
808.5250000000001
791.875
775.225
758.575
741.925
725.2750000000001
708.625
691.975
675.325
658.675
642.0250000000001
625.375
608.725
592.075
575.425
558.7750000000001
542.125
525.4750000000001
508.82500000000005
492.17500000000007
475.52500000000003
458.87500000000006
442.2250000000001
425.57500000000005
408.925
392.27500000000003
375.62500000000006
358.9750000000001
342.32500000000005
325.675
309.02500000000003
292.37500000000006
275.7250000000001
259.0750000000001
242.42500000000007
225.77500000000003
209.12500000000006
192.47500000000008
175.8250000000001
159.17500000000007
142.52500000000003
125.87500000000006
109.22500000000008
92.5750000000001
75.92500000000013
59.27500000000009
42.62500000000006
25.97500000000008
9.325000000000045
69.78472136395675
210.35690615123406
352.96688498442046
497.6809162404049
644.5686498364649
793.70336649718
945.1622387081115
1099.026615774316
1255.3823357237688
1414.320067167967
1575.9356846632681
1740.3306816177694
1907.6126253728012
2077.895659771182
2251.3010613256356
2427.957856043616
2608.0035050783226
2791.5846686953164
2978.8580596141865
3169.991398659913
3365.16448790758
3564.5704192131734
3768.416939301298
3976.927996566287
4190.345499613528
4408.931323550707
4632.969607429517
4862.769395422227
5098.667685800845
5341.032966240156
5590.269332285761
5846.821309222158
6111.179527687167
6383.887442465835
6665.549335096536
6956.839908642694
7258.515873496893
7571.4300454316435
7896.548644516147
8234.97271562209
8587.964917714613
8956.98339561949
9343.725126146095
9750.182135367288
10178.715504677268
10632.154449930982
11113.929879065814
11628.503567322638
12181.560899179682
12780.07380381433
13432.977391663753
14157.266934266274
14977.702541106355
15927.380830958202
17057.047444174914
18453.831455814245
20293.292108908405
23021.57357530846
28821.687713474512
56560.69457252452
3.521179111399233e+23
3.521179111399233e+23
3.521179111399257e+23
3.521179111399233e+23
3.521179111399233e+23
3.521179111399233e+23
3.521179111399233e+23
3.521179111399257e+23
3.521179111399233e+23
3.521179111399233e+23
3.521179111399233e+23
3.521179111399233e+23
3.521179111399257e+23
3.5211791113992086e+23
3.521179111399257e+23
3.521179111399233e+23
3.521179111399233e+23
3.521179111399257e+23
3.5211791113992086e+23
3.521179111399257e+23
3.521179111399233e+23
3.521179111399233e+23
3.521179111399257e+23
3.5211791113992086e+23
3.521179111399257e+23
3.521179111399233e+23
3.521179111399233e+23
3.521179111399233e+23
3.521179111399233e+23
3.521179111399244e+23
3.521179111399244e+23
3.521179111399233e+23
3.521179111399233e+23
3.521179111399233e+23
3.521179111399257e+23
3.521179111399233e+23
3.521179111399233e+23
3.521179111399233e+23
3.521179111399233e+23
3.521179111399257e+23
3.521179111399233e+23
3.521179111399233e+23
3.521179111399233e+23
3.521179111399233e+23
3.521179111399233e+23
3.521179111399257e+23
3.521179111399233e+23
3.521179111399233e+23
3.521179111399233e+23
3.521179111399233e+23
3.521179111399257e+23
3.521179111399233e+23
3.521179111399233e+23
3.521179111399233e+23
3.521179111399233e+23
3.521179111399233e+23
3.521179111399257e+23
3.521179111399233e+23
3.521179111399233e+23
3.521179111399257e+23
-2.5524960437832624
-2.582680564106554
-2.6311631603476013
-2.7290851645340344
-2.787179024430582
-2.819472577296508
-2.8144667222428583
-2.744024596544299
-2.652085414349822
-2.5374637147630765
-2.3922128019220015
-15.352491367298063
-2.927964653759369
-2.8133550732046446
-2.7234012072581497
-2.6470251621726004
-2.6004934415454457
-2.544570381146595
-2.5022968510518946
-2.4839542826250662
-2.4649374774895905
-2.4486438591259607
-2.4417051787410724
-2.4284298905559054
-2.4145664601070442
-2.402179546417295
-2.4004105497148314
-2.4050142842746713
-2.4151429510074145
-2.424825999163239
-2.4373541830844903
-2.4538113672979156
-2.4767101398625493
-2.5116495831975016
-2.5529536172491394
-2.599130766836081
-2.641364047782831
-2.6928822997738324
-2.771302760257918
-2.835146557877334
-2.8812511721640703
-2.948597544381602
-2.974667816373859
-2.974168906397092
-2.985897441647309
-2.882842700916259
-2.650041195322805
-2.2232206078330505
-1.679800992020089
-1.093592108706006
-0.5153702453034767
-0.010716276235591576
-0.014857557695432221
-0.017163247464395428
-0.017773160706514253
-0.01724527108795031
-0.015827576003995175
-0.01320276527131482
-0.008024202787369865
0.03205985166119721
-2.5524568004061337
-2.582764003277788
-2.6311291867934017
-2.7290447054481035
-2.7871415589307986
-2.8194347777725
-2.814424175149
-2.7439883693728007
-2.652051398922495
-2.537483641514399
-2.3923585412975115
-15.351893076073495
-2.928076427809515
-2.8133700443017915
-2.7233799890161947
-2.647032984964312
-2.60047547673949
-2.5445489713507072
-2.502266984884585
-2.483908912829804
-2.4649051518128147
-2.448605662137794
-2.4416674296314795
-2.4283893094182076
-2.414602329403408
-2.4021555568168935
-2.4003894080275927
-2.4049903339351033
-2.4151120841717955
-2.4247928292449217
-2.437322429947585
-2.453803522716896
-2.4766858540803014
-2.5116442622131956
-2.552954063187201
-2.5991349829397166
-2.6413489608031853
-2.6928456096502202
-2.7712395226594992
-2.835045973052587
-2.881252184327309
-2.9485396393460803
-2.974534545200413
-2.9742181067715876
-2.9862031335401014
-2.882990537265613
-2.6500621445005095
-2.2234739735288827
-1.6799550151775975
-1.0938971213803086
-0.5159409222003148
-0.010455464030371786
-0.014464161795018526
-0.01666088510930308
-0.017384810036190856
-0.016863895167603005
-0.01551153315270426
-0.012913504704101797
-0.007875516172703101
0.031604251172609565
-5.611554722169861e-05
-5.518122336045733e-05
-5.4246899499216047e-05
-5.331257563797477e-05
-5.237825177673349e-05
-5.14439279154922e-05
-5.050960405425092e-05
-4.957528019300964e-05
-4.864095633176835e-05
-4.770663247052707e-05
-4.677230860928579e-05
-4.583798474804451e-05
-4.490366088680322e-05
-4.3969337025561944e-05
-4.303501316432067e-05
-4.210068930307938e-05
-4.11663654418381e-05
-4.023204158059682e-05
-3.929771771935553e-05
-3.836339385811426e-05
-3.742906999687297e-05
-3.6494746135631687e-05
-3.556042227439041e-05
-3.462609841314913e-05
-3.369177455190785e-05
-3.275745069066656e-05
-3.182312682942529e-05
-3.0888802968184e-05
-2.995447910694272e-05
-2.9020155245701443e-05
-2.8085831384460157e-05
-2.7151507523218874e-05
-2.6217183661977594e-05
-2.528285980073631e-05
-2.434853593949503e-05
-2.3414212078253745e-05
-2.2479888217012465e-05
-2.1545564355771186e-05
-2.0611240494529903e-05
-1.9676916633288623e-05
-1.8742592772047337e-05
-1.7808268910806057e-05
-1.6873945049564774e-05
-1.5939621188323495e-05
-1.5005297327082213e-05
-1.4070973465840934e-05
-1.3136649604599647e-05
-1.2202325743358364e-05
-1.1268001882117085e-05
-1.0333678020875805e-05
-9.399354159634524e-06
-8.465030298393236e-06
-7.530706437151956e-06
-6.596382575910676e-06
-5.662058714669395e-06
-4.727734853428115e-06
-3.7934109921868335e-06
-2.8590871309455467e-06
-1.924763269704266e-06
-9.904394084629856e-07
-16.649999999999977
-16.649999999999977
-16.65000000000009
-16.649999999999977
-16.649999999999977
-16.649999999999977
-16.649999999999977
-16.65000000000009
-16.649999999999977
-16.649999999999977
-16.649999999999977
-16.649999999999977
-16.65000000000009
-16.649999999999864
-16.65000000000009
-16.649999999999977
-16.649999999999977
-16.65000000000009
-16.649999999999864
-16.65000000000009
-16.649999999999977
-16.649999999999977
-16.65000000000009
-16.649999999999864
-16.65000000000009
-16.649999999999977
-16.649999999999977
-16.649999999999977
-16.649999999999977
-16.650000000000034
-16.650000000000034
-16.649999999999977
-16.649999999999977
-16.649999999999977
-16.65000000000009
-16.649999999999977
-16.649999999999977
-16.649999999999977
-16.649999999999977
-16.65000000000009
-16.649999999999977
-16.649999999999977
-16.649999999999977
-16.649999999999977
-16.649999999999977
-16.65000000000009
-16.649999999999977
-16.649999999999977
-16.649999999999977
-16.649999999999977
-16.65000000000009
-16.649999999999977
-16.649999999999977
-16.649999999999977
-16.649999999999977
-16.649999999999977
-16.65000000000009
-16.649999999999977
-16.649999999999977
-16.65000000000009
281.14382996776567
280.3366125116745
279.5177960855157
278.6870069522204
277.84385242151643
276.9879195255326
276.118773575534
275.23595658666943
274.3389855558804
273.4273505761267
272.50051276777305
271.5579020053032
270.5989144144081
269.6229096108553
268.6292076482858
267.61708563707714
266.58577399051205
265.5344522475119
264.4622444129088
263.3682137463552
262.25135691915443
261.11059744409494
259.9447782662356
258.7526533818068
257.5328783270713
256.28399934797267
255.00444102321043
253.69249206607796
252.34628897146953
250.9637971005631
249.54278870239642
248.0808172529334
246.57518734023463
245.02291912802468
243.42070617414282
241.764865043931
240.0512747117036
238.2753031433624
236.4317176380759
234.5145743856709
232.5170811328529
230.4314246385069
228.24855141513066
225.95788559187503
223.54696077206162
221.00093212894626
218.30191823658453
215.42811434430266
212.34971472430306
209.0307608295432
205.4265651455121
201.65729406379742
198.80389695660077
197.0297685199494
195.41161203251687
193.56029547284413
191.0491615747104
187.57598851233303
181.69591637156765
168.03060711820743
150.0
1000.0
983.35
966.7
950.05
933.4
916.75
900.1
883.45
866.8
850.15
833.5
816.85
800.2
783.55
766.9000000000001
750.25
733.6
716.95
700.3
683.6500000000001
667.0
650.35
633.7
617.05
600.4000000000001
583.75
567.1
550.45
533.8000000000001
517.1500000000001
500.50000000000006
483.85
467.20000000000005
450.55000000000007
433.9000000000001
417.25
400.6
383.95000000000005
367.30000000000007
350.6500000000001
334.0
317.35
300.70000000000005
284.05000000000007
267.4000000000001
250.7500000000001
234.10000000000002
217.45000000000005
200.80000000000007
184.1500000000001
167.5000000000001
150.85000000000002
134.20000000000005
117.55000000000007
100.90000000000009
84.25000000000011
67.60000000000014
50.950000000000045
34.30000000000007
17.65000000000009
1.0
0.0
139.5694427279135
281.1443695745546
424.7894003942863
570.5724320865235
718.5648675864064
868.8418654079535
1021.4826120082697
1176.5706195403623
1334.1940519071752
1494.446082428759
1657.4252868977771
1823.2360763377617
1991.9891744078404
2163.8021451345244
2338.7999775167464
2517.115734570486
2698.8912755861593
2884.278061804474
3073.4380574238994
3266.544739895927
3463.7842359192337
3665.356602507113
3871.4772760954825
4082.3787170370915
4298.312282189963
4519.550364911451
4746.388849947584
4979.14994089687
5218.185430704819
5463.880501775494
5716.6581627960295
5976.984455648286
6245.3745997260485
6522.400285205623
6808.69838498745
7104.98143229794
7412.050314695845
7730.809776167442
8062.287512864852
8407.65791837933
8768.271917049897
9145.694874189085
9541.755378103106
9958.60889263147
10398.822116723068
10865.486783138896
11362.372974992733
11894.63415965254
12468.487638706823
13091.659968921836
13774.294814405672
14540.239054126878
15415.16602808583
16439.595633830573
17674.499254519254
19233.16365710924
21353.42056070757
24689.726589909347
32953.64883703968
41217.571084170064
354.2633172376588
352.3947207386242
350.3996147534163
348.2881717570192
346.0945943037511
343.8572752883283
341.5998653415138
339.343777143057
337.1042618733353
334.8826146639488
332.679204612919
330.4906167490397
325.1975462960285
323.1453836508171
321.0654453752383
318.9718920071602
316.8698581150813
314.756420671851
312.63918912401
310.5162949591231
308.384918570834
306.2494077332243
304.1119724906711
301.9743860936925
299.8393922355646
297.7088413950181
295.5828668296816
293.4627402039728
291.3460440064711
289.2338945204577
287.1327574267923
285.0415160663563
282.963223773843
280.8992900862761
278.8501541216051
276.8169564828785
274.8054140660622
272.819553750717
270.8586953829959
268.9320286332675
267.0441550160702
265.1992949732815
263.3962042883567
261.643568490663
259.9451954681058
258.3005675941684
256.7180637291985
255.2071954175178
253.7673782375869
252.4144353734966
251.1382831562813
249.9116197162859
248.7460023234971
247.7721504537645
246.81925383024
245.797341900599
244.6879715667028
243.4579667901663
242.0902931543733
240.6457042898054
239.9974659410245
354.2633172376588
352.3947207386242
350.3996147534163
348.2881717570192
346.0945943037511
343.8572752883283
341.5998653415138
339.343777143057
337.1042618733353
334.8826146639488
332.679204612919
330.4906167490397
325.1975462960285
323.1453836508171
321.0654453752383
318.9718920071602
316.8698581150813
314.756420671851
312.63918912401
310.5162949591231
308.384918570834
306.2494077332243
304.1119724906711
301.9743860936925
299.8393922355646
297.7088413950181
295.5828668296816
293.4627402039728
291.3460440064711
289.2338945204577
287.1327574267923
285.0415160663563
282.963223773843
280.8992900862761
278.8501541216051
276.8169564828785
274.8054140660622
272.819553750717
270.8586953829959
268.9320286332675
267.0441550160702
265.1992949732815
263.3962042883567
261.643568490663
259.9451954681058
258.3005675941684
256.7180637291985
255.2071954175178
253.7673782375869
252.4144353734966
251.1382831562813
249.9116197162859
248.7460023234971
247.7721504537645
246.81925383024
245.797341900599
244.6879715667028
243.4579667901663
242.0902931543733
240.6457042898054
239.9974659410245
0.0
0.0
0.0
0.0
0.0
0.0
0.0
0.0
0.0
0.0
0.0
0.0
0.0
0.0
0.0
0.0
0.0
0.0
0.0
0.0
0.0
0.0
0.0
0.0
0.0
0.0
0.0
0.0
0.0
0.0
0.0
0.0
0.0
0.0
0.0
0.0
0.0
0.0
0.0
0.0
0.0
0.0
0.0
0.0
0.0
0.0
0.0
0.0
0.0
0.0
0.0
0.0
0.0
0.0
0.0
0.0
0.0
0.0
0.0
0.0
0.0
256.2123094415736
251.7912561421328
247.2133861536472
242.4708139704566
237.5481918117405
232.523731237387
227.4468865127998
222.3763741391942
217.3928705000997
212.5191718917905
207.7782781992464
203.1973317940697
182.5523682649848
177.5721291919641
172.6788208720834
167.8618875149891
163.112820637946
158.3989077179761
153.7371271987844
149.1119660490129
144.496680747894
139.8962647584715
135.3102238537805
130.7309700271703
126.1675868596243
121.6224336896744
117.094303567521
112.5737875337846
108.0521010023477
103.5248394321626
98.99890950925226
94.47034571886866
89.93824990363844
85.3976303619913
80.83685013510713
76.25069843319329
71.64002103343725
67.01281175728896
62.3591077799177
57.66120150752968
52.93828191727977
48.21216969016373
43.46053936589282
38.73336902299879
34.06077789367004
29.42994688619242
24.96445248395701
20.80352202777585
17.14023087431607
14.10733299504813
11.73728365645249
9.994679294256832
8.818606437437571
7.830290405910009
6.860732897276278
5.821436157598948
4.695201928535191
3.449685618846035
2.069098478348972
0.6166340976082862
0.0
256.2123094415736
251.7912561421328
247.2133861536472
242.4708139704566
237.5481918117405
232.523731237387
227.4468865127998
222.3763741391942
217.3928705000997
212.5191718917905
207.7782781992464
203.1973317940697
182.5523682649848
177.5721291919641
172.6788208720834
167.8618875149891
163.112820637946
158.3989077179761
153.7371271987844
149.1119660490129
144.496680747894
139.8962647584715
135.3102238537805
130.7309700271703
126.1675868596243
121.6224336896744
117.094303567521
112.5737875337846
108.0521010023477
103.5248394321626
98.99890950925226
94.47034571886866
89.93824990363844
85.3976303619913
80.83685013510713
76.25069843319329
71.64002103343725
67.01281175728896
62.3591077799177
57.66120150752968
52.93828191727977
48.21216969016373
43.46053936589282
38.73336902299879
34.06077789367004
29.42994688619242
24.96445248395701
20.80352202777585
17.14023087431607
14.10733299504813
11.73728365645249
9.994679294256832
8.818606437437571
7.830290405910009
6.860732897276278
5.821436157598948
4.695201928535191
3.449685618846035
2.069098478348972
0.6166340976082862
0.0
0.0
0.0
0.0
0.0
0.0
0.0
0.0
0.0
0.0
0.0
0.0
0.0
0.0
0.0
0.0
0.0
0.0
0.0
0.0
0.0
0.0
0.0
0.0
0.0
0.0
0.0
0.0
0.0
0.0
0.0
0.0
0.0
0.0
0.0
0.0
0.0
0.0
0.0
0.0
0.0
0.0
0.0
0.0
0.0
0.0
0.0
0.0
0.0
0.0
0.0
0.0
0.0
0.0
0.0
0.0
0.0
0.0
0.0
0.0
0.0
0.0
-98.05100779608517
-100.6034645964913
-103.1862285997691
-105.8173577865625
-108.5464024920106
-111.3335440509414
-114.1529788287139
-116.9674030038629
-119.7113913732357
-122.3634427721582
-124.9009264136726
-127.2932849549701
-142.6451780310436
-145.5732544588531
-148.3866245031549
-151.1100044921711
-153.7570374771354
-156.3575129538749
-158.9020619252256
-161.4043289101102
-163.88823782294
-166.3531429747528
-168.8017486368906
-171.2434160665221
-173.6718053759403
-176.0864077053437
-178.4885632621606
-180.8889526701882
-183.2939430041233
-185.7090550882951
-188.13384791754
-190.5711703474876
-193.0249738702045
-195.5016597242848
-198.013303986498
-200.5662580496852
-203.1653930326249
-205.8067419934281
-208.4995876030783
-211.2708271257378
-214.1058730987904
-216.9871252831177
-219.9356649224638
-222.9101994676642
-225.8844175744358
-228.8706207079759
-231.7536112452415
-234.403673389742
-236.6271473632709
-238.3071023784485
-239.4009994998288
-239.9169404220291
-239.9273958860595
-239.9418600478545
-239.9585209329638
-239.975905743
-239.9927696381676
-240.0082811713203
-240.0211946760244
-240.0290701921971
-239.9974659410245
98.05100779608517
100.6034645964913
103.1862285997691
105.8173577865625
108.5464024920106
111.3335440509414
114.1529788287139
116.9674030038629
119.7113913732357
122.3634427721582
124.9009264136726
127.2932849549701
142.6451780310436
145.5732544588531
148.3866245031549
151.1100044921711
153.7570374771354
156.3575129538749
158.9020619252256
161.4043289101102
163.88823782294
166.3531429747528
168.8017486368906
171.2434160665221
173.6718053759403
176.0864077053437
178.4885632621606
180.8889526701882
183.2939430041233
185.7090550882951
188.13384791754
190.5711703474876
193.0249738702045
195.5016597242848
198.013303986498
200.5662580496852
203.1653930326249
205.8067419934281
208.4995876030783
211.2708271257378
214.1058730987904
216.9871252831177
219.9356649224638
222.9101994676642
225.8844175744358
228.8706207079759
231.7536112452415
234.403673389742
236.6271473632709
238.3071023784485
239.4009994998288
239.9169404220291
239.9273958860595
239.9418600478545
239.9585209329638
239.975905743
239.9927696381676
240.0082811713203
240.0211946760244
240.0290701921971
239.9974659410245
0.0
0.0
0.0
0.0
0.0
0.0
0.0
0.0
0.0
0.0
0.0
0.0
0.0
0.0
0.0
0.0
0.0
0.0
0.0
0.0
0.0
0.0
0.0
0.0
0.0
0.0
0.0
0.0
0.0
0.0
0.0
0.0
0.0
0.0
0.0
0.0
0.0
0.0
0.0
0.0
0.0
0.0
0.0
0.0
0.0
0.0
0.0
0.0
0.0
0.0
0.0
0.0
0.0
0.0
0.0
0.0
0.0
0.0
0.0
0.0
0.0
-1.292909465616566
-1.308261133649803
-1.332759806286988
-1.382357472691865
-1.411785579674261
-1.428143234898465
-1.425605187806178
-1.389926965948753
-1.343357645239307
-1.285325032117726
-1.211814046255314
-7.776275731691328
-1.483174065457687
-1.425071233323571
-1.37948809386687
-1.340815641430223
-1.317232620134948
-1.288903871070716
-1.267486552462807
-1.258187540966774
-1.248561465220026
-1.240305198362783
-1.23679073869378
-1.230064902116759
-1.223081310088651
-1.216776580429392
-1.215881963726403
-1.218212495101288
-1.223339518872075
-1.228243157961001
-1.234589842984771
-1.242938098219372
-1.254528806751799
-1.272236474427381
-1.29316134676747
-1.316553612708813
-1.337936482558877
-1.364021352920339
-1.403730636995338
-1.436050856349301
-1.459455933339379
-1.493539404408165
-1.506706741787404
-1.50654645455361
-1.51261729365742
-1.460336470462678
-1.342350017658121
-1.126268051420175
-0.8509565139702191
-0.5540975041842775
-0.2613422886943961
-0.0052960615867049
-0.0073266085028406
-0.0084393264010698
-0.0088060199296108
-0.0085421581614583
-0.0078571390654114
-0.0065411459514459
-0.0039892269302099
0.0160086687807167
0.0
-1.292909465616566
-1.308261133649803
-1.332759806286988
-1.382357472691865
-1.411785579674261
-1.428143234898465
-1.425605187806178
-1.389926965948753
-1.343357645239307
-1.285325032117726
-1.211814046255314
-7.776275731691328
-1.483174065457687
-1.425071233323571
-1.37948809386687
-1.340815641430223
-1.317232620134948
-1.288903871070716
-1.267486552462807
-1.258187540966774
-1.248561465220026
-1.240305198362783
-1.23679073869378
-1.230064902116759
-1.223081310088651
-1.216776580429392
-1.215881963726403
-1.218212495101288
-1.223339518872075
-1.228243157961001
-1.234589842984771
-1.242938098219372
-1.254528806751799
-1.272236474427381
-1.29316134676747
-1.316553612708813
-1.337936482558877
-1.364021352920339
-1.403730636995338
-1.436050856349301
-1.459455933339379
-1.493539404408165
-1.506706741787404
-1.50654645455361
-1.51261729365742
-1.460336470462678
-1.342350017658121
-1.126268051420175
-0.8509565139702191
-0.5540975041842775
-0.2613422886943961
-0.0052960615867049
-0.0073266085028406
-0.0084393264010698
-0.0088060199296108
-0.0085421581614583
-0.0078571390654114
-0.0065411459514459
-0.0039892269302099
0.0160086687807167
0.0
0.0
0.0
0.0
0.0
0.0
0.0
0.0
0.0
0.0
0.0
0.0
0.0
0.0
0.0
0.0
0.0
0.0
0.0
0.0
0.0
0.0
0.0
0.0
0.0
0.0
0.0
0.0
0.0
0.0
0.0
0.0
0.0
0.0
0.0
0.0
0.0
0.0
0.0
0.0
0.0
0.0
0.0
0.0
0.0
0.0
0.0
0.0
0.0
0.0
0.0
0.0
0.0
0.0
0.0
0.0
0.0
0.0
0.0
0.0
0.0
0.0
1.0
1.0
1.0
1.0
1.0
1.0
1.0
1.0
1.0
1.0
1.0
1.0
1.0
1.0
1.0
1.0
1.0
1.0
1.0
1.0
1.0
1.0
1.0
1.0
1.0
1.0
1.0
1.0
1.0
1.0
1.0
1.0
1.0
1.0
1.0
1.0
1.0
1.0
1.0
1.0
1.0
1.0
1.0
1.0
1.0
1.0
1.0
1.0
1.0
1.0
1.0
0.0
0.0
0.0
0.0
0.0
0.0
0.0
0.0
0.0
0.0
1.0
1.0
1.0
1.0
1.0
1.0
1.0
1.0
1.0
1.0
1.0
1.0
1.0
1.0
1.0
1.0
0.6775249999999999
0.6775249999999999
0.6775249999999999
0.6775249999999999
0.6775249999999999
0.6775249999999999
0.6775249999999999
0.6775249999999999
0.6775249999999999
0.6775249999999999
0.6775249999999999
0.6775249999999999
0.6775249999999999
0.6775249999999999
0.6775249999999999
0.6775249999999999
0.6775249999999999
0.6775249999999999
0.6775249999999999
0.6775249999999999
0.6775249999999999
0.6775249999999999
0.6775249999999999
0.6775249999999999
0.6775249999999999
0.6775249999999999
0.6775249999999999
0.6775249999999999
0.6775249999999999
1.0
1.0
1.0
1.0
1.0
1.0
1.0
1.0
1.0
1.0
1.0
1.0
1.0
1.0
1.0
1.0
1.0
1.0
1.0
1.0
1.0
1.0
1.0
1.0
1.0
1.0
1.0
1.0
1.0
0.00547472327133695
0.005434094338049597
0.005345517986526464
0.005210034364084763
0.004932037983735991
0.004581837284032729
0.004182237574923438
0.0037407284867480915
0.0033285661469508584
0.002948270241486088
0.002618475065287205
0.002332747338553687
0.0020847708145833397
0.0018868620849136412
0.001720792914387012
0.0015794857317942292
0.0014690078828451525
0.0013635646380801428
0.0012677685287339193
0.0011875048155866473
0.0011100726058549239
0.0010383116895679645
0.000974409660377685
0.0009122288054435663
0.000853690880003086
0.0007995758394197732
0.0007466373397263006
0.0006968788887719838
0.0006505567739377901
0.0006049788134048315
0.0005617718925021657
0.0005208267095323139
0.00048047725289317996
0.0004417420183338868
0.0004044721851489835
0.00036798861997811217
0.0003321877356579533
0.0002974223715210286
0.00026411310006461757
0.00023024070905144128
0.0001975732581703268
0.00016769884425513033
0.00013701095258048201
0.00010879621434710623
8.489712961899701e-05
6.186920642285175e-05
4.199055439285613e-05
2.522666861918801e-05
1.3092426040025881e-05
5.667653185174339e-06
2.1016466887501822e-06
8.745326462846305e-07
4.6156649712860535e-07
3.6093181881643327e-07
2.744536288101069e-07
1.9548608849998487e-07
1.2188241213001706e-07
6.060827930616018e-08
1.613316198143556e-08
1.0078098207975863e-11
0.0004
0.0004
0.0004
0.0004
0.0004
0.0004
0.0004
0.0004
0.0004
0.0004
0.0004
0.0004
0.0004
0.0004
0.0004
0.0004
0.0004
0.0004
0.0004
0.0004
0.0004
0.0004
0.0004
0.0004
0.0004
0.0004
0.0004
0.0004
0.0004
0.0004
0.0004
0.0004
0.0004
0.0004
0.0004
0.0004
0.0004
0.0004
0.0004
0.0004
0.0004
0.0004
0.0004
0.0004
0.0004
0.0004
0.0004
0.0004
0.0004
0.0004
0.0004
0.0004
0.0004
0.0004
0.0004
0.0004
0.0004
0.0004
0.0004
0.0004
1.3065442837795994e-08
1.609813246251006e-08
1.8451320475760573e-08
2.016080036876345e-08
2.1358414023579076e-08
2.2454492528502163e-08
2.346184864599769e-08
2.435074770331274e-08
2.5168293008394306e-08
2.59248194795521e-08
2.6578860853539352e-08
2.717492227184444e-08
2.7727500794852817e-08
2.821868937946919e-08
2.867559255048391e-08
2.9106915692640655e-08
2.950022653046024e-08
2.9893537368279825e-08
3.0281774756529767e-08
3.065711262938458e-08
3.1032450502239386e-08
3.142093683129147e-08
3.1836199651687564e-08
3.225146247208365e-08
3.2701440677579656e-08
3.320893932168535e-08
3.3716437965791035e-08
3.428270566534462e-08
3.492899931274215e-08
3.557529296013967e-08
3.6371436914800125e-08
3.733624217274159e-08
3.8301047430683085e-08
3.959226158737696e-08
4.118778732859431e-08
4.278331306981166e-08
4.513146211348355e-08
4.806009189575067e-08
5.0988721678017794e-08
5.632170630050282e-08
6.318151527324084e-08
7.004132424597885e-08
8.255287402060394e-08
9.799336545699721e-08
1.1343385689339041e-07
1.3646888186188418e-07
1.6453988297575865e-07
1.9889493840858378e-07
2.3731543525971197e-07
2.78963375570315e-07
3.2556784487230723e-07
3.9737569592667986e-07
5.064205645747201e-07
6.801946019508522e-07
1.1053081705738778e-06
1.6111307341008319e-06
2.5512822486276946e-06
4.137854497676283e-06
6.1841356611202155e-06
2.780474791942962e-06
0.0
0.0
0.0
0.0
0.0
0.0
0.0
0.0
0.0
0.0
0.0
0.0
0.0
0.0
0.0
0.0
0.0
0.0
0.0
0.0
0.0
0.0
0.0
0.0
0.0
0.0
0.0
0.0
0.0
0.0
0.0
0.0
0.0
0.0
0.0
0.0
0.0
0.0
0.0
0.0
0.0
0.0
0.0
0.0
0.0
0.0
0.0
0.0
0.0
0.0
0.0
0.0
0.0
0.0
0.0
0.0
0.0
0.0
0.0
0.0
0.0
0.0
0.0
0.0
0.0
0.0
0.0
0.0
0.0
0.0
0.0
0.0
0.0
0.0
0.0
0.0
0.0
0.0
0.0
0.0
0.0
0.0
0.0
0.0
0.0
0.0
0.0
0.0
0.0
0.0
0.0
0.0
0.0
0.0
0.0
0.0
0.0
0.0
0.0
0.0
0.0
0.0
0.0
0.0
0.0
0.0
0.0
0.0
0.0
0.0
0.0
0.0
0.0
0.0
0.0
0.0
0.0
0.0
0.0
0.0
0.0
0.0
0.0
0.0
0.0
0.0
0.0
0.0
0.0
0.0
0.0
0.0
0.0
0.0
0.0
0.0
0.0
0.0
0.0
0.0
0.0
0.0
0.0
0.0
0.0
0.0
0.0
0.0
0.0
0.0
0.0
0.0
0.0
0.0
0.0
0.0
0.0
0.0
0.0
0.0
0.0
0.0
0.0
0.0
0.0
0.0
0.0
0.0
0.0
0.0
0.0
0.0
0.0
0.0
0.0
0.0
0.0
0.0
0.0
0.0
0.0
0.0
0.0
0.0
0.0
0.0
0.0
0.0
0.0
0.0
0.0
0.0
0.0
0.0
0.0
0.0
0.0
0.0
0.0
0.0
0.0
0.0
0.0
0.0
0.0
0.0
0.0
0.0
0.0
0.0
0.0
0.0
0.0
0.0
0.0
0.0
0.0
0.0
0.0
0.0
0.0
0.0
0.0
0.0
0.0
0.0
0.0
0.0
0.0
0.0
0.0
0.0
0.0
0.0
0.0
0.0
0.0
0.0
0.0
0.0
0.0
0.0
0.0
0.0
0.0
0.0
0.0
0.0
0.0
0.0
0.0
0.0
0.0
0.0
0.0
0.0
0.0
0.0
0.0
0.0
0.0
0.0
0.0
0.0
0.0
0.0
0.0
0.0
0.0
0.0
0.0
0.0
0.0
0.0
0.0
0.0
0.0
0.0
0.0
0.0
0.0
0.0
0.0
0.0
0.0
0.0
0.0
0.0
0.0
0.0
0.0
0.0
0.0
0.0
0.0
0.0
0.0
0.0
0.0
0.0
2
2
1
281.14382996776567
0.002534058975498965
0.0
0.0
50.0
5.783625987995279
1.0
2.0
3.0
4.0
5.0
6.0
7.0
8.0
9.0
10.0
11.0
12.0
13.0
14.0
15.0
16.0
17.0
18.0
19.0
20.0
21.0
22.0
23.0
24.0
25.0
26.0
27.0
28.0
29.0
30.0
31.0
32.0
33.0
34.0
35.0
36.0
37.0
38.0
39.0
40.0
41.0
42.0
43.0
44.0
45.0
46.0
47.0
48.0
49.0
50.0
51.0
52.0
53.0
54.0
55.0
56.0
57.0
58.0
59.0
60.0
0.0
0.0
0.0
0.0
0.0
0.0
0.0
0.0
0.0
0.0
0.0
0.6
0.0
0.0
0.0
0.0
0.0
0.0
0.0
0.0
0.0
0.0
0.0
0.0
0.0
0.0
0.0
0.0
0.0
0.0
0.0
0.0
0.0
0.0
0.0
0.0
0.0
0.0
0.0
0.0
0.0
0.0
0.0
0.0
0.0
0.0
0.0
0.0
0.0
0.0
0.0
0.0
0.0
0.0
0.0
0.0
0.0
0.0
0.0
0.0
0.0
0.0
0.0
0.0
0.0
0.0
0.0
0.0
0.0
0.0
0.0
3.0
0.0
0.0
0.0
0.0
0.0
0.0
0.0
0.0
0.0
0.0
0.0
0.0
0.0
0.0
0.0
0.0
0.0
0.0
0.0
0.0
0.0
0.0
0.0
0.0
0.0
0.0
0.0
0.0
0.0
0.0
0.0
0.0
0.0
0.0
0.0
0.0
0.0
0.0
0.0
0.0
0.0
0.0
0.0
0.0
0.0
0.0
0.0
0.0
0.0
0.0
0.0
0.0
0.0
0.0
0.0
0.0
0.0
0.0
0.0
0.5
0.0
0.0
0.0
0.0
0.0
0.0
0.0
0.0
0.0
0.0
0.0
0.0
0.0
0.0
0.0
0.0
0.0
0.0
0.0
0.0
0.0
0.0
0.0
0.0
0.0
0.0
0.0
0.0
0.0
0.0
0.0
0.0
0.0
0.0
0.0
0.0
0.0
0.0
0.0
0.0
0.0
0.0
0.0
0.0
0.0
0.0
0.0
0.0
45.0
