9.81
6.022e+23
0
0
0
3
0
1
295.0
2
2
0
0
1
1
0
1
60
7
1000.0
1.0


3
3
0
72.38857731909356
0
6.7
150.0
1000.0
287.04
9.81
79000.0
40.0
20000.0
0.0
0.0
0.0
0.0
0.0280134
0.04401
0.0319988
0.039948
0.01604
0.01801528
0.048
99000.0
2.1153802199668344e+29
0.8
1e-06
1000000.0
0.6
3.0
0.0001
2000
50
12.852502936204214
0
1
6
1.0
1
0
1
1
0.1
1000000000000.0
1
294.0
293.02844484314824
292.0567514939996
291.0712072436741
290.07848203260835
289.0636447504351
288.02827491795955
286.97431201793785
285.90153291224016
284.8078084210725
283.69684870714184
282.56516831412614
281.41139469421176
280.235279480186
279.0359063165367
277.81255830415427
276.56278563767006
275.2887379763594
273.9894957446038
272.660290931924
271.30381374674295
269.91994167623056
268.50679499247326
267.0627394723275
265.58606404170257
264.07949377431316
262.5365121566303
260.9567203751311
259.3365363690701
257.6752649879941
255.96961005541593
254.21645481919907
252.41285461785188
250.55250262929954
248.6305060683973
246.6464476950017
244.59199797086814
242.45939834985796
240.24668543918276
237.94477128263165
235.54367777260427
233.03895733240034
230.420381291786
227.67694868096063
224.79428410840174
221.75909953297216
218.55737318054233
215.16757717876206
212.5829145560095
207.40639214590058
203.15993628665387
200.3073683246755
198.80463500841878
198.45921001638945
200.78684615033987
205.2908018780813
213.3207223571954
222.98631618752998
235.76948653899234
243.29204317845142
991.675
975.0250000000001
958.375
941.7249999999999
925.075
908.425
891.7750000000001
875.125
858.4749999999999
841.825
825.175
808.5250000000001
791.875
775.225
758.575
741.925
725.2750000000001
708.625
691.975
675.325
658.675
642.0250000000001
625.375
608.725
592.075
575.425
558.7750000000001
542.125
525.4750000000001
508.82500000000005
492.17500000000007
475.52500000000003
458.87500000000006
442.2250000000001
425.57500000000005
408.925
392.27500000000003
375.62500000000006
358.9750000000001
342.32500000000005
325.675
309.02500000000003
292.37500000000006
275.7250000000001
259.0750000000001
242.42500000000007
225.77500000000003
209.12500000000006
192.47500000000008
175.8250000000001
159.17500000000007
142.52500000000003
125.87500000000006
109.22500000000008
92.5750000000001
75.92500000000013
59.27500000000009
42.62500000000006
25.97500000000008
9.325000000000045
73.20684008002276
220.64537969812335
370.1662954620923
521.8384215234796
675.732096722888
831.9179906322887
990.4717404252444
1151.4738214441522
1315.0087589706009
1481.1666241412008
1650.0430449864352
1821.7381471984497
1996.357942302594
2174.014977177172
2354.8287655576682
2538.92590444044
2726.441731065384
2917.5216568728665
3112.3196798096637
3311.000610874907
3513.742876667121
3720.7381985045913
3932.1924414733494
4148.32725148747
4369.383703745923
4595.622439064043
4827.324746813121
5064.796422409421
5308.3708306103945
5558.412676433758
5815.321126802528
6079.534913851619
6351.5364323312915
6631.857405253053
6921.090249831883
7219.89594927736
7529.011412027211
7849.267573568395
8181.6061836286735
8527.096205720474
8886.964285275524
9262.629363815748
9655.742411434318
10068.240606314324
10502.421619735127
10961.047068200223
11447.475957145238
11967.139952801248
12523.518100377107
13121.758652282486
13774.962040698902
14501.929645194065
15329.1182873656
16299.890064444693
17486.6924934786
19021.82560165172
21172.662519266138
24657.884373404002
33224.005338537456
56560.69457252452
3.521179111399233e+23
3.521179111399233e+23
3.521179111399257e+23
3.521179111399233e+23
3.521179111399233e+23
3.521179111399233e+23
3.521179111399233e+23
3.521179111399257e+23
3.521179111399233e+23
3.521179111399233e+23
3.521179111399233e+23
3.521179111399233e+23
3.521179111399257e+23
3.5211791113992086e+23
3.521179111399257e+23
3.521179111399233e+23
3.521179111399233e+23
3.521179111399257e+23
3.5211791113992086e+23
3.521179111399257e+23
3.521179111399233e+23
3.521179111399233e+23
3.521179111399257e+23
3.5211791113992086e+23
3.521179111399257e+23
3.521179111399233e+23
3.521179111399233e+23
3.521179111399233e+23
3.521179111399233e+23
3.521179111399244e+23
3.521179111399244e+23
3.521179111399233e+23
3.521179111399233e+23
3.521179111399233e+23
3.521179111399257e+23
3.521179111399233e+23
3.521179111399233e+23
3.521179111399233e+23
3.521179111399233e+23
3.521179111399257e+23
3.521179111399233e+23
3.521179111399233e+23
3.521179111399233e+23
3.521179111399233e+23
3.521179111399233e+23
3.521179111399257e+23
3.521179111399233e+23
3.521179111399233e+23
3.521179111399233e+23
3.521179111399233e+23
3.521179111399257e+23
3.521179111399233e+23
3.521179111399233e+23
3.521179111399233e+23
3.521179111399233e+23
3.521179111399233e+23
3.521179111399257e+23
3.521179111399233e+23
3.521179111399233e+23
3.521179111399257e+23
-4.308211608748446
-4.094788902781087
-3.969518175556356
-3.8419032187344557
-3.682218285354208
-3.5506511449567295
-3.438505194501402
-3.335489188081311
-3.240132351163467
-3.1588362789867976
-3.0734450421348223
-2.9957044155015655
-2.9283576183922144
-2.8693033340331366
-2.819022230005647
-2.776968366267827
-2.749564297782844
-2.7238058645592154
-2.6992274467545965
-2.691078920319177
-2.6831859452441824
-2.6707120276844374
-2.655739919496107
-2.638890781710878
-2.6205638926475614
-2.5821468796443785
-2.5429202307258216
-2.4960158131520513
-2.447046537086319
-2.3887352819333327
-2.3236700349561348
-2.2525885913978363
-2.174295098335021
-2.1002128756628755
-2.0341867219115097
-1.9595193708816652
-1.8903319353628096
-1.8357454074196238
-1.777679925087826
-1.7241336321882437
-1.6824474482738223
-1.631561098632392
-1.5680128251978014
-1.4835678240711347
-1.3739942174376032
-1.21758319035043
-0.9789827895130317
-0.59637119679089
25.115641292657862
-0.702866191126923
-0.1631313465191023
0.10060669357270632
0.12388451402107656
0.1341505662793782
0.12382546376396827
0.10087302320278364
0.060887409557455044
0.02933164622595795
0.019797253005281443
0.02502861115556386
-3.0454647005354474
-2.85310038343799
-2.748845539261225
-2.64225050505118
-2.5035899913995223
-2.3930438591844734
-2.301927926830217
-2.219924740658996
-2.145605808689524
-2.0853218704029928
-2.0209624272961833
-1.9642433109133037
-1.917921222600711
-1.8798911991291902
-1.8506344816273952
-1.8296045306568942
-1.8232242746155123
-1.8184904134620012
-1.8149358704706913
-1.827811116509082
-1.8409420642171028
-1.8494918053347078
-1.8555433873842162
-1.859717836713969
-1.8624142132719328
-1.845020451181881
-1.8268167290540873
-1.8009348562626997
-1.7729880342816386
-1.7356986598086053
-1.6916548009477594
-1.6415942476397163
-1.5843207667520005
-1.5312574150337923
-1.4862486350461097
-1.4325971933996868
-1.3844233378454192
-1.350848264623096
-1.3137803734945805
-1.2812362260303303
-1.2605400873330836
-1.230632490047725
-1.1880467818371585
-1.1245490214424194
-1.0358975961839008
-0.9003859450330935
-0.6827012399616024
-0.3209708680248866
25.373345063319903
-0.46807737116253634
0.0520530839166895
0.2890538089676511
0.2909355034530847
0.2793850127399651
0.24767201921744686
0.2042295738162636
0.14452367313450054
0.09327412477321673
0.06224774050377846
0.04634127565830681
-1.2627233938776599
-1.241699049369597
-1.2206747048615336
-1.1996503603534705
-1.1786260158454076
-1.1576016713373447
-1.1365773268292816
-1.1155529823212187
-1.0945286378131553
-1.0735042933050924
-1.0524799487970296
-1.0314556042889664
-1.0104312597809035
-0.9894069152728403
-0.9683825707647775
-0.9473582262567143
-0.9263338817486513
-0.9053095372405884
-0.884285192732525
-0.8632608482244623
-0.8422365037163992
-0.821212159208336
-0.8001878147002731
-0.7791634701922099
-0.758139125684147
-0.7371147811760839
-0.7160904366680209
-0.6950660921599578
-0.6740417476518948
-0.6530174031438318
-0.6319930586357688
-0.6109687141277057
-0.5899443696196427
-0.5689200251115797
-0.5478956806035167
-0.5268713360954536
-0.5058469915873905
-0.48482264707932754
-0.46379830257126453
-0.44277395806320147
-0.4217496135551384
-0.4007252690470754
-0.37970092453901233
-0.3586765800309494
-0.3376522355228863
-0.31662789101482336
-0.29560354650676024
-0.2745792019986972
-0.25355485749063417
-0.23253051298257119
-0.21150616847450818
-0.190481823966445
-0.169457479458382
-0.148433134950319
-0.12740879044225598
-0.10638444593419298
-0.08536010142612997
-0.06433575691806682
-0.043311412410003816
-0.022287067901940807
-16.649999999999977
-16.649999999999977
-16.65000000000009
-16.649999999999977
-16.649999999999977
-16.649999999999977
-16.649999999999977
-16.65000000000009
-16.649999999999977
-16.649999999999977
-16.649999999999977
-16.649999999999977
-16.65000000000009
-16.649999999999864
-16.65000000000009
-16.649999999999977
-16.649999999999977
-16.65000000000009
-16.649999999999864
-16.65000000000009
-16.649999999999977
-16.649999999999977
-16.65000000000009
-16.649999999999864
-16.65000000000009
-16.649999999999977
-16.649999999999977
-16.649999999999977
-16.649999999999977
-16.650000000000034
-16.650000000000034
-16.649999999999977
-16.649999999999977
-16.649999999999977
-16.65000000000009
-16.649999999999977
-16.649999999999977
-16.649999999999977
-16.649999999999977
-16.65000000000009
-16.649999999999977
-16.649999999999977
-16.649999999999977
-16.649999999999977
-16.649999999999977
-16.65000000000009
-16.649999999999977
-16.649999999999977
-16.649999999999977
-16.649999999999977
-16.65000000000009
-16.649999999999977
-16.649999999999977
-16.649999999999977
-16.649999999999977
-16.649999999999977
-16.65000000000009
-16.649999999999977
-16.649999999999977
-16.65000000000009
295.0
294.0190283429277
293.0243235691174
292.0154480716905
290.99191707989485
289.9532728240184
288.89902610150887
287.8286525767928
286.7415982158555
285.6372844139384
284.51508282256947
283.37434037461225
282.21436845292845
281.0344351202167
279.8337641856091
278.61153035591803
277.3668625245799
276.09881827914376
274.80639151875965
273.4885247717907
272.1440670424854
270.77177841017505
269.37032972986333
267.9382915543937
266.4741232756741
264.9761350941304
263.44252422241135
261.8713241702928
260.2604037694209
258.6074271003997
256.90984303538784
255.1648538654582
253.36937828893
251.5200335178306
249.61307725177838
247.6443134004743
245.609080879209
243.5021661996263
241.31764831455712
239.04882882481854
236.68808201852698
234.22659655878087
231.65416996608798
228.95888172069203
226.12669415469588
223.14085614085326
219.9811131452636
216.62270902899004
213.01761560347305
209.99440604922603
205.82835640569343
201.7215243033647
199.5295665287677
198.60159821393017
199.59285002215518
203.01262305569355
209.28690077318424
218.14293533211685
229.37214984026718
239.52560033754241
247.0469277722786
1000.0
983.35
966.7
950.05
933.4
916.75
900.1
883.45
866.8
850.15
833.5
816.85
800.2
783.55
766.9000000000001
750.25
733.6
716.95
700.3
683.6500000000001
667.0
650.35
633.7
617.05
600.4000000000001
583.75
567.1
550.45
533.8000000000001
517.1500000000001
500.50000000000006
483.85
467.20000000000005
450.55000000000007
433.9000000000001
417.25
400.6
383.95000000000005
367.30000000000007
350.6500000000001
334.0
317.35
300.70000000000005
284.05000000000007
267.4000000000001
250.7500000000001
234.10000000000002
217.45000000000005
200.80000000000007
184.1500000000001
167.5000000000001
150.85000000000002
134.20000000000005
117.55000000000007
100.90000000000009
84.25000000000011
67.60000000000014
50.950000000000045
34.30000000000007
17.65000000000009
1.0
0.0
146.41368016004552
294.87707923620115
445.4555116879835
598.2213313589758
753.2428620868
910.5931191777775
1070.3503616727114
1232.5972812155933
1397.4202367256084
1564.9130115567934
1735.1730784160768
1908.3032159808226
2084.4126686243653
2263.617285729979
2446.0402453853576
2631.8115634955216
2821.0718986352463
3013.9714151104868
3210.6679445088407
3411.3332772409735
3616.152476093269
3825.3239209159133
4039.060962030785
4257.5935409441545
4481.173866547693
4710.071011580392
4944.57848204585
5185.014362772993
5431.727298447795
5685.09805441972
5945.544199185335
6213.525628517904
6489.547236144678
6774.167574361428
7068.012925302338
7371.7789732523825
7686.24385080204
8012.291296334751
8350.921070922597
8703.271340518351
9070.657230032695
9454.6014975988
9856.883325269835
10279.597887358812
10725.245352111442
11196.848784289003
11698.103130001473
12236.176775601025
12810.859425153187
13432.657879411783
14117.266201986018
14886.59308840211
15771.643486329089
16828.136642560297
18145.2483443969
19898.40285890654
22446.92217962574
26868.846567182263
39579.16410989265
52289.48165260312
447.63913282447675
445.14200126951516
442.33023569931544
439.3552283266301
436.2823014475725
433.17574287111734
430.0309891406532
426.84940441893485
423.669042072777
420.5047074979489
417.37080602796584
414.27751550147553
411.2248485320199
408.21303263798427
405.23199210436024
402.28051376123426
399.35191518247365
396.43260702467705
393.53875435212757
390.66706893173165
387.8098742442025
384.9750754109147
382.1699962223882
379.4006251417192
376.6701766707917
373.9866449790248
371.3652973938415
368.8006780566171
366.2950391513943
363.85045897244686
361.4663664953781
359.14213866925684
356.8786809006866
354.67452415367245
352.5218645767213
350.41456473468
348.3623254780606
346.35618630409823
344.3884691780149
342.4709577185921
340.6041371194447
338.7992254221184
337.0610583712013
335.4006507718432
333.82697365951356
332.34587397425855
330.96097481280117
329.6798955881344
328.4987760806778
352.4210192237632
351.48538720106967
350.6968859911069
350.2917787666528
350.1618464435797
350.3009238811336
350.7447075385762
351.4814498123737
352.3533165567914
353.2265268882373
354.19823690053556
355.6836920921773
429.430175842788
426.5558978747009
423.3604490211053
419.9959578677519
416.5280645604303
413.0209357264654
409.4707748573139
405.8794528647224
402.2850787903599
398.7025794143671
395.1465439564708
391.6273416220938
388.1452893010927
384.7008589304632
381.2842301376341
377.8943891784329
374.5248147884899
371.1621103072821
367.8224674189787
364.5026620562475
361.1950731398914
357.9075845542248
354.6474912313776
351.4207475688101
348.2305405110993
345.0848075330989
341.9987512543889
338.9668992388847
335.9914716278428
333.0745108177895
330.2154101157589
327.4135054482573
324.6696537741819
321.9823217149921
319.3436508092589
316.7474346145298
314.2032726308792
311.702115642824
309.2361789211614
306.8171080741987
304.4452443824361
302.1316444205586
299.8809673777878
297.7040392842587
295.6096190547175
293.6033178710329
291.6885358690048
289.8726106213088
288.1513847151874
234.0077226447062
232.5863687972203
231.2706038028953
230.3126631004404
229.6130433296406
229.1728726385979
229.054437759459
229.2614430262534
229.7403388918527
230.5591041891445
232.0049994145779
233.1193222454489
18.20895698168875
18.58610339481427
18.96978667821013
19.35927045887822
19.75423688714213
20.15480714465193
20.56021428333932
20.96995155421244
21.38396328241716
21.8021280835818
22.22426207149505
22.65017387938174
23.07955923092721
23.51217370752106
23.94776196672613
24.38612458280134
24.82710039398378
25.27049671739497
25.71628693314886
26.16440687548411
26.61480110431107
27.06749085668991
27.52250499101058
27.9798775729091
28.43963615969237
28.90183744592588
29.36654613945261
29.83377881773236
30.30356752355146
30.77594815465738
31.25095637961917
31.72863322099957
32.20902712650473
32.69220243868034
33.1782137674624
33.66713012015018
34.1590528471814
34.65407066127422
35.15229025685348
35.6538496443934
36.15889273700863
36.6675810015598
37.18009099341348
37.69661148758446
38.21735460479604
38.74255610322563
39.27243894379639
39.80728496682556
40.34739136549043
118.413296579057
118.8990184038494
119.4262821882116
119.9791156662124
120.5488031139391
121.1280512425357
121.6902697791172
122.2200067861203
122.6129776649387
122.6674226990928
122.1932374859577
122.5643698467284
563.6780928795678
558.1354966240708
552.4706306704331
546.7467777584865
541.0316003743776
535.421451806523
529.8836542168744
524.4001415683258
518.9998544815091
513.6899140979913
508.4706907576052
503.35643780381895
498.33952752345
493.4097904068135
488.54885867406017
483.7467458493069
478.9885427398894
474.2460103074774
469.53366722146586
464.84704593059917
460.1620401265609
455.48629922905616
450.83172823519493
446.20681376714174
441.6166474595001
437.0707015544614
432.6043335180962
428.2128974518177
423.9063236903322
419.6887554771032
415.56896434022576
411.55308171315687
407.64802969694694
403.8595521831807
400.17563519119585
396.5820867141083
393.0972502640892
389.7066877522814
386.38812236157503
383.1568305286576
380.00877370347996
376.94332191882046
373.9745223778557
371.12606799666037
368.4278418628884
365.9108445814494
363.62555947495895
361.6617790103305
360.1596886348491
409.4552768412544
408.0515674473984
407.31511932135237
407.1990659058659
407.3600690862458
407.77853153653973
408.4699872131997
409.41095906081347
410.4273494783657
411.39383393458473
412.427791687387
413.959588154687
333.1849671467245
326.038000790766
318.6982736910912
311.2445859262874
303.7597303961289
296.366856808147
289.0311605187626
281.7340451226571
274.5198143718433
267.4081465697648
260.4094113702979
253.5479390626564
246.816790246765
240.2061081799859
233.6923137523077
227.2598841531731
220.8879952043473
214.5349838223173
208.2155121638041
201.9202487891297
195.6165470538602
189.3119679065339
183.0198295646221
176.751714365938
170.5137165215377
164.3234079480999
158.2295100022924
152.2292553808942
146.337024699393
140.5618792986382
134.9170941997846
129.4106065681435
124.0507698289234
118.8467450268579
113.7810562689265
108.8347533522964
104.03094975472
99.34688364049991
94.7535472727207
90.26921484623789
85.88500048356886
81.59879732627427
77.42826883653943
73.40523735377232
69.5680893021751
65.9552765849944
62.62004139648838
59.65568944268563
57.19598885708917
21.78238722632728
19.17674298680459
17.30298159172679
16.1282681141177
15.30192083086263
14.78169688297955
14.50276876079327
14.36588479532816
13.85110277636632
12.01358691452902
6.85816618041131
0.0
230.4931257328433
232.0974958333048
233.7723569793419
235.5021918321991
237.2718699782487
239.054594998376
240.8524936981118
242.6660964456687
244.4800401096658
246.2817675282265
248.0612793873073
249.8084987411625
251.522737276685
253.2036822268276
254.8565449217525
256.4868616961338
258.1005475355421
259.7110264851601
261.3181550576618
262.9267971414695
264.5454930727007
266.1743313225222
267.8118986705728
269.4550994012037
271.1029309379624
272.7472936063615
274.3748235158038
275.9836420709235
277.5692989909392
279.126876178465
280.6518701404412
282.1424751450134
283.5972598680235
285.0128071563228
286.3945789222693
287.7473333618119
289.0663005093692
290.3598041117815
291.6345750888543
292.8876156824197
294.1237732199111
295.3445245925462
296.5462535413163
297.720830642888
298.8597525607133
299.955567996455
301.0055180784706
302.0060895676449
302.9636997777599
387.6728896149271
388.8748244605938
390.0121377296256
391.0707977917482
392.0581482553832
392.9968346535602
393.9672184524064
395.0450742654853
396.5762467019994
399.3802470200557
405.5696255069757
413.959588154687
116.03896005509105
112.9934953545556
110.14039497111762
107.39154943185639
104.74929892680521
102.24570893540569
99.85266507622121
97.550737149391
95.330812408732
93.18520660004248
91.09988472963948
89.0789223023433
87.11467899143
85.19675776882929
83.3168665697001
81.4662320880727
79.6366275574158
77.8134032828003
75.9949128693383
74.1799769988676
72.35216588235852
70.51122381814142
68.66173201280671
66.8061886254225
64.94647078870852
63.08405657543659
61.23903612425471
59.41221939520062
57.61128453893792
55.838296504656284
54.10259784484768
52.41094304389992
50.7693487962602
49.1850280295082
47.65377061447441
46.1675219794283
44.734924786028614
43.350501448183195
41.9996531835601
40.68587281006552
39.40463658403519
38.144096496702105
36.91346400665438
35.72541722481722
34.6008682033748
33.5649706071909
32.66458466215781
31.981883422196205
31.66091255417132
57.03425761749122
56.566180246328685
56.618233330245374
56.907287139213025
57.19822264266611
57.477607655406075
57.72527967462352
57.929509248439786
58.074032921574286
58.1673070463475
58.22955478685128
58.27589606250959
96.24520869606346
100.5178970839349
104.6621753300141
108.7513719414645
112.7683341643014
116.6540789183184
120.4396143385513
124.1454077420653
127.7652644185166
131.2944328446023
134.7371325861728
138.0794025594374
141.3284990543277
144.4947507504772
147.5919163853263
150.6345050252598
153.6368195841426
156.6271264849648
159.6069552551746
162.5824132671178
165.5785260860312
168.5956166476909
171.6276616667555
174.6690332028721
177.7168239895616
180.761399584999
183.7692412520965
186.7376438579905
189.6544469284499
192.5126315191513
195.2983159159743
198.0028988801139
200.6188839452585
203.1355766881342
205.5625945403325
207.9126812622334
210.1723228761592
212.3552320023241
214.4826316484407
216.5478932279608
218.5602438988672
220.5328470942843
222.4526985412484
224.2988019304863
226.0415297525424
227.6480412860385
229.0684944725164
230.2169211786232
230.9553958580982
212.2253354183789
213.4096258104157
213.9676222111685
214.1843949863227
214.311122498778
214.3911757556184
214.5516689986657
214.8955582309252
215.8892361154864
218.5455172746154
225.1468332341666
233.1193222454489
212.2841687511545
213.5113924384905
214.8025703011317
216.1429213733209
217.5176330911066
218.8997878537241
220.2922794147725
221.6961448914563
223.0960768272486
224.4796394446448
225.8370173158123
227.1583248617807
228.4431780457577
229.6915085193065
230.9087829550264
232.1007371133325
233.2734471415584
234.4405297677651
235.6018681245129
236.7623902659854
237.9306919683897
239.1068404658323
240.2893936795622
241.4752218282946
242.6632947782701
243.8454561604356
245.0082773763512
246.1498632531911
247.2657314673878
248.3509280238076
249.400913760822
250.4138419240138
251.3882327415187
252.3206047176424
253.2163651548069
254.0802032416617
254.9072476621878
255.7057334505073
256.4822848320008
257.2337660380263
257.9648804829024
258.6769435909864
259.3661625479028
260.0242191553035
260.6423979559172
261.2130118932294
261.7330791346742
262.1988046008194
262.6163084122695
269.2595930358701
269.9758060567444
270.5858555414139
271.0916821255357
271.5093451414441
271.8687834110245
272.2769486732892
272.825067479365
273.9632690370607
276.7128243209629
283.3763880210179
291.3952183079585
-1.5422456581116193
-1.4447860324879112
-1.3919616587424415
-1.337956599945401
-1.2677177917879665
-1.2117189912792843
-1.165561943502369
-1.1240256842869512
-1.0863857201058043
-1.0558580925682879
-1.0232692171979532
-0.9945505589532103
-0.9710983841230224
-0.9518446968575331
-0.9370331773249729
-0.926386875916555
-0.9231568380320051
-0.9207607943843236
-0.9189605520848202
-0.9254798482329831
-0.9321286449521186
-0.9364573567657979
-0.9395216567095537
-0.9416354497963466
-0.9430031369471238
-0.9341987240531185
-0.9249846396316352
-0.9118827242613492
-0.8977364124041722
-0.8788592093714416
-0.8565612080236772
-0.8312160084710807
-0.8022183120650929
-0.7753514775758668
-0.7525630789017322
-0.7253984139411263
-0.701005724606571
-0.6840057302728593
-0.6652374961596961
-0.6487592042979258
-0.6382819293664288
-0.6231399299424873
-0.6015786613107138
-0.5694274677344091
-0.524537496097972
-0.45591211287825256
-0.34566438246292164
-0.1624504938044354
12.854604507173217
-0.23687027357849721
0.026560448637390044
0.14657658498470008
0.1475017328782826
0.14163251206464408
0.125584234946033
0.10362354587538752
0.07356778342676784
0.04811977163721903
0.03364672583473194
0.026019911625549952
0.0
-2.164267485126451
-2.099223215708085
-2.071322423505889
-2.034733155955309
-1.968266876304828
-1.917507311570212
-1.877115165381165
-1.833585179743089
-1.787648379833612
-1.743848938968883
-1.692977716368073
-1.645782060749021
-1.603818245944369
-1.568823717306998
-1.541178542932236
-1.520778299291992
-1.514695996639918
-1.509388453629368
-1.507174510289037
-1.517636899089437
-1.528262866259496
-1.535837826795124
-1.540562036887805
-1.543813613888716
-1.542185006030196
-1.523577974697728
-1.503600698084514
-1.477463712034716
-1.447771382931649
-1.411047475631994
-1.36996673727245
-1.325088774117082
-1.274793708083445
-1.229370210625374
-1.190401877627081
-1.14458823792079
-1.105720524378802
-1.077603013369638
-1.046127889299002
-1.019326646445357
-0.99919314711005
-0.9724725244958417
-0.9351165301104192
-0.8827531563986128
-0.8137547981022614
-0.7195096778798588
-0.58171866362482
-0.374063491714889
9.48743674338776
-0.5998848864589704
-0.2826448730487889
-0.1098030622262435
-0.0641919582660035
-0.0405498002966933
-0.0812954926682499
-0.1741920346864126
-0.5033329232128635
-1.345500168085259
-3.343799545704868
-4.038347095853161
0.0
0.622021827014832
0.6544371832201739
0.6793607647634474
0.6967765560099076
0.7005490845168616
0.7057883202909278
0.7115532218787961
0.709559495456138
0.7012626597278077
0.687990846400595
0.6697084991701199
0.6512315017958107
0.6327198618213467
0.616979020449465
0.6041453656072631
0.594391423375437
0.591539158607913
0.5886276592450445
0.5882139582042168
0.592157050856454
0.5961342213073774
0.5993804700293262
0.6010403801782513
0.6021781640923694
0.5991818690830722
0.5893792506446095
0.5786160584528788
0.5655809877733669
0.5500349705274767
0.5321882662605524
0.5134055292487728
0.4938727656460013
0.4725753960183522
0.4540187330495073
0.4378387987253488
0.4191898239796637
0.404714799772231
0.3935972830967787
0.380890393139306
0.3705674421474312
0.3609112177436213
0.3493325945533543
0.3335378687997054
0.3133256886642037
0.2892173020042894
0.2635975650016062
0.2360542811618984
0.2116129979104536
3.367167763785457
0.3630146128804732
0.3092053216861789
0.2563796472109436
0.2116936911442861
0.1821823123613374
0.2068797276142829
0.2778155805618001
0.5769007066396313
1.393619939722478
3.3774462715396
4.064367007478711
0.0
1.0
1.0
1.0
1.0
1.0
1.0
1.0
1.0
1.0
1.0
1.0
1.0
1.0
1.0
1.0
1.0
1.0
1.0
1.0
1.0
1.0
1.0
1.0
1.0
1.0
1.0
1.0
1.0
1.0
1.0
1.0
1.0
1.0
1.0
1.0
1.0
1.0
1.0
1.0
1.0
1.0
1.0
1.0
1.0
1.0
1.0
1.0
1.0
1.0
1.0
1.0
0.0
0.0
0.0
0.0
0.0
0.0
0.0
0.0
0.0
0.0
1.0
1.0
1.0
1.0
1.0
1.0
1.0
1.0
1.0
1.0
1.0
1.0
1.0
1.0
1.0
1.0
0.920954420531807
0.920954420531807
0.920954420531807
0.920954420531807
0.920954420531807
0.920954420531807
0.920954420531807
0.920954420531807
0.920954420531807
0.920954420531807
0.920954420531807
0.920954420531807
0.920954420531807
0.920954420531807
0.920954420531807
0.920954420531807
0.920954420531807
0.920954420531807
0.920954420531807
0.920954420531807
0.920954420531807
0.920954420531807
0.920954420531807
0.920954420531807
0.920954420531807
0.920954420531807
0.920954420531807
0.920954420531807
0.920954420531807
1.0
1.0
1.0
1.0
1.0
1.0
1.0
1.0
1.0
1.0
1.0
1.0
1.0
1.0
1.0
1.0
1.0
1.0
1.0
1.0
1.0
1.0
1.0
1.0
1.0
1.0
1.0
1.0
1.0
0.013509746998944071
0.01344438835121113
0.013148120872459632
0.012653110020117589
0.011907938805999614
0.011205188827559704
0.01052708511203384
0.009764263531805671
0.008975788986796653
0.008187194996146329
0.007406868370094848
0.006692878715572571
0.0060427508686157075
0.005473827094692709
0.004975536953747751
0.004538298676702061
0.004178384587206539
0.003838162302775758
0.0035274829801993004
0.003258587415244635
0.0030029167947843534
0.002757323442255519
0.0025194357975324762
0.0022952761873291714
0.0020727406218771266
0.0018473592135933685
0.0016395691060189655
0.0014483459299820612
0.0012729208779953983
0.0011129257935776446
0.0009712733923935933
0.0008464359245610357
0.0007332016890811454
0.0006387403858724827
0.0005591487704592988
0.00048605674936756947
0.00042632565426485987
0.0003753759059997596
0.0003272147264540517
0.0002854829702085483
0.00024765448181956616
0.00021166771509335036
0.00017693295622090682
0.00014483223750862446
0.0001161679342401929
9.063095377722676e-05
6.890494965738438e-05
5.1232573988637395e-05
3.74354891774626e-05
2.948448417659932e-05
1.987334291921985e-05
1.3192958231996157e-05
1.1322845047651345e-05
1.1574512397631664e-05
1.0685405026264938e-05
9.550218405215901e-06
8.836089824404186e-06
1.0632708518927677e-05
6.850725193693571e-06
2.444893678841172e-07
0.0004
0.0004
0.0004
0.0004
0.0004
0.0004
0.0004
0.0004
0.0004
0.0004
0.0004
0.0004
0.0004
0.0004
0.0004
0.0004
0.0004
0.0004
0.0004
0.0004
0.0004
0.0004
0.0004
0.0004
0.0004
0.0004
0.0004
0.0004
0.0004
0.0004
0.0004
0.0004
0.0004
0.0004
0.0004
0.0004
0.0004
0.0004
0.0004
0.0004
0.0004
0.0004
0.0004
0.0004
0.0004
0.0004
0.0004
0.0004
0.0004
0.0004
0.0004
0.0004
0.0004
0.0004
0.0004
0.0004
0.0004
0.0004
0.0004
0.0004
8.60451419224123e-09
1.578021977514803e-08
2.1892415260555535e-08
2.6925828092092847e-08
2.971401735545372e-08
3.191536891169426e-08
3.3615820560817765e-08
3.4746051764151937e-08
3.5661340336177934e-08
3.6398811651530586e-08
3.6864029565337865e-08
3.7202242046694526e-08
3.743385508154835e-08
3.7482031518220545e-08
3.74258526023047e-08
3.730742951458454e-08
3.7124070818281054e-08
3.694071212197757e-08
3.678655663276213e-08
3.670665185093012e-08
3.662674706909812e-08
3.66023509716688e-08
3.6690996875910616e-08
3.6779642780152424e-08
3.6903178538193995e-08
3.7084523814632495e-08
3.726586909107099e-08
3.747683636083778e-08
3.7728139961945275e-08
3.797944356305276e-08
3.8298642947284706e-08
3.8694261202309925e-08
3.9089879457335157e-08
3.957872216284235e-08
4.015447818582019e-08
4.073023420879802e-08
4.1342697689445876e-08
4.198347277308391e-08
4.262424785672194e-08
4.3230986919605434e-08
4.381611227372829e-08
4.440123762785115e-08
4.5133689117812545e-08
4.594249047452311e-08
4.6751291831233675e-08
4.796747172172955e-08
4.949951687407961e-08
5.152241095280844e-08
5.3986620437539895e-08
5.680107822856821e-08
6.015331959489829e-08
6.559586769304933e-08
7.569057461390363e-08
9.442662951156912e-08
2.539995051245074e-07
4.925296956825388e-07
1.3900175836980765e-06
3.720822161311321e-06
7.931814761427643e-06
2.7860567514510038e-06
0.0
0.0
0.0
0.0
0.0
0.0
0.0
0.0
0.0
0.0
0.0
0.0
0.0
0.0
0.0
0.0
0.0
0.0
0.0
0.0
0.0
0.0
0.0
0.0
0.0
0.0
0.0
0.0
0.0
0.0
0.0
0.0
0.0
0.0
0.0
0.0
0.0
0.0
0.0
0.0
0.0
0.0
0.0
0.0
0.0
0.0
0.0
0.0
0.0
0.0
0.0
0.0
0.0
0.0
0.0
0.0
0.0
0.0
0.0
0.0
0.0
0.0
0.0
0.0
0.0
0.0
0.0
0.0
0.0
0.0
0.0
0.0
0.0
0.0
0.0
0.0
0.0
0.0
0.0
0.0
0.0
0.0
0.0
0.0
0.0
0.0
0.0
0.0
0.0
0.0
0.0
0.0
0.0
0.0
0.0
0.0
0.0
0.0
0.0
0.0
0.0
0.0
0.0
0.0
0.0
0.0
0.0
0.0
0.0
0.0
0.0
0.0
0.0
0.0
0.0
0.0
0.0
0.0
0.0
0.0
0.0
0.0
0.0
0.0
0.0
0.0
0.0
0.0
0.0
0.0
0.0
0.0
0.0
0.0
0.0
0.0
0.0
0.0
0.0
0.0
0.0
0.0
0.0
0.0
0.0
0.0
0.0
0.0
0.0
0.0
0.0
0.0
0.0
0.0
0.0
0.0
0.0
0.0
0.0
0.0
0.0
0.0
0.0
0.0
0.0
0.0
0.0
0.0
0.0
0.0
0.0
0.0
0.0
0.0
0.0
0.0
0.0
0.0
0.0
0.0
0.0
0.0
0.0
0.0
0.0
0.0
0.0
0.0
0.0
0.0
0.0
0.0
0.0
0.0
0.0
0.0
0.0
0.0
0.0
0.0
0.0
0.0
0.0
0.0
0.0
0.0
0.0
0.0
0.0
0.0
0.0
0.0
0.0
0.0
0.0
0.0
0.0
0.0
0.0
0.0
0.0
0.0
0.0
0.0
0.0
0.0
0.0
0.0
0.0
0.0
0.0
0.0
0.0
0.0
0.0
0.0
0.0
0.0
0.0
0.0
0.0
0.0
0.0
0.0
0.0
0.0
0.0
0.0
0.0
0.0
0.0
0.0
0.0
0.0
0.0
0.0
0.0
0.0
0.0
0.0
0.0
0.0
0.0
0.0
0.0
0.0
0.0
0.0
0.0
0.0
0.0
0.0
0.0
0.0
0.0
0.0
0.0
0.0
0.0
0.0
0.0
0.0
0.0
0.0
0.0
0.0
0.0
0.0
0.0
0.0
0.0
0.0
0.0
0.0
0.0
0.0
0.0
0.0
0.0
0.0
2
2
1
295.0
58.27589606250959
0.0
0.0
50.0
6.7
1.0
2.0
3.0
4.0
5.0
6.0
7.0
8.0
9.0
10.0
11.0
12.0
13.0
14.0
15.0
16.0
17.0
18.0
19.0
20.0
21.0
22.0
23.0
24.0
25.0
26.0
27.0
28.0
29.0
30.0
31.0
32.0
33.0
34.0
35.0
36.0
37.0
38.0
39.0
40.0
41.0
42.0
43.0
44.0
45.0
46.0
47.0
48.0
49.0
50.0
51.0
52.0
53.0
54.0
55.0
56.0
57.0
58.0
59.0
60.0
0.0
0.0
0.0
0.0
0.0
0.0
0.0
0.0
0.0
0.0
0.0
0.0
0.0
0.0
0.0
0.0
0.0
0.0
0.0
0.0
0.0
0.0
0.0
0.0
0.0
0.0
0.0
0.0
0.0
0.0
0.0
0.0
0.0
0.0
0.0
0.0
0.0
0.0
0.0
0.0
0.0
0.0
0.0
0.0
0.0
0.0
0.0
0.0
0.99
0.0
0.0
0.0
0.0
0.0
0.0
0.0
0.0
0.0
0.0
0.0
0.0
0.0
0.0
0.0
0.0
0.0
0.0
0.0
0.0
0.0
0.0
0.0
0.0
0.0
0.0
0.0
0.0
0.0
0.0
0.0
0.0
0.0
0.0
0.0
0.0
0.0
0.0
0.0
0.0
0.0
0.0
0.0
0.0
0.0
0.0
0.0
0.0
0.0
0.0
0.0
0.0
0.0
0.0
0.0
0.0
0.0
0.0
0.0
2.5
0.0
0.0
0.0
0.0
0.0
0.0
0.0
0.0
0.0
0.0
0.0
0.0
0.0
0.0
0.0
0.0
0.0
0.0
0.0
0.0
0.0
0.0
0.0
0.0
0.0
0.0
0.0
0.0
0.0
0.0
0.0
0.0
0.0
0.0
0.0
0.0
0.0
0.0
0.0
0.0
0.0
0.0
0.0
0.0
0.0
0.0
0.0
0.0
0.0
0.0
0.0
0.0
0.0
0.0
0.0
0.0
0.0
0.0
0.0
0.01
0.0
0.0
0.0
0.0
0.0
0.0
0.0
0.0
0.0
0.0
0.0
0.0
