9.81
6.022e+23
0
0
0
3
0
1
247.4529771431857
2
2
0
0
1
1
0
1
60
7
1000.0
1.0


3
3
0
77.072922555375
0
5.783625987995279
150.0
1000.0
287.04
9.81
79000.0
40.0
20000.0
0.0
0.0
0.0
0.0
0.0280134
0.04401
0.0319988
0.039948
0.01604
0.01801528
0.048
99000.0
2.1153802199668344e+29
0.8
1e-06
1000000.0
0.6
3.0
0.0001
1000
31
6.347282747434715
0
1
6
1.0
1
0
1
1
0.1
1000000000000.0
1
247.41776743731467
246.7518665995914
246.0420212354551
245.31102861036422
244.56766955841647
243.81293742735073
243.0456363920101
242.26602452310595
241.47469485994634
240.670658806939
239.85281124209348
239.02076812372457
238.17373012756659
237.31025046353207
236.4302313498758
235.53325887854078
234.61824499326764
233.68500757430695
232.7328863863764
231.76065786087253
230.76776645906955
229.75336444133924
228.71653543647216
227.65612656072148
226.57129969469943
225.46096515978874
224.32377569073932
223.15844009175348
221.96576057624236
220.74683936316103
218.26334990452776
218.06560526951287
218.19371724627467
217.77181972843738
217.20277238177115
216.4913036245817
215.67308084819453
214.76573923757013
213.78542725657888
212.75998532885023
211.70247729023401
210.62128948734275
209.57109506198609
208.56832706900883
207.63190073896152
206.88006177937532
206.3811551060331
206.22118787703056
206.4518262549708
207.0942457520426
207.95222646886236
208.79020620706837
209.6582498304595
210.62256801148
212.26752149845564
214.11534170032948
216.86696203787415
220.88085549023543
225.87120949504842
235.9570145083337
991.675
975.0250000000001
958.375
941.7249999999999
925.075
908.425
891.7750000000001
875.125
858.4749999999999
841.825
825.175
808.5250000000001
791.875
775.225
758.575
741.925
725.2750000000001
708.625
691.975
675.325
658.675
642.0250000000001
625.375
608.725
592.075
575.425
558.7750000000001
542.125
525.4750000000001
508.82500000000005
492.17500000000007
475.52500000000003
458.87500000000006
442.2250000000001
425.57500000000005
408.925
392.27500000000003
375.62500000000006
358.9750000000001
342.32500000000005
325.675
309.02500000000003
292.37500000000006
275.7250000000001
259.0750000000001
242.42500000000007
225.77500000000003
209.12500000000006
192.47500000000008
175.8250000000001
159.17500000000007
142.52500000000003
125.87500000000006
109.22500000000008
92.5750000000001
75.92500000000013
59.27500000000009
42.62500000000006
25.97500000000008
9.325000000000045
61.64066147958594
185.81241801150742
311.79109654559306
439.63250337266544
569.3980234487556
701.1523701957516
834.9636660956703
970.9042317216226
1109.0504925600953
1249.482822457991
1392.2861026556711
1537.550139976321
1685.3697667107303
1835.8455254768535
1989.0844647443457
2145.200424413859
2304.314766709228
2466.557209510024
2632.06628762671
2800.9902622853224
2973.488269097786
3149.731315743402
3329.903442376836
3514.2032112253073
3702.8453635458195
3896.062518648725
4094.1072845760787
4297.255685449929
4505.811351361107
4719.49592393919
4939.228311134784
5166.786720458176
5402.600905324363
5646.916727819036
5900.242405519999
6163.17528363053
6436.424345204388
6720.8180109796685
7017.334000545452
7327.12629749816
7651.547381586909
7992.227532491712
8351.14498359435
8730.681010682114
9133.830059746766
9564.422125184765
10027.346415259643
10528.882777502104
11077.122616538683
11682.319883288208
12357.449920834306
13120.066537962086
13995.556415910898
15023.846874840074
16269.351531353954
17847.527036299725
20001.020999557066
23381.48028406597
31663.353372944483
56560.69457252452
3.521179111399233e+23
3.521179111399233e+23
3.521179111399257e+23
3.521179111399233e+23
3.521179111399233e+23
3.521179111399233e+23
3.521179111399233e+23
3.521179111399257e+23
3.521179111399233e+23
3.521179111399233e+23
3.521179111399233e+23
3.521179111399233e+23
3.521179111399257e+23
3.5211791113992086e+23
3.521179111399257e+23
3.521179111399233e+23
3.521179111399233e+23
3.521179111399257e+23
3.5211791113992086e+23
3.521179111399257e+23
3.521179111399233e+23
3.521179111399233e+23
3.521179111399257e+23
3.5211791113992086e+23
3.521179111399257e+23
3.521179111399233e+23
3.521179111399233e+23
3.521179111399233e+23
3.521179111399233e+23
3.521179111399244e+23
3.521179111399244e+23
3.521179111399233e+23
3.521179111399233e+23
3.521179111399233e+23
3.521179111399257e+23
3.521179111399233e+23
3.521179111399233e+23
3.521179111399233e+23
3.521179111399233e+23
3.521179111399257e+23
3.521179111399233e+23
3.521179111399233e+23
3.521179111399233e+23
3.521179111399233e+23
3.521179111399233e+23
3.521179111399257e+23
3.521179111399233e+23
3.521179111399233e+23
3.521179111399233e+23
3.521179111399233e+23
3.521179111399257e+23
3.521179111399233e+23
3.521179111399233e+23
3.521179111399233e+23
3.521179111399233e+23
3.521179111399233e+23
3.521179111399257e+23
3.521179111399233e+23
3.521179111399233e+23
3.521179111399257e+23
-0.22475040702981308
-0.012297379610907044
0.06482094789878368
0.09937277966359537
0.12903160994138796
0.15917634523532886
0.1864873329123088
0.21382115201327934
0.24589906916337978
0.2797308671288238
0.31325828879872897
0.34700757948295236
0.37978914965905397
0.4081236358166399
0.4342830420667879
0.45888210362373927
0.4807122000153463
0.5019324855869368
0.5232079228785395
0.5430274447558737
0.5628156527970969
0.5833318295585401
0.605015005575003
0.6280017070192382
0.6538845838744408
0.6836337244473829
0.717786886039573
0.757825700751745
0.8138824496521158
0.8845102621767961
-12.054653074678175
-0.10605298398551455
-0.12423161168154212
-0.14578521702763825
-0.15809527172371485
-0.16588420248220553
-0.16906182503448836
-0.16927767471888688
-0.16743393630029768
-0.16384377598994893
-0.15791245577328505
-0.15132869832772033
-0.14397142064944302
-0.13490668089444247
-0.1255601236590002
-0.11508464525563944
-0.10453943105422184
-0.09542954726279401
-0.08782544124356112
-0.08172779613272324
-0.07546545386963494
-0.06528674245347926
-0.052749545130832354
-0.0391757994132
-0.027064937683153073
-0.017915281704411007
-0.010705336142660088
-0.0055143860988241325
-0.0017988589242078218
0.002641000990585181
-1.2055209326560146
-0.9717698335528269
-0.8774373652733871
-0.8262864105502103
-0.7802889449542008
-0.7337522253957829
-0.6900138700806266
-0.6462585893767496
-0.5981779637756617
-0.5479520748573421
-0.4981375327973794
-0.4481708708297987
-0.39909625109795144
-0.3545154398523991
-0.31225833201290953
-0.27130719903161093
-0.23326935926273507
-0.1957800134146268
-0.1582522562811164
-0.1222099005389623
-0.0861342908015601
-0.049437245714130995
-0.011502514594695867
0.02765127916033805
0.06970521831425458
0.11572367272927409
0.16618002349514427
0.22234476754270105
0.29486681320070574
0.3816328519345191
-12.643329741390772
-0.5731081914917766
-0.574766997520058
-0.5797918896639445
-0.575799144807668
-0.5674064647322723
-0.5547589855798876
-0.5386515075141673
-0.5208274011774847
-0.5010149814166454
-0.47978442042330727
-0.45647929793646114
-0.43326948570241797
-0.40846313335377005
-0.3828435746956629
-0.3564987987655499
-0.3305780560207694
-0.30500581539001104
-0.28132934435129187
-0.25928068533571036
-0.23706530620867028
-0.21105322943042637
-0.1826298653193561
-0.15302774939785024
-0.12505251632333625
-0.09958870778847029
-0.07615910439352547
-0.05512261538005703
-0.035091307740160005
-0.014896008869555999
0.9727774928503014
0.9565807475943439
0.9403840023383864
0.9241872570824287
0.9079905118264713
0.8917937665705137
0.8755970213145562
0.8594002760585988
0.8432035308026411
0.8270067855466837
0.8108100402907261
0.7946132950347686
0.7784165497788111
0.7622198045228535
0.7460230592668963
0.7298263140109386
0.7136295687549812
0.6974328234990236
0.6812360782430659
0.6650393329871086
0.648842587731151
0.6326458424751935
0.616449097219236
0.6002523519632784
0.5840556067073209
0.5678588614513633
0.551662116195406
0.5354653709394483
0.5192686256834909
0.5030718804275335
0.4868751351715759
0.4706783899156183
0.45448164465966084
0.4382848994037033
0.4220881541477458
0.40589140889178826
0.3896946636358308
0.37349791837987323
0.35730117312391574
0.34110442786795825
0.32490768261200065
0.30871093735604316
0.29251419210008567
0.2763174468441282
0.26012070158817063
0.2439239563322132
0.22772721107625557
0.21153046582029805
0.19533372056434056
0.17913697530838307
0.16294023005242558
0.14674348479646798
0.1305467395405105
0.11434999428455299
0.09815324902859549
0.081956503772638
0.0657597585166805
0.0495630132607229
0.0333662680047654
0.017169522748807904
-16.649999999999977
-16.649999999999977
-16.65000000000009
-16.649999999999977
-16.649999999999977
-16.649999999999977
-16.649999999999977
-16.65000000000009
-16.649999999999977
-16.649999999999977
-16.649999999999977
-16.649999999999977
-16.65000000000009
-16.649999999999864
-16.65000000000009
-16.649999999999977
-16.649999999999977
-16.65000000000009
-16.649999999999864
-16.65000000000009
-16.649999999999977
-16.649999999999977
-16.65000000000009
-16.649999999999864
-16.65000000000009
-16.649999999999977
-16.649999999999977
-16.649999999999977
-16.649999999999977
-16.650000000000034
-16.650000000000034
-16.649999999999977
-16.649999999999977
-16.649999999999977
-16.65000000000009
-16.649999999999977
-16.649999999999977
-16.649999999999977
-16.649999999999977
-16.65000000000009
-16.649999999999977
-16.649999999999977
-16.649999999999977
-16.649999999999977
-16.649999999999977
-16.65000000000009
-16.649999999999977
-16.649999999999977
-16.649999999999977
-16.649999999999977
-16.65000000000009
-16.649999999999977
-16.649999999999977
-16.649999999999977
-16.649999999999977
-16.649999999999977
-16.65000000000009
-16.649999999999977
-16.649999999999977
-16.65000000000009
247.4734925937983
246.7604795304972
246.03716659769222
245.30325241229113
244.55839283195837
243.80222194377555
243.03435710420385
242.25439296686736
241.46189832784978
240.65642035820784
239.83748218234538
239.00457883316327
238.1571764596077
237.29471196372947
236.41658544168158
235.52215854068885
234.61075279871073
233.6816428503643
232.7340535816337
231.7671576394747
230.78006740197168
229.7718297293188
228.74141967240558
227.68773334149978
226.60957780701852
225.50566203231523
224.37458628785916
223.21482832230745
222.0247175464318
220.80241238369234
219.55297425203926
218.260712493715
218.1563238675564
218.01412820352112
217.5226740128007
216.8848224820175
216.12134362865055
215.25900164610488
214.31499324417794
213.31148964565745
212.2689788345819
211.19817554205406
210.13079130825918
209.10243665151
208.1306765833856
207.28419623633133
206.65643953936092
206.3247115047153
206.35802557789782
206.79295626716439
207.54173363240665
208.3878150319983
209.23818218097358
210.15128731542305
211.4529012112187
213.19676321142137
215.4945046584917
218.87581454095846
223.3768994607537
230.91404120487198
240.99888875458004
1000.0
983.35
966.7
950.05
933.4
916.75
900.1
883.45
866.8
850.15
833.5
816.85
800.2
783.55
766.9000000000001
750.25
733.6
716.95
700.3
683.6500000000001
667.0
650.35
633.7
617.05
600.4000000000001
583.75
567.1
550.45
533.8000000000001
517.1500000000001
500.50000000000006
483.85
467.20000000000005
450.55000000000007
433.9000000000001
417.25
400.6
383.95000000000005
367.30000000000007
350.6500000000001
334.0
317.35
300.70000000000005
284.05000000000007
267.4000000000001
250.7500000000001
234.10000000000002
217.45000000000005
200.80000000000007
184.1500000000001
167.5000000000001
150.85000000000002
134.20000000000005
117.55000000000007
100.90000000000009
84.25000000000011
67.60000000000014
50.950000000000045
34.30000000000007
17.65000000000009
1.0
0.0
123.28132295917187
248.34351306384298
375.2386800273432
504.0263267179877
634.7697201795233
767.5350202119798
902.3923119793607
1039.4161514638845
1178.684833656306
1320.2808112596758
1464.2913940516667
1610.8088859009752
1759.9306475204853
1911.7604034332217
2066.40852605547
2223.9923227722475
2384.637210646209
2548.47720837384
2715.6553668795805
2886.325157691064
3060.6513805045083
3238.811250982295
3420.9956337713775
3607.4107886792367
3798.2799384124023
3993.8450988850473
4194.36947026711
4400.141900632749
4611.480802089465
4827.511045788914
5050.9455764806535
5282.627864435698
5522.57394621303
5771.259509425042
6029.225301614956
6297.125265646105
6575.723424762671
6865.912597196666
7168.755403894237
7485.497191102082
7817.597572071736
8166.857492911688
8535.43247427701
8925.929547087217
9341.730572406315
9787.113677963214
10267.57915255607
10790.186402448137
11364.058830629232
12000.580935947186
12714.318905721426
13525.814170202746
14465.298661619052
15582.395088061096
16956.30797464681
18738.74609795264
21263.29590116149
25499.664666970442
37827.04207891852
50154.41949086668
218.29283776133136
218.00622214867914
217.4509683133253
216.78180788254383
216.04309543440917
215.2624360092012
214.45532997946304
213.63775836087973
212.821505070274
212.00667531791964
211.19486077136102
210.3857488133007
209.58016437709517
208.77841258624898
207.97814857111962
207.1787985542571
206.37973840469377
205.57824643570552
204.77731287370895
203.97690736893207
203.17583531352784
202.3764427537326
201.57886548278412
200.78251174657265
199.98915336884247
199.19902138482476
198.4121225885781
197.62994898707598
196.85222117226292
196.0781394002333
195.31341726653656
344.1590756766632
344.34681851647485
344.51662444330736
344.5737838390661
344.57064943064927
344.5185384926184
344.430295712781
344.3154880811509
344.1838569314409
344.0468930678759
343.9118217067466
343.7858757001035
343.6831733721956
343.60984166545023
343.5745739974319
343.6002185173014
343.7042031274982
343.9031688700042
344.2056188225115
344.60760073125493
345.07207606644283
345.5574416176568
346.05475916791147
346.5769181531429
347.1318831762126
347.7079992073396
348.3274645823539
348.9552696448847
349.6308576116066
351.01796897081374
212.6816024279418
212.3448772332566
211.7393392602958
211.0197645743843
210.2305176880846
209.3991390891467
208.5411164153801
207.6724294027941
206.804862180502
205.9385578459653
205.0751414025984
204.2143372650116
203.3569998359036
202.5034574376313
201.6513916987623
200.80024465337
199.9494035077856
199.0961594858748
198.2435041679908
197.3914110432213
196.538690797819
195.6876895949569
194.838544606707
193.9906663413546
193.1458265299707
192.3042571455575
191.4659664655151
190.6324468164476
189.8034199590194
188.9780876279938
188.1621636314667
129.2291117548589
129.189842988937
129.1787049614886
129.0415126748098
128.8308404295269
128.5550908942755
128.2260797018163
127.8533121105859
127.4467363490802
127.0181550503724
126.5756035557697
126.1274286626142
125.689022560632
125.2680855582936
124.8747315121727
124.5338165670713
124.264305446097
124.0843879007499
124.0041932021734
124.0208736976385
124.099312187437
124.2041413914847
124.334176155634
124.515335561929
124.8019264340498
125.1963890523209
125.7990584344028
126.6813309318212
127.9268260985286
129.1617278767274
5.61123533338955
5.661344915422547
5.711629053029505
5.762043308159527
5.812577746324576
5.863296920054491
5.914213564082967
5.965328958085634
6.016642889771994
6.06811747195434
6.119719368762606
6.171411548289084
6.223164541191585
6.274955148617672
6.326756872357312
6.378553900887099
6.430334896908168
6.482086949830729
6.533808705718142
6.585496325710784
6.637144515708857
6.688753158775686
6.740320876077132
6.791845405218067
6.843326838871787
6.894764239267256
6.946156123062999
6.997502170628371
7.048801213243499
7.100051772239508
7.151253635069844
214.9299639218043
215.1569755275379
215.3379194818188
215.5322711642563
215.7398090011224
215.9634475983429
216.2042160109647
216.462175970565
216.7371205823607
217.0287380175035
217.3362181509769
217.6584470374893
217.9941508115636
218.3417561071566
218.6998424852592
219.0664019502301
219.4398976814012
219.8187809692543
220.2014256203381
220.5867270336164
220.9727638790058
221.3533002261721
221.7205830122775
222.0615825912139
222.3299567421628
222.5116101550187
222.5284061479511
222.2739387130635
221.704031513078
221.8562410940863
205.611169089342
204.11903254403381
202.59200887512705
201.04541107907215
199.48041222038745
197.9194638502252
196.3786055950914
194.87102010642735
193.40850822644487
191.99550051031486
190.63573388889887
189.32848439804116
188.07472909100596
186.87388104906162
185.71910159407997
184.60749324520447
183.5371258966096
182.50236456835862
181.5056509929474
180.54699323188945
179.62371127594616
178.73818442534935
177.89116990868686
177.08331365788075
176.31760655931078
175.59717979360738
174.9260046700899
174.31001109208293
173.75462804481262
173.27541308598376
172.89232380422146
309.09465247295736
308.7092871212773
308.30432605058974
307.78169355668456
307.20276000345996
306.5832426006968
305.9402408352796
305.2867816961353
304.6343231452478
303.9963443002662
303.38148851871364
302.79906321413404
302.26309140052365
301.78129656042455
301.36318531771053
301.03233103881445
300.8057375929905
300.6996975201065
300.7208181282625
300.8635193516703
301.09092938064947
301.3652417024331
301.6799293873684
302.04906062320197
302.4789731299483
302.95550045328685
303.49880672390765
304.0714891710583
304.7119858300401
306.0842011803777
165.242569675333
163.6655751631244
162.0535304567584
160.4219792357742
158.7723444259922
157.1279063650418
155.5051934275642
153.9177865055603
152.3778653858689
150.88980782577
149.4572546427312
148.0792565096239
146.7565783085937
145.488440306855
144.2677197852553
143.0913366802677
141.9572155151836
140.8595354716694
139.8007063284146
138.7806655000401
137.7966356399418
136.8509742830982
135.9443991702961
135.0775037321149
134.2532615140552
133.474774190438
132.7459775797171
132.0727810649231
131.4605862579867
130.9249215980356
130.4857311140934
41.7659271619046
40.81441197817571
39.67090995037631
38.37163512322812
36.97620893898076
35.50961405047411
33.99493130665891
32.44920731655768
30.88757039821242
29.33041484570167
27.79171120013249
26.28263948962963
24.82595320332389
23.43316656793817
22.11033318710987
20.88553087221531
19.77972848048521
18.82395107729427
18.0301328158908
17.38955014144668
16.84782599848071
16.32777240912275
15.79314244380849
15.21258430598423
14.49336551198682
13.55379434430224
12.18352938453378
9.909105138517925
5.799026501323062
0.0
40.36859941400901
40.45345738090942
40.53847841836865
40.62343184329798
40.70806779439524
40.79155748518341
40.8734121675272
40.95323360086705
41.03064284057598
41.10569268454485
41.1784792461677
41.24922788841727
41.31815078241227
41.38544074220662
41.45138180882467
41.51615656493678
41.57991038142599
41.64282909668922
41.7049446645328
41.76632773184934
41.82707563600436
41.88721014225116
41.94677073839076
42.00580992576583
42.06434504525559
42.12240560316937
42.18002709037279
42.23723002715983
42.29404178682591
42.35049148794814
42.40659269012805
267.3287253110528
267.8948751431016
268.6334161002134
269.4100584334564
270.2265510644792
271.0736285502227
271.9453095286207
272.8375743795776
273.7467527470354
274.6659294545645
275.5897773185811
276.5164237245044
277.4371381971998
278.3481299924864
279.2528521306007
280.1468001665991
281.0260091125053
281.8757464428122
282.6906853123717
283.4739692102236
284.2431033821688
285.0374692933103
285.8867869435599
286.8364763172177
287.9856076179615
289.4017061089846
291.3152773393739
294.1623840325404
298.912959328717
306.0842011803777
-12.681668671989328
-13.887189604645343
-14.85895943819817
-15.736396803471557
-16.562683214021767
-17.342972158975968
-18.07672438437175
-18.766738254452378
-19.412996843829127
-20.01117480760479
-20.55912688246213
-21.05726441525951
-21.50543528608931
-21.90453153718726
-22.25904697703966
-22.57130530905257
-22.84261250808418
-23.075881867346915
-23.271661880761542
-23.42991413704266
-23.55212403758162
-23.63825832838318
-23.68769557409731
-23.699198088692008
-23.67154680953167
-23.601841591217415
-23.48611791848814
-23.319937894992997
-23.097593127450295
-22.80272631424959
-22.42109346231507
-35.06442320370584
-35.63753139519762
-36.21229839271768
-36.79209028238162
-37.36788942718929
-37.93529589192156
-38.49005487750145
-39.02870638501562
-39.5495337861931
-40.05054876760975
-40.530333188033055
-40.986812485969516
-41.420081971671934
-41.828545105025704
-42.21138867972137
-42.56788747848692
-42.898465534507686
-43.2034713498977
-43.48480069424899
-43.7440813795847
-43.98114668579337
-44.192199915223796
-44.37482978054315
-44.527857529941
-44.65291004626434
-44.75249875405281
-44.828657858446334
-44.88378047382639
-44.91887178156655
-44.93376779043611
47.43903275260879
48.67930207013222
49.68580880353732
50.59778533861001
51.45817326209243
52.27123272410489
53.03592298781598
53.7546428972338
54.42699679463312
55.04875002019531
55.61788675986722
56.13508075538769
56.60042152731
57.01501713077621
57.38367191350702
57.70890797310225
57.992187992602
58.2366240142054
58.4427978395762
58.61074554318122
58.74205515787713
58.83671531185866
58.89414543641093
58.91316260923977
58.89256501591547
58.82948295511954
58.71998888579793
58.55966575152445
58.3428337010327
58.05316602995822
57.67643251737328
87.46318459295426
88.37543101076125
89.50779501111228
90.66987755158166
91.85463149054608
93.04547684380134
94.23114839515742
95.40410479402819
96.55916595086777
97.68774020467075
98.7838923556372
99.8447891729846
100.8630693573081
101.8349189903554
102.7643983250628
103.648285694856
104.4845769656118
105.2604368234556
105.9740603862826
106.6313235561919
107.2514861889563
107.8763689823619
108.5410337118255
109.3027512559448
110.308560922063
111.6425947080187
113.6155290498691
116.7722257933033
122.1277995972055
129.1617278767274
34.75736408061946
34.79211246548688
34.82684936533915
34.86138853513845
34.89549004807066
34.92826056512892
34.95919860344423
34.98790464278142
35.01399995080399
35.03757521259052
35.05875987740509
35.07781634012818
35.09498624122069
35.11048559358895
35.12462493646736
35.13760266404968
35.14957548451782
35.16074214685848
35.17113595881466
35.18083140613856
35.18993112029551
35.19845698347548
35.20644986231362
35.21396452054776
35.2210182063838
35.22764136390212
35.23387096730979
35.23972785653145
35.24524057358241
35.25043971570863
35.25533905505821
52.39876138924842
52.73789961556363
53.2954966183946
53.87778726920004
54.48674206335679
55.11018095187978
55.74109351765597
56.37539840901257
57.00963216467466
57.637191437061
58.25355916760415
58.85797668701509
59.44298738563617
60.0063738853297
60.55300964534143
61.08039821636908
61.58611143110411
62.05696547355791
62.48925969203361
62.8872421766072
63.27033950316294
63.6841690671381
64.16620393128235
64.7748937260038
65.65565087579866
66.8900959539659
68.78687119142276
71.88844531947692
77.20892781563894
84.2279600862913
-0.6106278701510236
-0.49222469119357687
-0.4444420290678613
-0.4185324039625136
-0.39523348669138225
-0.3716615775021868
-0.3495072654480799
-0.32734450035549556
-0.3029907665996537
-0.2775503401431938
-0.2523181920653591
-0.22700891315066107
-0.2021514165195397
-0.1795700938951678
-0.15816574606661538
-0.1374228708383589
-0.1181556183414095
-0.09916618679893069
-0.08015727493125249
-0.06190073870860341
-0.0436273512147766
-0.0250391718034341
-0.0058240433387416
0.014008588858431599
0.0353102567366543
0.0586201032748202
0.0841779075806464
0.11262722364126489
0.1493621000612935
0.1933120661298135
-6.398848816534384
-0.2901918334276798
-0.2909627045536347
-0.293500148200626
-0.29146921466327136
-0.2872134264648091
-0.28080465854177344
-0.27264457509231155
-0.2636160586698296
-0.25358248824097046
-0.2428320136351324
-0.23103094132452162
-0.21928051490499928
-0.20672208870249026
-0.19375019720849768
-0.18041175032750295
-0.16728886229914003
-0.1543466894797679
-0.14236596603576362
-0.13120843783741112
-0.11996029101127742
-0.1067744967769316
-0.0923554006362636
-0.07732066412320482
-0.06306382475310285
-0.050053191537961284
-0.037974944141594524
-0.02693662998605606
-0.016085440128429607
-0.005316425403911307
0.0
-0.6282401881531045
-0.5098311879829637
-0.4619483058158067
-0.4358168530788028
-0.4118433167518247
-0.3873426104839739
-0.364057003380236
-0.3405709816728086
-0.3149399552929108
-0.2882878479411934
-0.2619770145618391
-0.2357115265026002
-0.2100073074847634
-0.1867366601705574
-0.1647435443152601
-0.1434913290493297
-0.1238154730056193
-0.1044343200409353
-0.0850714400670555
-0.0665129547892006
-0.047948709290577
-0.0290903852450516
-0.0096328693029312
0.0104334080693099
0.0319532904536002
0.0554626110154982
0.0812093265698043
0.1098330872770178
0.1467269000422299
0.1908288220033858
-15.08804133428002
-0.462085010947002
-0.5735823361807073
-0.5886358257509107
-0.6001196893400396
-0.6032052056921025
-0.6005844924061455
-0.594143818854927
-0.5850792471027336
-0.5716626957842528
-0.5552397562673651
-0.5373816853521954
-0.5157948564505398
-0.4922761433309413
-0.4708140916418282
-0.4477201521148533
-0.4236110479129817
-0.3930004041747721
-0.3614755239419685
-0.3329269955290011
-0.314134263896356
-0.3165251918725916
-0.336676146702316
-0.3858368230801855
-0.5094780987971678
-0.6757352010971972
-0.9993608844672544
-1.598978325124903
-2.712787171861829
-3.562932956050297
0.0
0.0176123180020808
0.0176064967893868
0.0175062767479454
0.0172844491162892
0.0166098300604424
0.0156810329817871
0.0145497379321561
0.013226481317313
0.0119491886932571
0.0107375077979996
0.00965882249648
0.0087026133519391
0.0078558909652237
0.0071665662753896
0.0065777982486447
0.0060684582109708
0.0056598546642098
0.0052681332420046
0.004914165135803
0.0046122160805972
0.0043213580758004
0.0040512134416175
0.0038088259641896
0.0035751807891217
0.0033569662830541
0.003157492259322
0.0029685810108421
0.0027941363642471
0.0026352000190636
0.0024832441264277
8.689192517745635
0.1718931775193222
0.2826196316270726
0.2951356775502847
0.3086504746767682
0.3159917792272934
0.3197798338643721
0.3214992437626154
0.321463188432904
0.3180802075432823
0.3124077426322327
0.3063507440276738
0.2965143415455405
0.285554054628451
0.2770638944333305
0.2673084017873503
0.2563221856138417
0.2386537146950042
0.2191095579062049
0.20171855769159
0.1941739728850786
0.20975069509566
0.2443207460660524
0.3085161589569807
0.4464142740440649
0.6256820095592359
0.9613859403256598
1.572041695138847
2.696701731733399
3.557616530646386
0.0
1.0
1.0
1.0
1.0
1.0
1.0
1.0
1.0
1.0
1.0
1.0
1.0
1.0
1.0
1.0
1.0
1.0
1.0
1.0
1.0
1.0
1.0
1.0
1.0
1.0
1.0
1.0
1.0
1.0
1.0
1.0
1.0
0.0
0.0
0.0
0.0
0.0
0.0
0.0
0.0
0.0
0.0
0.0
0.0
0.0
0.0
0.0
0.0
0.0
0.0
0.0
0.0
0.0
0.0
0.0
0.0
0.0
0.0
0.0
0.0
0.0
1.0
1.0
1.0
1.0
1.0
1.0
1.0
1.0
1.0
1.0
1.0
1.0
1.0
1.0
1.0
1.0
0.8605561031037754
0.8605561031037754
0.8605561031037754
0.8605561031037754
0.8605561031037754
0.8605561031037754
0.8605561031037754
0.8605561031037754
0.8605561031037754
0.8605561031037754
0.8605561031037754
0.8605561031037754
0.8605561031037754
0.8605561031037754
0.8605561031037754
0.8605561031037754
0.8605561031037754
0.8605561031037754
0.8605561031037754
0.8605561031037754
0.8605561031037754
0.8605561031037754
0.8605561031037754
0.8605561031037754
0.8605561031037754
0.8605561031037754
0.8605561031037754
0.8605561031037754
0.8605561031037754
1.0
1.0
1.0
1.0
1.0
1.0
1.0
1.0
1.0
1.0
1.0
1.0
1.0
1.0
1.0
1.0
1.0
1.0
1.0
1.0
1.0
1.0
1.0
1.0
1.0
1.0
1.0
1.0
1.0
0.00038555255702267034
0.00037897418349675823
0.00036912105669075314
0.0003561627438221122
0.00033377473115178723
0.0003069210614219445
0.0002772538445521243
0.0002453687383359592
0.00021596099974107775
0.0001891447247645936
0.00016604274123662683
0.00014615619954780744
0.00012900808763681974
0.00011527199312985288
0.00010374269847639438
9.393050414707167e-05
8.613529701828519e-05
7.879712520456048e-05
7.216897584053532e-05
6.65587851742191e-05
6.122950586645062e-05
5.633023590849561e-05
5.1964815522137043e-05
4.779293982646128e-05
4.391094124106237e-05
4.0350116561870675e-05
3.693945224292775e-05
3.3774762364808623e-05
3.0860807900832475e-05
2.806432606639065e-05
2.5480344392091447e-05
2.305484284020508e-05
2.4210866713331574e-05
2.52565971240782e-05
2.5316379579911952e-05
2.4936987865130544e-05
2.4174946989620678e-05
2.3144097430430285e-05
2.1940842226284855e-05
2.0459992887107457e-05
1.888584260258692e-05
1.738611162068084e-05
1.562344135549113e-05
1.3931803310233505e-05
1.2527087120507459e-05
1.0931190176344595e-05
9.389709659971786e-06
7.668216483580748e-06
5.90621576891112e-06
4.196967747500668e-06
2.819585294846737e-06
2.249120472253474e-06
2.0278398432377034e-06
2.3431887898374773e-06
2.7156628999191187e-06
3.2474342757064517e-06
4.07188098163889e-06
5.508872092444848e-06
7.146686307127558e-06
1.6902755563053463e-07
0.0004
0.0004
0.0004
0.0004
0.0004
0.0004
0.0004
0.0004
0.0004
0.0004
0.0004
0.0004
0.0004
0.0004
0.0004
0.0004
0.0004
0.0004
0.0004
0.0004
0.0004
0.0004
0.0004
0.0004
0.0004
0.0004
0.0004
0.0004
0.0004
0.0004
0.0004
0.0004
0.0004
0.0004
0.0004
0.0004
0.0004
0.0004
0.0004
0.0004
0.0004
0.0004
0.0004
0.0004
0.0004
0.0004
0.0004
0.0004
0.0004
0.0004
0.0004
0.0004
0.0004
0.0004
0.0004
0.0004
0.0004
0.0004
0.0004
0.0004
1.3065442837795994e-08
1.609813246251006e-08
1.8451320475760573e-08
2.016080036876345e-08
2.1358414023579076e-08
2.2454492528502163e-08
2.346184864599769e-08
2.435074770331274e-08
2.5168293008394306e-08
2.59248194795521e-08
2.6578860853539352e-08
2.717492227184444e-08
2.7727500794852817e-08
2.821868937946919e-08
2.867559255048391e-08
2.9106915692640655e-08
2.950022653046024e-08
2.9893537368279825e-08
3.0281774756529767e-08
3.065711262938458e-08
3.1032450502239386e-08
3.142093683129147e-08
3.1836199651687564e-08
3.225146247208365e-08
3.2701440677579656e-08
3.320893932168535e-08
3.3716437965791035e-08
3.428270566534462e-08
3.492899931274215e-08
3.557529296013967e-08
3.6371436914800125e-08
3.733624217274159e-08
3.8301047430683085e-08
3.959226158737696e-08
4.118778732859431e-08
4.278331306981166e-08
4.513146211348355e-08
4.806009189575067e-08
5.0988721678017794e-08
5.632170630050282e-08
6.318151527324084e-08
7.004132424597885e-08
8.255287402060394e-08
9.799336545699721e-08
1.1343385689339041e-07
1.3646888186188418e-07
1.6453988297575865e-07
1.9889493840858378e-07
2.3731543525971197e-07
2.78963375570315e-07
3.2556784487230723e-07
3.9737569592667986e-07
5.064205645747201e-07
6.801946019508522e-07
1.1053081705738778e-06
1.6111307341008319e-06
2.5512822486276946e-06
4.137854497676283e-06
6.1841356611202155e-06
2.780474791942962e-06
0.0
0.0
0.0
0.0
0.0
0.0
0.0
0.0
0.0
0.0
0.0
0.0
0.0
0.0
0.0
0.0
0.0
0.0
0.0
0.0
0.0
0.0
0.0
0.0
0.0
0.0
0.0
0.0
0.0
0.0
0.0
0.0
0.0
0.0
0.0
0.0
0.0
0.0
0.0
0.0
0.0
0.0
0.0
0.0
0.0
0.0
0.0
0.0
0.0
0.0
0.0
0.0
0.0
0.0
0.0
0.0
0.0
0.0
0.0
0.0
0.0
0.0
0.0
0.0
0.0
0.0
0.0
0.0
0.0
0.0
0.0
0.0
0.0
0.0
0.0
0.0
0.0
0.0
0.0
0.0
0.0
0.0
0.0
0.0
0.0
0.0
0.0
0.0
0.0
0.0
0.0
0.0
0.0
0.0
0.0
0.0
0.0
0.0
0.0
0.0
0.0
0.0
0.0
0.0
0.0
0.0
0.0
0.0
0.0
0.0
0.0
0.0
0.0
0.0
0.0
0.0
0.0
0.0
0.0
0.0
0.0
0.0
0.0
0.0
0.0
0.0
0.0
0.0
0.0
0.0
0.0
0.0
0.0
0.0
0.0
0.0
0.0
0.0
0.0
0.0
0.0
0.0
0.0
0.0
0.0
0.0
0.0
0.0
0.0
0.0
0.0
0.0
0.0
0.0
0.0
0.0
0.0
0.0
0.0
0.0
0.0
0.0
0.0
0.0
0.0
0.0
0.0
0.0
0.0
0.0
0.0
0.0
0.0
0.0
0.0
0.0
0.0
0.0
0.0
0.0
0.0
0.0
0.0
0.0
0.0
0.0
0.0
0.0
0.0
0.0
0.0
0.0
0.0
0.0
0.0
0.0
0.0
0.0
0.0
0.0
0.0
0.0
0.0
0.0
0.0
0.0
0.0
0.0
0.0
0.0
0.0
0.0
0.0
0.0
0.0
0.0
0.0
0.0
0.0
0.0
0.0
0.0
0.0
0.0
0.0
0.0
0.0
0.0
0.0
0.0
0.0
0.0
0.0
0.0
0.0
0.0
0.0
0.0
0.0
0.0
0.0
0.0
0.0
0.0
0.0
0.0
0.0
0.0
0.0
0.0
0.0
0.0
0.0
0.0
0.0
0.0
0.0
0.0
0.0
0.0
0.0
0.0
0.0
0.0
0.0
0.0
0.0
0.0
0.0
0.0
0.0
0.0
0.0
0.0
0.0
0.0
0.0
0.0
0.0
0.0
0.0
0.0
0.0
0.0
0.0
0.0
0.0
0.0
0.0
0.0
0.0
0.0
0.0
0.0
0.0
0.0
0.0
0.0
0.0
0.0
2
2
1
247.4734925937983
-44.93376779043611
0.0
0.0
31.0
5.783625987995279
1.0
2.0
3.0
4.0
5.0
6.0
7.0
8.0
9.0
10.0
11.0
12.0
13.0
14.0
15.0
16.0
17.0
18.0
19.0
20.0
21.0
22.0
23.0
24.0
25.0
26.0
27.0
28.0
29.0
30.0
31.0
32.0
33.0
34.0
35.0
36.0
37.0
38.0
39.0
40.0
41.0
42.0
43.0
44.0
45.0
46.0
47.0
48.0
49.0
50.0
51.0
52.0
53.0
54.0
55.0
56.0
57.0
58.0
59.0
60.0
0.0
0.0
0.0
0.0
0.0
0.0
0.0
0.0
0.0
0.0
0.0
0.0
0.0
0.0
0.0
0.0
0.0
0.0
0.0
0.0
0.0
0.0
0.0
0.0
0.0
0.0
0.0
0.0
0.0
0.0
0.99
0.0
0.0
0.0
0.0
0.0
0.0
0.0
0.0
0.0
0.0
0.0
0.0
0.0
0.0
0.0
0.0
0.0
0.0
0.0
0.0
0.0
0.0
0.0
0.0
0.0
0.0
0.0
0.0
0.0
0.0
0.0
0.0
0.0
0.0
0.0
0.0
0.0
0.0
0.0
0.0
0.0
0.0
0.0
0.0
0.0
0.0
0.0
0.0
0.0
0.0
0.0
0.0
0.0
0.0
0.0
0.0
0.0
0.0
0.0
220.0
0.0
0.0
0.0
0.0
0.0
0.0
0.0
0.0
0.0
0.0
0.0
0.0
0.0
0.0
0.0
0.0
0.0
0.0
0.0
0.0
0.0
0.0
0.0
0.0
0.0
0.0
0.0
0.0
0.0
0.0
0.0
0.0
0.0
0.0
0.0
0.0
0.0
0.0
0.0
0.0
0.0
0.0
0.0
0.0
0.0
0.0
0.0
0.0
0.0
0.0
0.0
0.0
0.0
0.0
0.0
0.0
0.0
0.0
0.0
0.5
0.0
0.0
0.0
0.0
0.0
0.0
0.0
0.0
0.0
0.0
0.0
0.0
0.0
0.0
0.0
0.0
0.0
0.0
0.0
0.0
0.0
0.0
0.0
0.0
0.0
0.0
0.0
0.0
0.0
45.0
