9.81
6.022e+23
0
0
0
3
0
1
295.0
2
2
0
0
1
1
0
1
60
7
1000.0
1.0


3
3
0
72.38857731909356
0
6.7
150.0
1000.0
287.04
9.81
79000.0
40.0
20000.0
0.0
0.0
0.0
0.0
0.0280134
0.04401
0.0319988
0.039948
0.01604
0.01801528
0.048
99000.0
2.1153802199668344e+29
0.8
1e-06
1000000.0
0.6
3.0
0.0001
300
49
1.739929553719458
0
1
6
1.0
1
0
1
1
0.1
1000000000000.0
1
294.0
293.01477830162713
292.0409581372433
291.0535311945947
290.0582887065855
289.04001104395735
288.00033535852606
286.94068863155337
285.8613905021996
284.7598681566058
283.6388840232766
282.48484578641165
281.1176480757
280.17076786256126
279.01677780776714
277.805379443235
276.5572811715687
275.2801203920857
273.975514922487
272.64089345398065
271.27977361952384
269.8917219316193
268.4754045421504
267.0286516834922
265.5497104740393
264.0413064397702
262.4971121243005
260.9160128471146
259.29505233571393
257.632575317138
255.92586638715431
254.1721576151141
252.36819639350716
250.50701840107936
248.58383753824043
246.59868936586923
244.54238493041007
242.40704268580185
240.19087843958349
237.88421630288622
235.47832027418218
232.96980443352763
230.3495358460451
227.60605674269496
224.72361975848372
221.6885491515313
218.48364856211504
215.0808232509343
211.44155577895685
207.53230434670854
204.0228293765763
201.9210574160575
200.3783386658838
199.8919036963292
202.06905962140016
206.57638814977577
214.5883396002364
223.79401963406158
235.9024085367251
243.08374618070593
991.675
975.0250000000001
958.375
941.7249999999999
925.075
908.425
891.7750000000001
875.125
858.4749999999999
841.825
825.175
808.5250000000001
791.875
775.225
758.575
741.925
725.2750000000001
708.625
691.975
675.325
658.675
642.0250000000001
625.375
608.725
592.075
575.425
558.7750000000001
542.125
525.4750000000001
508.82500000000005
492.17500000000007
475.52500000000003
458.87500000000006
442.2250000000001
425.57500000000005
408.925
392.27500000000003
375.62500000000006
358.9750000000001
342.32500000000005
325.675
309.02500000000003
292.37500000000006
275.7250000000001
259.0750000000001
242.42500000000007
225.77500000000003
209.12500000000006
192.47500000000008
175.8250000000001
159.17500000000007
142.52500000000003
125.87500000000006
109.22500000000008
92.5750000000001
75.92500000000013
59.27500000000009
42.62500000000006
25.97500000000008
9.325000000000045
73.20342525089033
220.63453539707882
370.1468638760591
521.8090993543315
675.6911186939692
831.8630419199226
990.3997993578233
1151.3811309992475
1314.890807013608
1481.0176892650538
1649.8528002361556
1821.4333492815927
1995.942518429993
2173.5731391265836
2354.3784272952616
2538.471359359246
2725.9823736620756
2917.0544141296277
3111.8405172056573
3310.5055592812923
3513.2282259483536
3720.200611505872
3931.6289844104404
4147.735194511608
4368.760521226105
4594.9659114477345
4826.632747798541
5064.066896756332
5307.601631444248
5557.6013830397715
5814.46548293049
6078.632860546794
6350.585604847967
6630.854795724267
6920.032459387086
7218.7788762668915
7527.829545476987
7848.013843312538
8180.271438828136
8525.669408082984
8885.433981448776
9260.985367402576
9653.97658057178
10066.345540289392
10500.388983681984
10958.863595804565
11445.111306336443
11963.22866843066
12518.335683401972
13118.039245126736
13775.281430703526
14508.038025432186
15341.456712553894
16318.792798851235
17513.092029140706
19057.554161763004
21218.209331260427
24709.28178018242
33271.1442980886
56560.69457252452
3.521179111399233e+23
3.521179111399233e+23
3.521179111399257e+23
3.521179111399233e+23
3.521179111399233e+23
3.521179111399233e+23
3.521179111399233e+23
3.521179111399257e+23
3.521179111399233e+23
3.521179111399233e+23
3.521179111399233e+23
3.521179111399233e+23
3.521179111399257e+23
3.5211791113992086e+23
3.521179111399257e+23
3.521179111399233e+23
3.521179111399233e+23
3.521179111399257e+23
3.5211791113992086e+23
3.521179111399257e+23
3.521179111399233e+23
3.521179111399233e+23
3.521179111399257e+23
3.5211791113992086e+23
3.521179111399257e+23
3.521179111399233e+23
3.521179111399233e+23
3.521179111399233e+23
3.521179111399233e+23
3.521179111399244e+23
3.521179111399244e+23
3.521179111399233e+23
3.521179111399233e+23
3.521179111399233e+23
3.521179111399257e+23
3.521179111399233e+23
3.521179111399233e+23
3.521179111399233e+23
3.521179111399233e+23
3.521179111399257e+23
3.521179111399233e+23
3.521179111399233e+23
3.521179111399233e+23
3.521179111399233e+23
3.521179111399233e+23
3.521179111399257e+23
3.521179111399233e+23
3.521179111399233e+23
3.521179111399233e+23
3.521179111399233e+23
3.521179111399257e+23
3.521179111399233e+23
3.521179111399233e+23
3.521179111399233e+23
3.521179111399233e+23
3.521179111399233e+23
3.521179111399257e+23
3.521179111399233e+23
3.521179111399233e+23
3.521179111399257e+23
-4.3952478434518465
-4.151892041470548
-4.035712320080533
-3.9162105092255164
-3.7673312349191885
-3.6504741485784553
-3.5567307995620876
-3.4779453219065126
-3.4104126144897347
-3.362443424193602
-3.3199365098377585
-3.338444479356037
-4.611219588921719
-3.1500704185924797
-2.9111119985748948
-2.81943824127354
-2.7851993250133438
-2.7726204684694578
-2.770699747123443
-2.785541797256907
-2.7975218556337245
-2.8030834665930966
-2.802040100339311
-2.7972056598245656
-2.7891905747519905
-2.7593319041664044
-2.7261476878513227
-2.685735130655412
-2.641107207400572
-2.5889925753089247
-2.5295566336201456
-2.46208025632934
-2.3866598779683623
-2.3174644423794493
-2.257916017717491
-2.189454043140269
-2.1298122153684953
-2.0886718425365594
-2.0472574783281203
-2.0160893827944157
-1.9973515799250732
-1.965523974300371
-1.9125432419338324
-1.8318501607099584
-1.7251049091251147
-1.5727698633319174
-1.352711398016325
-1.067788343605951
-0.7355296915872673
-0.28441179321604104
0.08930008228196551
0.12035353779740257
0.13801825337845455
0.14175803373835155
0.12435920980989534
0.10231439351439367
0.06493641624907492
0.032442109490826196
0.023619105397499972
0.034506773257649614
-2.9264884112241702
-2.707617814961395
-2.615885340379009
-2.5208328614971833
-2.396405593015629
-2.3039996818756663
-2.234710770525254
-2.1803752007725734
-2.1373262293002995
-2.113794947482603
-2.095744243408234
-2.1387144092059316
-3.435896508326209
-1.9992312872699358
-1.7847344519746002
-1.7175114272783105
-1.7077257249892739
-1.719600143036331
-1.7421325201172806
-1.7814277326262982
-1.8178603155800204
-1.8478773908036885
-1.8712785316637905
-1.890908280907496
-1.9073340268847119
-1.90193328502437
-1.8931966829268276
-1.8772338445047865
-1.8570556832206933
-1.8293887427715276
-1.7943990400394227
-1.7513668931983375
-1.700386422546046
-1.6556354610134747
-1.620525277142292
-1.5764934529188963
-1.541276856622801
-1.524552155581432
-1.5075398555678703
-1.5007564265522149
-1.5063674426157263
-1.49885895635947
-1.4701462975210973
-1.4138762819295891
-1.3315441888319128
-1.2031947934758591
-1.0072057018632563
-0.746273519586282
-0.43793664994939263
-0.009666071669641951
0.33433671734877635
0.3397510328190947
0.33209281699606663
0.3114106050476835
0.26921436880354577
0.22299383400888928
0.16215178931327046
0.10603737924532197
0.07312781772378685
0.05877479196908553
-1.4687320453609283
-1.4442776568056692
-1.4198232682504093
-1.3953688796951498
-1.3709144911398907
-1.3464601025846312
-1.3220057140293717
-1.2975513254741124
-1.2730969369188527
-1.2486425483635932
-1.224188159808334
-1.1997337712530745
-1.175279382697815
-1.1508249941425555
-1.1263706055872962
-1.1019162170320365
-1.0774618284767772
-1.0530074399215177
-1.028553051366258
-1.004098662810999
-0.9796442742557392
-0.9551898857004797
-0.9307354971452203
-0.9062811085899608
-0.8818267200347015
-0.857372331479442
-0.8329179429241826
-0.808463554368923
-0.7840091658136636
-0.7595547772584043
-0.7351003887031448
-0.7106460001478853
-0.6861916115926259
-0.6617372230373664
-0.637282834482107
-0.6128284459268474
-0.588374057371588
-0.5639196688163286
-0.5394652802610691
-0.5150108917058096
-0.4905565031505501
-0.46610211459529066
-0.4416477260400312
-0.41719333748477183
-0.3927389489295124
-0.368284560374253
-0.3438301718189934
-0.3193757832637339
-0.2949213947084745
-0.27046700615321506
-0.24601261759795567
-0.22155822904269604
-0.19710384048743665
-0.17264945193217723
-0.1481950633769178
-0.12374067482165838
-0.09928628626639896
-0.07483189771113936
-0.05037750915587994
-0.025923120600620516
-16.649999999999977
-16.649999999999977
-16.65000000000009
-16.649999999999977
-16.649999999999977
-16.649999999999977
-16.649999999999977
-16.65000000000009
-16.649999999999977
-16.649999999999977
-16.649999999999977
-16.649999999999977
-16.65000000000009
-16.649999999999864
-16.65000000000009
-16.649999999999977
-16.649999999999977
-16.65000000000009
-16.649999999999864
-16.65000000000009
-16.649999999999977
-16.649999999999977
-16.65000000000009
-16.649999999999864
-16.65000000000009
-16.649999999999977
-16.649999999999977
-16.649999999999977
-16.649999999999977
-16.650000000000034
-16.650000000000034
-16.649999999999977
-16.649999999999977
-16.649999999999977
-16.65000000000009
-16.649999999999977
-16.649999999999977
-16.649999999999977
-16.649999999999977
-16.65000000000009
-16.649999999999977
-16.649999999999977
-16.649999999999977
-16.649999999999977
-16.649999999999977
-16.65000000000009
-16.649999999999977
-16.649999999999977
-16.649999999999977
-16.649999999999977
-16.65000000000009
-16.649999999999977
-16.649999999999977
-16.649999999999977
-16.649999999999977
-16.649999999999977
-16.65000000000009
-16.649999999999977
-16.649999999999977
-16.65000000000009
295.0
294.01907410163807
293.02442312404105
292.0156089000197
290.9921491686322
289.9535898408685
288.8994453974044
287.82919729120067
286.74229555340935
285.63816763260826
284.51619533123994
283.37577714559546
282.2170159740311
281.0373542790069
279.83676565669674
278.61456341754655
277.36992036703936
276.1019158258887
274.80955502477417
273.4917820446699
272.1474434609607
270.7752983113313
269.37401349449
267.9421581144101
266.47819027913437
264.98041873643587
263.4470380501645
261.87608312933503
260.2654204541301
258.61271768451695
256.91542378275005
255.17073874598134
253.3755809226916
251.52657197234564
249.61997376494918
247.65159127926387
245.61677177875978
243.5103123118486
241.32630218776342
239.0580605319396
236.69796939974844
234.23721524883797
231.6655808279675
228.9776184001388
226.16465514345447
223.20584481327154
220.08576273613082
216.78180584191352
213.26065092975176
209.48625474355185
205.76657843746437
202.9471334684976
201.11928304603742
200.10223583706755
200.94927467688174
204.296262932069
210.56288868670197
219.17987864754605
229.84173208125745
239.4863979375466
246.66530915118904
1000.0
983.35
966.7
950.05
933.4
916.75
900.1
883.45
866.8
850.15
833.5
816.85
800.2
783.55
766.9000000000001
750.25
733.6
716.95
700.3
683.6500000000001
667.0
650.35
633.7
617.05
600.4000000000001
583.75
567.1
550.45
533.8000000000001
517.1500000000001
500.50000000000006
483.85
467.20000000000005
450.55000000000007
433.9000000000001
417.25
400.6
383.95000000000005
367.30000000000007
350.6500000000001
334.0
317.35
300.70000000000005
284.05000000000007
267.4000000000001
250.7500000000001
234.10000000000002
217.45000000000005
200.80000000000007
184.1500000000001
167.5000000000001
150.85000000000002
134.20000000000005
117.55000000000007
100.90000000000009
84.25000000000011
67.60000000000014
50.950000000000045
34.30000000000007
17.65000000000009
1.0
0.0
146.40685050178067
294.86222029237695
445.43150745974134
598.1866912489215
753.195546139017
910.5305377008283
1070.2690610148184
1232.4932009836766
1397.2884130435395
1564.7469654865681
1734.9586349857432
1907.9080635774424
2083.976973282544
2263.1693049706228
2445.587549619901
2631.3551690985905
2820.60957822556
3013.4992500336953
3210.1817843776194
3410.8293341849653
3615.6271177117414
3824.7741053000027
4038.483863520878
4256.986525502337
4480.534516949873
4709.397305945595
4943.868189651486
5184.265603861179
5430.937659027316
5684.265107052227
5944.665858808753
6212.599862284836
6488.571347411099
6773.1382440374355
7066.9266747367365
7370.631077797047
7685.028013156927
8010.999673468148
8349.543204188123
8701.795611977845
9069.072350919705
9452.89838388545
9855.054777258112
10277.63630332067
10723.141664043294
11194.585527565836
11695.63708510705
12230.820251754269
12805.851115049678
13430.227375203793
14120.335486203261
14895.740564661111
15787.172860446677
16850.412737255792
18175.77132102562
19939.33700250039
22497.081660020467
26921.48190034437
39620.80669583283
52320.13149132137
451.20697139271823
448.86845311129656
446.19904396045587
443.373225391557
440.4503324075185
437.4935564822309
434.4977325196861
431.46456124840404
428.4313963586367
425.4135964324789
422.42503090810993
419.47526837576237
416.5562636116333
417.78506915019443
415.0555461668968
412.28348297651604
409.50905797138535
406.73384647447824
403.97963690663516
401.2458957818516
398.5269847485843
395.83201987939526
393.1686252930982
390.5432736008688
387.9587689554098
385.42348719757615
382.95209306085246
380.53983306002743
378.1878870648759
375.89869347577917
373.67137487184993
371.5051874979869
369.4007659270135
367.35726573175316
365.365635102375
363.41991029751716
361.5300179979828
359.6860239216516
357.8804292757292
356.1250437262691
354.4196954384085
352.77582762889546
351.19840988106967
349.6999756179108
348.28938602040165
346.96992705108084
345.74497616417665
344.62037046282126
343.59159833430317
342.6448253132891
341.8112368823068
341.2127316541517
340.9142732853624
340.8036083816827
340.94586458104425
341.387305723072
342.1133468071108
342.9061701366968
343.63466436210524
344.58545850739785
346.17569105868506
429.430175842788
426.5559823678748
423.3462213033629
419.9751722963597
416.5019867933379
412.9894048780762
409.4327598677547
405.83406406367
402.2305807604376
398.6376623574318
395.0692265095929
391.5349355551539
388.0269649593881
383.7764597982357
380.5165929345648
377.2042769377901
373.8783218480112
370.5420283932788
367.2182260826686
363.9074858227233
360.6051783263994
357.320973654691
354.0628690372499
350.8376151738854
347.6482662120166
344.5033247756047
341.4175345819075
338.3863572049072
335.4111250791835
332.4944027531723
329.6354259815839
326.8335780882497
324.0896215749863
321.4027955388744
318.7641547720319
316.1678127369599
313.6237119408648
311.121984376012
308.6551836776177
306.2351218620226
303.8616549608735
301.5462443916214
299.2938870154865
297.1171504658451
295.0249344995752
293.020586706279
291.1076477045762
289.2920527133094
287.5694626846989
285.9262741718639
284.3938131362637
283.0941615479054
282.0926934039485
281.2778625230664
280.715964064365
280.4667855886805
280.5233865871173
280.7291259606467
281.0698750740423
281.9337799760029
282.9067471542441
21.77679554993021
22.31247074342178
22.85282265709301
23.39805309519734
23.94834561418061
24.50415160415469
25.06497265193139
25.63049718473408
26.20081559819909
26.77593407504713
27.355804398517
27.94033282060847
28.52929865224519
34.00860935195875
34.53895323233201
35.07920603872594
35.63073612337415
36.19181808119939
36.76141082396655
37.33840995912828
37.92180642218491
38.51104622470429
39.10575625584831
39.70565842698338
40.31050274339321
40.92016242197143
41.53455847894497
42.15347585512021
42.77676198569241
43.40429072260686
44.03594889026603
44.67160940973722
45.31114435202714
45.95447019287878
46.60148033034311
47.25209756055727
47.90630605711799
48.56403954563961
49.22524559811154
49.88992186424651
50.55804047753499
51.22958323727404
51.90452286558317
52.58282515206573
53.26445152082645
53.94934034480182
54.63732845960043
55.32831774951189
56.02213564960425
56.71855114142524
57.41742374604307
58.11857010624632
58.82157988141392
59.52574585861627
60.22990051667925
60.92052013439151
61.58996021999357
62.17704417605014
62.564789288063
62.65167853139497
63.26894390444099
606.533204381716
601.2681976890702
595.891170723268
590.4494668139902
585.0057409684546
579.6525594501513
574.3527358057308
569.0848537639235
563.8713136733835
558.7161875179256
553.613827046074
548.5683202703183
543.5106010969831
541.303510127218
536.5747558566505
532.017958214295
527.5260217818864
523.0430845599897
518.5692748491106
514.0934012042095
509.5930624383159
505.0802372535468
500.56896527644614
496.07233505255306
491.5969221261863
487.1543063414681
482.7809789197201
478.475522235968
474.24634239631166
470.10009312399427
466.04338577729357
462.08279936339113
458.2270108992194
454.483124281413
450.83585819102143
447.2696081090212
443.8032223565681
440.417951423614
437.08780462211024
433.8248792170822
430.6187745026694
427.4685392505407
424.39226254635537
421.4236819856755
418.5992161062367
415.94821294808395
413.5200672677037
411.3882558644852
409.61321021638076
408.2285005454173
407.3852460427656
407.12107753195914
407.16237019598896
407.38379810930536
407.83746491371465
408.54812042454574
409.4971553425936
410.45213046149286
411.2866620661465
412.3105840291629
413.9595913724194
330.877565247681
323.5883179392627
316.1044690707342
308.49440956458
300.8414890532029
293.2728843379974
285.7507482581457
278.2553524893517
270.8296364934457
263.4943394450236
256.2576782076246
249.136252184228
242.061647996558
232.81506941664
225.9570026774783
219.1291014430075
212.3303247390673
205.5193235981617
198.7143922188789
191.9048330629855
185.0545336727003
178.1713465178137
171.2680798071027
164.3594979479321
157.4517038109243
150.5669889997311
143.7616155185371
137.0366196093001
130.4074165314939
123.8893261818358
117.4980497431732
111.2438785028381
105.1372774595093
99.19107632491605
93.38082036523025
87.68306844003374
82.12530253692267
76.676044074509
71.29942188744133
66.01655436318354
60.81103741915469
55.6812050997561
50.64783171147658
45.7528169679169
41.04182826152346
36.55633705757698
32.35514307575931
28.53334949819652
25.15522667177396
22.23891513400394
19.93969666946307
18.30476917162253
17.06184305412507
16.10283678025513
15.45833990257854
15.07913529695502
14.8436142843982
14.16655916414303
12.09901764281774
6.834578838527048
0.0
275.655639134035
277.6798797498075
279.7867016525339
281.9550572494102
284.1642519152516
286.3796751121539
288.6019875475851
290.8295012745719
293.0416771799378
295.221848072902
297.3561488384494
299.4320680860902
301.4489531004251
308.488440710578
310.6177531791722
312.8888567712876
315.195697042819
317.523760961828
319.8548826302316
322.188568141224
324.5385287656156
326.9088907357331
329.3008854693434
331.7128371046209
334.145218315262
336.587317341737
339.019363401183
341.4389026266679
343.8389258648178
346.2107669421585
348.5453360341204
350.838920860553
353.0897334397101
355.2920479564969
357.4550378257912
359.5865396689875
361.6779198196454
363.741907349105
365.7883827346689
367.8083248538986
369.8077370835147
371.7873341507846
373.7444308348788
375.6708650177586
377.5573878447133
379.391875890507
381.1649241919444
382.8549063662887
384.4579835446068
385.9895854114134
387.4455493733025
388.8163083603366
390.1005271418639
391.2809613290502
392.3791250111361
393.4689851275907
394.6535410581954
396.2855712973498
399.1876444233288
405.4760051906359
413.9595913724194
155.3262329889978
152.39974457777362
149.69212676281222
147.0762414224332
144.55540856093603
142.1590029679204
139.85500328604473
137.62029251551948
135.4399173147469
133.3025910854466
131.188796137964
129.09305189455577
126.95433748534984
123.51844097702363
121.5192096897537
119.7344752377791
118.01696381050078
116.30923808551151
114.58963794247518
112.8475054223579
111.0660776897316
109.24821737415158
107.40033998334789
105.5290614516841
103.6381531707766
101.73081914389189
99.82888585886752
97.9356891759407
96.05845533143591
94.20139964821522
92.37201090544369
90.57761186540426
88.82624497220593
87.12585854965988
85.4702230886464
83.84969781150411
82.27320435858522
80.73192750196242
79.20737534638099
77.69983549081311
76.1990790642609
74.69271162164517
73.1938526652857
71.7237063677646
70.30983008583502
68.9782858970031
67.77509110352725
66.76788540166399
66.0216118820777
65.58367523212831
65.57400916045867
65.90834587780745
66.24809691062654
66.58018972762261
66.8916003326703
67.16081470147384
67.38380853548273
67.545960324796
67.65199770404132
67.72512552176511
67.7839003137342
98.55261059510701
102.9676644286121
107.2417522326287
111.4807627317797
115.660497740135
119.7165205400788
123.682011609609
127.5787115743183
131.4009442669919
135.1433229124083
138.8115483019683
142.3986833709259
145.9653169628301
150.9613903815957
154.5595902570864
158.0751754947826
161.547997108944
165.0227047951171
168.5038338637898
172.0026527597378
175.5506446536991
179.1496271368773
182.7947892301472
186.4781172259533
190.1965624010922
193.9363357758736
197.6559190633705
201.349737595607
205.0037085476895
208.6050765713365
212.1373762384107
215.5896995854116
218.952344115477
222.2117192139583
225.3833344068017
228.4847442969262
231.4984094039422
234.445940301503
237.3557617901764
240.218567498839
243.0506175417188
245.8650392918654
248.6460553040099
251.3643334979282
253.9831062380518
256.464249648702
258.7525046288168
260.7587032151129
262.4142360129249
263.6873590378599
264.4541164668007
264.7893923762829
265.0308503498235
265.1750257428113
265.2576241617865
265.3876502917254
265.6797723027191
266.5625667965037
268.9708574312245
275.0992011374759
282.9067471542441
253.8788435841048
255.3674090063857
256.9338789954409
258.5570041542129
260.215906301071
261.8755235079992
263.5370148956537
265.1990040898378
266.8408615817388
268.4459139978549
270.0003444399323
271.4917352654817
272.9196544481799
274.4798313586193
276.0787999468401
277.8096507325617
279.5649609194448
281.3319428806286
283.093471806265
284.8501581820957
286.6167223434307
288.3978445110289
290.1951292134951
292.0071786776374
293.8347155718688
295.6671549197655
297.484804922238
299.2854267715477
301.0621638791254
302.8064762195517
304.5093871438544
306.1673114508159
307.7785890876829
309.3375777636182
310.8535574954481
312.3344421084303
313.7716137625274
315.1778678034654
316.5631371365574
317.9184029896521
319.2496966059797
320.5577509135106
321.8399079692956
323.0880398656928
324.2929363238868
325.4425355457051
326.527595732344
327.5265886167769
328.4358478950026
329.2710342699882
330.0281256272594
330.6977382540903
331.27894726045
331.7552154704339
332.1492244944568
332.5484649931992
333.0635808382018
334.1085271212997
336.6228551352658
342.824326659241
350.6906474679783
-1.4818969775913615
-1.3710065559393403
-1.3245228284720343
-1.2763640316092895
-1.2133370010386435
-1.166529550161877
-1.1314321127329223
-1.103915621647982
-1.082121485697889
-1.070218136115491
-1.0610948358971803
-1.0828808973661923
-1.73990741919182
-1.012173455056435
-0.9034813568515005
-0.8694227548098076
-0.864462244755905
-0.8704787882766976
-0.8818937703885038
-0.9017950458200857
-0.920244812109715
-0.9354443877544806
-0.9472932029857013
-0.9572314457544467
-0.9655501090863469
-0.9628191391304152
-0.9583991491602758
-0.9503209927652252
-0.9401103384767006
-0.9261092037831857
-0.9083999700143676
-0.8866174815814574
-0.8608106783172726
-0.8381563943945598
-0.8203829915811304
-0.7980931996529279
-0.7802645686022395
-0.7717995809781596
-0.7631917782793558
-0.7597633445464356
-0.7626129019983274
-0.7588178124784227
-0.7442846421418666
-0.715795622664904
-0.6741090712805844
-0.6091160667705565
-0.5098680049804546
-0.377725139671377
-0.22156515379667313
-0.004655788336107192
0.1695659875475212
0.1722804564340092
0.16836797532527842
0.15786558311908008
0.1364933613063808
0.1131178257451178
0.08246743282579033
0.05451011294378216
0.03901112930281103
0.032269496363888095
0.0
-2.236380608532584
-2.164976338800336
-2.147208445732821
-2.117183317348075
-2.054518717013888
-2.008661199984982
-1.973816077215757
-1.936095775395811
-1.895646881784733
-1.85808564024376
-1.81701053054546
-1.806625808760085
-2.530687537203144
-1.82261524561829
-1.780768015457068
-1.759106730673208
-1.760062092721431
-1.763314749618329
-1.772275271546018
-1.797183130740338
-1.82301166403632
-1.846403266588288
-1.865735643396714
-1.883523734289418
-1.894327220247667
-1.884100228371586
-1.87104947039206
-1.850865264510519
-1.824220024488175
-1.789234463920313
-1.748723634811889
-1.70329814856552
-1.650988536280356
-1.606535046339661
-1.570973582417028
-1.52652775257129
-1.493028441087542
-1.473927294425394
-1.450112142294455
-1.434533311966886
-1.425603959456847
-1.408682774008452
-1.37690385456745
-1.326500829892837
-1.256786716496599
-1.159081917885495
-1.01621039843496
-0.8385857988230018
-0.6448817506219839
-0.3883897026392425
-0.1698290826680334
-0.1223069865431476
-0.0730299256282189
-0.041839014756677
-0.0658628244555793
-0.1479701098441782
-0.4471665718403582
-1.219884213942794
-3.104222404509728
-3.954797647000417
0.0
0.7544836309412225
0.7939697828609956
0.8226856172607866
0.8408192857387856
0.8411817159752445
0.8421316498231047
0.8423839644828345
0.832180153747829
0.8135253960868442
0.787867504128269
0.7559156946482797
0.7237449113938927
0.7907801180113242
0.8104417905618551
0.8772866586055674
0.8896839758634004
0.8955998479655259
0.8928359613416315
0.8903815011575141
0.8953880849202523
0.9027668519266051
0.9109588788338073
0.9184424404110128
0.9262922885349713
0.9287771111613202
0.9212810892411708
0.9126503212317841
0.9005442717452938
0.8841096860114744
0.8631252601371273
0.8403236647975215
0.8166806669840627
0.7901778579630834
0.7683786519451012
0.7505905908358975
0.728434552918362
0.7127638724853026
0.7021277134472345
0.6869203640150991
0.6747699674204504
0.6629910574585196
0.6498649615300293
0.6326192124255833
0.6107052072279329
0.5826776452160145
0.5499658511149385
0.5063423934545054
0.4608606591516248
0.4233165968253108
0.3837339143031353
0.3393950702155546
0.2945874429771568
0.2413979009534973
0.1997045978757571
0.2023561857619601
0.261087935589296
0.5296340046661485
1.274394326886576
3.143233533812539
3.987067143364305
0.0
1.0
1.0
1.0
1.0
1.0
1.0
1.0
1.0
1.0
1.0
1.0
1.0
1.0
1.0
1.0
1.0
1.0
1.0
1.0
1.0
1.0
1.0
1.0
1.0
1.0
1.0
1.0
1.0
1.0
1.0
1.0
1.0
1.0
1.0
1.0
1.0
1.0
1.0
1.0
1.0
1.0
1.0
1.0
1.0
1.0
1.0
1.0
1.0
1.0
1.0
0.0
0.0
0.0
0.0
0.0
0.0
0.0
0.0
0.0
0.0
0.0
1.0
1.0
1.0
1.0
1.0
1.0
1.0
1.0
1.0
1.0
1.0
1.0
1.0
1.0
1.0
1.0
0.920954420531807
0.920954420531807
0.920954420531807
0.920954420531807
0.920954420531807
0.920954420531807
0.920954420531807
0.920954420531807
0.920954420531807
0.920954420531807
0.920954420531807
0.920954420531807
0.920954420531807
0.920954420531807
0.920954420531807
0.920954420531807
0.920954420531807
0.920954420531807
0.920954420531807
0.920954420531807
0.920954420531807
0.920954420531807
0.920954420531807
0.920954420531807
0.920954420531807
0.920954420531807
0.920954420531807
0.920954420531807
0.920954420531807
1.0
1.0
1.0
1.0
1.0
1.0
1.0
1.0
1.0
1.0
1.0
1.0
1.0
1.0
1.0
1.0
1.0
1.0
1.0
1.0
1.0
1.0
1.0
1.0
1.0
1.0
1.0
1.0
1.0
0.013509746998944071
0.013444427003376915
0.013148203700812378
0.012653239685037213
0.011908116080605961
0.01120541825463771
0.010527372214557794
0.00976461195115304
0.008976201973787694
0.008187675652115874
0.007407420265614674
0.006693527848844891
0.006043839664092292
0.0054749238287096
0.004976571019693886
0.004539260526423126
0.004179285885967816
0.003839009174134836
0.0035282858989460868
0.003259359078799674
0.0030036618374023323
0.0027580445037307536
0.002520133161439689
0.002295950854485849
0.002073389200689363
0.00184797563832279
0.001640153010990784
0.001448896983805064
0.0012734384513595131
0.0011134098336775759
0.0009717255949082683
0.000846857876100244
0.0007335930881105219
0.000639105804453482
0.0005594920274137295
0.0004863773348240014
0.0004266284226435986
0.00037566386216960794
0.0003274869238422687
0.0002857418429408953
0.0002479005358826927
0.0002118990590428
0.00017714611483322392
0.00014512381191584278
0.00011665769576123898
9.13074211351762e-05
6.97636036894693e-05
5.2242541443775075e-05
3.8614450861502145e-05
2.7559392730230814e-05
1.9674007455836782e-05
1.571914474484733e-05
1.4315547471388666e-05
1.4482372904793356e-05
1.3059099924950101e-05
1.1463436969207436e-05
1.0462985912696802e-05
1.2046687407651827e-05
7.205250416024849e-06
2.435167308950938e-07
0.0004
0.0004
0.0004
0.0004
0.0004
0.0004
0.0004
0.0004
0.0004
0.0004
0.0004
0.0004
0.0004
0.0004
0.0004
0.0004
0.0004
0.0004
0.0004
0.0004
0.0004
0.0004
0.0004
0.0004
0.0004
0.0004
0.0004
0.0004
0.0004
0.0004
0.0004
0.0004
0.0004
0.0004
0.0004
0.0004
0.0004
0.0004
0.0004
0.0004
0.0004
0.0004
0.0004
0.0004
0.0004
0.0004
0.0004
0.0004
0.0004
0.0004
0.0004
0.0004
0.0004
0.0004
0.0004
0.0004
0.0004
0.0004
0.0004
0.0004
8.60451419224123e-09
1.578021977514803e-08
2.1892415260555535e-08
2.6925828092092847e-08
2.971401735545372e-08
3.191536891169426e-08
3.3615820560817765e-08
3.4746051764151937e-08
3.5661340336177934e-08
3.6398811651530586e-08
3.6864029565337865e-08
3.7202242046694526e-08
3.743385508154835e-08
3.7482031518220545e-08
3.74258526023047e-08
3.730742951458454e-08
3.7124070818281054e-08
3.694071212197757e-08
3.678655663276213e-08
3.670665185093012e-08
3.662674706909812e-08
3.66023509716688e-08
3.6690996875910616e-08
3.6779642780152424e-08
3.6903178538193995e-08
3.7084523814632495e-08
3.726586909107099e-08
3.747683636083778e-08
3.7728139961945275e-08
3.797944356305276e-08
3.8298642947284706e-08
3.8694261202309925e-08
3.9089879457335157e-08
3.957872216284235e-08
4.015447818582019e-08
4.073023420879802e-08
4.1342697689445876e-08
4.198347277308391e-08
4.262424785672194e-08
4.3230986919605434e-08
4.381611227372829e-08
4.440123762785115e-08
4.5133689117812545e-08
4.594249047452311e-08
4.6751291831233675e-08
4.796747172172955e-08
4.949951687407961e-08
5.152241095280844e-08
5.3986620437539895e-08
5.680107822856821e-08
6.015331959489829e-08
6.559586769304933e-08
7.569057461390363e-08
9.442662951156912e-08
2.539995051245074e-07
4.925296956825388e-07
1.3900175836980765e-06
3.720822161311321e-06
7.931814761427643e-06
2.7860567514510038e-06
0.0
0.0
0.0
0.0
0.0
0.0
0.0
0.0
0.0
0.0
0.0
0.0
0.0
0.0
0.0
0.0
0.0
0.0
0.0
0.0
0.0
0.0
0.0
0.0
0.0
0.0
0.0
0.0
0.0
0.0
0.0
0.0
0.0
0.0
0.0
0.0
0.0
0.0
0.0
0.0
0.0
0.0
0.0
0.0
0.0
0.0
0.0
0.0
0.0
0.0
0.0
0.0
0.0
0.0
0.0
0.0
0.0
0.0
0.0
0.0
0.0
0.0
0.0
0.0
0.0
0.0
0.0
0.0
0.0
0.0
0.0
0.0
0.0
0.0
0.0
0.0
0.0
0.0
0.0
0.0
0.0
0.0
0.0
0.0
0.0
0.0
0.0
0.0
0.0
0.0
0.0
0.0
0.0
0.0
0.0
0.0
0.0
0.0
0.0
0.0
0.0
0.0
0.0
0.0
0.0
0.0
0.0
0.0
0.0
0.0
0.0
0.0
0.0
0.0
0.0
0.0
0.0
0.0
0.0
0.0
0.0
0.0
0.0
0.0
0.0
0.0
0.0
0.0
0.0
0.0
0.0
0.0
0.0
0.0
0.0
0.0
0.0
0.0
0.0
0.0
0.0
0.0
0.0
0.0
0.0
0.0
0.0
0.0
0.0
0.0
0.0
0.0
0.0
0.0
0.0
0.0
0.0
0.0
0.0
0.0
0.0
0.0
0.0
0.0
0.0
0.0
0.0
0.0
0.0
0.0
0.0
0.0
0.0
0.0
0.0
0.0
0.0
0.0
0.0
0.0
0.0
0.0
0.0
0.0
0.0
0.0
0.0
0.0
0.0
0.0
0.0
0.0
0.0
0.0
0.0
0.0
0.0
0.0
0.0
0.0
0.0
0.0
0.0
0.0
0.0
0.0
0.0
0.0
0.0
0.0
0.0
0.0
0.0
0.0
0.0
0.0
0.0
0.0
0.0
0.0
0.0
0.0
0.0
0.0
0.0
0.0
0.0
0.0
0.0
0.0
0.0
0.0
0.0
0.0
0.0
0.0
0.0
0.0
0.0
0.0
0.0
0.0
0.0
0.0
0.0
0.0
0.0
0.0
0.0
0.0
0.0
0.0
0.0
0.0
0.0
0.0
0.0
0.0
0.0
0.0
0.0
0.0
0.0
0.0
0.0
0.0
0.0
0.0
0.0
0.0
0.0
0.0
0.0
0.0
0.0
0.0
0.0
0.0
0.0
0.0
0.0
0.0
0.0
0.0
0.0
0.0
0.0
0.0
0.0
0.0
0.0
0.0
0.0
0.0
0.0
0.0
0.0
0.0
0.0
0.0
2
2
1
295.0
67.7839003137342
0.0
0.0
49.0
6.7
1.0
2.0
3.0
4.0
5.0
6.0
7.0
8.0
9.0
10.0
11.0
12.0
13.0
14.0
15.0
16.0
17.0
18.0
19.0
20.0
21.0
22.0
23.0
24.0
25.0
26.0
27.0
28.0
29.0
30.0
31.0
32.0
33.0
34.0
35.0
36.0
37.0
38.0
39.0
40.0
41.0
42.0
43.0
44.0
45.0
46.0
47.0
48.0
49.0
50.0
51.0
52.0
53.0
54.0
55.0
56.0
57.0
58.0
59.0
60.0
0.0
0.0
0.0
0.0
0.0
0.0
0.0
0.0
0.0
0.0
0.0
0.0
0.99
0.0
0.0
0.0
0.0
0.0
0.0
0.0
0.0
0.0
0.0
0.0
0.0
0.0
0.0
0.0
0.0
0.0
0.0
0.0
0.0
0.0
0.0
0.0
0.0
0.0
0.0
0.0
0.0
0.0
0.0
0.0
0.0
0.0
0.0
0.0
0.0
0.0
0.0
0.0
0.0
0.0
0.0
0.0
0.0
0.0
0.0
0.0
0.0
0.0
0.0
0.0
0.0
0.0
0.0
0.0
0.0
0.0
0.0
0.0
0.15
0.0
0.0
0.0
0.0
0.0
0.0
0.0
0.0
0.0
0.0
0.0
0.0
0.0
0.0
0.0
0.0
0.0
0.0
0.0
0.0
0.0
0.0
0.0
0.0
0.0
0.0
0.0
0.0
0.0
0.0
0.0
0.0
0.0
0.0
0.0
0.0
0.0
0.0
0.0
0.0
0.0
0.0
0.0
0.0
0.0
0.0
0.0
0.0
0.0
0.0
0.0
0.0
0.0
0.0
0.0
0.0
0.0
0.0
0.0
0.01
0.0
0.0
0.0
0.0
0.0
0.0
0.0
0.0
0.0
0.0
0.0
0.0
0.0
0.0
0.0
0.0
0.0
0.0
0.0
0.0
0.0
0.0
0.0
0.0
0.0
0.0
0.0
0.0
0.0
0.0
0.0
0.0
0.0
0.0
0.0
0.0
0.0
0.0
0.0
0.0
0.0
0.0
0.0
0.0
0.0
0.0
0.0
0.0
