9.81
6.022e+23
0
0
0
3
0
1
289.1763026564547
2
2
0
0
1
1
0
1
60
7
1000.0
1.0


3
3
0
72.38857731909356
0
5.852576517948106
150.0
350.0
287.04
9.81
79000.0
40.0
20000.0
0.0
0.0
0.0
0.0
0.0280134
0.04401
0.0319988
0.039948
0.01604
0.01801528
0.048
99000.0
2.1153802199668344e+29
0.8
1e-06
1000000.0
0.6
3.0
0.0001
400
43
1.240761462360711
0
1
6
1.0
1
0
1
1
0.02
1000000000000.0
1
288.7253358331407
287.9529090747184
287.1194778459733
286.2570153488237
285.3734994345584
284.4718663377054
283.5535550018058
282.61954052984265
281.66965980116066
280.7039276661244
279.7232493419302
278.7266989999071
277.7146758723509
276.684749440999
275.6359129825703
274.5682782708126
273.47967564806834
272.3710930301873
271.24048128400966
270.0854921355876
268.906601230752
267.70089152732174
266.4600135549842
265.0273893270826
263.8972920928187
262.5841882799778
261.2313046824223
259.8429347033601
258.4161946324689
256.9521146420078
255.4453016001724
253.8933991290724
252.29602264065934
250.64740262856247
248.94293806414387
247.1861462697433
245.36470721516122
243.47417275541613
241.52090604049476
239.48879084064404
237.3701685667719
235.167841873014
232.85820072283815
230.43698499317162
227.91889119774828
225.26563378634296
222.48133278729256
219.52825164361127
219.0885015785167
219.71148461590258
220.7072714255921
221.88520446944773
223.14786083890286
224.45930200959498
226.13048322947375
227.600708529896
229.4448043110508
232.0286796263744
236.63579150755214
242.54758842597823
991.675
975.0250000000001
958.375
941.7249999999999
925.075
908.425
891.7750000000001
875.125
858.4749999999999
841.825
825.175
808.5250000000001
791.875
775.225
758.575
741.925
725.2750000000001
708.625
691.975
675.325
658.675
642.0250000000001
625.375
608.725
592.075
575.425
558.7750000000001
542.125
525.4750000000001
508.82500000000005
492.17500000000007
475.52500000000003
458.87500000000006
442.2250000000001
425.57500000000005
408.925
392.27500000000003
375.62500000000006
358.9750000000001
342.32500000000005
325.675
309.02500000000003
292.37500000000006
275.7250000000001
259.0750000000001
242.42500000000007
225.77500000000003
209.12500000000006
192.47500000000008
175.8250000000001
159.17500000000007
142.52500000000003
125.87500000000006
109.22500000000008
92.5750000000001
75.92500000000013
59.27500000000009
42.62500000000006
25.97500000000008
9.325000000000045
71.9389309371529
216.85476671469684
363.8757494433515
513.0639389694202
664.4876694730106
818.2202581559543
974.3398215000766
1132.9292111640252
1294.076111824755
1457.8737288399143
1624.420958686409
1793.8227190232187
1966.1899766586466
2141.63984222253
2320.2969398504565
2502.2936893424726
2687.771368542213
2876.88093078089
3069.7827945089684
3266.6487535714555
3467.6628572487175
3673.0193130504767
3882.8621493216106
4097.488012230405
4317.2170036334755
4542.254089818574
4772.887295401388
5009.43222548116
5252.234157343815
5501.670678251728
5758.15452146869
6022.1411866264225
6294.133354682485
6574.685842285189
6864.419423647867
7164.026869220121
7474.280686638711
7796.060034852836
8130.3624656968805
8478.317827421417
8841.23069836383
9220.60551996425
9618.188624786013
10036.063748066561
10476.706792456846
10943.090099284967
11438.832904030896
11971.809568818935
12553.467716190284
13195.607538102766
13912.579300582101
14723.623994343943
15656.022873626296
16751.59933067044
18076.80056958256
19749.886155076885
22018.730684696096
25563.794853134343
34118.699800660084
56560.69457252452
3.521179111399233e+23
3.521179111399233e+23
3.521179111399257e+23
3.521179111399233e+23
3.521179111399233e+23
3.521179111399233e+23
3.521179111399233e+23
3.521179111399257e+23
3.521179111399233e+23
3.521179111399233e+23
3.521179111399233e+23
3.521179111399233e+23
3.521179111399257e+23
3.5211791113992086e+23
3.521179111399257e+23
3.521179111399233e+23
3.521179111399233e+23
3.521179111399257e+23
3.5211791113992086e+23
3.521179111399257e+23
3.521179111399233e+23
3.521179111399233e+23
3.521179111399257e+23
3.5211791113992086e+23
3.521179111399257e+23
3.521179111399233e+23
3.521179111399233e+23
3.521179111399233e+23
3.521179111399233e+23
3.521179111399244e+23
3.521179111399244e+23
3.521179111399233e+23
3.521179111399233e+23
3.521179111399233e+23
3.521179111399257e+23
3.521179111399233e+23
3.521179111399233e+23
3.521179111399233e+23
3.521179111399233e+23
3.521179111399257e+23
3.521179111399233e+23
3.521179111399233e+23
3.521179111399233e+23
3.521179111399233e+23
3.521179111399233e+23
3.521179111399257e+23
3.521179111399233e+23
3.521179111399233e+23
3.521179111399233e+23
3.521179111399233e+23
3.521179111399257e+23
3.521179111399233e+23
3.521179111399233e+23
3.521179111399233e+23
3.521179111399233e+23
3.521179111399233e+23
3.521179111399257e+23
3.521179111399233e+23
3.521179111399233e+23
3.521179111399257e+23
-1.8754601277642726
-1.5603573159527067
-1.4478851549616503
-1.403378669943622
-1.3922146173166312
-1.4000964116967756
-1.419279874187098
-1.4437238058228041
-1.4718364947531155
-1.501340964430213
-1.5261133556342703
-1.5473866605870745
-1.5608379093603866
-1.5737068417450968
-1.587165261405937
-1.5975097778977971
-1.610368800114461
-1.6177064888093688
-1.6246840455601852
-1.6363802200366733
-1.646530124848333
-1.6625353886433178
-1.7156367013703309
-2.4503573922072728
-1.8014835409584689
-1.785070590242016
-1.7979043244871977
-1.8144959831334224
-1.8382908962994415
-1.8559078801300668
-1.8797220955604628
-1.9084409534360705
-1.9314255576734258
-1.959171893538619
-1.995674578607861
-2.0095641696089115
-2.0330463794993903
-2.0634212709011868
-2.0498985552049085
-2.031868909160104
-2.009580129831418
-1.934671956114545
-1.8629555623315144
-1.761207774204562
-1.5081420805808983
-1.1906057483974233
-0.7033113825910078
-0.011534083109170206
0.0012774616966960313
0.003213116311261628
0.0051377929685959625
0.00684814513700774
0.008420880103788771
0.00949064818193753
0.01044432398605942
0.01103349634138818
0.011309210766242726
0.011531290119786762
0.010511198821666033
0.010636190043258319
-1.8756701885160965
-1.5605476286332163
-1.448071955305494
-1.4036428539257884
-1.3923878056431818
-1.4002986282375218
-1.419482696284092
-1.4438627653815956
-1.4719817081738142
-1.501507101701577
-1.5262617277213337
-1.54754341229048
-1.5609870497495137
-1.5738566993519782
-1.5873068346011223
-1.5976462722079816
-1.6104644932108272
-1.6179718709860822
-1.6247899123326022
-1.6365081776141892
-1.6466631021679063
-1.662665717003705
-1.7157619674131865
-2.4504810217962927
-1.8016123670635977
-1.785196242134731
-1.798034449156603
-1.814567131069282
-1.8383863113633936
-1.8560053626485171
-1.879818456665589
-1.9085374305406901
-1.9315171454028928
-1.9592570891005323
-1.9957861456082924
-2.0095866374637694
-2.033121361644106
-2.0634882229824427
-2.0498989005217823
-2.031912572205897
-2.009626825969576
-1.934725389862507
-1.8629420225846332
-1.7612468835077664
-1.5081494037733023
-1.1906029395054247
-0.7032884113753539
-0.011454148020902721
0.0012470547074485694
0.003160191598738038
0.00505727078819973
0.006749346446895288
0.008291287771271527
0.009358207322918588
0.010292245448908943
0.010838390982883084
0.011115936571627572
0.011203961070293644
0.010255639656577387
0.010167203828700622
0.000220480043010222
0.0002168090502941018
0.0002131380575779816
0.00020946706486186137
0.00020579607214574118
0.000202125079429621
0.0001984540867135008
0.00019478309399738062
0.0001911121012812604
0.00018744110856514022
0.00018377011584902
0.00018009912313289984
0.00017642813041677963
0.00017275713770065944
0.00016908614498453928
0.00016541515226841904
0.00016174415955229888
0.0001580731668361787
0.00015440217412005842
0.00015073118140393826
0.00014706018868781807
0.00014338919597169786
0.0001397182032555777
0.00013604721053945748
0.00013237621782333727
0.00012870522510721708
0.0001250342323910969
0.0001213632396749767
0.0001176922469588565
0.00011402125424273633
0.00011035026152661612
0.00010667926881049592
0.00010300827609437573
9.933728337825553e-05
9.566629066213533e-05
9.199529794601513e-05
8.832430522989492e-05
8.465331251377475e-05
8.098231979765455e-05
7.731132708153436e-05
7.364033436541415e-05
6.996934164929395e-05
6.629834893317376e-05
6.262735621705357e-05
5.8956363500933376e-05
5.5285370784813196e-05
5.1614378068692974e-05
4.794338535257278e-05
4.4272392636452586e-05
4.0601399920332405e-05
3.693040720421221e-05
3.325941448809199e-05
2.9588421771971798e-05
2.5917429055851607e-05
2.2246436339731416e-05
1.8575443623611225e-05
1.4904450907491034e-05
1.123345819137082e-05
7.562465475250628e-06
3.891472759130438e-06
-16.649999999999977
-16.649999999999977
-16.65000000000009
-16.649999999999977
-16.649999999999977
-16.649999999999977
-16.649999999999977
-16.65000000000009
-16.649999999999977
-16.649999999999977
-16.649999999999977
-16.649999999999977
-16.65000000000009
-16.649999999999864
-16.65000000000009
-16.649999999999977
-16.649999999999977
-16.65000000000009
-16.649999999999864
-16.65000000000009
-16.649999999999977
-16.649999999999977
-16.65000000000009
-16.649999999999864
-16.65000000000009
-16.649999999999977
-16.649999999999977
-16.649999999999977
-16.649999999999977
-16.650000000000034
-16.650000000000034
-16.649999999999977
-16.649999999999977
-16.649999999999977
-16.65000000000009
-16.649999999999977
-16.649999999999977
-16.649999999999977
-16.649999999999977
-16.65000000000009
-16.649999999999977
-16.649999999999977
-16.649999999999977
-16.649999999999977
-16.649999999999977
-16.65000000000009
-16.649999999999977
-16.649999999999977
-16.649999999999977
-16.649999999999977
-16.65000000000009
-16.649999999999977
-16.649999999999977
-16.649999999999977
-16.649999999999977
-16.649999999999977
-16.65000000000009
-16.649999999999977
-16.649999999999977
-16.65000000000009
289.1758956163753
288.33383942051717
287.47963358127436
286.6129363181904
285.7333629917234
284.8404983793796
283.9338995145851
283.0130949985394
282.07758643869926
281.1268458650452
280.1603102646217
279.1773850519874
278.17743673532914
277.15979992298696
276.1237692087765
275.06859125430304
273.99346940393673
272.8975466345272
271.7799130373817
270.6396007986804
269.4755668589968
268.2866999527646
267.07183811692795
265.83045744072444
264.5596095461192
263.2584959699284
261.9255160135705
260.55889900342225
259.1567214071214
257.7168652335587
256.23702875715276
254.7146825974693
253.14702444204562
251.5309726458079
249.8631146400546
248.13959673631945
246.35616363893743
244.50802832346386
242.58968712430018
240.59496721016222
238.51681636565385
236.34701651708482
234.0761760208551
231.69324543065935
229.1848837529623
226.5925685224465
223.87378277003745
221.00508155309413
219.3083631749845
219.3994537524036
220.20838185269116
221.2948115101155
222.5147186066256
223.8014548603806
225.29252656075266
226.86305288142736
228.5201153407025
230.73405783698212
234.32965563456474
239.58923543013427
245.50105445476808
1000.0
983.35
966.7
950.05
933.4
916.75
900.1
883.45
866.8
850.15
833.5
816.85
800.2
783.55
766.9000000000001
750.25
733.6
716.95
700.3
683.6500000000001
667.0
650.35
633.7
617.05
600.4000000000001
583.75
567.1
550.45
533.8000000000001
517.1500000000001
500.50000000000006
483.85
467.20000000000005
450.55000000000007
433.9000000000001
417.25
400.6
383.95000000000005
367.30000000000007
350.6500000000001
334.0
317.35
300.70000000000005
284.05000000000007
267.4000000000001
250.7500000000001
234.10000000000002
217.45000000000005
200.80000000000007
184.1500000000001
167.5000000000001
150.85000000000002
134.20000000000005
117.55000000000007
100.90000000000009
84.25000000000011
67.60000000000014
50.950000000000045
34.30000000000007
17.65000000000009
1.0
0.0
143.8778618743058
289.83167155508784
437.9198273316151
588.2080506072252
740.767288338796
895.6732279731126
1053.0064150270405
1212.85200730101
1375.3002163484998
1540.447241331329
1708.3946760414892
1879.2507620049482
2053.129191312345
2230.150493132716
2410.443386568197
2594.143992116748
2781.398744967679
2972.3631165941015
3167.202472423835
3366.095034719076
3569.230679778359
3776.8079463225945
3988.9163523206266
4206.0596721401835
4428.374335126768
4656.133844510382
4889.640746292393
5129.2237046699265
5375.244610017703
5628.096746485752
5888.212296451629
6156.070076801217
6432.196632563754
6717.175052006623
7011.6637952891115
7316.389943151129
7632.171430126294
7959.948639579378
8300.776291814382
8655.859363028452
9026.602033699206
9414.609006229297
9821.76824334273
10250.359252790391
10703.0543321233
11183.125866446635
11694.53994161516
12249.079196022712
12857.856236357857
13533.358839847677
14291.799761316526
15155.448227371358
16156.597519881234
17346.601141459647
18806.999997705472
20692.7723124483
23344.68905694389
27782.900649324798
40454.498951995374
53126.097254666034
493.6725300313897
492.4357815768069
490.7728089803873
488.9132802845823
486.9370297989669
484.8919491511345
482.79867893140215
480.6739177540239
478.53604885394384
476.393073451754
474.2489532204653
472.1124293124387
469.98692470831287
467.87385552741597
465.7670823205175
463.6685144209577
461.58096305756106
459.499280683419
457.4319463139392
455.3759383272362
453.3274945439335
451.2947689178005
449.2795446370255
447.2760951245561
447.10227550878665
445.188945192428
443.2584477357803
441.3474796703945
439.4628651760195
437.6052662240238
435.7827810964147
433.99501397919886
432.2398582917825
430.5278788162481
428.8558075400645
427.2202345846456
425.63635038516645
424.1068678295791
422.62397687002147
421.2059001292808
419.83413040076346
418.5049622055746
417.2417557785181
416.01451157267195
414.8232569496582
413.711907902388
412.6444178286734
411.6140126039302
410.75904652195175
410.4354822496685
410.4323216121944
410.59533228019
410.83548286871223
411.1037764424267
411.37735815879364
411.61781257190773
411.80936897127236
411.9845268310668
412.23672925082826
412.73964230200727
413.9695076610076
396.5152394820634
394.9839476851744
393.0081300426999
390.8194569788284
388.498911088744
386.0946022566685
383.628094063132
381.1168274472199
378.5796358938812
376.0251477670007
373.4578922776314
370.8872252807957
368.3173062756168
365.7502869156
363.1810583061283
360.6122473647656
358.0471982292282
355.4814281340225
352.9235507733079
350.370854189228
347.8199635088251
345.279075347677
342.7501157765067
340.2275865041316
336.9047341503597
334.4933208446358
332.0543288022373
329.6266096786817
327.2181960264245
324.8306252445896
322.4723469851597
320.1434062240809
317.8420759608919
315.5790792128019
313.3514618700173
311.1560804978714
309.0081703844833
306.9107714695241
304.8563650026351
302.8632115654976
300.9135111118375
299.004011031101
297.1581089047764
295.3470353123515
293.5714436927894
291.8752581152964
290.2234727876565
288.6097971084671
287.1729282139319
286.2692565252674
285.6884840708872
285.2779143825714
284.9533092416269
284.6708411799486
284.4159190696103
284.1732805719406
283.9350621145887
283.7673713116332
283.7983780329625
284.2420428879413
285.0170429643606
97.15729054932633
97.45183389163248
97.7646789376874
98.09382330575392
98.43811871022287
98.797346894466
99.1705848682702
99.55709030680394
99.95641296006264
100.3679256847533
100.7910609428339
101.225204031643
101.6696184326961
102.123568611816
102.5860240143892
103.0562670561921
103.5337648283329
104.0178525493965
104.5083955406313
105.0050841380082
105.5075310351084
106.0156935701235
106.5294288605188
107.0485086204245
110.197541358427
110.6956243477922
111.204118933543
111.7208699917128
112.244669149595
112.7746409794342
113.310434111255
113.851607755118
114.3977823308906
114.9487996034462
115.5043456700472
116.0641540867742
116.6281800006831
117.196096360055
117.7676118673864
118.3426885637832
118.9206192889259
119.5009511744736
120.0836468737417
120.6674762603204
121.2518132568688
121.8366497870916
122.4209450410169
123.0042154954631
123.5861183080198
124.1662257244011
124.7438375413072
125.3174178976186
125.8821736270853
126.4329352624781
126.9614390891833
127.4445319999671
127.8743068566837
128.2171555194336
128.4383512178658
128.497599414066
128.952464696647
573.579989467832
570.467570824733
567.2440505996803
563.9364499485698
560.5565566090286
557.1190881555528
553.6255193075832
550.0812754339206
546.4995437684593
542.8845866580955
539.2389593251053
535.5761736893573
531.9031256729411
528.2290694422946
524.548439536044
520.8625648018832
517.1773671662786
513.4852202989258
509.79991405846
506.1191161594242
502.43416419850735
498.75477547020637
495.0768854724277
491.3576739925451
488.73337335497934
485.0184306715571
481.3027369727747
477.5937344582324
473.894552832788
470.19856756942886
466.5200770791712
462.85249150529
459.1887983873328
455.5453017663955
451.9139734011114
448.2826143000843
444.6891434631412
441.12653954590974
437.58016036336977
434.11218472210714
430.70850242138397
427.3697074002256
424.17177558330656
421.0815893548758
418.1290878483543
415.50958939731083
413.2514963840909
411.51780274797204
410.6513825179728
410.32906530039713
410.3290648545217
410.4971327933053
410.7440327282747
411.02061758976043
411.3035575134502
411.5543041720132
411.7566989623609
411.9429727587268
412.2063791395585
412.71954783039416
413.9595803932231
274.6344808862736
269.82505801362
264.8678836674197
259.7940218227683
254.6197489559757
249.3694150366317
244.0479000054901
238.6642982163906
233.2379160259419
227.7770512535067
222.2884299538322
216.7895183047411
211.2890734918792
205.797593704597
200.3030385959381
194.8030011710048
189.3012181308172
183.7821500753584
178.2634767039449
172.7417655462861
167.2020158656982
161.6578590347524
156.1054653489885
150.4963006144974
143.1485571111122
137.5421519894161
131.9295444371181
126.3237308787214
120.7298028807547
115.138671111313
109.5757132556687
104.0355635294722
98.50987809865256
93.02737200670381
87.57986450604449
82.15322228765864
76.80187196544439
71.51321466488662
66.26649266921878
61.14397550691466
56.12015994773511
51.19613237832038
46.47986522802188
41.92572916000541
37.56939004954201
33.64090902415884
30.15179937748047
27.25943214723597
25.29782680530518
23.92095419620203
22.89236664513865
22.02834851686998
21.20421978091637
20.34055267672023
19.37001183172691
18.15282171342919
16.60987571579685
14.57971505073353
11.82613460058354
7.434045035617791
0.0
298.9455085815584
300.6425128111131
302.3761669322606
304.1424281258015
305.9368076530528
307.7496731189212
309.5776193020931
311.4169772175301
313.2616277425173
315.1075354045888
316.9505293712731
318.7866553846162
320.6140521810618
322.4314757376976
324.245400940106
326.0595636308784
327.8761490354614
329.7030702235674
331.5364373545151
333.3773506131381
335.2321483328092
337.096916435454
338.9714201234392
340.8613733780477
345.5848162438671
347.476278682141
349.3731925356566
351.270003579511
353.1647499520333
355.0598964581159
356.9443638235025
358.8169279758178
360.6789202886802
362.5179297596917
364.3341088950669
366.1293920124256
367.8872714976968
369.6133248810231
371.313667694151
372.9682092151925
374.5883424736489
376.1735750219052
377.6919103552847
379.1558601948704
380.5596977988123
381.868680373152
383.0996970066104
384.2583706007361
385.3535557126676
386.4081111041951
387.436698209383
388.4687842764353
389.5398129473583
390.6800649130402
391.9335456817233
393.401482458584
395.146823246564
397.3632577079933
400.380244538975
405.2855027947764
413.9595803932231
79.9074594364423
78.0317892479262
76.47124161929298
75.02316966398749
73.6195268100617
72.22713900441852
70.826840376181
69.4073576798969
67.96349491451531
66.4915132063415
64.99000610463992
63.463744376918584
61.9162009646281
60.35521391487859
58.78135721552661
57.19405038092549
55.59640410871751
53.98593961550668
52.3679677445206
50.743177832187996
49.10666965457381
47.4600065524059
45.797340835402196
44.08157886798901
41.631097846192716
39.82948547912912
38.04428923699439
36.246254787837785
34.4316876567685
32.59330134540511
30.737295982756592
28.857477526091003
26.948940095550313
25.01742295014742
23.058165861046888
21.062379715438595
19.052793077974826
17.01967171633072
14.956183493348277
12.906284592826495
10.874372020620598
8.864745194651022
6.930019804788515
5.0670777822038815
3.305830898696115
1.7976814949228128
0.6070785554173881
-0.09620985595796583
-0.10766400397886855
-0.10641694927141998
-0.10325675767268194
-0.09819948688448221
-0.09145014043758692
-0.0831588526663154
-0.07380064534339681
-0.06350839989448787
-0.05267000891160478
-0.04155407233997721
-0.030350111269683566
-0.02009447161310618
-0.009927267784405558
121.8807585957898
125.1588896715544
128.1402463752802
131.0254351560601
133.8791621327682
136.7251872200368
139.5801940576419
142.4525292308293
145.3417198679394
148.248096513494
151.1694623237992
154.0977069760546
157.0282327837376
159.952693211003
162.8780197101902
165.8092461937608
168.745980098411
171.6992780586641
174.6600740693631
177.6290886429419
180.617947643127
183.6212163129246
186.6446504275182
189.7312858896342
193.7561770392475
196.9511688552197
200.1247843651192
203.3028787999604
206.4883931456698
209.6919541332766
212.8966337294909
216.1078426946087
219.3321978622393
222.5517072060981
225.7715973639728
229.0028582102128
232.2062984190389
235.3975568046374
238.5898723334163
241.7192360585829
244.7933511641024
247.8078786527806
250.6782436767545
253.4213061523461
256.0020536432474
258.2343490911376
260.0716734101761
261.3503649612311
261.8751014086267
262.3483023290654
262.7961174257485
263.2495658657013
263.7490894607105
264.3302885032284
265.0459072378834
266.0204588585114
267.3251863987919
269.1876562608997
271.972243432379
276.8079978523235
285.0170429643606
201.7882180322321
203.1906789194806
204.6114879945732
206.0486048200476
207.4986889428299
208.9523262244553
210.4070344338229
211.8598869107262
213.3052147824547
214.7396097198355
216.1594684284391
217.5614513529732
218.9444337483657
220.3079071258816
221.6593769257168
223.0032965746863
224.3423842071285
225.6852176741708
227.0280418138837
228.3722664751299
229.7246172977008
231.0812228653305
232.4419912629204
233.8128647576232
235.3872748854402
236.7806543343488
238.1690736021136
239.5491335877982
240.9200808024383
242.2852554786817
243.6339297122475
244.9653202206997
246.2811379577896
247.5691301562455
248.8297632250197
250.0652379256514
251.2590914970137
252.4172285209681
253.5460558267646
254.6255206514094
255.667723184723
256.6726238474316
257.608263481543
258.48838393455
259.3078845419435
260.0320305860604
260.6787519655935
261.2541551052731
261.7674374046478
262.241885379794
262.6928606680758
263.1513663788168
263.6576393202729
264.2471296505621
264.97210659254
265.9569504586169
267.2725163898803
269.1461021885597
271.9418933211093
276.7879033807104
285.0071156965762
-0.949647799103359
-0.790021272818081
-0.7330431955213939
-0.7105341695910435
-0.7048319620336249
-0.7088387328340887
-0.7185567297530104
-0.7309084847907275
-0.7451551936610356
-0.7601154637177757
-0.772660232126463
-0.7834461902714919
-0.7902620623623334
-0.7967848059530224
-0.8036001718057122
-0.8088389963444933
-0.815330688229317
-0.8191334430286924
-0.8225865768902163
-0.8285197113814591
-0.8336621879992313
-0.841766755343758
-0.8686586714348686
-1.240755172397125
-0.9121377823128094
-0.9038240107130068
-0.9103296702624597
-0.9187069510254084
-0.9307740397084264
-0.9397039508971241
-0.9517716121010331
-0.9663237312982018
-0.9779726041494287
-0.9920325528211259
-1.0105437985050485
-1.0175474517557488
-1.0294799622465747
-1.044871156847024
-1.0380033606503138
-1.028904483307122
-1.017627811595867
-0.9797095845356032
-0.9433664056058173
-0.8918734781805344
-0.7637009512203621
-0.6028770449549125
-0.3560576827716231
-0.005638934911882887
0.0007823405606733891
0.0017439580562942925
0.002707286951959098
0.003579551723398078
0.0043870255302850825
0.004970482395944387
0.005526127720771934
0.005907792161352066
0.006225580805068631
0.006563019247737056
0.006733718276486833
0.007760099695110156
0.0
-1.66048910081981
-1.510162405887971
-1.461449958395949
-1.44551344409988
-1.441612165238692
-1.446161738820535
-1.454939152445784
-1.463477039884053
-1.472182359790185
-1.479774900821514
-1.483259277077549
-1.484414762821455
-1.481342433545165
-1.481781129543983
-1.484769679890889
-1.487559383067789
-1.495949661906015
-1.499747689121844
-1.503910681318007
-1.513962583859429
-1.521261590148431
-1.531476099734209
-1.563489813125328
-2.038749437241556
-1.618376131098701
-1.60754827753546
-1.60981701111478
-1.61357545787641
-1.622716719004871
-1.623283333749065
-1.626590689571279
-1.633249705176573
-1.630795124389004
-1.630988020130009
-1.63674767514775
-1.622655540289268
-1.616485016832386
-1.617020497168169
-1.585133186575828
-1.557147810567634
-1.526964579323426
-1.453941202327134
-1.389457968066566
-1.307239698952593
-1.130736439563139
-0.9306696211721776
-0.6477024056586993
-0.2657975326688407
-0.2396929691724256
-0.2268341533754862
-0.2296876405864168
-0.2530263329758764
-0.2943978301059134
-0.3624861488981204
-0.4936447954149162
-0.6608905532155473
-0.9434067263201552
-1.410491692265733
-2.449480305385982
-4.158171110804762
0.0
0.710841301716451
0.72014113306989
0.7284067628745552
0.7349792745088365
0.7367802032050671
0.7373230059864463
0.7363824226927735
0.7325685550933256
0.7270271661291495
0.7196594371037383
0.7105990449510861
0.7009685725499631
0.6910803711828316
0.6849963235909607
0.6811695080851767
0.6787203867232956
0.6806189736766981
0.6806142460931516
0.6813241044277907
0.68544287247797
0.6875994021491997
0.689709344390451
0.6948311416904595
0.7979942648444308
0.7062383487858916
0.7037242668224531
0.6994873408523203
0.6948685068510017
0.6919426792964446
0.683579382851941
0.6748190774702458
0.6669259738783713
0.6528225202395753
0.6389554673088832
0.6262038766427015
0.605108088533519
0.5870050545858114
0.572149340321145
0.5471298259255141
0.528243327260512
0.5093367677275591
0.4742316177915309
0.4460915624607486
0.4153662207720586
0.3670354883427769
0.3277925762172651
0.2916447228870762
0.2601585977569578
0.240475309733099
0.2285781114317805
0.2323949275383759
0.2566058846992745
0.2987848556361985
0.3674566312940648
0.4991709231356881
0.6667983453768994
0.9496323071252238
1.41705471151347
2.456214023662469
4.165931210499872
0.0
1.0
1.0
1.0
1.0
1.0
1.0
1.0
1.0
1.0
1.0
1.0
1.0
1.0
1.0
1.0
1.0
1.0
1.0
1.0
1.0
1.0
1.0
1.0
1.0
1.0
0.0
1.0
1.0
1.0
0.0
1.0
1.0
0.0
0.0
1.0
1.0
0.0
0.0
0.0
1.0
1.0
1.0
0.0
1.0
1.0
1.0
0.0
0.0
0.0
0.0
0.0
0.0
0.0
0.0
0.0
0.0
0.0
0.0
0.0
0.0
0.0
1.0
1.0
1.0
1.0
1.0
1.0
1.0
1.0
1.0
1.0
1.0
1.0
1.0
1.0
1.0
1.0
0.6747378209477735
0.6747378209477735
0.6747378209477735
0.6747378209477735
0.6747378209477735
0.6747378209477735
0.6747378209477735
0.6747378209477735
0.6747378209477735
0.6747378209477735
0.6747378209477735
0.6747378209477735
0.6747378209477735
0.6747378209477735
0.6747378209477735
0.6747378209477735
0.6747378209477735
0.6747378209477735
0.6747378209477735
0.6747378209477735
0.6747378209477735
0.6747378209477735
0.6747378209477735
0.6747378209477735
0.6747378209477735
0.6747378209477735
0.6747378209477735
0.6747378209477735
0.6747378209477735
1.0
1.0
1.0
1.0
1.0
1.0
1.0
1.0
1.0
1.0
1.0
1.0
1.0
1.0
1.0
1.0
1.0
1.0
1.0
1.0
1.0
1.0
1.0
1.0
1.0
1.0
1.0
1.0
1.0
0.004748086008152233
0.0046598054523896044
0.0045459318195881886
0.004406873750890978
0.004229506587832756
0.004039475031624972
0.003838363398727448
0.00362234377325711
0.0034014988353817527
0.0031777977882657834
0.002954896088784464
0.0027398909466516057
0.0025346919718249295
0.002354609026027953
0.0021915019517705714
0.002041357336881424
0.0019109992067877957
0.0017806410766941648
0.001655534203047403
0.00154377892823895
0.0014320236534304963
0.0013250617476121033
0.0012278614139011232
0.001130661080190144
0.0010381451874428612
0.0009533910146965969
0.000868636841950334
0.0007886949433189059
0.0007153059285885318
0.0006419169138581577
0.0005744842343793934
0.0005137556003221226
0.00045302696626485137
0.0003986920290292445
0.0003503179464707016
0.0003019438639121591
0.0002598540145910117
0.00022261104728806694
0.0001853680799851226
0.00015483450818309054
0.0001285615672392475
0.00010228862629540454
8.173384476403403e-05
6.414242548137642e-05
4.655100619871892e-05
3.33523178937074e-05
2.288151608658031e-05
1.5423546802337436e-05
1.0379175967949466e-05
6.73354599137425e-06
4.67531090695041e-06
3.590168589320853e-06
2.931587268565321e-06
2.655967970016334e-06
2.583210226084267e-06
2.555446754001931e-06
2.630019902608639e-06
2.801522388031135e-06
3.1647071815183817e-06
4.090623491010532e-06
0.0004
0.0004
0.0004
0.0004
0.0004
0.0004
0.0004
0.0004
0.0004
0.0004
0.0004
0.0004
0.0004
0.0004
0.0004
0.0004
0.0004
0.0004
0.0004
0.0004
0.0004
0.0004
0.0004
0.0004
0.0004
0.0004
0.0004
0.0004
0.0004
0.0004
0.0004
0.0004
0.0004
0.0004
0.0004
0.0004
0.0004
0.0004
0.0004
0.0004
0.0004
0.0004
0.0004
0.0004
0.0004
0.0004
0.0004
0.0004
0.0004
0.0004
0.0004
0.0004
0.0004
0.0004
0.0004
0.0004
0.0004
0.0004
0.0004
0.0004
1.5675004917811385e-08
1.8354115249743178e-08
2.0695446496384744e-08
2.2706366264696415e-08
2.4251670909250176e-08
2.5639935185914543e-08
2.6896221239191787e-08
2.8019793053890257e-08
2.9061528886254885e-08
3.0029630881745515e-08
3.085797532075035e-08
3.1625804027673445e-08
3.234772281077449e-08
3.300330074419566e-08
3.361288455356065e-08
3.418805418405487e-08
3.471191016871029e-08
3.523576615336574e-08
3.5750950188216965e-08
3.624408532941704e-08
3.6737220470617114e-08
3.7244581857888445e-08
3.778091462773645e-08
3.8317247397584475e-08
3.88720644622103e-08
3.9457508430151564e-08
4.0042952398092834e-08
4.067730521764149e-08
4.1378257324485326e-08
4.207920943132913e-08
4.2926239450980104e-08
4.3937684823556554e-08
4.494913019613303e-08
4.638083429760822e-08
4.8204346343627374e-08
5.00278583896465e-08
5.3065015455457855e-08
5.703822852057712e-08
6.101144158569636e-08
6.929473247219484e-08
8.031502858732699e-08
9.133532470245917e-08
1.1112671109804182e-07
1.3546360172711016e-07
1.5980049235617847e-07
1.9128479812016223e-07
2.2636740227134198e-07
2.6352690221518895e-07
3.0300581308728946e-07
3.4763154458051857e-07
4.037440507685071e-07
4.970362706052725e-07
6.315857300373044e-07
8.330041006618857e-07
1.2524951017581809e-06
1.7364064425605398e-06
2.5280919884778047e-06
3.6864305615987098e-06
5.36791552882503e-06
2.6389736105540606e-06
0.0
0.0
0.0
0.0
0.0
0.0
0.0
0.0
0.0
0.0
0.0
0.0
0.0
0.0
0.0
0.0
0.0
0.0
0.0
0.0
0.0
0.0
0.0
0.0
0.0
0.0
0.0
0.0
0.0
0.0
0.0
0.0
0.0
0.0
0.0
0.0
0.0
0.0
0.0
0.0
0.0
0.0
0.0
0.0
0.0
0.0
0.0
0.0
0.0
0.0
0.0
0.0
0.0
0.0
0.0
0.0
0.0
0.0
0.0
0.0
0.0
0.0
0.0
0.0
0.0
0.0
0.0
0.0
0.0
0.0
0.0
0.0
0.0
0.0
0.0
0.0
0.0
0.0
0.0
0.0
0.0
0.0
0.0
0.0
0.0
0.0
0.0
0.0
0.0
0.0
0.0
0.0
0.0
0.0
0.0
0.0
0.0
0.0
0.0
0.0
0.0
0.0
0.0
0.0
0.0
0.0
0.0
0.0
0.0
0.0
0.0
0.0
0.0
0.0
0.0
0.0
0.0
0.0
0.0
0.0
0.0
0.0
0.0
0.0
0.0
0.0
0.0
0.0
0.0
0.0
0.0
0.0
0.0
0.0
0.0
0.0
0.0
0.0
0.0
0.0
0.0
0.0
0.0
0.0
0.0
0.0
0.0
0.0
0.0
0.0
0.0
0.0
0.0
0.0
0.0
0.0
0.0
0.0
0.0
0.0
0.0
0.0
0.0
0.0
0.0
0.0
0.0
0.0
0.0
0.0
0.0
0.0
0.0
0.0
0.0
0.0
0.0
0.0
0.0
0.0
0.0
0.0
0.0
0.0
0.0
0.0
0.0
0.0
0.0
0.0
0.0
0.0
0.0
0.0
0.0
0.0
0.0
0.0
0.0
0.0
0.0
0.0
0.0
0.0
0.0
0.0
0.0
0.0
0.0
0.0
0.0
0.0
0.0
0.0
0.0
0.0
0.0
0.0
0.0
0.0
0.0
0.0
0.0
0.0
0.0
0.0
0.0
0.0
0.0
0.0
0.0
0.0
0.0
0.0
0.0
0.0
0.0
0.0
0.0
0.0
0.0
0.0
0.0
0.0
0.0
0.0
0.0
0.0
0.0
0.0
0.0
0.0
0.0
0.0
0.0
0.0
0.0
0.0
0.0
0.0
0.0
0.0
0.0
0.0
0.0
0.0
0.0
0.0
0.0
0.0
0.0
0.0
0.0
0.0
0.0
0.0
0.0
0.0
0.0
0.0
0.0
0.0
0.0
0.0
0.0
0.0
0.0
0.0
0.0
0.0
0.0
0.0
0.0
0.0
0.0
0.0
0.0
0.0
0.0
0.0
2
2
1
289.1758956163753
-0.009927267784405558
0.0
0.0
45.0
5.852576517948106
1.0
2.0
3.0
4.0
5.0
6.0
7.0
8.0
9.0
10.0
11.0
12.0
13.0
14.0
15.0
16.0
17.0
18.0
19.0
20.0
21.0
22.0
23.0
24.0
25.0
26.0
27.0
28.0
29.0
30.0
31.0
32.0
33.0
34.0
35.0
36.0
37.0
38.0
39.0
40.0
41.0
42.0
43.0
44.0
45.0
46.0
47.0
48.0
49.0
50.0
51.0
52.0
53.0
54.0
55.0
56.0
57.0
58.0
59.0
60.0
0.0
0.0
0.0
0.0
0.0
0.0
0.0
0.0
0.0
0.0
0.0
0.0
0.0
0.0
0.0
0.0
0.0
0.0
0.0
0.0
0.0
0.0
0.0
0.99
0.0
0.0
0.0
0.0
0.0
0.0
0.0
0.0
0.0
0.0
0.0
0.0
0.0
0.0
0.0
0.0
0.0
0.0
0.0
0.0
0.0
0.0
0.0
0.0
0.0
0.0
0.0
0.0
0.0
0.0
0.0
0.0
0.0
0.0
0.0
0.0
0.0
0.0
0.0
0.0
0.0
0.0
0.0
0.0
0.0
0.0
0.0
0.0
0.0
0.0
0.0
0.0
0.0
0.0
0.0
0.0
0.0
0.0
0.0
0.15
0.0
0.0
0.0
0.0
0.0
0.0
0.0
0.0
0.0
0.0
0.0
0.0
0.0
0.0
0.0
0.0
0.0
0.0
0.0
0.0
0.0
0.0
0.0
0.0
0.0
0.0
0.0
0.0
0.0
0.0
0.0
0.0
0.0
0.0
0.0
0.0
0.0
0.0
0.0
0.0
0.0
0.0
0.0
0.0
0.0
0.0
0.0
0.0
0.0
0.0
0.0
0.0
0.0
0.0
0.0
0.0
0.0
0.0
0.0
0.5
0.0
0.0
0.0
0.0
0.0
0.0
0.0
0.0
0.0
0.0
0.0
0.0
0.0
0.0
0.0
0.0
0.0
0.0
0.0
0.0
0.0
0.0
0.0
0.0
0.0
0.0
0.0
0.0
0.0
0.0
0.0
0.0
0.0
0.0
0.0
0.0
0.0
