9.81
6.022e+23
0
0
0
3
0
1
295.0
2
2
0
0
1
1
0
1
60
7
1000.0
1.0


3
3
0
72.38857731909356
0
6.7
150.0
1000.0
287.04
9.81
79000.0
40.0
20000.0
0.0
0.0
0.0
0.0
0.0280134
0.04401
0.0319988
0.039948
0.01604
0.01801528
0.048
99000.0
2.1153802199668344e+29
0.8
1e-06
1000000.0
0.6
3.0
0.0001
300
49
2.756189094625715
0
1
6
1.0
1
0
1
1
0.1
1000000000000.0
1
294.068804317375
293.1264551600056
292.15677266959216
291.16987924608367
290.17475112505326
289.1566770329942
288.1173581593386
287.0588559720127
285.981076390872
284.8816002753287
283.7647377721852
282.6264740966094
281.4662268272402
280.28297892105337
279.0764266934631
277.845791745216
276.5880966760413
275.3062748348976
273.9991477652832
272.6614706935155
271.2964464543727
269.9044466963918
268.48360320473006
267.0318746963078
265.5487287616841
264.0363585482647
262.4886725453815
260.9040434328904
259.2803287168583
257.6159074121584
255.90740364838936
254.1522789309291
252.3468731079048
250.4838864183844
248.55847168444961
246.57131251702052
244.51270786812157
242.37484030942116
240.15712597994772
237.84917468003928
235.4424441410585
232.93282756190027
230.3112629583832
227.56714767825014
224.68490246495168
221.65216088444873
218.45478848818237
215.0636991455528
211.4396029295155
208.57252424020945
204.60164645227232
202.47887175105723
201.06480525266736
200.7789677812679
203.0329769865476
207.52618047152393
215.54656782456038
224.7841043825702
237.02453101298687
243.8539239761729
991.675
975.0250000000001
958.375
941.7249999999999
925.075
908.425
891.7750000000001
875.125
858.4749999999999
841.825
825.175
808.5250000000001
791.875
775.225
758.575
741.925
725.2750000000001
708.625
691.975
675.325
658.675
642.0250000000001
625.375
608.725
592.075
575.425
558.7750000000001
542.125
525.4750000000001
508.82500000000005
492.17500000000007
475.52500000000003
458.87500000000006
442.2250000000001
425.57500000000005
408.925
392.27500000000003
375.62500000000006
358.9750000000001
342.32500000000005
325.675
309.02500000000003
292.37500000000006
275.7250000000001
259.0750000000001
242.42500000000007
225.77500000000003
209.12500000000006
192.47500000000008
175.8250000000001
159.17500000000007
142.52500000000003
125.87500000000006
109.22500000000008
92.5750000000001
75.92500000000013
59.27500000000009
42.62500000000006
25.97500000000008
9.325000000000045
73.23132475735376
220.71977062198533
370.2916300399696
522.0146269083668
675.958596357055
832.193768014155
990.7953824186724
1151.8435648582763
1315.4224233512182
1481.6216802590575
1650.5366101912955
1822.2670479058631
1996.9186964891526
2174.603729519812
2355.4414392041544
2539.557988582836
2727.088342658
2918.1776925392305
3112.9795367048023
3311.658166590718
3514.391826508624
3721.372233373096
3932.8050889817923
4148.912184363764
4369.935012590027
4596.1346287221395
4827.7924076242225
5065.214352866562
5308.734282489363
5558.71691669579
5815.561695940665
6079.707571790157
6351.636255201047
6631.878185236445
6921.025021904525
7219.736702114172
7528.748059808204
7848.888571808017
8181.098330773673
8526.444536203524
8886.153140054943
9261.64351408727
9654.568456346942
10066.866532114193
10500.836862816142
10959.243634873288
11445.440106642578
11963.53485481102
12520.081868434077
13122.108303830548
13781.179140418855
14516.207201065256
15352.924233595419
16334.771302247718
17534.653853216394
19086.10154228452
21256.34981005223
24763.598551637235
33356.07963092098
56560.69457252452
3.521179111399233e+23
3.521179111399233e+23
3.521179111399257e+23
3.521179111399233e+23
3.521179111399233e+23
3.521179111399233e+23
3.521179111399233e+23
3.521179111399257e+23
3.521179111399233e+23
3.521179111399233e+23
3.521179111399233e+23
3.521179111399233e+23
3.521179111399257e+23
3.5211791113992086e+23
3.521179111399257e+23
3.521179111399233e+23
3.521179111399233e+23
3.521179111399257e+23
3.5211791113992086e+23
3.521179111399257e+23
3.521179111399233e+23
3.521179111399233e+23
3.521179111399257e+23
3.5211791113992086e+23
3.521179111399257e+23
3.521179111399233e+23
3.521179111399233e+23
3.521179111399233e+23
3.521179111399233e+23
3.521179111399244e+23
3.521179111399244e+23
3.521179111399233e+23
3.521179111399233e+23
3.521179111399233e+23
3.521179111399257e+23
3.521179111399233e+23
3.521179111399233e+23
3.521179111399233e+23
3.521179111399233e+23
3.521179111399257e+23
3.521179111399233e+23
3.521179111399233e+23
3.521179111399233e+23
3.521179111399233e+23
3.521179111399233e+23
3.521179111399257e+23
3.521179111399233e+23
3.521179111399233e+23
3.521179111399233e+23
3.521179111399233e+23
3.521179111399257e+23
3.521179111399233e+23
3.521179111399233e+23
3.521179111399233e+23
3.521179111399233e+23
3.521179111399233e+23
3.521179111399257e+23
3.521179111399233e+23
3.521179111399233e+23
3.521179111399257e+23
-3.8761757916037634
-3.685447336946903
-3.5503788557944906
-3.4269605973060373
-3.275875074674408
-3.156404806614896
-3.059367573344131
-2.973949782072198
-2.898195809828171
-2.8396749681698528
-2.7777869542353923
-2.726461219611579
-2.685173288947812
-2.6550278581184936
-2.633962901114582
-2.621699872124622
-2.6268676655232097
-2.633207396315646
-2.6413438757543677
-2.6685253648414697
-2.696450798224008
-2.718225344756339
-2.7358887860572674
-2.751753556429972
-2.7612986898132594
-2.748116582670466
-2.729716836240449
-2.704337673030277
-2.6715877756356714
-2.628043576125111
-2.5766171289464443
-2.5156325690107004
-2.4468943821002522
-2.38599270484241
-2.3366009739464793
-2.2774799745892067
-2.2285084301283975
-2.199100552164695
-2.165469421554992
-2.141108587667496
-2.127392016701318
-2.1018271064982907
-2.0560599329678015
-1.9801771198478724
-1.8749255745217779
-1.7146894324748545
-1.4647543373155136
-1.131607570246322
-0.696097435943267
5.297434271276702
0.10480268404574997
0.13306223573237758
0.1497219248249659
0.1484849991814945
0.12564798276973477
0.10222140642831003
0.06506505193679193
0.0340889969255941
0.024398391401718875
0.03788434288801794
-3.111435836294362
-2.9334275013444824
-2.8110903654545183
-2.7004012040022047
-2.5620488219365853
-2.455310278687918
-2.37100600866259
-2.298320557501796
-2.2352998663121184
-2.189511363279877
-2.140356972574409
-2.1017639694534864
-2.0732087558830017
-2.0557963925591025
-2.0474640560518935
-2.047933303752984
-2.0658335590862293
-2.084905558454068
-2.105773746358466
-2.1456876104679736
-2.186344339971754
-2.220850202733203
-2.251244877025698
-2.2798397291064134
-2.3021159733898457
-2.301664134451073
-2.2959929322040296
-2.283342029678238
-2.2633197900010202
-2.232501973197344
-2.193800744827655
-2.145540778265797
-2.0895231392363485
-2.0413398001975906
-2.004666481181488
-1.9582528362656717
-1.9219858775254295
-1.9052725786883968
-1.884325251875481
-1.8726302431699082
-1.871554478123528
-1.8586080121829696
-1.8254168829856212
-1.7620504680930082
-1.669237800191155
-1.521364456933327
-1.2837468964435175
-0.9628730692637646
-0.5395047344462114
5.443666529980874
0.23135092313833638
0.245718891102797
0.24907164092121548
0.23434861022178666
0.199098956614705
0.1631925835561674
0.11439847310612095
0.07228990026129622
0.04982390957536609
0.049743981853225705
-0.7647502866687498
-0.7520171943957151
-0.7392841021226804
-0.7265510098496456
-0.713817917576611
-0.7010848253035763
-0.6883517330305416
-0.675618640757507
-0.6628855484844721
-0.6501524562114375
-0.6374193639384029
-0.6246862716653683
-0.6119531793923335
-0.5992200871192989
-0.5864869948462643
-0.5737539025732296
-0.5610208103001948
-0.5482877180271601
-0.5355546257541254
-0.5228215334810908
-0.5100884412080561
-0.49735534893502137
-0.4846222566619867
-0.471889164388952
-0.4591560721159174
-0.44642297984288265
-0.433689887569848
-0.4209567952968133
-0.40822370302377864
-0.395490610750744
-0.3827575184777093
-0.3700244262046745
-0.3572913339316399
-0.34455824165860527
-0.33182514938557056
-0.3190920571125358
-0.30635896483950115
-0.29362587256646655
-0.28089278029343184
-0.26815968802039714
-0.25542659574736243
-0.24269350347432775
-0.22996041120129307
-0.21722731892825842
-0.20449422665522377
-0.19176113438218909
-0.17902804210915432
-0.16629494983611967
-0.153561857563085
-0.14082876529005034
-0.12809567301701566
-0.11536258074398091
-0.10262948847094625
-0.08989639619791158
-0.07716330392487691
-0.06443021165184225
-0.05169711937880758
-0.03896402710577283
-0.026230934832738164
-0.0134978425597035
-16.649999999999977
-16.649999999999977
-16.65000000000009
-16.649999999999977
-16.649999999999977
-16.649999999999977
-16.649999999999977
-16.65000000000009
-16.649999999999977
-16.649999999999977
-16.649999999999977
-16.649999999999977
-16.65000000000009
-16.649999999999864
-16.65000000000009
-16.649999999999977
-16.649999999999977
-16.65000000000009
-16.649999999999864
-16.65000000000009
-16.649999999999977
-16.649999999999977
-16.65000000000009
-16.649999999999864
-16.65000000000009
-16.649999999999977
-16.649999999999977
-16.649999999999977
-16.649999999999977
-16.650000000000034
-16.650000000000034
-16.649999999999977
-16.649999999999977
-16.649999999999977
-16.65000000000009
-16.649999999999977
-16.649999999999977
-16.649999999999977
-16.649999999999977
-16.65000000000009
-16.649999999999977
-16.649999999999977
-16.649999999999977
-16.649999999999977
-16.649999999999977
-16.65000000000009
-16.649999999999977
-16.649999999999977
-16.649999999999977
-16.649999999999977
-16.65000000000009
-16.649999999999977
-16.649999999999977
-16.649999999999977
-16.649999999999977
-16.649999999999977
-16.65000000000009
-16.649999999999977
-16.649999999999977
-16.65000000000009
295.0
294.01870024825143
293.0236548254139
292.0144373320505
290.99056666737744
289.9515881414381
288.89701536717234
287.8263265084176
286.73896972248167
285.63436980461216
284.5118996799166
283.3709097435202
282.2107118145414
281.0305776525041
279.82973237193056
278.6073523427339
277.3625706102562
276.0944455981267
274.8019733218477
273.484100886308
272.13967968137644
270.7674698434081
269.3661422293925
267.93426957825153
266.4703071512741
264.9725636800196
263.4392322951038
261.86834944273176
260.25777822885647
258.6051823857862
256.9080109304903
255.16346234390483
253.3684561941071
251.5196179861989
249.61321433163278
247.64505037484662
245.61047781682348
243.50429818174658
241.32059495602599
239.05268741160677
236.692955803266
234.23259211999775
231.6613847912328
228.96739789371816
226.13659057595163
223.152195462312
219.99393983038587
216.63716274060346
213.05147020492876
209.17943275805447
206.5748302496172
203.5121944371823
201.73858655786057
200.88694170770063
201.87397163471184
205.25306658553967
211.5169775720288
220.15380010401805
230.89747973778879
240.432039088247
247.25839258851767
1000.0
983.35
966.7
950.05
933.4
916.75
900.1
883.45
866.8
850.15
833.5
816.85
800.2
783.55
766.9000000000001
750.25
733.6
716.95
700.3
683.6500000000001
667.0
650.35
633.7
617.05
600.4000000000001
583.75
567.1
550.45
533.8000000000001
517.1500000000001
500.50000000000006
483.85
467.20000000000005
450.55000000000007
433.9000000000001
417.25
400.6
383.95000000000005
367.30000000000007
350.6500000000001
334.0
317.35
300.70000000000005
284.05000000000007
267.4000000000001
250.7500000000001
234.10000000000002
217.45000000000005
200.80000000000007
184.1500000000001
167.5000000000001
150.85000000000002
134.20000000000005
117.55000000000007
100.90000000000009
84.25000000000011
67.60000000000014
50.950000000000045
34.30000000000007
17.65000000000009
1.0
0.0
146.46264951470752
294.9768917292632
445.606368350676
598.4228854660578
753.4943072480521
910.8932287802579
1070.6975360570868
1232.989593659466
1397.8552530429704
1565.3881074751446
1735.6851129074466
1908.8489829042796
2084.9884100740255
2264.219048965598
2446.6638294427103
2632.452147722962
2821.724537593038
3014.630847485423
3211.3282259241814
3411.988107257255
3616.7955457599937
3825.9489209861986
4039.6612569773865
4258.163111750141
4481.706913429913
4710.562344014366
4945.022471234079
5185.406234499044
5432.062330479682
5685.371502911898
5945.751888969432
6213.663254610883
6489.609255791211
6774.1471146816775
7067.902929127371
7371.5704751009725
7685.925644515436
8011.851499100599
8350.345162446749
8702.543909960299
9069.762370149589
9453.524658024955
9855.61225466893
10278.120809559454
10723.552916072831
11194.934353673743
11695.945859611415
12231.123850010623
12809.03988685753
13435.176720803567
14127.181560034142
14905.232842096368
15800.615625094468
16868.926979400967
18200.38072703182
19971.822357537218
22540.877262567243
26986.319840707227
39725.83942113474
52465.35900156234
449.1744041234394
446.8186302756594
444.1278321133308
441.24609613989304
438.2565687838154
435.22869035984775
432.1590566723493
429.0501910087368
425.9404104025869
422.84500265455335
419.77928068492497
416.7537336346882
413.76731993267606
410.82174833155955
407.9062988724779
405.0200496351282
402.1566447793429
399.30218003587083
396.4737198541809
393.66752476157
390.875902755065
388.107007755853
385.3687328487366
382.66737982379584
380.0053711451783
377.3926703352821
374.8430132523564
372.3525298713065
369.9218068481863
367.5538820148031
365.24829225785595
363.0038275894479
360.82165436083227
358.7005099592653
356.63170969163195
354.60890679807426
352.64228417112673
350.7223304151679
348.84157002682184
347.0121716447874
345.2343692127808
343.51929776067567
341.872349642946
340.3049110173455
338.82642593963527
337.44206717786165
336.155487613737
334.97461296804386
333.89584987498824
332.90442812972094
375.54286625791394
374.75578080073603
374.34218254489394
374.1506452633447
374.2295531256921
374.61203200098873
375.2774961437682
375.9972031956325
376.590348331886
377.2572204162301
378.66730235266334
429.430175842788
426.628387697377
423.4854320954198
420.1457912529687
416.6927622644994
413.1955452105311
409.6514277994544
406.0633849166674
402.4697457770177
398.8858692948989
395.3272171100457
391.8044445624053
388.3167983420407
384.8662178727849
381.4422280562766
378.0440965049439
374.665616979568
371.2930742795207
367.9435457022565
364.6133459997044
361.2948273508982
357.9961066761236
354.7250322834324
351.4878559685155
348.2869571090311
345.1322252757597
342.0373138555282
338.9983223319181
336.0157902385327
333.0927048659151
330.2285525869676
327.4220670165411
324.6743502692847
321.9840582373284
319.3424361494374
316.7430513679119
314.1959651408135
311.6915592700226
309.2222319292397
306.7999908104566
304.4249034126843
302.1079193905956
299.8542299788129
297.675008087437
295.5794601160305
293.5724970801791
291.6575282570942
289.8421723305199
288.1225164708573
286.4834360196934
281.7709043859099
280.4237671207772
279.4224504124969
278.6274237757024
278.0947358088684
277.8796405314575
277.9753009930452
278.2444441380271
278.6814968677333
279.6464907859169
280.6069485883404
19.74422828065137
20.19024257828241
20.64240001791097
21.10030488692434
21.563806519316
22.03314514931665
22.50762887289493
22.98680609206938
23.47066462556919
23.95913335965448
24.45206357487925
24.94928907228291
25.45052159063534
25.95553045877468
26.46407081620136
26.97595313018428
27.49102779977494
28.00910575635017
28.53017415192444
29.0541787618656
29.58107540416683
30.11090107972941
30.64370056530418
31.17952385528036
31.71841403614716
32.26044505952241
32.80569939682819
33.35420753938842
33.90601660965357
34.46117714888798
35.01973967088832
35.58176057290675
36.14730409154761
36.71645172193691
37.28927354219455
37.86585543016233
38.44631903031324
39.03077114514534
39.61933809758217
40.21218083433078
40.8094658000965
41.41137837008007
42.01811966413309
42.62990292990851
43.24696582360481
43.86957009768254
44.49795935664282
45.13244063752399
45.77333340413093
46.42099211002758
93.77196187200408
94.3320136799588
94.91973213239702
95.52322148764227
96.13481731682374
96.73239146953127
97.30219515072297
97.75275905760537
97.9088514641527
97.61072963031316
98.06035376432297
579.8794717766756
574.4122620926012
568.7880364289281
563.0952100900358
557.405281529956
551.8153542840519
546.2904103178655
540.8105386455902
535.4024374819387
530.0717298675931
524.8164965346846
519.6505925118736
514.5624148404079
509.5436344834085
504.5723886317679
499.63867533836606
494.72733717882784
489.8070388762697
484.89367313612547
479.98170429715617
475.04439468018325
470.0891553409994
465.1300302311498
460.1774323291834
455.23558392145935
450.3207671381734
445.4694459207965
440.68296960754265
435.9689045547441
431.33765993136
426.7995682012156
422.36130278797975
418.0335887810983
413.82292124029505
409.7127811724643
405.6853117977249
401.76043633451167
397.91849670102766
394.132463733993
390.4187401000831
386.7683074249065
383.18168149467795
379.6761253647653
376.28326985617923
373.0427343103759
369.98913774841105
367.1811937273532
364.71657218521665
362.67493602289704
361.1440095431836
409.2261142013576
408.6703796673178
408.5025003025786
408.5600346619506
408.87329113451995
409.45486896643115
410.28352569276683
411.1176312177372
411.78306625425205
412.49976224817135
413.9595881664579
329.9525321849894
322.6434677634318
315.0934211522503
307.4087570815874
299.678237213697
292.0299061798062
284.4264323794716
276.8475242186682
269.3378244142837
261.9181212198356
254.598599651274
247.405222696496
240.3274605205006
233.3574652401029
226.4672915923944
219.6403453178863
212.8544286597933
206.0622268467746
199.2794678180136
192.4946066973193
185.6706770490425
178.8147188169761
171.9421822545002
165.0668666959253
158.1939244156848
151.3489038617821
144.5838002895479
137.9020629606343
131.3164710927708
124.8431875157972
118.4977692803975
112.2890624152677
106.2295295653469
100.3298114356908
94.56701768030238
88.91783532249431
83.40837078378287
78.00931314222635
72.68566847930651
67.45751357499806
62.30959765818593
57.23994810892686
52.26945579010849
47.43918075109142
42.79941706477682
38.39513199402929
34.28937313364911
30.58658979349342
27.36182527550495
24.68855386659079
20.64285449810149
18.93757568743519
17.69836159612842
16.74800829985598
16.08047058069894
15.65071981424557
15.36676833835363
14.63835261482346
12.46862350502536
6.961081784538261
0.0
249.9269395916862
251.7687943291694
253.6946152766778
255.6864530084485
257.7270443162591
259.7854481042457
261.863977938394
263.9630144269221
266.064613067655
268.1536086477576
270.2178968834106
272.2453698153776
274.2349543199073
276.1861692433056
278.1050970393735
279.9983300204798
281.8729085190345
283.7448120294951
285.6142053181119
287.4870975998369
289.3737176311408
291.2744365240233
293.1878479766496
295.1105656332581
297.0416595057746
298.9718632763913
300.8856456312486
302.7809066469083
304.6524334619733
306.4944724155628
308.3017989208181
310.0722403727121
311.8040592157514
313.4931098046043
315.1457634921619
316.7674764752306
318.3520655507288
319.9091835588013
321.4467952546865
322.961226525085
324.4587097667206
325.9417333857511
327.4066695746568
328.8440891050878
330.2433172455991
331.5940057543818
332.8918205937041
334.1299823917232
335.3131107473921
336.4554556765928
388.5832597032561
389.7328039798826
390.8041387064502
391.8120263620946
392.792820553821
393.8041491521856
394.9167573544132
396.4792786029137
399.3144427492267
405.5386804636331
413.9595881664579
130.70506765323626
127.5936318169419
124.66020431559741
121.8491139501429
119.14871274614069
116.5866639242041
114.13135364551619
111.7603476368536
109.4620270793518
107.22672721303968
105.0372158497598
102.8968588771854
100.79509490773191
98.7218861518489
96.6660897592898
94.61862570323791
92.57069239948493
90.5048588403987
88.41995328194463
86.31417953558616
84.16849192511819
81.98214758514644
79.76129738241323
77.51005250538753
75.23021277628112
72.92809680289128
70.6264326684402
68.33043973623617
66.04709770655793
63.783777916556915
61.55127594335957
59.357475198531915
57.21193442026612
55.12241128102977
53.08107148083218
51.07640499965069
49.11815216338502
47.19616628585959
45.29089370717119
43.40656845529571
41.533938212125804
39.662383734002276
37.80377572181931
35.978358838833685
34.21630837074068
32.54707057054952
31.025706113616195
29.741959217172678
28.779086147908913
28.2395814134627
33.683247943443575
33.91459886658191
34.16031775768471
34.409389398605924
34.64373800882771
34.842836965442416
35.00602954899858
35.120428022104704
35.192717922366
35.24254183194137
35.29228581379459
99.47764365779857
103.9849199339451
108.3920109431694
112.7370341713813
117.0145250508024
121.1656390307249
125.2249954199828
129.2158606979992
133.1319213627341
136.9677480750634
140.7286174587716
144.3992218659093
147.9893378215401
151.508752632682
154.9749364638823
158.4037511870576
161.8111883197747
165.2308474327462
168.6640778842429
172.1187393023851
175.6241503018557
179.1813878591475
182.7828500289322
186.4209892725902
190.0930326933463
193.7833214139776
197.4535135659802
201.0962593712837
204.6993191457618
208.2495173501179
211.7307833065702
215.1330046012735
218.4448207039377
221.6542468016376
224.7754184691351
227.8252160454176
230.7875943570306
233.6822461277963
236.5365634499332
239.3424772354586
242.1153057544983
244.8679712816687
247.5847741887044
250.2358273363456
252.7800430512536
255.1773650861498
257.3681551234451
259.2555825370265
260.7606911953523
261.7948821531026
261.1280498878084
261.486191433342
261.7240888163684
261.8794154758464
262.0142652281695
262.2289207172119
262.6085326546916
263.6060915232036
266.212873362708
272.6854090013786
280.6069485883404
230.1827113110348
231.578551750887
233.0522152587668
234.5861481215242
236.1632377969431
237.752302954929
239.356349065499
240.9762083348528
242.5939484420859
244.1944752881031
245.7658333085314
247.2960807430947
248.784432729272
250.2306387845309
251.6410262231721
253.0223768902955
254.3818807192596
255.7357062731449
257.0840311661875
258.4329188379713
259.7926422269739
261.1635354442939
262.5441474113454
263.9310417779777
265.3232454696274
266.7114182168689
268.0799462344204
269.4266991075199
270.7464168523197
272.0332952666748
273.2820592499298
274.4904797998054
275.6567551242038
276.7766580826674
277.8564899499673
278.9016210450683
279.9057465204156
280.8784124136559
281.8274571571044
282.7490456907543
283.6492439666241
284.530355015671
285.3885499105237
286.2141861751793
286.9963514219943
287.7244356566993
288.3938612370613
288.9975417541992
289.5397773432612
290.0344635665653
294.811297831252
295.4007902999239
295.8844065740531
296.2888048744523
296.6580032369972
297.0717576826543
297.6145622036902
298.7265195453083
301.405591285074
307.92795083332
315.899234402135
-1.5756088219170306
-1.4854166038498007
-1.423429387449156
-1.3673477154230964
-1.2972635474921392
-1.2431919504200666
-1.2004838403458518
-1.163666766644043
-1.1317500282195754
-1.1085657979053616
-1.083680418841849
-1.0641450046211463
-1.049694164661945
-1.0408855624008742
-1.0366741606188619
-1.0369187887159441
-1.045987703047207
-1.0556500906898696
-1.0662203857521484
-1.0864347258604254
-1.1070252474139721
-1.124500598647213
-1.139894579035298
-1.1543771949478416
-1.16566217902735
-1.165439544938376
-1.1625737956252726
-1.1561742520870024
-1.1460427092426515
-1.1304445006578616
-1.1108537736784554
-1.086421780569955
-1.0580615948771328
-1.033667757662068
-1.0151024464957596
-0.9916053185846216
-0.9732448139852593
-0.964786439195651
-0.9541845976265493
-0.9482674554922212
-0.947728603768565
-0.9411780389270956
-0.9243758995697228
-0.8922923781687233
-0.8452966594862985
-0.7704122188662952
-0.650071414766145
-0.48755700729168217
-0.2731211012584357
2.758926154771583
0.11737460504603003
0.12461886646192981
0.126291996525061
0.11882308386789381
0.1009820390868475
0.08283517421369097
0.05829997227548733
0.037468138821380004
0.027308776848779193
0.02772840372275187
0.0
-2.283094530983475
-2.23234715696386
-2.200907635022431
-2.166700116613949
-2.102685756186399
-2.05620729767
-2.021514132237926
-1.98362295516961
-1.942981626190975
-1.905013093412661
-1.859290696621036
-1.818520454864289
-1.782707829583013
-1.755744459304014
-1.736815687040564
-1.725987182890737
-1.732178047299059
-1.739052409301019
-1.749907950373818
-1.775614404667185
-1.801866385569199
-1.824267712830081
-1.842845945368428
-1.860019607812787
-1.869261496219272
-1.859081874843391
-1.845179331443526
-1.825076955999305
-1.798300704833291
-1.763384088110553
-1.723345176828916
-1.67755175595319
-1.625687604292744
-1.580983620204474
-1.544830123652899
-1.500549180386618
-1.466243296846818
-1.445812474897497
-1.421294375063461
-1.404535519750077
-1.394322252658168
-1.376156569686919
-1.342851995729216
-1.288735064919231
-1.214328230963697
-1.109712484045467
-0.9560486070891693
-0.7623906625260984
-0.5238542248071151
0.3377740801098568
-0.1814113344355895
-0.1205034217665462
-0.0786784357211084
-0.0683061594566014
-0.1087305820750068
-0.1922868458147619
-0.5052987785743255
-1.320427015476308
-3.278567767511759
-4.012539414030207
0.0
0.7074857090664446
0.7469305531140592
0.7774782475732752
0.7993524011908523
0.8054222086942596
0.8130153472499334
0.8210302918920744
0.819956188525567
0.8112315979713994
0.7964472955072994
0.775610277779187
0.7543754502431428
0.7330136649210678
0.7148588969031399
0.700141526421702
0.6890683941747929
0.6861903442518521
0.6834023186111493
0.6836875646216695
0.6891796788067595
0.694841138155227
0.699767114182868
0.7029513663331302
0.7056424128649454
0.703599317191922
0.693642329905015
0.6826055358182535
0.6689027039123026
0.6522579955906396
0.6329395874526913
0.6124914031504607
0.5911299753832351
0.567626009415611
0.547315862542406
0.5297276771571394
0.5089438618019964
0.4929984828615587
0.481026035701846
0.4671097774369117
0.4562680642578559
0.4465936488896029
0.4349785307598233
0.4184760961594932
0.3964426867505078
0.3690315714773984
0.3393002651791719
0.3059771923230243
0.2748336552344163
0.2507331235486794
2.421152074661726
0.2987859394816195
0.245122288228476
0.2049704322461694
0.1871292433244952
0.2097126211618543
0.2751220200284529
0.5635987508498128
1.357895154297688
3.305876544360538
4.040267817752959
0.0
1.0
1.0
1.0
1.0
1.0
1.0
1.0
1.0
1.0
1.0
1.0
1.0
1.0
1.0
1.0
1.0
1.0
1.0
1.0
1.0
1.0
1.0
1.0
1.0
1.0
1.0
1.0
1.0
1.0
1.0
1.0
1.0
1.0
1.0
1.0
1.0
1.0
1.0
1.0
1.0
1.0
1.0
1.0
1.0
1.0
1.0
1.0
1.0
1.0
1.0
0.0
0.0
0.0
0.0
0.0
0.0
0.0
0.0
0.0
0.0
0.0
1.0
1.0
1.0
1.0
1.0
1.0
1.0
1.0
1.0
1.0
1.0
1.0
1.0
1.0
1.0
1.0
0.920954420531807
0.920954420531807
0.920954420531807
0.920954420531807
0.920954420531807
0.920954420531807
0.920954420531807
0.920954420531807
0.920954420531807
0.920954420531807
0.920954420531807
0.920954420531807
0.920954420531807
0.920954420531807
0.920954420531807
0.920954420531807
0.920954420531807
0.920954420531807
0.920954420531807
0.920954420531807
0.920954420531807
0.920954420531807
0.920954420531807
0.920954420531807
0.920954420531807
0.920954420531807
0.920954420531807
0.920954420531807
0.920954420531807
1.0
1.0
1.0
1.0
1.0
1.0
1.0
1.0
1.0
1.0
1.0
1.0
1.0
1.0
1.0
1.0
1.0
1.0
1.0
1.0
1.0
1.0
1.0
1.0
1.0
1.0
1.0
1.0
1.0
0.013509746998944071
0.013444111210170565
0.01314756450757661
0.01265229518299911
0.011906907412116596
0.011203969731990301
0.010525708453640724
0.009762775899731655
0.008974232520884012
0.008185609106171592
0.0074052895610527344
0.006691329069620802
0.006041247392556292
0.0054723781532528895
0.004974148230714706
0.004536974049848791
0.0041771198537183555
0.0038369671102192505
0.003526361906500624
0.003257539662263609
0.0030019489535250366
0.0027564410857353287
0.002518643319583782
0.002294574635438549
0.0020721322636495856
0.001846845471013782
0.0016391434342980962
0.0014480016254871332
0.001272650127965967
0.0011127205322806935
0.0009711250318237925
0.0008463362300545332
0.0007331435688973004
0.0006387172180056833
0.0005591556408259283
0.0004860892521893763
0.00042638068086046856
0.0003754512973819686
0.00032730743576894224
0.00028559119525177663
0.0002477757901330166
0.0002117983571847057
0.00017706775107608998
0.00014496604592630508
0.00011629630291868716
9.074930551718525e-05
6.901017460709567e-05
5.132396692630434e-05
3.759824836662293e-05
2.645710273036025e-05
2.1995306593143524e-05
1.7033546571228616e-05
1.5663614868781787e-05
1.6255662903652973e-05
1.4945109012403933e-05
1.3112060758358635e-05
1.1854650353605276e-05
1.3529698548062563e-05
8.065174258356381e-06
2.6696811785768154e-07
0.0004
0.0004
0.0004
0.0004
0.0004
0.0004
0.0004
0.0004
0.0004
0.0004
0.0004
0.0004
0.0004
0.0004
0.0004
0.0004
0.0004
0.0004
0.0004
0.0004
0.0004
0.0004
0.0004
0.0004
0.0004
0.0004
0.0004
0.0004
0.0004
0.0004
0.0004
0.0004
0.0004
0.0004
0.0004
0.0004
0.0004
0.0004
0.0004
0.0004
0.0004
0.0004
0.0004
0.0004
0.0004
0.0004
0.0004
0.0004
0.0004
0.0004
0.0004
0.0004
0.0004
0.0004
0.0004
0.0004
0.0004
0.0004
0.0004
0.0004
8.60451419224123e-09
1.578021977514803e-08
2.1892415260555535e-08
2.6925828092092847e-08
2.971401735545372e-08
3.191536891169426e-08
3.3615820560817765e-08
3.4746051764151937e-08
3.5661340336177934e-08
3.6398811651530586e-08
3.6864029565337865e-08
3.7202242046694526e-08
3.743385508154835e-08
3.7482031518220545e-08
3.74258526023047e-08
3.730742951458454e-08
3.7124070818281054e-08
3.694071212197757e-08
3.678655663276213e-08
3.670665185093012e-08
3.662674706909812e-08
3.66023509716688e-08
3.6690996875910616e-08
3.6779642780152424e-08
3.6903178538193995e-08
3.7084523814632495e-08
3.726586909107099e-08
3.747683636083778e-08
3.7728139961945275e-08
3.797944356305276e-08
3.8298642947284706e-08
3.8694261202309925e-08
3.9089879457335157e-08
3.957872216284235e-08
4.015447818582019e-08
4.073023420879802e-08
4.1342697689445876e-08
4.198347277308391e-08
4.262424785672194e-08
4.3230986919605434e-08
4.381611227372829e-08
4.440123762785115e-08
4.5133689117812545e-08
4.594249047452311e-08
4.6751291831233675e-08
4.796747172172955e-08
4.949951687407961e-08
5.152241095280844e-08
5.3986620437539895e-08
5.680107822856821e-08
6.015331959489829e-08
6.559586769304933e-08
7.569057461390363e-08
9.442662951156912e-08
2.539995051245074e-07
4.925296956825388e-07
1.3900175836980765e-06
3.720822161311321e-06
7.931814761427643e-06
2.7860567514510038e-06
0.0
0.0
0.0
0.0
0.0
0.0
0.0
0.0
0.0
0.0
0.0
0.0
0.0
0.0
0.0
0.0
0.0
0.0
0.0
0.0
0.0
0.0
0.0
0.0
0.0
0.0
0.0
0.0
0.0
0.0
0.0
0.0
0.0
0.0
0.0
0.0
0.0
0.0
0.0
0.0
0.0
0.0
0.0
0.0
0.0
0.0
0.0
0.0
0.0
0.0
0.0
0.0
0.0
0.0
0.0
0.0
0.0
0.0
0.0
0.0
0.0
0.0
0.0
0.0
0.0
0.0
0.0
0.0
0.0
0.0
0.0
0.0
0.0
0.0
0.0
0.0
0.0
0.0
0.0
0.0
0.0
0.0
0.0
0.0
0.0
0.0
0.0
0.0
0.0
0.0
0.0
0.0
0.0
0.0
0.0
0.0
0.0
0.0
0.0
0.0
0.0
0.0
0.0
0.0
0.0
0.0
0.0
0.0
0.0
0.0
0.0
0.0
0.0
0.0
0.0
0.0
0.0
0.0
0.0
0.0
0.0
0.0
0.0
0.0
0.0
0.0
0.0
0.0
0.0
0.0
0.0
0.0
0.0
0.0
0.0
0.0
0.0
0.0
0.0
0.0
0.0
0.0
0.0
0.0
0.0
0.0
0.0
0.0
0.0
0.0
0.0
0.0
0.0
0.0
0.0
0.0
0.0
0.0
0.0
0.0
0.0
0.0
0.0
0.0
0.0
0.0
0.0
0.0
0.0
0.0
0.0
0.0
0.0
0.0
0.0
0.0
0.0
0.0
0.0
0.0
0.0
0.0
0.0
0.0
0.0
0.0
0.0
0.0
0.0
0.0
0.0
0.0
0.0
0.0
0.0
0.0
0.0
0.0
0.0
0.0
0.0
0.0
0.0
0.0
0.0
0.0
0.0
0.0
0.0
0.0
0.0
0.0
0.0
0.0
0.0
0.0
0.0
0.0
0.0
0.0
0.0
0.0
0.0
0.0
0.0
0.0
0.0
0.0
0.0
0.0
0.0
0.0
0.0
0.0
0.0
0.0
0.0
0.0
0.0
0.0
0.0
0.0
0.0
0.0
0.0
0.0
0.0
0.0
0.0
0.0
0.0
0.0
0.0
0.0
0.0
0.0
0.0
0.0
0.0
0.0
0.0
0.0
0.0
0.0
0.0
0.0
0.0
0.0
0.0
0.0
0.0
0.0
0.0
0.0
0.0
0.0
0.0
0.0
0.0
0.0
0.0
0.0
0.0
0.0
0.0
0.0
0.0
0.0
0.0
0.0
0.0
0.0
0.0
0.0
0.0
0.0
0.0
0.0
0.0
0.0
2
2
1
295.0
35.29228581379459
0.0
0.0
49.0
6.7
1.0
2.0
3.0
4.0
5.0
6.0
7.0
8.0
9.0
10.0
11.0
12.0
13.0
14.0
15.0
16.0
17.0
18.0
19.0
20.0
21.0
22.0
23.0
24.0
25.0
26.0
27.0
28.0
29.0
30.0
31.0
32.0
33.0
34.0
35.0
36.0
37.0
38.0
39.0
40.0
41.0
42.0
43.0
44.0
45.0
46.0
47.0
48.0
49.0
50.0
51.0
52.0
53.0
54.0
55.0
56.0
57.0
58.0
59.0
60.0
0.0
0.0
0.0
0.0
0.0
0.0
0.0
0.0
0.0
0.0
0.0
0.0
0.0
0.0
0.0
0.0
0.0
0.0
0.0
0.0
0.0
0.0
0.0
0.0
0.0
0.0
0.0
0.0
0.0
0.0
0.0
0.0
0.0
0.0
0.0
0.0
0.0
0.0
0.0
0.0
0.0
0.0
0.0
0.0
0.0
0.0
0.0
0.0
0.0
0.1
0.0
0.0
0.0
0.0
0.0
0.0
0.0
0.0
0.0
0.0
0.0
0.0
0.0
0.0
0.0
0.0
0.0
0.0
0.0
0.0
0.0
0.0
0.0
0.0
0.0
0.0
0.0
0.0
0.0
0.0
0.0
0.0
0.0
0.0
0.0
0.0
0.0
0.0
0.0
0.0
0.0
0.0
0.0
0.0
0.0
0.0
0.0
0.0
0.0
0.0
0.0
0.0
0.0
0.0
0.0
0.0
0.0
0.0
0.0
2.45
0.0
0.0
0.0
0.0
0.0
0.0
0.0
0.0
0.0
0.0
0.0
0.0
0.0
0.0
0.0
0.0
0.0
0.0
0.0
0.0
0.0
0.0
0.0
0.0
0.0
0.0
0.0
0.0
0.0
0.0
0.0
0.0
0.0
0.0
0.0
0.0
0.0
0.0
0.0
0.0
0.0
0.0
0.0
0.0
0.0
0.0
0.0
0.0
0.0
0.0
0.0
0.0
0.0
0.0
0.0
0.0
0.0
0.0
0.0
0.5
0.0
0.0
0.0
0.0
0.0
0.0
0.0
0.0
0.0
0.0
0.0
