9.81
6.022e+23
0
0
0
3
0
1
248.18531426219656
2
2
0
0
1
1
0
1
60
7
1390.0
1.0


3
3
0
72.38857731909356
0
9.8
100.0
350.0
287.04
9.81
79000.0
40000.0
20000.0
0.0
0.0
0.0
0.0
0.0280134
0.04401
0.0319988
0.039948
0.01604
0.01801528
0.048
99000.0
2.6727531272919e+29
0.8
1e-06
1000000.0
0.6
3.0
0.0001
500
36
5.9568977181329
0
1
6
1.0
1
0
1
0
0.02
1000000000000.0
1
247.16887942500023
245.956681035697
244.72943867190583
243.48669590508757
242.2279739798769
240.95277029191925
239.66055673151664
238.3507778784685
237.02284903158775
235.67615405411289
234.31004303390068
232.92382230732173
231.5189124159662
230.0881365677528
228.63709055693664
227.16255668177732
225.7309628567236
224.3228237705248
222.7797471390508
221.2719195399526
219.82606522748216
217.76416398260827
216.21841208090945
214.5967272270501
212.9335267237324
211.23366880227996
209.49184404928369
207.70233922748147
205.86567028569348
203.98032441461137
202.04164095966476
200.0476493419106
197.9958344787375
195.87824719334066
193.6835279655259
191.40332973630828
189.06620214884302
186.725616002879
184.4175078432587
183.1647617324415
182.06139285903467
181.0007707963394
179.8774992425006
178.5815042904545
177.15566824473555
175.43704865637872
173.20309178239978
170.49371313447446
167.17492904516507
164.00651534353966
160.6955482869672
157.58516321951717
154.20982668049808
152.85684519302197
151.99090834356772
151.8863716603855
152.5772160728582
154.2249755940846
156.64261558161581
141.93384755404657
1378.425
1355.275
1332.125
1308.975
1285.825
1262.675
1239.525
1216.375
1193.225
1170.075
1146.925
1123.775
1100.625
1077.475
1054.325
1031.175
1008.0250000000001
984.875
961.725
938.575
915.425
892.2750000000001
869.125
845.9750000000001
822.825
799.675
776.5250000000001
753.375
730.2250000000001
707.075
683.925
660.7750000000001
637.625
614.4750000000001
591.325
568.175
545.0250000000001
521.875
498.7250000000001
475.57500000000005
452.425
429.27500000000003
406.12500000000006
382.9750000000001
359.82500000000005
336.67500000000007
313.5250000000001
290.3750000000001
267.22500000000014
244.07500000000005
220.92500000000007
197.7750000000001
174.6250000000001
151.47500000000014
128.32500000000005
105.17500000000007
82.02500000000009
58.875000000000114
35.725000000000136
12.575000000000045
61.468765790665486
185.1624789848747
310.39129161662595
437.20177802665216
565.6427908032514
695.7656161050529
827.6241426767496
961.2750460490086
1096.7779896082695
1234.1958444526445
1373.5949281477683
1515.0460226966409
1658.6224137652794
1804.401710407758
1952.467629878793
2102.9302702011737
2255.9243026583927
2411.5309997625386
2569.8416557928877
2731.026981545855
2895.0246819791414
3061.9499333816902
3232.130978339431
3405.701106914822
3582.821526959042
3763.6671139969935
3948.4234497839207
4137.291687717346
4330.4916416837195
4528.262157829331
4730.8636318455865
4938.581893302436
5151.729011418614
5370.642915869489
5595.691761963335
5827.30179128087
6065.9996609396585
6312.473723652778
6568.248676440268
6835.092561261379
7114.3125688686
7407.268342271129
7715.379696249562
8040.268526802505
8383.750238395363
8747.63664074536
9133.975263370847
9545.13777046131
9984.928751326253
10459.07957981995
10975.429459166357
11544.450560799945
12185.409467303944
12928.45044232408
13818.801447256988
14937.966769558883
16455.181021069933
18827.40458413173
24135.16456470184
57391.70847467982
3.522168057074024e+23
3.522168057073989e+23
3.522168057074024e+23
3.522168057073989e+23
3.522168057074024e+23
3.522168057074024e+23
3.522168057073989e+23
3.522168057074024e+23
3.522168057073989e+23
3.522168057074024e+23
3.522168057074024e+23
3.522168057073989e+23
3.522168057074024e+23
3.522168057073989e+23
3.522168057074024e+23
3.522168057074006e+23
3.522168057074006e+23
3.522168057074024e+23
3.522168057073989e+23
3.522168057074024e+23
3.522168057074006e+23
3.522168057074006e+23
3.522168057074006e+23
3.522168057074006e+23
3.522168057074024e+23
3.522168057074006e+23
3.522168057074006e+23
3.522168057074006e+23
3.522168057074006e+23
3.522168057074024e+23
3.522168057074006e+23
3.522168057074006e+23
3.522168057074006e+23
3.522168057074006e+23
3.522168057074024e+23
3.522168057074006e+23
3.522168057074006e+23
3.522168057074006e+23
3.522168057074006e+23
3.522168057074024e+23
3.522168057074006e+23
3.522168057074006e+23
3.522168057074006e+23
3.522168057074006e+23
3.522168057074024e+23
3.522168057073989e+23
3.522168057074024e+23
3.522168057073989e+23
3.522168057074024e+23
3.522168057074024e+23
3.522168057073989e+23
3.522168057074024e+23
3.522168057073989e+23
3.522168057074024e+23
3.522168057074024e+23
3.522168057073989e+23
3.522168057074024e+23
3.522168057073989e+23
3.522168057074024e+23
3.522168057074024e+23
-3.1485765196072517
-2.9606095398725807
-2.9265293468579388
-2.920577058891299
-2.889070990094466
-2.830726647605668
-2.7216818227232613
-2.5141203443770794
-2.209340119595509
-1.8455358928358938
-1.619552398035516
-1.4984757596906526
-1.4433400917751131
-1.4503728380794565
-1.4827019803886476
-1.4634398902906482
-1.350941346752095
-1.1787603922171828
-1.1675764163879816
-1.0656395753939638
-0.8334046507168451
-16.349660798065752
-1.2709879745769201
-1.156209656268251
-1.0516969008223092
-0.9458594129196441
-0.8467466330787894
-0.7578138125801305
-0.6754975810511777
-0.5992525578789261
-0.5312260860982675
-0.4706060786405069
-0.416518721772849
-0.37518428377239815
-0.35632366111193986
-0.36449078638768384
-0.3539518220022197
-0.2514446070004655
-0.0905869840918112
-0.11030080810845592
-0.11527593075910121
-0.1260454774990345
-0.13604947887108412
-0.16229662617163262
-0.17974663557408155
-0.19903089540641053
-0.22241251005725168
-0.2573261461502998
-0.25244960119865406
-0.13491195281808852
-0.09406327087003642
-0.03596173788006733
-0.02632515617361872
-0.041464087327670825
-0.03301825179420275
-0.020003606170543392
-0.007949557178896349
-0.000667127812522921
-0.0012341580650029082
-0.0007318229876993733
-3.1526479834578254
-2.9644411977338905
-2.929983700748579
-2.9240127271721406
-2.8918611553253584
-2.832823109304428
-2.7222310554682565
-2.5136718800330726
-2.2067894718798016
-1.842771235133469
-1.6204532492164105
-1.4998364709901466
-1.4456406056276165
-1.4531569203801098
-1.485587544902117
-1.4648650662393123
-1.3505577846468668
-1.1815145970681442
-1.1693687227102174
-1.065460884635442
-0.8320077322383099
-16.34483865653128
-1.2717968533889916
-1.1570174672765035
-1.0519651223782915
-0.9471309396020047
-0.8475655431732037
-0.7586830437994934
-0.6766201045055027
-0.6001788821836982
-0.5324105132588102
-0.472113294480593
-0.4185012895241016
-0.3782843319879987
-0.36267801547900547
-0.3777156517523963
-0.37462180710160453
-0.2662705068889011
-0.09057484153269968
-0.10865922246038906
-0.11347988606740955
-0.1245945369220891
-0.1353432728908075
-0.16142691763549522
-0.17746618873350428
-0.19593605477659537
-0.22156081408560624
-0.26550297232319053
-0.24178365668321078
-0.1269124269607005
-0.09480344506108906
-0.03370539226121139
-0.0249314424830942
-0.041500139307288464
-0.03278750430720834
-0.01986905040809006
-0.007870795552605614
-0.0008568223765053062
-0.001317001202494339
-0.000758774852215538
0.002225550870336927
0.0021884850410935452
0.0021514192118501645
0.0021143533826067833
0.002077287553363402
0.002040221724120021
0.0020031558948766393
0.0019660900656332586
0.0019290242363898774
0.0018919584071464962
0.0018548925779031148
0.0018178267486597336
0.0017807609194163525
0.001743695090172971
0.0017066292609295905
0.0016695634316862091
0.0016324976024428277
0.0015954317731994468
0.0015583659439560654
0.0015213001147126842
0.0014842342854693028
0.0014471684562259218
0.0014101026269825406
0.0013730367977391595
0.0013359709684957785
0.001298905139252397
0.0012618393100090157
0.0012247734807656347
0.0011877076515222536
0.0011506418222788722
0.0011135759930354912
0.00107651016379211
0.0010394443345487288
0.0010023785053053474
0.0009653126760619665
0.0009282468468185852
0.000891181017575204
0.0008541151883318228
0.0008170493590884416
0.0007799835298450604
0.0007429177006016793
0.0007058518713582981
0.0006687860421149168
0.0006317202128715357
0.0005946543836281546
0.0005575885543847733
0.0005205227251413923
0.00048345689589801094
0.0004463910666546299
0.00040932523741124863
0.00037225940816786724
0.0003351935789244863
0.000298127749681105
0.000261061920437724
0.00022399609119434265
0.0001869302619509613
0.0001498644327075803
0.000112798603464199
7.573277422081803e-05
3.8666944977436686e-05
-23.15000000000009
-23.149999999999864
-23.15000000000009
-23.149999999999864
-23.15000000000009
-23.15000000000009
-23.149999999999864
-23.15000000000009
-23.149999999999864
-23.15000000000009
-23.15000000000009
-23.149999999999864
-23.15000000000009
-23.149999999999864
-23.15000000000009
-23.149999999999977
-23.149999999999977
-23.15000000000009
-23.149999999999864
-23.15000000000009
-23.149999999999977
-23.149999999999977
-23.149999999999977
-23.149999999999977
-23.15000000000009
-23.149999999999977
-23.149999999999977
-23.149999999999977
-23.149999999999977
-23.15000000000009
-23.149999999999977
-23.149999999999977
-23.149999999999977
-23.149999999999977
-23.15000000000009
-23.149999999999977
-23.149999999999977
-23.149999999999977
-23.149999999999977
-23.15000000000009
-23.149999999999977
-23.149999999999977
-23.149999999999977
-23.149999999999977
-23.15000000000009
-23.149999999999864
-23.15000000000009
-23.149999999999864
-23.15000000000009
-23.15000000000009
-23.149999999999864
-23.15000000000009
-23.149999999999864
-23.15000000000009
-23.15000000000009
-23.149999999999864
-23.15000000000009
-23.149999999999864
-23.15000000000009
-23.15000000000009
248.16887942500023
246.96409161550318
245.74448264639372
244.50960688792085
243.2589971127572
241.99216303749952
240.7085897368419
239.40773591669426
238.08903203074564
236.75187822293276
235.39564207579588
234.01965618250833
232.62320062263797
231.205558917563
229.76592640844538
228.3034668959307
226.81685865812673
225.30478385976923
223.76696739488546
222.2018950015744
220.6077350101273
218.987540073082
217.33600008263736
215.65199159191027
213.9340255625597
212.18043135904355
210.38945205661585
208.61076563241218
206.79769101323032
204.93660621522395
203.02451139275985
201.05826895063137
199.03552936558356
196.9512522809352
194.79645157716124
192.5622820361017
190.25920919570962
187.91962407107616
185.61328372869824
183.85940809436283
182.68929271158225
181.61283080683305
180.52846613978983
179.33158789852996
177.9852556740097
176.42498001990373
174.46395643139505
172.01635583308297
169.00928967895916
165.7178244816276
162.42736856394413
159.1845094866909
155.9175296102002
153.55609100520803
152.44937343369048
151.9566883202254
152.24125841833532
153.40401704395344
155.4344787473579
149.2889076039933
134.57978052040417
1390.0
1366.85
1343.7
1320.55
1297.4
1274.25
1251.1
1227.95
1204.8
1181.65
1158.5
1135.35
1112.2
1089.05
1065.9
1042.75
1019.6
996.45
973.3
950.1500000000001
927.0
903.85
880.7
857.5500000000001
834.4000000000001
811.25
788.1
764.95
741.8000000000001
718.6500000000001
695.5
672.35
649.2
626.0500000000001
602.9000000000001
579.75
556.6
533.45
510.30000000000007
487.1500000000001
464.0
440.85
417.70000000000005
394.55000000000007
371.4000000000001
348.25
325.10000000000014
301.95000000000005
278.8000000000002
255.6500000000001
232.5
209.35000000000014
186.20000000000005
163.05000000000018
139.9000000000001
116.75
93.60000000000014
70.45000000000005
47.30000000000018
24.15000000000009
1.0
0.0
122.93753158133097
247.38742638841842
373.39515684483354
501.0083992084708
630.277182398032
761.254049812074
893.9942355414252
1028.555856556592
1165.000122659947
1303.3915662453421
1443.7982900501943
1586.2937553430875
1730.9510721874715
1877.8523486280444
2027.0829111295418
2178.777629272806
2333.070976043979
2489.991023481098
2649.6922881046767
2812.361674987034
2977.687688971249
3146.212177792131
3318.049778886731
3493.3524349429126
3672.2906189751716
3855.0436090188155
4041.8032905490263
4232.780084885665
4428.203198481774
4628.321117176888
4833.406146514285
5043.757640090586
5259.700382746643
5481.585448992335
5709.798074934336
5944.805507627404
6187.193814251914
6437.753633053641
6698.743719826895
6971.441402695862
7257.183735041336
7557.3529495009225
7873.406442998202
8207.130610606808
8560.369866183919
8934.903415306802
9333.047111434891
9757.228429487728
10212.62907316478
10705.53008647512
11245.32883185759
11843.5722897423
12527.246644865587
13329.654239782574
14307.948654731405
15567.98488438636
17342.377157753508
20312.432010509954
27957.89711889373
35603.3622272775
215.0805757894805
213.5275945260289
211.6891621991958
209.7228962366136
207.6831195061099
205.6083924155611
203.5197637416213
201.4341386038098
199.3712491432835
197.3494585920626
195.3896652308121
193.4807350208061
191.6171414059107
189.7943506437634
188.002848295718
186.2473129594989
184.5326312486023
182.8761484881912
181.293121338337
179.7360333459759
178.2233083715247
176.7714182175546
157.8136825621623
156.6045195143647
155.3938878009266
154.1931259733325
153.0081847453847
151.8608644680836
150.7321601951145
149.6189040256275
148.5224282196493
147.4415372673586
146.3756477125575
145.3251376188353
144.2888316870726
143.2642847677003
142.2586496184771
141.290608799563
140.3915260000019
139.6699370976552
139.0950513550891
138.5653130972197
138.0459976346652
137.498335125773
136.9256277802206
136.334294403343
135.6822409867082
134.9629922360229
134.2024742198487
133.4342439046639
132.7449030774625
132.1055428285937
131.5080483433442
131.0185318278623
130.7274746540666
130.5013819944491
130.3431440608383
130.2067597528072
130.0391062384379
129.214394329431
128.1072939726076
215.0805757894805
213.5275945260289
211.6891621991958
209.7228962366136
207.6831195061099
205.6083924155611
203.5197637416213
201.4341386038098
199.3712491432835
197.3494585920626
195.3896652308121
193.4807350208061
191.6171414059107
189.7943506437634
188.002848295718
186.2473129594989
184.5326312486023
182.8761484881912
181.293121338337
179.7360333459759
178.2233083715247
176.7714182175546
157.8136825621623
156.6045195143647
155.3938878009266
154.1931259733325
153.0081847453847
151.8608644680836
150.7321601951145
149.6189040256275
148.5224282196493
147.4415372673586
146.3756477125575
145.3251376188353
144.2888316870726
143.2642847677003
142.2586496184771
141.290608799563
140.3915260000019
139.6699370976552
139.0950513550891
138.5653130972197
138.0459976346652
137.498335125773
136.9256277802206
136.334294403343
135.6822409867082
134.9629922360229
134.2024742198487
133.4342439046639
132.7449030774625
132.1055428285937
131.5080483433442
131.0185318278623
130.7274746540666
130.5013819944491
130.3431440608383
130.2067597528072
130.0391062384379
129.214394329431
128.1072939726076
0.0
0.0
0.0
0.0
0.0
0.0
0.0
0.0
0.0
0.0
0.0
0.0
0.0
0.0
0.0
0.0
0.0
0.0
0.0
0.0
0.0
0.0
0.0
0.0
0.0
0.0
0.0
0.0
0.0
0.0
0.0
0.0
0.0
0.0
0.0
0.0
0.0
0.0
0.0
0.0
0.0
0.0
0.0
0.0
0.0
0.0
0.0
0.0
0.0
0.0
0.0
0.0
0.0
0.0
0.0
0.0
0.0
0.0
0.0
0.0
0.0
157.5829980939802
152.8773688470709
148.0744953225039
143.1782456591731
138.2144562014972
133.2478679556231
128.3264161723789
123.5185599790991
118.9419986385397
114.7134186154391
110.910854019055
107.3814705598327
104.0180404739471
100.7496091061722
97.50494983774672
94.26382695662544
91.08428017948954
88.07723963443156
85.31269788750929
82.58624117243791
80.00805531335126
77.72415742714291
42.42158311521929
39.94062321403268
37.57297403331808
35.3202470833457
33.18817491579588
31.19328909532166
29.30590177855305
27.51602550456043
25.81937081639864
24.20606935084908
22.6680665015675
21.19905511832109
19.78446485457031
18.39723991971909
17.0138891187435
15.67122649272775
14.50587318627786
13.69370944239838
13.01016447737184
12.36694633343507
11.72303633395853
11.04003055217551
10.30589628898765
9.537096723376482
8.689107251965034
7.748297687194117
6.722276698696767
5.712262726828793
4.896009472666713
4.161845778736777
3.530645901226122
3.016197943261059
2.683640630158077
2.424760466233449
2.246653482214535
2.102398378630837
1.933888041885051
1.107859131675579
0.0
157.5829980939802
152.8773688470709
148.0744953225039
143.1782456591731
138.2144562014972
133.2478679556231
128.3264161723789
123.5185599790991
118.9419986385397
114.7134186154391
110.910854019055
107.3814705598327
104.0180404739471
100.7496091061722
97.50494983774672
94.26382695662544
91.08428017948954
88.07723963443156
85.31269788750929
82.58624117243791
80.00805531335126
77.72415742714291
42.42158311521929
39.94062321403268
37.57297403331808
35.3202470833457
33.18817491579588
31.19328909532166
29.30590177855305
27.51602550456043
25.81937081639864
24.20606935084908
22.6680665015675
21.19905511832109
19.78446485457031
18.39723991971909
17.0138891187435
15.67122649272775
14.50587318627786
13.69370944239838
13.01016447737184
12.36694633343507
11.72303633395853
11.04003055217551
10.30589628898765
9.537096723376482
8.689107251965034
7.748297687194117
6.722276698696767
5.712262726828793
4.896009472666713
4.161845778736777
3.530645901226122
3.016197943261059
2.683640630158077
2.424760466233449
2.246653482214535
2.102398378630837
1.933888041885051
1.107859131675579
0.0
0.0
0.0
0.0
0.0
0.0
0.0
0.0
0.0
0.0
0.0
0.0
0.0
0.0
0.0
0.0
0.0
0.0
0.0
0.0
0.0
0.0
0.0
0.0
0.0
0.0
0.0
0.0
0.0
0.0
0.0
0.0
0.0
0.0
0.0
0.0
0.0
0.0
0.0
0.0
0.0
0.0
0.0
0.0
0.0
0.0
0.0
0.0
0.0
0.0
0.0
0.0
0.0
0.0
0.0
0.0
0.0
0.0
0.0
0.0
0.0
0.0
-57.49757769550021
-60.65022567895804
-63.61466687669193
-66.5446505774405
-69.46866330461265
-72.360524459938
-75.19334756924243
-77.91557862471069
-80.42925050474376
-82.63603997662356
-84.47881121175703
-86.09926446097344
-87.59910093196359
-89.04474153759121
-90.49789845797132
-91.98348600287343
-93.44835106911275
-94.79890885375961
-95.98042345082776
-97.14979217353797
-98.21525305817342
-99.04726079041173
-115.392099446943
-116.663896300332
-117.8209137676085
-118.8728788899868
-119.8200098295888
-120.667575372762
-121.4262584165615
-122.102878521067
-122.7030574032507
-123.2354679165095
-123.7075812109901
-124.1260825005142
-124.5043668325022
-124.8670448479812
-125.2447604997336
-125.6193823068352
-125.8856528137241
-125.9762276552568
-126.0848868777172
-126.1983667637846
-126.3229613007067
-126.4583045735975
-126.619731491233
-126.7971976799665
-126.9931337347431
-127.2146945488287
-127.4801975211519
-127.7219811778351
-127.8488936047958
-127.9436970498569
-127.9774024421181
-128.0023338846012
-128.0438340239085
-128.0766215282157
-128.0964905786238
-128.1043613741764
-128.1052181965529
-128.1065351977554
-128.1072939726076
57.49757769550021
60.65022567895804
63.61466687669193
66.5446505774405
69.46866330461265
72.360524459938
75.19334756924243
77.91557862471069
80.42925050474376
82.63603997662356
84.47881121175703
86.09926446097344
87.59910093196359
89.04474153759121
90.49789845797132
91.98348600287343
93.44835106911275
94.79890885375961
95.98042345082776
97.14979217353797
98.21525305817342
99.04726079041173
115.392099446943
116.663896300332
117.8209137676085
118.8728788899868
119.8200098295888
120.667575372762
121.4262584165615
122.102878521067
122.7030574032507
123.2354679165095
123.7075812109901
124.1260825005142
124.5043668325022
124.8670448479812
125.2447604997336
125.6193823068352
125.8856528137241
125.9762276552568
126.0848868777172
126.1983667637846
126.3229613007067
126.4583045735975
126.619731491233
126.7971976799665
126.9931337347431
127.2146945488287
127.4801975211519
127.7219811778351
127.8488936047958
127.9436970498569
127.9774024421181
128.0023338846012
128.0438340239085
128.0766215282157
128.0964905786238
128.1043613741764
128.1052181965529
128.1065351977554
128.1072939726076
0.0
0.0
0.0
0.0
0.0
0.0
0.0
0.0
0.0
0.0
0.0
0.0
0.0
0.0
0.0
0.0
0.0
0.0
0.0
0.0
0.0
0.0
0.0
0.0
0.0
0.0
0.0
0.0
0.0
0.0
0.0
0.0
0.0
0.0
0.0
0.0
0.0
0.0
0.0
0.0
0.0
0.0
0.0
0.0
0.0
0.0
0.0
0.0
0.0
0.0
0.0
0.0
0.0
0.0
0.0
0.0
0.0
0.0
0.0
0.0
0.0
-1.148546117925902
-1.079980209443656
-1.067426944821785
-1.065251650098933
-1.053538460670988
-1.032030217783402
-0.9917402536727749
-0.9157597342615357
-0.803958924150915
-0.6713428709591225
-0.5903498577810121
-0.5464077706481048
-0.5266635901698536
-0.5294018705536399
-0.5412167220981637
-0.5336672834843725
-0.4920238189388463
-0.4304394308707496
-0.4260145483859877
-0.3881597213742054
-0.3031100382791749
-5.954613736004319
-0.4633303008819309
-0.4215148432002818
-0.3832430591175017
-0.3450507540186442
-0.3087779287148792
-0.2763970063465146
-0.2465005285772954
-0.2186521073111004
-0.1939633068312637
-0.17199633274694
-0.1524648593664888
-0.1378133566629731
-0.1321277950856225
-0.1376061798768393
-0.1364790564930323
-0.0970054248396937
-0.0329974621873429
-0.0395858112890053
-0.0413420347876668
-0.045391230624995
-0.0493071194379364
-0.0588096928524265
-0.0646529847932767
-0.0713817705802295
-0.080717166723903
-0.0967258031215711
-0.088084582141259
-0.0462356647704055
-0.0345379913527557
-0.0122792641734379
-0.0090828128064507
-0.0151189806616021
-0.0119448669772368
-0.0072385248314726
-0.0028674218385202
-0.0003121503001241
-0.0004797987680192
-0.0002764304532142
0.0
-1.148546117925902
-1.079980209443656
-1.067426944821785
-1.065251650098933
-1.053538460670988
-1.032030217783402
-0.9917402536727749
-0.9157597342615357
-0.803958924150915
-0.6713428709591225
-0.5903498577810121
-0.5464077706481048
-0.5266635901698536
-0.5294018705536399
-0.5412167220981637
-0.5336672834843725
-0.4920238189388463
-0.4304394308707496
-0.4260145483859877
-0.3881597213742054
-0.3031100382791749
-5.954613736004319
-0.4633303008819309
-0.4215148432002818
-0.3832430591175017
-0.3450507540186442
-0.3087779287148792
-0.2763970063465146
-0.2465005285772954
-0.2186521073111004
-0.1939633068312637
-0.17199633274694
-0.1524648593664888
-0.1378133566629731
-0.1321277950856225
-0.1376061798768393
-0.1364790564930323
-0.0970054248396937
-0.0329974621873429
-0.0395858112890053
-0.0413420347876668
-0.045391230624995
-0.0493071194379364
-0.0588096928524265
-0.0646529847932767
-0.0713817705802295
-0.080717166723903
-0.0967258031215711
-0.088084582141259
-0.0462356647704055
-0.0345379913527557
-0.0122792641734379
-0.0090828128064507
-0.0151189806616021
-0.0119448669772368
-0.0072385248314726
-0.0028674218385202
-0.0003121503001241
-0.0004797987680192
-0.0002764304532142
0.0
0.0
0.0
0.0
0.0
0.0
0.0
0.0
0.0
0.0
0.0
0.0
0.0
0.0
0.0
0.0
0.0
0.0
0.0
0.0
0.0
0.0
0.0
0.0
0.0
0.0
0.0
0.0
0.0
0.0
0.0
0.0
0.0
0.0
0.0
0.0
0.0
0.0
0.0
0.0
0.0
0.0
0.0
0.0
0.0
0.0
0.0
0.0
0.0
0.0
0.0
0.0
0.0
0.0
0.0
0.0
0.0
0.0
0.0
0.0
0.0
0.0
1.0
1.0
1.0
1.0
1.0
1.0
1.0
1.0
1.0
1.0
1.0
1.0
1.0
1.0
1.0
1.0
1.0
1.0
1.0
1.0
1.0
1.0
1.0
1.0
1.0
1.0
0.0
0.0
1.0
0.0
1.0
0.0
0.0
0.0
1.0
1.0
1.0
0.0
0.0
0.0
0.0
0.0
0.0
0.0
0.0
0.0
0.0
0.0
0.0
0.0
0.0
0.0
0.0
0.0
0.0
0.0
0.0
0.0
0.0
0.0
0.0
1.0
1.0
1.0
1.0
1.0
1.0
1.0
1.0
1.0
1.0
1.0
1.0
1.0
1.0
1.0
1.0
0.33599999999999997
0.33599999999999997
0.33599999999999997
0.33599999999999997
0.33599999999999997
0.33599999999999997
0.33599999999999997
0.33599999999999997
0.33599999999999997
0.33599999999999997
0.33599999999999997
0.33599999999999997
0.33599999999999997
0.33599999999999997
0.33599999999999997
0.33599999999999997
0.33599999999999997
0.33599999999999997
0.33599999999999997
0.33599999999999997
0.33599999999999997
0.33599999999999997
0.33599999999999997
0.33599999999999997
0.33599999999999997
0.33599999999999997
0.33599999999999997
0.33599999999999997
0.33599999999999997
1.0
1.0
1.0
1.0
1.0
1.0
1.0
1.0
1.0
1.0
1.0
1.0
1.0
1.0
1.0
1.0
1.0
1.0
1.0
1.0
1.0
1.0
1.0
1.0
1.0
1.0
1.0
1.0
1.0
0.0002957029000489783
0.0002802184495567455
0.000260713633694561
0.0002384476914536141
0.00021305379621540312
0.00019004865891497185
0.0001689912539388201
0.0001481375981433559
0.00012848526218159836
0.00011038286496351503
9.388002153542994e-05
7.958437379580792e-05
6.72644298430946e-05
5.6908572331497155e-05
4.819656284775098e-05
4.0856578257185025e-05
3.486422473362608e-05
2.9597892950442332e-05
2.5066151818346116e-05
2.1269018711990693e-05
1.7941747698370086e-05
1.503309399793877e-05
1.248637432099435e-05
1.0298415640116267e-05
8.382977827277531e-06
6.703521813013069e-06
5.3112248572622e-06
4.194343379651802e-06
3.280771034107805e-06
2.536093785563652e-06
1.942868408266526e-06
1.4745475296400714e-06
1.1029732033326832e-06
8.218752856025213e-07
6.08541433674725e-07
4.416874180243835e-07
3.1958692313489066e-07
2.304274688512166e-07
1.6588155996499196e-07
1.324356836098813e-07
1.1750040608722274e-07
1.0577677829804482e-07
9.442481406701198e-08
8.227525275522318e-08
6.96063145956358e-08
5.608595232308371e-08
4.1606551535422465e-08
2.7987530570457137e-08
1.6796134520692236e-08
9.204857405505118e-09
4.91687548229818e-09
2.5784530790131433e-09
1.286900207491509e-09
7.896977914129609e-10
4.5958152944164546e-10
2.158031365651962e-10
9.07658208734204e-11
4.924505122806324e-11
1.5475336880343333e-11
3.408612291330399e-14
0.20874761401122688
0.20874761401122688
0.20874761401122688
0.20874761401122688
0.20874761401122688
0.20874761401122688
0.20874761401122688
0.20874761401122688
0.20874761401122688
0.20874761401122688
0.20874761401122688
0.20874761401122688
0.20874761401122688
0.20874761401122688
0.20874761401122688
0.20874761401122688
0.20874761401122688
0.20874761401122688
0.20874761401122688
0.20874761401122688
0.20874761401122688
0.20874761401122688
0.20874761401122688
0.20874761401122688
0.20874761401122688
0.20874761401122688
0.20874761401122688
0.20874761401122688
0.20874761401122688
0.20874761401122688
0.20874761401122688
0.20874761401122688
0.20874761401122688
0.20874761401122688
0.20874761401122688
0.20874761401122688
0.20874761401122688
0.20874761401122688
0.20874761401122688
0.20874761401122688
0.20874761401122688
0.20874761401122688
0.20874761401122688
0.20874761401122688
0.20874761401122688
0.20874761401122688
0.20874761401122688
0.20874761401122688
0.20874761401122688
0.20874761401122688
0.20874761401122688
0.20874761401122688
0.20874761401122688
0.20874761401122688
0.20874761401122688
0.20874761401122688
0.20874761401122688
0.20874761401122688
0.20874761401122688
0.20874761401122688
8.60451419224123e-09
1.578021977514803e-08
2.1892415260555535e-08
2.6925828092092847e-08
2.971401735545372e-08
3.191536891169426e-08
3.3615820560817765e-08
3.4746051764151937e-08
3.5661340336177934e-08
3.6398811651530586e-08
3.6864029565337865e-08
3.7202242046694526e-08
3.743385508154835e-08
3.7482031518220545e-08
3.74258526023047e-08
3.730742951458454e-08
3.7124070818281054e-08
3.694071212197757e-08
3.678655663276213e-08
3.670665185093012e-08
3.662674706909812e-08
3.66023509716688e-08
3.6690996875910616e-08
3.6779642780152424e-08
3.6903178538193995e-08
3.7084523814632495e-08
3.726586909107099e-08
3.747683636083778e-08
3.7728139961945275e-08
3.797944356305276e-08
3.8298642947284706e-08
3.8694261202309925e-08
3.9089879457335157e-08
3.957872216284235e-08
4.015447818582019e-08
4.073023420879802e-08
4.1342697689445876e-08
4.198347277308391e-08
4.262424785672194e-08
4.3230986919605434e-08
4.381611227372829e-08
4.440123762785115e-08
4.5133689117812545e-08
4.594249047452311e-08
4.6751291831233675e-08
4.796747172172955e-08
4.949951687407961e-08
5.152241095280844e-08
5.3986620437539895e-08
5.680107822856821e-08
6.015331959489829e-08
6.559586769304933e-08
7.569057461390363e-08
9.442662951156912e-08
2.539995051245074e-07
4.925296956825388e-07
1.3900175836980765e-06
3.720822161311321e-06
7.931814761427643e-06
2.7860567514510038e-06
0.0
0.0
0.0
0.0
0.0
0.0
0.0
0.0
0.0
0.0
0.0
0.0
0.0
0.0
0.0
0.0
0.0
0.0
0.0
0.0
0.0
0.0
0.0
0.0
0.0
0.0
0.0
0.0
0.0
0.0
0.0
0.0
0.0
0.0
0.0
0.0
0.0
0.0
0.0
0.0
0.0
0.0
0.0
0.0
0.0
0.0
0.0
0.0
0.0
0.0
0.0
0.0
0.0
0.0
0.0
0.0
0.0
0.0
0.0
0.0
0.0
0.0
0.0
0.0
0.0
0.0
0.0
0.0
0.0
0.0
0.0
0.0
0.0
0.0
0.0
0.0
0.0
0.0
0.0
0.0
0.0
0.0
0.0
0.0
0.0
0.0
0.0
0.0
0.0
0.0
0.0
0.0
0.0
0.0
0.0
0.0
0.0
0.0
0.0
0.0
0.0
0.0
0.0
0.0
0.0
0.0
0.0
0.0
0.0
0.0
0.0
0.0
0.0
0.0
0.0
0.0
0.0
0.0
0.0
0.0
0.0
0.0
0.0
0.0
0.0
0.0
0.0
0.0
0.0
0.0
0.0
0.0
0.0
0.0
0.0
0.0
0.0
0.0
0.0
0.0
0.0
0.0
0.0
0.0
0.0
0.0
0.0
0.0
0.0
0.0
0.0
0.0
0.0
0.0
0.0
0.0
0.0
0.0
0.0
0.0
0.0
0.0
0.0
0.0
0.0
0.0
0.0
0.0
0.0
0.0
0.0
0.0
0.0
0.0
0.0
0.0
0.0
0.0
0.0
0.0
0.0
0.0
0.0
0.0
0.0
0.0
0.0
0.0
0.0
0.0
0.0
0.0
0.0
0.0
0.0
0.0
0.0
0.0
0.0
0.0
0.0
0.0
0.0
0.0
0.0
0.0
0.0
0.0
0.0
0.0
0.0
0.0
0.0
0.0
0.0
0.0
0.0
0.0
0.0
0.0
0.0
0.0
0.0
0.0
0.0
0.0
0.0
0.0
0.0
0.0
0.0
0.0
0.0
0.0
0.0
0.0
0.0
0.0
0.0
0.0
0.0
0.0
0.0
0.0
0.0
0.0
0.0
0.0
0.0
0.0
0.0
0.0
0.0
0.0
0.0
0.0
0.0
0.0
0.0
0.0
0.0
0.0
0.0
0.0
0.0
0.0
0.0
0.0
0.0
0.0
0.0
0.0
0.0
0.0
0.0
0.0
0.0
0.0
0.0
0.0
0.0
0.0
0.0
0.0
0.0
0.0
0.0
0.0
0.0
0.0
0.0
0.0
0.0
0.0
0.0
0.0
0.0
0.0
0.0
0.0
2
2
1
248.16887942500023
-0.1072939726076072
0.0
0.0
36.0
9.8
1.0
2.0
3.0
4.0
5.0
6.0
7.0
8.0
9.0
10.0
11.0
12.0
13.0
14.0
15.0
16.0
17.0
18.0
19.0
20.0
21.0
22.0
23.0
24.0
25.0
26.0
27.0
28.0
29.0
30.0
31.0
32.0
33.0
34.0
35.0
36.0
37.0
38.0
39.0
40.0
41.0
42.0
43.0
44.0
45.0
46.0
47.0
48.0
49.0
50.0
51.0
52.0
53.0
54.0
55.0
56.0
57.0
58.0
59.0
60.0
0.0
0.0
0.0
0.0
0.0
0.0
0.0
0.0
0.0
0.0
0.0
0.0
0.0
0.0
0.0
0.0
0.0
0.0
0.0
0.0
0.0
0.66
0.0
0.0
0.0
0.0
0.0
0.0
0.0
0.0
0.0
0.0
0.0
0.0
0.0
0.0
0.0
0.0
0.0
0.0
0.0
0.0
0.0
0.0
0.0
0.0
0.0
0.0
0.0
0.0
0.0
0.0
0.0
0.0
0.0
0.0
0.0
0.0
0.0
0.0
0.0
0.0
0.0
0.0
0.0
0.0
0.0
0.0
0.0
0.0
0.0
0.0
0.0
0.0
0.0
0.0
0.0
0.0
0.0
0.0
0.0
10.0
0.0
0.0
0.0
0.0
0.0
0.0
0.0
0.0
0.0
0.0
0.0
0.0
0.0
0.0
0.0
0.0
0.0
0.0
0.0
0.0
0.0
0.0
0.0
0.0
0.0
0.0
0.0
0.0
0.0
0.0
0.0
0.0
0.0
0.0
0.0
0.0
0.0
0.0
0.0
0.0
0.0
0.0
0.0
0.0
0.0
0.0
0.0
0.0
0.0
0.0
0.0
0.0
0.0
0.0
0.0
0.0
0.0
0.0
0.0
0.5
0.0
0.0
0.0
0.0
0.0
0.0
0.0
0.0
0.0
0.0
0.0
0.0
0.0
0.0
0.0
0.0
0.0
0.0
0.0
0.0
0.0
0.0
0.0
0.0
0.0
0.0
0.0
0.0
0.0
0.0
0.0
0.0
0.0
0.0
0.0
0.0
0.0
0.0
0.0
