9.81
6.022e+23
0
0
0
3
0
1
270.70100584889593
2
2
0
0
1
1
0
1
60
7
1000.0
1.0


3
3
0
80.10220330563587
0
5.601050757580543
150.0
350.0
287.04
9.81
79000.0
40.0
20000.0
0.0
0.0
0.0
0.0
0.0280134
0.04401
0.0319988
0.039948
0.01604
0.01801528
0.048
99000.0
2.1153802199668344e+29
0.8
1e-06
1000000.0
0.6
3.0
0.0001
400
37
1.7008588245271465
0
1
6
1.0
1
0
1
1
0.02
1000000000000.0
2
288.0367025226959
287.12836018237346
286.20706789266177
285.2724077985479
284.32394076423606
283.36120487755824
282.38371381924804
281.39095508205025
280.3823880226416
279.3574417270309
278.3155126674355
277.2559621255232
276.17811335329344
275.0812484386395
273.9646048376766
272.8273715300856
271.6686847468354
270.487623211487
269.283202826578
268.0543707250005
266.7999985923929
265.5188751498408
264.2096976659506
262.871062342769
261.5014533899898
260.0992305650078
258.6626149108427
257.18967236739553
255.67829486081263
254.12617838680302
252.5307974910972
250.8893754064477
249.19884892060182
247.45582680970682
245.65654035746263
243.79678405712667
241.8718440430929
239.87641107424804
237.99555031676218
235.84927992602704
233.61228253765614
231.2755570571758
228.8286371728091
226.25924817868997
223.5528556758226
220.6920621116049
217.65578451110312
214.41810935569902
210.9467819085012
207.1914927926315
204.54763017298038
203.70992982334764
204.8553840656996
207.10508209396494
211.04318163607837
215.5934870238837
222.0178172859772
230.1522119533731
239.59299326740154
242.41993184026592
271.70100584889593
270.9387743546249
270.16679432664915
269.3862604720592
268.59093925750557
267.7834362935935
266.96321794436227
266.1299564224626
265.2830565129776
264.41884192680754
263.5433449098326
262.6526332693043
261.74626760854306
260.827073216969
259.8872608456403
258.929806710321
257.9537827918934
256.95476390858335
255.93955584773136
254.90305306758412
253.84461970257243
252.762983488847
251.65723340521012
250.52801154320866
249.37212471463798
248.1906380675512
246.97950532249362
245.73704137811376
244.46140841377866
243.15059654604664
241.80240129024185
240.41439716767178
238.9839066337073
237.50796328729476
235.98326804123695
234.40613656050962
232.77243758385748
231.07751607612076
229.316095129176
227.48215824277926
225.56880404424174
223.5680605374405
221.4706472609499
219.26568109393352
216.9360488470921
214.45531496547088
212.13756366869174
211.83115637411981
212.17373595233013
212.95311788426648
213.77154259135122
214.58880848492782
215.39187750426456
216.20869672522414
217.33119841484535
218.25555032761613
219.40456493962353
220.99832271200492
223.82169561820348
226.5895672246983
991.675
975.0250000000001
958.375
941.7249999999999
925.075
908.425
891.7750000000001
875.125
858.4749999999999
841.825
825.175
808.5250000000001
791.875
775.225
758.575
741.925
725.2750000000001
708.625
691.975
675.325
658.675
642.0250000000001
625.375
608.725
592.075
575.425
558.7750000000001
542.125
525.4750000000001
508.82500000000005
492.17500000000007
475.52500000000003
458.87500000000006
442.2250000000001
425.57500000000005
408.925
392.27500000000003
375.62500000000006
358.9750000000001
342.32500000000005
325.675
309.02500000000003
292.37500000000006
275.7250000000001
259.0750000000001
242.42500000000007
225.77500000000003
209.12500000000006
192.47500000000008
175.8250000000001
159.17500000000007
142.52500000000003
125.87500000000006
109.22500000000008
92.5750000000001
75.92500000000013
59.27500000000009
42.62500000000006
25.97500000000008
9.325000000000045
991.675
975.0250000000001
958.375
941.7249999999999
925.075
908.425
891.7750000000001
875.125
858.4749999999999
841.825
825.175
808.5250000000001
791.875
775.225
758.575
741.925
725.2750000000001
708.625
691.975
675.325
658.675
642.0250000000001
625.375
608.725
592.075
575.425
558.7750000000001
542.125
525.4750000000001
508.82500000000005
492.17500000000007
475.52500000000003
458.87500000000006
442.2250000000001
425.57500000000005
408.925
392.27500000000003
375.62500000000006
358.9750000000001
342.32500000000005
325.675
309.02500000000003
292.37500000000006
275.7250000000001
259.0750000000001
242.42500000000007
225.77500000000003
209.12500000000006
192.47500000000008
175.8250000000001
159.17500000000007
142.52500000000003
125.87500000000006
109.22500000000008
92.5750000000001
75.92500000000013
59.27500000000009
42.62500000000006
25.97500000000008
9.325000000000045
71.98345245601102
216.9675902938027
364.01872111859586
513.2035404328515
664.5921404495109
818.2582488089865
974.2794888658434
1132.7376639438212
1293.71906827653
1457.3148277193886
1623.62127374497
1792.7403547295544
1964.780089116242
2139.8550657150145
2318.0869971916695
2499.6053337287167
2684.547944940626
2873.0618794282377
3065.304212906058
3261.442997685562
3461.6583285148085
3666.1435424444608
3875.106573619574
4088.7714878212037
4307.380226375793
4531.194594936791
4760.4985399113975
4995.600764333178
5236.837746263991
5484.577237002954
5739.222334362048
6001.21624921836
6271.047913076847
6549.258612680055
6836.449887843164
7133.29299624313
7440.540336739319
7759.039338446517
8089.7494887830035
8433.763404450623
8792.333164853193
9166.903580536422
9559.154730536273
9971.05707985969
10404.943965859416
10863.608529099998
11350.435797854494
11869.586740704846
12426.24819382864
13028.155496028467
13689.571971477097
14433.83466942704
15291.948606268692
16308.961859042622
17555.77653316343
19159.633326227013
21387.029136122102
24948.885938938365
33527.96302221464
56560.69457252452
67.41966604146086
203.50689810936882
341.3346131913943
480.6895107583582
622.6845129420446
766.8544194223846
913.294504458417
1062.0632905244775
1213.2670460588756
1367.5621281022609
1523.871551970632
1682.8973632119955
1844.7180107993381
2008.829073412015
2176.621227421103
2347.563105429166
2521.8203940471303
2700.183156062449
2881.436300301142
3066.491359612009
3255.461860116613
3448.5749491671863
3645.9932786012396
3847.6022107240456
4053.9718507431603
4264.91202933157
4481.145160841477
4702.972099777588
4930.720966828766
5164.750602421326
5405.454590682839
5653.265971554818
5908.662788308966
6172.174656044675
6444.390586956255
6725.968374587051
7017.645605763911
7320.253380821618
7634.733828005714
7962.16112080692
8303.767416009292
8660.976017287081
9035.443838999268
9429.113930996231
9845.041646646452
10287.946735171812
10763.563399441447
11278.823480534393
11842.36894146059
12464.53472197183
13158.42699824413
13941.998985750859
14840.997494989553
15895.03213183289
17167.113117988294
18768.976045908712
20933.55171652507
24295.450906057857
32313.416737983865
56560.69457252452
3.521179111399233e+23
3.521179111399233e+23
3.521179111399257e+23
3.521179111399233e+23
3.521179111399233e+23
3.521179111399233e+23
3.521179111399233e+23
3.521179111399257e+23
3.521179111399233e+23
3.521179111399233e+23
3.521179111399233e+23
3.521179111399233e+23
3.521179111399257e+23
3.5211791113992086e+23
3.521179111399257e+23
3.521179111399233e+23
3.521179111399233e+23
3.521179111399257e+23
3.5211791113992086e+23
3.521179111399257e+23
3.521179111399233e+23
3.521179111399233e+23
3.521179111399257e+23
3.5211791113992086e+23
3.521179111399257e+23
3.521179111399233e+23
3.521179111399233e+23
3.521179111399233e+23
3.521179111399233e+23
3.521179111399244e+23
3.521179111399244e+23
3.521179111399233e+23
3.521179111399233e+23
3.521179111399233e+23
3.521179111399257e+23
3.521179111399233e+23
3.521179111399233e+23
3.521179111399233e+23
3.521179111399233e+23
3.521179111399257e+23
3.521179111399233e+23
3.521179111399233e+23
3.521179111399233e+23
3.521179111399233e+23
3.521179111399233e+23
3.521179111399257e+23
3.521179111399233e+23
3.521179111399233e+23
3.521179111399233e+23
3.521179111399233e+23
3.521179111399257e+23
3.521179111399233e+23
3.521179111399233e+23
3.521179111399233e+23
3.521179111399233e+23
3.521179111399233e+23
3.521179111399257e+23
3.521179111399233e+23
3.521179111399233e+23
3.521179111399257e+23
3.521179111399233e+23
3.521179111399233e+23
3.521179111399257e+23
3.521179111399233e+23
3.521179111399233e+23
3.521179111399233e+23
3.521179111399233e+23
3.521179111399257e+23
3.521179111399233e+23
3.521179111399233e+23
3.521179111399233e+23
3.521179111399233e+23
3.521179111399257e+23
3.5211791113992086e+23
3.521179111399257e+23
3.521179111399233e+23
3.521179111399233e+23
3.521179111399257e+23
3.5211791113992086e+23
3.521179111399257e+23
3.521179111399233e+23
3.521179111399233e+23
3.521179111399257e+23
3.5211791113992086e+23
3.521179111399257e+23
3.521179111399233e+23
3.521179111399233e+23
3.521179111399233e+23
3.521179111399233e+23
3.521179111399244e+23
3.521179111399244e+23
3.521179111399233e+23
3.521179111399233e+23
3.521179111399233e+23
3.521179111399257e+23
3.521179111399233e+23
3.521179111399233e+23
3.521179111399233e+23
3.521179111399233e+23
3.521179111399257e+23
3.521179111399233e+23
3.521179111399233e+23
3.521179111399233e+23
3.521179111399233e+23
3.521179111399233e+23
3.521179111399257e+23
3.521179111399233e+23
3.521179111399233e+23
3.521179111399233e+23
3.521179111399233e+23
3.521179111399257e+23
3.521179111399233e+23
3.521179111399233e+23
3.521179111399233e+23
3.521179111399233e+23
3.521179111399233e+23
3.521179111399257e+23
3.521179111399233e+23
3.521179111399233e+23
3.521179111399257e+23
-1.0971566426334607
-3.280286113256207
-3.2708984740406613
-3.2121512618212753
-3.123931425271607
-3.035060427675916
-2.9583937955244597
-2.897598986576983
-2.84871491324164
-2.8118847512610943
-2.770136060357734
-2.7245863612671775
-2.66741347978472
-2.6301660101304174
-2.6071024029626195
-2.5939431964398336
-2.6091005211277967
-2.61626368477796
-2.614213486263308
-2.6233508762067994
-2.621218952182574
-2.612764708955767
-2.605228562325211
-2.5808741684702627
-2.548697788607801
-2.5201712719397644
-2.4858990295507573
-2.4482080278289047
-2.4249316320463175
-2.393460314586145
-2.3666030088653924
-2.3473937355911936
-2.3238851196639247
-2.3074118144926086
-2.3059334171454817
-2.2966018376668274
-2.2998884939309945
-2.329798114765256
-2.3390795601026073
-2.366512929778797
-2.404097583377838
-2.4041570781069823
-2.430952999368308
-2.4660626621923223
-2.3989682780189927
-2.2807976224524777
-2.0001925806811833
-1.6241464678722197
-1.2108413776807065
-0.6200930471307934
-0.10933248901386622
-0.026572425632637453
-0.004144038369277819
-0.000343299179650175
0.0017292463707538064
0.0032880050669442107
0.006085305771642763
0.010440475616527112
0.0121813982287544
0.0023933242392274595
-1.6442018105775205
-0.03968945152798953
0.9856226756455972
-2.0852570120982628
-1.968644923314628
1.8358311139496888
-2.6833032775242
1.5951110480889217
-2.7587024910250415
0.7734853270973625
0.7602666675807042
-2.612487235001079
1.429310314694347
-1.8088699423856192
-1.796284278791899
1.282103209819081
-2.4196405313513423
0.5295195862293558
0.48256215360637555
-2.3802417180133624
0.8689784605203227
-2.309575152311133
0.643049811735155
-2.1622371933748816
0.04301204957100935
-0.9485115132077343
-0.5653132121579233
-0.733581987651999
-0.8159105069471929
-0.8758196655562719
-0.9328092751528334
-0.9888702413616005
-1.0369232314221035
-1.0895622241099554
-1.1592257975902591
-1.1966131101521973
-1.2229005766997179
-1.2467883976282734
-1.3029763160183303
-1.2594511305139284
-1.243605906687801
-1.1568011826975795
-1.068813844281074
-0.939813124338114
-0.6242490649631983
-0.33926222063537115
-0.16715808603987659
-0.011096620468143359
-0.003509375974726725
-0.008129869245979138
-0.009397125365574382
-0.009804114462936775
-0.010289023652949147
-0.011225206615274735
-0.01252113844079003
-0.012955680943441156
-0.013685373772856141
-0.013462160799594142
-0.012227343568989045
-0.00212666087134002
-5.110088792970032
-2.538649788795368
-2.259373357970105
-2.100409638827813
-1.9695662939115266
-1.865355714655152
-1.781589050286101
-1.7176884821795113
-1.6746022602085304
-1.647253671763508
-1.6173418536993722
-1.5863948154791956
-1.5474107921349116
-1.5271980207293154
-1.522989887126954
-1.5297660381145874
-1.5664678644839114
-1.5971610679734454
-1.6225499303837694
-1.6520234843360129
-1.67555351201392
-1.6891399629537602
-1.7072735491351807
-1.7074902678872377
-1.7014583710229942
-1.6989230826137884
-1.688363434857223
-1.6778605117444556
-1.679528376955659
-1.6735176397705516
-1.6718676935144856
-1.6781383855476406
-1.6812479235124727
-1.6883704774400314
-1.7114547825019883
-1.7259200152013818
-1.75458502190844
-1.8100605062078046
-1.8449365394833137
-1.8977393877152622
-1.9614735123996923
-1.986838253435991
-2.0393663994724136
-2.0983387215494247
-2.0544016729923555
-1.9601546834093142
-1.7009976619513054
-1.3479007910680139
-0.9616900031270745
-0.41421127301774163
0.092839135756833
0.28988120797657757
0.22633540596743273
0.19372184544928928
0.16600266470391034
0.13950375005725846
0.11378863845993692
0.08608191584460201
0.058090386419394235
0.029578076170196255
0.9246622540273961
-1.5430695300308912
-3.7164360856128127
-0.14082710481089578
-0.20121477273839616
-3.9892541335013902
0.4342095057503883
-3.831989181970897
0.4473246867522107
-3.0529309681126193
-3.038414819778893
0.30684668181079644
-3.6617814775309085
-0.43817055991978293
-0.43812281962279087
-3.4696171963336155
0.17580757604410735
-2.754437528410193
-2.6184951587746212
0.05691731398580657
-3.1848470372853086
-0.11556089949067427
-3.2055815333555273
-0.5232859470773832
-2.3450991689202993
-1.1590510258201192
-1.4479842941117624
-1.521449206600721
-1.5736873205659094
-1.6071464147267989
-1.6394810889779023
-1.6718143908379943
-1.6953653230540908
-1.7247411655177132
-1.7701097069495972
-1.7864320412720076
-1.7941364669704
-1.8068632317425113
-1.7446795428009807
-1.725087193570289
-1.6880978774749167
-1.578170364897801
-1.462219310786395
-1.300596796919308
-0.9363069915488609
-0.6798830259693034
-0.5309897439071278
-0.39230012078627396
-0.3305080869821211
-0.2964080945938008
-0.2675797725734981
-0.23992860147799888
-0.21305766122969771
-0.1867700597986186
-0.16056526586129394
-0.13452995819810099
-0.10853074389891049
-0.08245513872708443
-0.0559326438374228
-0.028435535924558053
-1.4955266397103162
-1.4706261211591394
-1.4457256026079626
-1.420825084056786
-1.3959245655056092
-1.3710240469544321
-1.3461235284032556
-1.321223009852079
-1.296322491300902
-1.2714219727497251
-1.2465214541985488
-1.221620935647372
-1.196720417096195
-1.1718198985450181
-1.1469193799938417
-1.1220188614426647
-1.097118342891488
-1.0722178243403113
-1.0473173057891343
-1.0224167872379577
-0.9975162686867809
-0.9726157501356041
-0.9477152315844274
-0.9228147130332506
-0.8979141944820739
-0.8730136759308971
-0.8481131573797203
-0.8232126388285436
-0.7983121202773668
-0.7734116017261902
-0.7485110831750134
-0.7236105646238364
-0.6987100460726599
-0.673809527521483
-0.6489090089703063
-0.6240084904191294
-0.5991079718679527
-0.5742074533167759
-0.5493069347655992
-0.5244064162144224
-0.49950589766324566
-0.4746053791120689
-0.44970486056089215
-0.42480434200971545
-0.3999038234585387
-0.375003304907362
-0.3501027863561851
-0.3252022678050083
-0.3003017492538316
-0.2754012307026549
-0.2505007121514781
-0.2256001936003012
-0.20069967504912448
-0.17579915649794778
-0.15089863794677102
-0.1259981193955943
-0.10109760084441757
-0.07619708229324068
-0.05129656374206394
-0.026396045190887216
1.4909180008634664
1.4660942161490895
1.441270431434713
1.416446646720336
1.3916228620059596
1.3667990772915826
1.3419752925772062
1.3171515078628293
1.2923277231484525
1.2675039384340758
1.2426801537196992
1.2178563690053226
1.193032584290946
1.168208799576569
1.1433850148621927
1.1185612301478156
1.093737445433439
1.0689136607190624
1.0440898760046855
1.0192660912903089
0.9944423065759321
0.9696185218615553
0.9447947371471787
0.9199709524328019
0.8951471677184253
0.8703233830040485
0.8454995982896719
0.8206758135752951
0.7958520288609184
0.7710282441465418
0.7462044594321651
0.7213806747177881
0.6965568900034115
0.6717331052890348
0.6469093205746581
0.6220855358602814
0.5972617511459046
0.572437966431528
0.5476141817171513
0.5227903970027746
0.4979666122883978
0.4731428275740211
0.44831904285964436
0.42349525814526773
0.39867147343089104
0.3738476887165144
0.34902390400213756
0.32420011928776077
0.29937633457338414
0.27455254985900746
0.2497287651446308
0.22490498043025392
0.20008119571587724
0.17525741100150058
0.1504336262871239
0.1256098415727472
0.10078605685837053
0.07596227214399368
0.051138487429617
0.026314702715240317
-16.649999999999977
-16.649999999999977
-16.65000000000009
-16.649999999999977
-16.649999999999977
-16.649999999999977
-16.649999999999977
-16.65000000000009
-16.649999999999977
-16.649999999999977
-16.649999999999977
-16.649999999999977
-16.65000000000009
-16.649999999999864
-16.65000000000009
-16.649999999999977
-16.649999999999977
-16.65000000000009
-16.649999999999864
-16.65000000000009
-16.649999999999977
-16.649999999999977
-16.65000000000009
-16.649999999999864
-16.65000000000009
-16.649999999999977
-16.649999999999977
-16.649999999999977
-16.649999999999977
-16.650000000000034
-16.650000000000034
-16.649999999999977
-16.649999999999977
-16.649999999999977
-16.65000000000009
-16.649999999999977
-16.649999999999977
-16.649999999999977
-16.649999999999977
-16.65000000000009
-16.649999999999977
-16.649999999999977
-16.649999999999977
-16.649999999999977
-16.649999999999977
-16.65000000000009
-16.649999999999977
-16.649999999999977
-16.649999999999977
-16.649999999999977
-16.65000000000009
-16.649999999999977
-16.649999999999977
-16.649999999999977
-16.649999999999977
-16.649999999999977
-16.65000000000009
-16.649999999999977
-16.649999999999977
-16.65000000000009
-16.649999999999977
-16.649999999999977
-16.65000000000009
-16.649999999999977
-16.649999999999977
-16.649999999999977
-16.649999999999977
-16.65000000000009
-16.649999999999977
-16.649999999999977
-16.649999999999977
-16.649999999999977
-16.65000000000009
-16.649999999999864
-16.65000000000009
-16.649999999999977
-16.649999999999977
-16.65000000000009
-16.649999999999864
-16.65000000000009
-16.649999999999977
-16.649999999999977
-16.65000000000009
-16.649999999999864
-16.65000000000009
-16.649999999999977
-16.649999999999977
-16.649999999999977
-16.649999999999977
-16.650000000000034
-16.650000000000034
-16.649999999999977
-16.649999999999977
-16.649999999999977
-16.65000000000009
-16.649999999999977
-16.649999999999977
-16.649999999999977
-16.649999999999977
-16.65000000000009
-16.649999999999977
-16.649999999999977
-16.649999999999977
-16.649999999999977
-16.649999999999977
-16.65000000000009
-16.649999999999977
-16.649999999999977
-16.649999999999977
-16.649999999999977
-16.65000000000009
-16.649999999999977
-16.649999999999977
-16.649999999999977
-16.649999999999977
-16.649999999999977
-16.65000000000009
-16.649999999999977
-16.649999999999977
-16.65000000000009
289.0367025226959
288.1347332639411
287.22001784205105
286.2921486845177
285.35069765382326
284.395214615894
283.4252258804676
282.44023249927363
281.4397084060721
280.4230983804563
279.38981581485075
278.33924026126545
277.2707147310262
276.1835427168059
275.0769849017183
273.9502555148801
272.8025182865363
271.63288194837975
270.4403952158395
269.2240411785618
267.9827310126845
266.7152969133465
265.4204841275803
264.096941945566
262.7432134812171
261.3577240400076
259.93876783125313
258.48449273167745
256.99288274435884
255.4617377185116
253.8886497963396
252.27097592709993
250.60580562704058
248.8899229554082
247.11976140525059
245.29135005091982
243.40024880457867
241.4414700228523
240.02722238260293
237.9224151213946
235.7307812318416
233.44391979741596
231.05209711499245
228.54394267574952
225.90605192725627
223.12245889371377
220.17392331135403
217.03694693340105
213.6824456321001
210.06913735056634
206.51785069375805
204.2124000748223
204.19077510472385
205.93353942110033
209.03819840295995
213.28728512861693
218.7775613820496
226.0610429315838
234.85493755574893
240.99587827091506
243.83039806554024
271.70100584889593
270.94576390578123
270.17654286035395
269.40180384982966
268.61547515117394
267.8111614207225
267.00046922334985
266.17072472226
265.33394617955054
264.47692490329007
263.60551700721044
262.72593086934023
261.8240937261538
260.9131995478177
259.98570494300566
259.03357480516036
258.07079667236707
257.0815269683052
256.0727589057469
255.0511108466012
253.99975334545243
252.93424411657784
251.83648091800157
250.72274394930406
249.57803719399865
248.4109702921627
247.21506389982508
245.98870480204752
244.73013601106533
243.4374388733773
242.10851227560133
240.7410483617677
239.33250403046117
237.88006729383875
236.38061733763604
234.83067680172314
233.22635437618138
231.56327884841886
229.83651136070793
228.04043695452935
226.16863758791445
224.2137285574543
222.16715057431193
220.0189020044731
217.75721824027914
215.35963751079024
212.79575047703668
211.9843600214058
212.002446163225
212.56342691829832
213.36233023780886
214.1801755381395
214.99034299459618
215.80028711474435
216.76994757003473
217.79337437123075
218.83005763361984
220.20144382581424
222.4100091651042
225.2056314214509
227.9735030279457
1000.0
983.35
966.7
950.05
933.4
916.75
900.1
883.45
866.8
850.15
833.5
816.85
800.2
783.55
766.9000000000001
750.25
733.6
716.95
700.3
683.6500000000001
667.0
650.35
633.7
617.05
600.4000000000001
583.75
567.1
550.45
533.8000000000001
517.1500000000001
500.50000000000006
483.85
467.20000000000005
450.55000000000007
433.9000000000001
417.25
400.6
383.95000000000005
367.30000000000007
350.6500000000001
334.0
317.35
300.70000000000005
284.05000000000007
267.4000000000001
250.7500000000001
234.10000000000002
217.45000000000005
200.80000000000007
184.1500000000001
167.5000000000001
150.85000000000002
134.20000000000005
117.55000000000007
100.90000000000009
84.25000000000011
67.60000000000014
50.950000000000045
34.30000000000007
17.65000000000009
1.0
1000.0
983.35
966.7
950.05
933.4
916.75
900.1
883.45
866.8
850.15
833.5
816.85
800.2
783.55
766.9000000000001
750.25
733.6
716.95
700.3
683.6500000000001
667.0
650.35
633.7
617.05
600.4000000000001
583.75
567.1
550.45
533.8000000000001
517.1500000000001
500.50000000000006
483.85
467.20000000000005
450.55000000000007
433.9000000000001
417.25
400.6
383.95000000000005
367.30000000000007
350.6500000000001
334.0
317.35
300.70000000000005
284.05000000000007
267.4000000000001
250.7500000000001
234.10000000000002
217.45000000000005
200.80000000000007
184.1500000000001
167.5000000000001
150.85000000000002
134.20000000000005
117.55000000000007
100.90000000000009
84.25000000000011
67.60000000000014
50.950000000000045
34.30000000000007
17.65000000000009
1.0
0.0
143.96690491202204
289.96827567558336
438.0691665616083
588.3379143040945
740.8463665949273
895.6701310230457
1052.888846708641
1212.5864811790013
1374.8516553740585
1539.7780000647185
1707.4645474252216
1878.0161620338872
2051.5440161985966
2228.1661152314323
2408.0078791519068
2591.202788305527
2777.8931015757253
2968.23065728075
3162.377768531366
3360.508226839758
3562.808430189859
3769.4786546990626
3980.734492540086
4196.808483102321
4417.951969649266
4644.437220224316
4876.55985959848
5114.641669067875
5359.033823460108
5610.1206505458
5868.324018178297
6134.108480258423
6407.9873458952725
6690.529879464838
6982.36989622149
7284.21609626477
7596.864577213868
7921.214099679165
8258.284877886843
8609.241931014403
8975.424398691983
9358.38276238086
9759.926698691688
10182.18746102769
10627.700470691145
11099.516587508853
11601.355008200137
12137.818473209556
12714.677914447724
13341.633077609207
14037.510865344984
14830.158473509096
15753.738739028287
16864.184979056954
18247.3680872699
20071.89856518412
22702.159707060087
27195.61217081664
39860.31387361263
52525.0155764087
0.0
134.83933208292171
272.1744641358159
410.4947622469726
550.8842592697439
694.4847666143453
839.224072230424
987.36493668641
1136.7616443625448
1289.7724477552065
1445.351808449315
1602.3912954919488
1763.4034309320425
1926.0325906666337
2091.625556157396
2261.6168986848097
2433.5093121735226
2610.131475920738
2790.2348362041603
2972.6377643981236
3160.3449548258945
3350.5787654073315
3546.571132927041
3745.4154242754375
3949.7889971726536
4158.154704313667
4371.669354349473
4590.620967333481
4815.323232221694
5046.118701435838
5283.382503406814
5527.526677958863
5779.005265150774
6038.320311467157
6306.029000622193
6582.752173290316
6869.184575883785
7166.106635644036
7474.400125999198
7795.067530012229
8129.25471160161
8478.280120416974
8843.671914157188
9227.21576384135
9631.012098151112
10059.071195141794
10516.822275201828
11010.304523681067
11547.34243738772
12137.395445533459
12791.6739984102
13525.179998078058
14358.817973423662
15323.177016555444
16466.887247110335
17867.338988866253
19670.613102951174
22196.490330098964
26394.411482016752
38232.42199395098
50070.432505885285
427.1855351660884
427.8497855044134
425.9014350922078
423.65203913386125
421.2388380150468
418.73672351217203
416.1677332194497
413.5513475799985
410.9174242321786
408.28424174026304
405.6605688542325
403.06444429492103
400.50349873512863
397.97891001422465
395.47754722415874
392.9986623403795
390.54001360711004
388.0874247417703
385.6520441317234
383.2351592937199
380.83249013408556
378.4570119498773
376.1092162736662
373.78182225581395
371.4844695944065
369.2187825224682
366.9772750527876
364.7691008387619
362.5929980497786
360.44662935404284
358.3396587393452
356.2735160329263
354.24310873079247
352.2601507531742
350.3210333829116
348.42529714825207
346.58741924735585
344.8009945513787
343.06351417906956
341.391620542463
339.77873374473916
338.2264202300594
336.7578551165697
335.3681409282085
334.06331467472216
332.87367705354086
331.78814742197017
330.81869916195336
329.95378764551805
329.1646124279526
328.4527017353104
327.9725548694964
327.992588369174
328.401956586895
329.07669630697836
329.87174236661883
330.7465851569931
331.6568216455505
332.6084246595993
333.55672927952
334.7585135812391
354.6329811400119
351.6845273247304
350.81678925010374
350.3018874868186
347.7351177256751
345.9938010984972
345.7407708494627
343.2480738453653
342.8459501791177
340.3668186304206
339.9210985413725
338.73663047192116
336.2257235176219
335.67917324579213
333.30337001318793
331.6120439016587
331.1524177321775
328.9126863819829
328.34899615702494
327.13540515213396
324.8746288576101
324.2120483230159
322.0615284888634
321.3974786865225
319.3229744777608
318.2471286855825
316.5064674809436
315.0575971700296
313.6833189372877
312.35420687054966
311.0652229810775
309.814463894895
308.5973573191509
307.4159750233173
306.27150728964114
305.16770535920955
304.1101452787918
303.09512532987617
302.16580663118754
304.92117272147686
304.0258951433656
303.17076107913994
302.36864585073636
301.6006157528201
300.86697601126633
300.2065067856413
299.7439085220708
299.53386520892104
299.5384148998319
299.7376515248959
300.064476749008
300.444019369363
300.8360682942568
301.2210144918291
301.5949139142025
301.93787693497336
302.24412024362755
302.5401413320185
302.88607978141835
303.3704087261857
304.3101268056374
395.748389630552
395.9223549150409
393.4760585587719
390.7218347364896
387.7972457240734
384.7769725247914
381.6834586035857
378.5364749709655
375.3659711917642
372.19034199104
369.0184363760144
365.8683831822708
362.7480594229489
359.6589226134936
356.5883863447831
353.5360696495918
350.4999903253187
347.4662966813712
344.4461202308688
341.4408233397188
338.4462468643491
335.4753290087463
332.5285824696345
329.5988009493665
326.6955817192282
323.82056477565
320.9663201105889
318.1420044094591
315.3463532271347
312.5770465810311
309.8436941598335
307.1477247216157
304.4840516234492
301.8643507968434
299.285024117659
296.7456199188583
294.260571566924
291.8234923015218
289.4318931569572
287.1023877611959
284.8284337052069
282.611618964293
280.4751099780252
278.4140871035728
276.434631212724
274.56706123435
272.8004593027645
271.1469057093038
269.5950386787755
268.116287558111
266.7123644249382
265.5380398308531
264.8622903897423
264.5752909694835
264.5548334082888
264.672618746937
264.8954477641683
265.2303727438428
265.7805508210767
266.5945169868124
267.1858768961066
309.0158743200536
305.7879963140853
304.6341497143442
303.826666938363
300.9609721876048
298.9139717489163
298.3484234133547
295.5365042465397
294.8083366645365
291.9966406740789
291.2119350426092
289.6823639741725
286.8205340457976
285.9173709281413
283.179674820799
281.1213109226803
280.2897021784779
277.6730642932901
276.727628681647
275.127372100213
272.474994873861
271.4158965977262
268.8637676624739
267.7930767820162
265.3066989740222
263.8137226833798
261.6505524638813
259.7736881722962
257.9658114800446
256.1973876115716
254.4632230109161
252.7612961749143
251.0869139266059
249.4419789233993
247.8275496853356
246.247237561954
244.7064133750713
243.2012659421561
241.7748170051785
239.7504658184435
238.3581858274963
236.9945686146957
235.6736048783979
234.3777296021837
233.107797448795
231.9025395169898
230.8872817710828
230.1168966936696
229.553566294188
229.1776048559384
228.9221587479863
228.7130902417945
228.5128559460402
228.304774732227
228.0898316787386
227.8621389679469
227.6199131214837
227.4076142122193
227.300967624924
227.3976658691259
227.6769887986466
31.43714553553639
31.92743058937249
32.42537653343591
32.93020439737167
33.44159229097342
33.95975098738064
34.48427461586404
35.01487260903296
35.5514530404144
36.09389974922305
36.64213247821812
37.19606111265022
37.7554393121797
38.31998740073106
38.88916087937563
39.46259269078767
40.04002328179135
40.62112806039909
41.20592390085457
41.79433595400109
42.38624326973642
42.98168294113101
43.58063380403175
44.18302130644749
44.78888787517834
45.39821774681822
46.0109549421987
46.62709642930279
47.24664482264387
47.86958277301175
48.49596457951175
49.12579131131059
49.75905710734328
50.39579995633081
51.03600926525258
51.67967722939374
52.32684768043184
52.97750224985693
53.63162102211236
54.28923278126705
54.95030003953223
55.61480126576642
56.28274513854449
56.95405382463571
57.62868346199818
58.30661581919085
58.98768811920563
59.67179345264957
60.35874896674257
61.04832486984156
61.74033731037222
62.43451503864328
63.13029797943166
63.8266656174115
64.52186289868955
65.19912361968183
65.85113739282481
66.42644890170773
66.82787383852256
66.96221229270763
67.57263668513248
45.61710681995825
45.89653101064512
46.18263953575958
46.47522054845561
46.77414553807028
47.0798293495809
47.39234743610802
47.71156959882559
48.03761351458123
48.3701779563417
48.70916349876331
49.05426649774862
49.40518947182428
49.76180231765086
50.12369519238893
50.49073297897836
50.86271555369963
51.23962208869281
51.62136747537796
52.00803305192095
52.39963398374909
52.79615172528966
53.19776082638951
53.60440190450629
54.01627550373862
54.43340600220269
54.85591501706231
55.2839089977334
55.71750745724316
56.15681925897801
56.6019999701614
57.05316771998072
57.51044339254499
57.97399609991799
58.44395760430552
58.92046779725556
59.40373190372048
59.89385938772008
60.39098962600901
65.17070690303338
65.66770931586927
66.17619246444423
66.69504097233849
67.22288615063636
67.75917856247133
68.30396726865148
68.85662675098797
69.41696851525143
69.98484860564388
70.5600466689575
71.14231800102172
71.73092912756849
72.3232123482166
72.91623975960212
73.50508223546389
74.0757379670265
74.62420712214384
75.13252711979918
75.58511215649435
75.97274285705983
76.63313800699083
583.2141439440272
578.7683054893823
574.2813052883814
569.7725359720647
565.2589252144223
560.7872444176362
556.352898410259
551.9549237205214
547.603311890522
543.295527138398
539.0246005806039
534.8111341675931
530.6637937923214
526.5917942792827
522.5632334684874
518.5613586975812
514.5729439261971
510.5538871963733
506.52134551835303
502.48191074996566
498.4272181059955
494.37618640977337
490.3392507706084
486.304583203621
482.2997402743264
478.332594831365
474.3921642790706
470.4956266301878
466.64166332946
462.8157662567686
459.0352780023003
455.2972676023669
451.5887219146855
447.9245160135547
444.297028165852
440.68983714869046
437.126039232593
433.5850295147075
430.0374886361904
426.52065846010055
423.0100322746615
419.49624524758195
416.0408418806564
412.6117612928226
409.208596317787
405.96455702361334
402.9188727086331
400.24842678666516
398.03561447916195
396.28474925846916
395.1586272928094
394.7713195627522
395.0812342704063
395.71693789409477
396.5853994596275
397.5464481839718
398.56079472440337
399.5848198514207
400.62250478131415
401.62889978765435
402.8602621655435
360.7776493017978
358.7538577405437
356.3430501358862
352.1117122869882
349.4041154210338
347.4615840211176
343.21929963858156
341.1608121402346
336.9266992920162
334.8948924300712
331.3962413729106
327.1733584836803
324.9692982111918
320.76096646183123
317.94699266930706
315.817543738155
311.88830037234027
309.82437659818993
306.5062488448217
302.6741626811561
300.470303700618
296.6228761287383
294.35679539509533
290.4871640593989
287.8893739035598
284.46842894246123
281.5687167120022
278.6718621069763
275.77613466763387
272.87333528032985
269.9772049761309
267.0869648009704
264.1980438343884
261.32129621550064
258.4520873163069
255.57817567892562
252.73418355723595
249.92502714134991
247.18884521091866
248.1995317584071
245.57916698672543
243.03593504502504
240.65564945172355
238.425400043021
236.39116350454782
234.7943872873739
233.65190599783412
232.91087294077712
232.52312251090177
232.3918510489837
232.422268178502
232.53423102628344
232.68635134969932
232.85823988604199
233.04536924861668
233.22776700352625
233.39948035398228
233.58697069847443
233.8504540091471
234.27885031007716
235.1901328536042
309.8476617588532
303.3602369240539
296.763032110669
290.0805222758268
283.3367669300663
276.5978992430734
269.8633754239759
263.1376868302474
256.4432230358269
249.7902166358175
243.1864782812274
236.6707504488803
230.2632666854934
223.9813947772246
217.779453484941
211.6306378108765
205.513697231024
199.3642830148117
193.2041914081131
187.0375118332743
180.8450973401037
174.6517624476016
168.4685609060448
162.2756847457453
156.1091134888079
149.9774316223315
143.8614116738698
137.7832481466657
131.7420148827367
125.7173455130084
119.739008550753
113.8051711486785
107.9001751521114
102.0509729896046
96.24779355675386
90.47055828241368
84.76268362108964
79.10112242152672
73.4527737371228
67.87813950979007
62.34207401862219
56.82865118042526
51.42108622346596
46.0743857238335
40.8035808798059
35.8076727118449
31.13029685546541
26.97548159862497
23.41308874396381
20.41613603524811
18.1463236479623
16.69376721699619
15.98406412476865
15.62435454236997
15.48821656925979
15.33784491546272
15.07571923210428
14.36103215667465
12.4878046888318
7.490342713649203
0.0
207.7001100473802
204.6233430082543
201.1338441301718
195.8001920723061
191.9680416112504
188.8881027456045
183.5021365090345
180.2962468471307
174.9202680656737
171.7519660232843
167.1279494012605
161.7898803973041
158.4784754400434
153.1736281742963
149.2645589964059
146.0399707922659
141.0127049258122
137.8422497795899
133.410485058901
128.4572111012941
125.1199308765854
120.1287269379575
116.7086286401732
111.6725321821793
107.8977824085031
103.290862247708
99.1946403129116
95.09317112329877
90.98577569894834
86.86414233391685
82.7471358138767
78.6346861609876
74.5218404788315
70.42574333432574
66.3425670161672
62.26048483516301
58.22488294163763
54.23869216727491
50.33683286851645
45.6774628598134
41.91063657043022
38.23646920498773
34.76307475035236
31.4674984599869
28.39807937706614
25.81986558220628
23.7333419614253
22.08801952506884
20.82127206561326
19.81923459345263
18.976487535355
18.19476686470153
17.40655928700641
16.56694651179926
15.63373199612738
14.50071935210806
13.10276496484248
11.30768487272502
8.935435349365688
5.402941066424352
0.0
273.3664821851741
275.4080685653285
277.5182731777124
279.6920136962379
281.9221582843561
284.1893451745628
286.489522986283
288.817236890274
291.1600888546951
293.5053105025805
295.8381222993765
298.1403837187128
300.400527106828
302.6103995020581
304.7837799835464
306.9307208867047
309.0592466951731
311.1896041815616
313.3171541102399
315.4443989166914
317.5821207658918
319.7244239621717
321.8706898645636
324.0288984578757
326.1906267855185
328.3551632090335
330.5307526052008
332.7123784835221
334.8996484467233
337.0984207437602
339.2962694515473
341.4920964536884
343.6885467625741
345.8735430239501
348.0492346090981
350.2192788662768
352.3633556115033
354.4839070931808
356.5847148990676
358.6425189503105
360.6679582560393
362.6675940671567
364.6197556571904
366.5373755689891
368.4050154379811
370.1568843117684
371.7885758531677
373.2729451880402
374.6225257351981
375.8686132232211
377.0123036448471
378.077552345756
379.0971701456377
380.0925833517248
381.0971828903677
382.2086032685091
383.4850754922991
385.2237876947461
388.1347000924824
394.1385570740051
402.8602621655435
153.0775392544176
154.1305147322894
155.2092060057144
156.3115202146821
157.4360738097834
158.5734812755131
159.7171631295471
160.8645652931039
162.0064312263425
163.1429264067869
164.2682919716501
165.3834780863762
166.4908227711484
167.5873382875349
168.6824336729012
169.7775729458891
170.8755954465281
171.9821268186
173.0957637859207
174.216951579862
175.3503728240326
176.4941491907808
177.6481667549221
178.8146318772196
179.9915914950567
181.1775666947532
182.3740763990906
183.5786909836775
184.7903589686855
186.009192946413
187.2300691622542
188.4522786399828
189.6762033555569
190.8955528811749
192.1095203001397
193.3176908437626
194.5093006155983
195.686334974075
196.8520123424022
202.5220688985937
203.6685304162952
204.7994658400373
205.8925747013712
206.9579015830341
207.9930841274817
208.9745217051676
209.9185640364088
210.8228534157083
211.7018504452885
212.5726164555311
213.445780643147
214.3394641615819
215.2797920626929
216.2912933742427
217.4116372524893
218.7270476514182
220.2967153891398
222.2792858257494
224.9150186597814
228.8759092436528
235.1901328536042
156.028608777939
150.91851998496898
148.3798701961736
146.1204968382035
144.0200871993757
142.05052090546417
140.18516519080902
138.40357614052292
136.6858876583434
135.01128539813487
133.36403172637137
131.746689872672
130.1602950571928
128.6128842650579
127.08568624432857
125.56269635720162
124.03293031908703
122.46646245460312
120.86930138662967
119.2467514562459
117.59472797190989
115.91917445989597
114.23003449694221
112.52276094780703
110.81527067991979
109.1138123088968
107.41488922628301
105.72652579142579
104.04866527968133
102.36913690272567
100.69561926295512
99.02375156944063
97.345613183893
95.66436526038052
93.97599478294049
92.2645400004385
90.53861998523712
88.78403496332868
86.97397445712087
85.12903791763756
83.2312985299223
81.2698250175226
79.28298676408662
77.2436203646142
75.14528164306478
73.09087997007242
71.13072528666311
69.4297276247118
68.08182683364379
67.12013683051671
66.70592555749897
66.7987646932558
67.08864590123238
67.31498130719982
67.5087031526491
67.67470581735301
67.81420956741027
67.92799820587021
68.01408012171481
68.0721705081342
68.1017485843044
6.144668161785901
7.0693304158132975
5.526260885782406
1.8098248001695936
1.6689976953586978
1.4677829226203016
-2.5214712108810886
-2.0872617051307003
-5.919250887101597
-5.471926200349387
-8.524857168462006
-11.5632719882409
-11.256425306430103
-14.918206783961011
-15.356377343880794
-15.794500163503585
-19.2641173598372
-19.088309783793093
-21.842747312203286
-24.461242470977908
-24.4043251569921
-27.58917219427741
-27.704733093768084
-30.91031462712361
-31.433600574200995
-33.778699743121294
-34.93775076894141
-36.385735063053176
-37.9071842696539
-39.480871590219806
-41.088018004946605
-42.72749909392451
-44.3993134847625
-46.09467880781659
-47.819419973334305
-49.5895296802839
-51.37596172155591
-53.17009818852631
-54.97696142026882
-56.7216409630698
-58.44672815664009
-60.13482603411501
-61.71299639901281
-63.175215709799204
-64.47581250671851
-65.41211949826737
-66.09200252423668
-66.6229922681438
-67.01529238893008
-67.3458004759122
-67.642208570506
-67.9097883430795
-68.1497169445575
-68.3627746057872
-68.54954466558581
-68.7101099314471
-68.84463988964521
-68.95317063354412
-69.0356257722712
-69.09155841610863
-69.11999395203318
85.90072787169879
92.56211799098702
96.71302644810288
100.6413124606628
104.460478794007
108.179073281718
111.8200831796099
115.3987881407181
118.9227481559373
122.4001253552226
125.831958094787
129.1976327333906
132.4847927374555
135.6775278362691
138.8089328598422
141.9054318387153
144.9862930942947
148.1020136665594
151.2419288227557
154.4033115064444
157.6011495242454
160.8235665611447
164.0600215635896
167.3231162036212
170.5864682304203
173.8431331533185
177.1049084367191
180.3587562627934
183.6043383443981
186.8597010680227
190.1046856090805
193.3425535729372
196.5838764713378
199.8133778072388
203.0372305609051
206.2750616364446
209.4978879458344
212.7223698799952
215.9791194198344
219.2242482514058
222.4863596865847
225.7829677838678
229.0540237545593
232.3397013797393
235.6310503329181
238.7593885225051
241.670162447299
244.1714241106788
246.1819499348117
247.7001515228629
248.5660407769759
248.8442726138569
248.8782262649736
248.9509364271136
249.066616839029
249.3347738314743
249.819728532064
250.8693405871682
253.292746132245
259.1041742731632
267.1858768961066
101.3157642726734
101.164653305831
103.5003055841724
108.0264748660569
108.9929305763544
110.0258690033118
114.8462869043202
115.240257399409
119.8880685988629
120.2446746507946
124.0839856413488
127.8924835768684
128.3420586057542
132.7437427538451
133.9151158243931
135.0813401304144
139.2769972526657
139.8308145137003
143.317143622746
146.6701609989189
147.3550639972756
151.2871696597686
152.1551390223007
156.1205445998369
157.4089165655191
160.5228604356718
162.4559121509697
164.6805170489974
166.9800357810962
169.3332452776548
171.7160871970394
174.1266100139266
176.5650734477744
179.0162355890735
181.4849826691684
183.986752726791
186.4815304334337
188.9625737748812
191.437984136662
194.0730029586301
196.447549257066
198.758099409708
200.9105301280455
202.9102311421969
204.7097180717289
206.0826739347835
207.1539398096575
208.0288771686007
208.7322942285747
209.3583702624858
209.9456712126313
210.518323377093
211.1062966590338
211.7378282204278
212.4560996826112
213.3614196158388
214.5171481566412
216.0999293394943
218.3655322755583
221.9947248027015
227.6769887986466
241.9293366496378
243.480637975956
245.0928966442765
246.7618092988663
248.4805659933827
250.2295941871822
252.0052483704189
253.802364281241
255.6086358142807
257.4114107533575
259.1959898211584
260.9443226060626
262.6450877946483
264.290412101327
265.8946191041708
267.4681281959169
269.0192234133817
270.5684761211625
272.1112302093854
273.6500629626903
275.1958774961553
276.7427410210407
278.2900560605318
279.8458771514282
281.4017389103401
282.9569454622153
284.5197976630021
286.0852820542192
287.6530036240794
289.2288379707484
290.8003048720356
292.3663051423778
293.9294896552308
295.4777430676193
297.0132253438456
298.5396016368831
300.0365079310715
301.5064048433239
302.9530938769553
304.3532861690434
305.717658216507
307.0527928013904
308.3370105186459
309.5833217443535
310.7763319759829
311.8502684925775
312.8008877339621
313.6011517353906
314.2637767684555
314.8202883533796
315.2719663344749
315.6430373071127
315.966872166206
316.2659177343134
316.5753199916781
317.0094796488273
317.6339380994743
318.7973387930384
321.3068262539598
327.1763447812974
335.287625480411
107.4604324344593
108.2339837216443
109.0265664699548
109.8362996662265
110.6619282717131
111.4936519259321
112.3248156934391
113.1529956942783
113.9688177117613
114.7727484504452
115.5591284728868
116.3292115886275
117.0856332993241
117.8255359698841
118.5587384805123
119.2868399669108
120.0128798928285
120.7425047299072
121.4743963105427
122.208918527941
122.9507388402835
123.6979974654912
124.4504059285326
125.2102299727133
125.9753159913181
126.7441606925505
127.5181613820283
128.2947819859442
129.0728515114423
129.852373687435
130.6280691920928
131.3991109200021
132.1657599630119
132.9215567812569
133.6655626958341
134.3972230465071
135.1055687118778
135.7924755863549
136.4610227163932
137.3513619955603
138.0008211004259
138.623273375593
139.1975337290327
139.7350154323977
140.2339055650104
140.6705544365161
141.0619372854208
141.4058849004569
141.7170018396446
142.0125697865736
142.3034626421253
142.6085350340135
142.9565797144763
143.3750536146406
143.9065550170254
144.6513096843917
145.672508266996
147.1467587059502
149.3299065032871
152.9031663865929
158.5569948466134
-2.9821525513620255
-1.7008588245271465
-1.579399944791386
-1.5160703420718555
-1.462037859451428
-1.4230223063169525
-1.3929749872541222
-1.3715084189026534
-1.3539397069426933
-1.3397654610700975
-1.3145141813493966
-1.2816680696792235
-1.2422112447938365
-1.2145413920414079
-1.199445716976174
-1.1925695659610935
-1.2084100178715556
-1.2195165232110194
-1.2290572378952238
-1.2438240911747613
-1.2535178075439397
-1.2580183226049024
-1.2677536309080952
-1.2652169596426361
-1.2599246064637233
-1.2598998570914401
-1.254556409026397
-1.249635127652001
-1.2538530880233572
-1.2505357315088208
-1.2492897139781234
-1.2532662051494348
-1.2527786475495664
-1.2558936944266423
-1.2692315921449553
-1.273448263213076
-1.2851532079257209
-1.3108035780251421
-1.1925012955752403
-1.323194387292086
-1.3543566529846363
-1.3658398119431432
-1.391887559768883
-1.414320535317776
-1.3632969903879206
-1.2760362234143405
-1.092646491722032
-0.8607117889432871
-0.6192132364712992
-0.29116359751738385
0.013692565792159606
0.15920871643168238
0.17527442650720448
0.21079679019026187
0.2416500457939846
0.27195074122036206
0.21556248585525517
-0.12100576028212706
-1.1325765183954961
-1.2280085606620457
0.0
0.4686197153340787
-0.7813674953563516
-1.8822489246920897
-0.07107171697652664
-0.10165826682277285
-2.0204340904500566
0.22020543403125498
-1.9407787132364105
0.2268410356713908
-1.5461675782983857
-1.5388198119430927
0.1556688808684479
-1.8545866115424625
-0.22171602294065462
-0.221693460650857
-1.7572530223160925
0.08928443891876459
-1.3949874179934065
-1.3261269739291468
0.029066197351147627
-1.6130001468824897
-0.05829674356269349
-1.623498910813094
-0.2648198461573767
-1.1876313555033153
-0.5868544687759794
-0.733208535918956
-0.7704206471348889
-0.7968806344544213
-0.8138300618593467
-0.8302101935417914
-0.8465895471487497
-0.8585223717916353
-0.8734060171637514
-0.8963907052062623
-0.904665947378824
-0.9085753189402657
-0.9150277047535271
-0.8834590401458752
-0.8736113163998689
-0.8548834983087124
-0.7992166365711021
-0.7404950140866218
-0.658639760834173
-0.47413388079544516
-0.34426046546969513
-0.26885582579038747
-0.1986150617812305
-0.1673201531946384
-0.1500487879925522
-0.13544172252892978
-0.12142178227680672
-0.10778833740311172
-0.09443684693276794
-0.08109547418756391
-0.06781988571481523
-0.05450649706794641
-0.041073168725952014
-0.02719715181569793
-0.012608201087465076
0.0
-3.37422922809974
-2.10258165163029
-1.989815525371336
-1.934542556159676
-1.883599366377538
-1.844300033065762
-1.812740383355191
-1.785010135884044
-1.761414295340753
-1.738344418871109
-1.704833005496401
-1.665062571705631
-1.617233024200593
-1.58616717627218
-1.568486032523643
-1.560564973697556
-1.578222448057216
-1.590477858835107
-1.60135191926736
-1.619817832789758
-1.632267973549331
-1.639378698608055
-1.652872615367318
-1.653002990850313
-1.649615736684163
-1.652204314663318
-1.648188777705456
-1.644001886368618
-1.648956126787305
-1.64369921098977
-1.640094413437549
-1.641844459735835
-1.635856421054177
-1.632995214769492
-1.640075728202854
-1.632475284512197
-1.633313916898676
-1.649658598151609
-1.643772299228055
-1.652374587404461
-1.669848364417855
-1.656905310364348
-1.664311694475653
-1.667184422292632
-1.584613716605576
-1.474409736939378
-1.266977321634978
-1.018402297141456
-0.7690226935840933
-0.4386034712282921
-0.1409342463629979
-0.0171987227811503
-0.0368302636355387
-0.0585962119037831
-0.1358309820360701
-0.2456466737019381
-0.5316655549482596
-1.227540449561735
-2.943693484233726
-4.093667645164055
0.0
0.0765430385963642
-1.183090322459495
-2.29266450527204
-0.4895439310643471
-0.5232197737488828
-2.441711817198866
-0.1995599620698138
-2.354280430217801
-0.1806335527266688
-1.944746536099397
-1.929138636090097
-0.2277256211579596
-2.229608390949219
-0.5933418071714268
-0.5907337761983258
-2.125248430052555
-0.2805279912668959
-1.765948753617494
-1.698421655301283
-0.3469275442638492
-1.991750312887881
-0.4396571195658461
-2.008617895272317
-0.6526058773650535
-1.577322485723755
-0.9791589263478572
-1.126840904598015
-1.164787405851506
-1.191983673218369
-1.206993541340296
-1.221014893001217
-1.23516780173515
-1.241600145296246
-1.250507537506601
-1.267234841264161
-1.263692968677945
-1.256736027913221
-1.253882724879994
-1.33473004379869
-1.202791516512244
-1.170375209741931
-1.090282134992307
-1.012919148793392
-0.9115036478090291
-0.6954506070131007
-0.5426339789947326
-0.4431866557033336
-0.3563055699793992
-0.3171296103074325
-0.2974886617034604
-0.2900685346840873
-0.2978292214896394
-0.3198930275458549
-0.3638298490268129
-0.4585765020176186
-0.5854173006371154
-0.8017345378714612
-1.14760785800556
-1.838314117653928
-2.878267285589474
0.0
0.3920766767377145
0.4017228271031434
0.4104155805799502
0.4184722140878205
0.42156150692611
0.4212777267488094
0.4197653961010688
0.4135017169813906
0.4074745883980596
0.3985789578010114
0.3903188241470043
0.3833945020264075
0.3750217794067566
0.3716257842307722
0.3690403155474688
0.3679954077364624
0.3698124301856605
0.3709613356240875
0.3722946813721361
0.3759937416149968
0.3787501660053913
0.3813603760031526
0.3851189844592228
0.3877860312076768
0.3896911302204398
0.3923044575718779
0.3936323686790591
0.394366758716617
0.3951030387639478
0.3931634794809492
0.3908046994594256
0.3885782545864003
0.3830777735046107
0.3771015203428496
0.3708441360578986
0.359027021299121
0.3481607089729553
0.3388550201264669
0.4512710036528148
0.3291802001123751
0.3154917114332187
0.291065498421205
0.2724241347067702
0.2528638869748561
0.2213167262176555
0.1983735135250375
0.1743308299129461
0.1576905081981687
0.1498094571127941
0.1474398737109082
0.1546268121551575
0.1764074392128327
0.2121046901427432
0.269393002094045
0.3774810278300547
0.5175974149223002
0.7472280408035148
1.106534689279608
1.81111696583823
2.865659084502009
0.0
0.3920766767377145
0.4017228271031434
0.4104155805799502
0.4184722140878205
0.42156150692611
0.4212777267488094
0.4197653961010688
0.4135017169813906
0.4074745883980596
0.3985789578010114
0.3903188241470043
0.3833945020264075
0.3750217794067566
0.3716257842307722
0.3690403155474688
0.3679954077364624
0.3698124301856605
0.3709613356240875
0.3722946813721361
0.3759937416149968
0.3787501660053913
0.3813603760031526
0.3851189844592228
0.3877860312076768
0.3896911302204398
0.3923044575718779
0.3936323686790591
0.394366758716617
0.3951030387639478
0.3931634794809492
0.3908046994594256
0.3885782545864003
0.3830777735046107
0.3771015203428496
0.3708441360578986
0.359027021299121
0.3481607089729553
0.3388550201264669
0.4512710036528148
0.3291802001123751
0.3154917114332187
0.291065498421205
0.2724241347067702
0.2528638869748561
0.2213167262176555
0.1983735135250375
0.1743308299129461
0.1576905081981687
0.1498094571127941
0.1474398737109082
0.1546268121551575
0.1764074392128327
0.2121046901427432
0.269393002094045
0.3774810278300547
0.5175974149223002
0.7472280408035148
1.106534689279608
1.81111696583823
2.865659084502009
0.0
1.0
1.0
1.0
1.0
1.0
1.0
1.0
1.0
1.0
1.0
1.0
1.0
1.0
1.0
1.0
1.0
1.0
1.0
1.0
1.0
1.0
1.0
1.0
1.0
1.0
1.0
1.0
1.0
1.0
1.0
1.0
1.0
1.0
1.0
1.0
1.0
1.0
1.0
0.0
0.0
0.0
0.0
0.0
0.0
0.0
0.0
0.0
0.0
0.0
0.0
0.0
0.0
0.0
0.0
0.0
0.0
0.0
0.0
0.0
0.0
0.0
1.0
1.0
1.0
1.0
1.0
1.0
1.0
1.0
1.0
1.0
1.0
1.0
1.0
1.0
1.0
1.0
1.0
1.0
1.0
1.0
1.0
1.0
1.0
1.0
1.0
1.0
1.0
1.0
1.0
1.0
1.0
1.0
1.0
1.0
1.0
1.0
1.0
1.0
1.0
1.0
0.0
1.0
1.0
1.0
1.0
1.0
0.0
0.0
0.0
0.0
0.0
0.0
0.0
0.0
0.0
0.0
0.0
0.0
0.0
0.0
0.0
1.0
1.0
1.0
1.0
1.0
1.0
1.0
1.0
1.0
1.0
1.0
1.0
1.0
1.0
1.0
1.0
0.7015986081859769
0.7015986081859769
0.7015986081859769
0.7015986081859769
0.7015986081859769
0.7015986081859769
0.7015986081859769
0.7015986081859769
0.7015986081859769
0.7015986081859769
0.7015986081859769
0.7015986081859769
0.7015986081859769
0.7015986081859769
0.7015986081859769
0.7015986081859769
0.7015986081859769
0.7015986081859769
0.7015986081859769
0.7015986081859769
0.7015986081859769
0.7015986081859769
0.7015986081859769
0.7015986081859769
0.7015986081859769
0.7015986081859769
0.7015986081859769
0.7015986081859769
0.7015986081859769
1.0
1.0
1.0
1.0
1.0
1.0
1.0
1.0
1.0
1.0
1.0
1.0
1.0
1.0
1.0
1.0
1.0
1.0
1.0
1.0
1.0
1.0
1.0
1.0
1.0
1.0
1.0
1.0
1.0
0.012713954004375586
0.012522643316805774
0.012241180006835217
0.011870308005544427
0.01135040266031158
0.010807615946805646
0.010242417305406388
0.009627244491207885
0.008979260998492836
0.008306093871310167
0.007603293920370283
0.0069122527476502965
0.006252357025018315
0.005701225607961229
0.0052255857915459785
0.004805950185013031
0.004468973961144485
0.004131997737275937
0.0038109840341600974
0.0035305558891282635
0.00325012774409643
0.0029850657439348524
0.0027512965008038796
0.0025175272576729076
0.00229981876900209
0.0021087215835990263
0.0019176243981959642
0.0017410619733969394
0.0015842915630374572
0.0014275211526779757
0.0012836469802999441
0.001154287935352099
0.0010249288904042534
0.0009090354256542688
0.0008056959447637976
0.0007023564638733273
0.0006122852173578464
0.0005324474494826503
0.00045260968160745426
0.0003851992836228362
0.0003256805706096482
0.0002661618575964602
0.0002166170653874699
0.00017224112879281296
0.00012786519219815638
9.253792268836469e-05
6.333616885667669e-05
4.20429840806223e-05
2.7624225201019283e-05
1.7049318260112626e-05
1.0628768167837769e-05
6.782626702029576e-06
4.202743077801144e-06
2.924316786566879e-06
2.568634166351592e-06
2.3954756135574008e-06
2.4150621409845113e-06
2.474259716154873e-06
2.722521816921607e-06
3.959857006500464e-06
0.0004
0.0004
0.0004
0.0004
0.0004
0.0004
0.0004
0.0004
0.0004
0.0004
0.0004
0.0004
0.0004
0.0004
0.0004
0.0004
0.0004
0.0004
0.0004
0.0004
0.0004
0.0004
0.0004
0.0004
0.0004
0.0004
0.0004
0.0004
0.0004
0.0004
0.0004
0.0004
0.0004
0.0004
0.0004
0.0004
0.0004
0.0004
0.0004
0.0004
0.0004
0.0004
0.0004
0.0004
0.0004
0.0004
0.0004
0.0004
0.0004
0.0004
0.0004
0.0004
0.0004
0.0004
0.0004
0.0004
0.0004
0.0004
0.0004
0.0004
1.162045634587232e-08
1.820430393861804e-08
2.3397995420096767e-08
2.725212375375048e-08
2.960057246018744e-08
3.1556832458202534e-08
3.319749498422714e-08
3.464152348962763e-08
3.592600138599948e-08
3.705020883204817e-08
3.780025092524557e-08
3.837559316289666e-08
3.8829381782503677e-08
3.913902643840657e-08
3.937410144042347e-08
3.955735715982691e-08
3.967034486289783e-08
3.978333256596876e-08
3.9893025990365636e-08
3.999434353600619e-08
4.009566108164673e-08
4.022175415018773e-08
4.0398301931018384e-08
4.0574849711849056e-08
4.077639849341144e-08
4.101937180544153e-08
4.126234511747164e-08
4.152830315333734e-08
4.182555953655365e-08
4.2122815919769966e-08
4.2490072217123994e-08
4.2936115651879853e-08
4.338215908663571e-08
4.392681279327238e-08
4.456340102804553e-08
4.519998926281867e-08
4.592997988028456e-08
4.6732009569508185e-08
4.753403925873179e-08
4.8485534159784347e-08
4.9531943139707e-08
5.057835211962966e-08
5.2002938603837294e-08
5.362351069436888e-08
5.5244082784900455e-08
5.751180313026143e-08
6.028929328200166e-08
6.387341799947444e-08
6.840970116114401e-08
7.370642590357204e-08
8.017592488363205e-08
9.04862884477832e-08
1.0938081657783701e-07
1.4422883304751184e-07
3.6525748107579245e-07
6.672230955892941e-07
1.5515058449280014e-06
3.6506609890247675e-06
7.375069553347444e-06
2.758957962742941e-06
0.0
0.0
0.0
0.0
0.0
0.0
0.0
0.0
0.0
0.0
0.0
0.0
0.0
0.0
0.0
0.0
0.0
0.0
0.0
0.0
0.0
0.0
0.0
0.0
0.0
0.0
0.0
0.0
0.0
0.0
0.0
0.0
0.0
0.0
0.0
0.0
0.0
0.0
0.0
0.0
0.0
0.0
0.0
0.0
0.0
0.0
0.0
0.0
0.0
0.0
0.0
0.0
0.0
0.0
0.0
0.0
0.0
0.0
0.0
0.0
0.0
0.0
0.0
0.0
0.0
0.0
0.0
0.0
0.0
0.0
0.0
0.0
0.0
0.0
0.0
0.0
0.0
0.0
0.0
0.0
0.0
0.0
0.0
0.0
0.0
0.0
0.0
0.0
0.0
0.0
0.0
0.0
0.0
0.0
0.0
0.0
0.0
0.0
0.0
0.0
0.0
0.0
0.0
0.0
0.0
0.0
0.0
0.0
0.0
0.0
0.0
0.0
0.0
0.0
0.0
0.0
0.0
0.0
0.0
0.0
0.0
0.0
0.0
0.0
0.0
0.0
0.0
0.0
0.0
0.0
0.0
0.0
0.0
0.0
0.0
0.0
0.0
0.0
0.0
0.0
0.0
0.0
0.0
0.0
0.0
0.0
0.0
0.0
0.0
0.0
0.0
0.0
0.0
0.0
0.0
0.0
0.0
0.0
0.0
0.0
0.0
0.0
0.0
0.0
0.0
0.0
0.0
0.0
0.0
0.0
0.0
0.0
0.0
0.0
0.0
0.0
0.0
0.0
0.0
0.0
0.0
0.0
0.0
0.0
0.0
0.0
0.0
0.0
0.0
0.0
0.0
0.0
0.0
0.0
0.0
0.0
0.0
0.0
0.0
0.0
0.0
0.0
0.0
0.0
0.0
0.0
0.0
0.0
0.0
0.0
0.0
0.0
0.0
0.0
0.0
0.0
0.0
0.0
0.0
0.0
0.0
0.0
0.0
0.0
0.0
0.0
0.0
0.0
0.0
0.0
0.0
0.0
0.0
0.0
0.0
0.0
0.0
0.0
0.0
0.0
0.0
0.0
0.0
0.0
0.0
0.0
0.0
0.0
0.0
0.0
0.0
0.0
0.0
0.0
0.0
0.0
0.0
0.0
0.0
0.0
0.0
0.0
0.0
0.0
0.0
0.0
0.0
0.0
0.0
0.0
0.0
0.0
0.0
0.0
0.0
0.0
0.0
0.0
0.0
0.0
0.0
0.0
0.0
0.0
0.0
0.0
0.0
0.0
0.0
0.0
0.0
0.0
0.0
0.0
0.0
0.0
0.0
0.0
0.0
0.0
0.003570119022669338
0.0034996041578075655
0.003409540347023282
0.003299771279415631
0.003151251770058267
0.0029839708546992886
0.0028011180721289387
0.002604291313674109
0.0024083964683669027
0.0022150455849895105
0.0020336640534813193
0.0018666491438649583
0.0017126801861556545
0.001583721655396795
0.0014696337966006803
0.001366684215309443
0.0012803628962826381
0.0011940415772558322
0.0011119462292084807
0.0010405956371620795
0.0009692450451156782
0.0009009175021233207
0.0008387463204264312
0.0007765751387295417
0.0007168764676946636
0.0006612745364002989
0.0006056726051059345
0.0005525506983162698
0.0005028058461713033
0.00045306099402633686
0.0004067486529023704
0.000364299712480764
0.00032185077205915737
0.00028328669611704324
0.00024834448609198
0.00021340227606691685
0.00018270909280556347
0.00015529308444175237
0.00012787707607794126
0.00010572038238966507
8.690348263609823e-05
6.808658288253137e-05
5.376356942586015e-05
4.17694544908324e-05
2.9775339555804754e-05
2.1103949537266697e-05
1.4453040429115102e-05
9.93672573768964e-06
6.927207350205891e-06
4.764876598171457e-06
3.525337907350755e-06
2.8814058790235313e-06
2.5001055366884254e-06
2.35643836583194e-06
2.312563767431987e-06
2.298500334632782e-06
2.429364117616755e-06
2.7212248126938336e-06
3.176123844993294e-06
4.107939098779703e-06
0.0004
0.0004
0.0004
0.0004
0.0004
0.0004
0.0004
0.0004
0.0004
0.0004
0.0004
0.0004
0.0004
0.0004
0.0004
0.0004
0.0004
0.0004
0.0004
0.0004
0.0004
0.0004
0.0004
0.0004
0.0004
0.0004
0.0004
0.0004
0.0004
0.0004
0.0004
0.0004
0.0004
0.0004
0.0004
0.0004
0.0004
0.0004
0.0004
0.0004
0.0004
0.0004
0.0004
0.0004
0.0004
0.0004
0.0004
0.0004
0.0004
0.0004
0.0004
0.0004
0.0004
0.0004
0.0004
0.0004
0.0004
0.0004
0.0004
0.0004
1.530423069415213e-08
1.6826539649258388e-08
1.808721999581265e-08
1.9096758113918802e-08
1.9842467105754935e-08
2.052806856901885e-08
2.1163789892716428e-08
2.1754826211472416e-08
2.232117428905451e-08
2.2864743870556376e-08
2.3362715353827973e-08
2.3835625440069187e-08
2.429093676573531e-08
2.4724873785834516e-08
2.5152500193879194e-08
2.5580282996960746e-08
2.6016884610834346e-08
2.645348622470795e-08
2.6897815907637448e-08
2.7361794617209027e-08
2.7825773326780614e-08
2.830593906361297e-08
2.8819069263256004e-08
2.933219946289905e-08
2.9860472421681895e-08
3.041383564361395e-08
3.0967198865545996e-08
3.1551824608466535e-08
3.217902059273311e-08
3.280621657699968e-08
3.354295970468272e-08
3.4403001638466414e-08
3.526304357225011e-08
3.64703563005798e-08
3.8001430195198023e-08
3.9532504089816245e-08
4.2062446211803566e-08
4.536279201979365e-08
4.8663137827783724e-08
5.5497766277502105e-08
6.457675097106768e-08
7.365573566463323e-08
8.992625995249775e-08
1.099237067352801e-07
1.299211535180623e-07
1.5591366465459985e-07
1.8534955496373646e-07
2.1795727292589614e-07
2.5520913026591375e-07
2.989581120925996e-07
3.5573084478974945e-07
4.5121005984659787e-07
5.904474839433308e-07
8.009882108699423e-07
1.2359227430857984e-06
1.7346680040168692e-06
2.5195929471898077e-06
3.6181427137168562e-06
5.093409992380401e-06
2.5854019949177616e-06
0.0
0.0
0.0
0.0
0.0
0.0
0.0
0.0
0.0
0.0
0.0
0.0
0.0
0.0
0.0
0.0
0.0
0.0
0.0
0.0
0.0
0.0
0.0
0.0
0.0
0.0
0.0
0.0
0.0
0.0
0.0
0.0
0.0
0.0
0.0
0.0
0.0
0.0
0.0
0.0
0.0
0.0
0.0
0.0
0.0
0.0
0.0
0.0
0.0
0.0
0.0
0.0
0.0
0.0
0.0
0.0
0.0
0.0
0.0
0.0
0.0
0.0
0.0
0.0
0.0
0.0
0.0
0.0
0.0
0.0
0.0
0.0
0.0
0.0
0.0
0.0
0.0
0.0
0.0
0.0
0.0
0.0
0.0
0.0
0.0
0.0
0.0
0.0
0.0
0.0
0.0
0.0
0.0
0.0
0.0
0.0
0.0
0.0
0.0
0.0
0.0
0.0
0.0
0.0
0.0
0.0
0.0
0.0
0.0
0.0
0.0
0.0
0.0
0.0
0.0
0.0
0.0
0.0
0.0
0.0
0.0
0.0
0.0
0.0
0.0
0.0
0.0
0.0
0.0
0.0
0.0
0.0
0.0
0.0
0.0
0.0
0.0
0.0
0.0
0.0
0.0
0.0
0.0
0.0
0.0
0.0
0.0
0.0
0.0
0.0
0.0
0.0
0.0
0.0
0.0
0.0
0.0
0.0
0.0
0.0
0.0
0.0
0.0
0.0
0.0
0.0
0.0
0.0
0.0
0.0
0.0
0.0
0.0
0.0
0.0
0.0
0.0
0.0
0.0
0.0
0.0
0.0
0.0
0.0
0.0
0.0
0.0
0.0
0.0
0.0
0.0
0.0
0.0
0.0
0.0
0.0
0.0
0.0
0.0
0.0
0.0
0.0
0.0
0.0
0.0
0.0
0.0
0.0
0.0
0.0
0.0
0.0
0.0
0.0
0.0
0.0
0.0
0.0
0.0
0.0
0.0
0.0
0.0
0.0
0.0
0.0
0.0
0.0
0.0
0.0
0.0
0.0
0.0
0.0
0.0
0.0
0.0
0.0
0.0
0.0
0.0
0.0
0.0
0.0
0.0
0.0
0.0
0.0
0.0
0.0
0.0
0.0
0.0
0.0
0.0
0.0
0.0
0.0
0.0
0.0
0.0
0.0
0.0
0.0
0.0
0.0
0.0
0.0
0.0
0.0
0.0
0.0
0.0
0.0
0.0
0.0
0.0
0.0
0.0
0.0
0.0
0.0
0.0
0.0
0.0
0.0
0.0
0.0
0.0
0.0
0.0
0.0
0.0
0.0
0.0
0.0
0.0
0.0
0.0
0.0
2
2
2
2
1
1
289.0367025226959
271.70100584889593
68.1017485843044
-69.11999395203318
0.0
0.0
-72.75664236134298
68.75587743263941
37.0
45.0
6.265115300673023
5.601050757580543
1.0
1.0
2.0
2.0
3.0
3.0
4.0
4.0
5.0
5.0
6.0
6.0
7.0
7.0
8.0
8.0
9.0
9.0
10.0
10.0
11.0
11.0
12.0
12.0
13.0
13.0
14.0
14.0
15.0
15.0
16.0
16.0
17.0
17.0
18.0
18.0
19.0
19.0
20.0
20.0
21.0
21.0
22.0
22.0
23.0
23.0
24.0
24.0
25.0
25.0
26.0
26.0
27.0
27.0
28.0
28.0
29.0
29.0
30.0
30.0
31.0
31.0
32.0
32.0
33.0
33.0
34.0
34.0
35.0
35.0
36.0
36.0
37.0
37.0
38.0
38.0
39.0
39.0
40.0
40.0
41.0
41.0
42.0
42.0
43.0
43.0
44.0
44.0
45.0
45.0
46.0
46.0
47.0
47.0
48.0
48.0
49.0
49.0
50.0
50.0
51.0
51.0
52.0
52.0
53.0
53.0
54.0
54.0
55.0
55.0
56.0
56.0
57.0
57.0
58.0
58.0
59.0
59.0
60.0
60.0
0.0
0.0
0.0
0.0
0.0
0.0
0.0
0.0
0.0
0.0
0.0
0.0
0.0
0.0
0.0
0.0
0.0
0.0
0.0
0.0
0.0
0.0
0.0
0.0
0.0
0.0
0.0
0.0
0.0
0.0
0.0
0.0
0.0
0.0
0.0
0.0
0.0
0.0
0.0
0.0
0.0
0.0
0.0
0.0
0.0
0.0
0.0
0.0
0.0
0.0
0.0
0.0
0.0
0.0
0.0
0.0
0.0
0.0
0.0
0.0
0.0
0.0
0.0
0.0
0.0
0.0
0.0
0.0
0.0
0.0
0.0
0.0
0.0
0.0
0.0
0.0
0.0
0.5
0.0
0.0
0.0
0.0
0.0
0.0
0.0
0.0
0.0
0.0
0.0
0.0
0.0
0.0
0.0
0.0
0.0
0.0
0.0
0.0
0.0
0.0
0.0
0.0
0.0
0.0
0.0
0.0
0.0
0.0
0.0
0.0
0.0
0.0
0.0
0.0
0.0
0.0
0.0
0.0
0.0
0.0
0.0
0.0
0.0
0.0
0.0
0.0
0.0
0.0
0.0
0.0
0.0
0.0
0.0
0.0
0.0
0.0
0.0
0.0
0.0
0.0
0.0
0.0
0.0
0.0
0.0
0.0
0.0
0.0
0.0
0.0
0.0
0.0
0.0
0.0
0.0
0.0
0.0
0.0
0.0
0.0
0.0
0.0
0.0
0.0
0.0
0.0
0.0
0.0
0.0
0.0
0.0
0.0
0.0
0.0
0.0
0.0
0.0
0.0
0.0
0.0
0.0
0.0
0.0
0.0
0.0
0.0
0.0
0.0
0.0
0.0
0.0
0.0
0.0
0.0
0.0
0.0
0.0
0.15
0.0
0.0
0.0
0.0
0.0
0.0
0.0
0.0
0.0
0.0
0.0
0.0
0.0
0.0
0.0
0.0
0.0
0.0
0.0
0.0
0.0
0.0
0.0
0.0
0.0
0.0
0.0
0.0
0.0
0.0
0.0
0.0
0.0
0.0
0.0
0.0
0.0
0.0
0.0
0.0
0.0
0.0
0.0
0.0
0.0
0.0
0.0
0.0
0.0
0.0
0.0
0.0
0.0
0.0
0.0
0.0
0.0
0.0
0.0
0.0
0.0
0.0
0.0
0.0
0.0
0.0
0.0
0.0
0.0
0.0
0.0
0.0
0.0
0.0
0.0
0.0
0.0
0.0
0.0
0.0
0.0
0.0
0.0
0.0
0.0
0.0
0.0
0.0
0.0
0.0
0.0
0.0
0.0
0.0
0.0
0.0
0.0
0.0
0.0
0.0
0.0
0.0
0.0
0.0
0.0
0.0
0.0
0.0
0.0
0.0
0.0
0.0
0.0
0.0
0.0
0.0
0.0
0.0
0.0
0.5
0.0
0.0
0.0
0.0
0.0
0.0
0.0
0.0
0.0
0.0
0.0
0.0
0.0
0.0
0.0
0.0
0.0
0.0
0.0
0.0
0.0
0.0
0.0
0.0
0.0
0.0
0.0
0.0
0.0
0.0
0.0
0.0
0.0
0.0
0.0
0.0
0.0
0.0
0.0
0.0
0.0
0.0
14.999999999999998
60.0
