9.81
6.022e+23
0
0
0
3
0
1
286.4981050762872
2
2
0
0
1
1
0
1
60
7
1014.8
1.607


3
3
0
75.0
0
5.7
150.0
1000.0
287.04
9.81
79000.0
40.0
20000.0
0.0
0.0
0.0
0.0
0.0280134
0.04401
0.0319988
0.039948
0.01604
0.01801528
0.048
99000.0
2.1153802199668344e+29
0.8
1e-06
1000000.0
0.6
3.0
0.0001
1000
48
1.2698448545161236
0
1
7
1.0
1
0
1
1
0.1
1000000000000.0
1
285.841829984419
285.0776980581662
284.2752120201104
283.44970509475496
282.6057896965124
281.74520950269175
280.8686831456401
279.9770849595226
279.0693387828776
278.1462498879621
277.2072294141855
276.2516885656026
275.27886749706806
274.2882398279319
273.2795348951206
272.25200770923914
271.2050243964482
270.1385385237373
269.0514522734441
267.9402770893855
266.8024848387154
265.6417059564309
264.45548081472
263.2427622478858
262.00246027779303
260.7332182195706
259.43311139440743
258.10023865325815
256.7323833243355
255.32845318031536
253.8858808871685
252.40239298946253
250.87390800536622
249.29663495028518
247.6683505946891
245.98509074119372
244.24134329159392
242.43612129865213
240.55999691196857
238.60785684644833
236.57197077654837
234.44379864555893
232.21261565520504
229.8684911793015
227.39820846362144
224.7841579223529
222.00826561874976
219.0472070054758
215.87525232039837
213.49200491644623
212.14931035167947
211.12001719520572
210.28328158440706
209.6696018593506
209.54013583382527
210.6822883853789
214.49364875307117
222.04400732507796
232.84322781853876
252.94790628814158
1006.356725
989.4701749999999
972.583625
955.6970749999999
938.810525
921.9239749999999
905.037425
888.1508749999999
871.264325
854.3777749999999
837.491225
820.6046749999999
803.718125
786.8315749999999
769.945025
753.0584749999999
736.171925
719.2853749999999
702.398825
685.5122749999999
668.625725
651.7391749999999
634.852625
617.9660749999999
601.079525
584.1929749999999
567.306425
550.4198749999999
533.533325
516.6467749999999
499.76022499999993
482.87367499999993
465.987125
449.100575
432.21402499999994
415.32747499999994
398.440925
381.554375
364.66782499999994
347.78127499999994
330.894725
314.008175
297.12162499999994
280.23507499999994
263.348525
246.461975
229.57542499999994
212.68887499999994
195.802325
178.915775
162.02922499999994
145.14267499999994
128.256125
111.369575
94.48302499999994
77.59647499999994
60.709925
43.823375
26.936824999999942
10.050274999999957
71.1780234480991
214.5660607323327
360.04859758873295
507.689531573084
657.5579192087837
809.7273150835333
964.2758725227818
1121.286181240993
1280.8456114410126
1443.046812111831
1607.9877685625515
1775.7721759444644
1946.509899841577
2120.3177373920666
2297.3199373923585
2477.648722642317
2661.445302217823
2848.8605583244166
3040.054747329659
3235.1979305436093
3434.4736744877673
3638.080423852215
3846.2313054574224
4059.1563142318946
4277.104094750032
4500.343779549132
4729.167217530627
4963.891673755486
5204.863522467034
5452.461908358084
5707.102668404756
5969.242769340284
6239.385585454357
6518.089082305452
6805.974399353599
7103.734353976113
7412.14784774948
7732.09271645535
8064.561859491426
8410.687333222832
8771.766986823266
9149.29878378545
9545.026682870643
9960.99965451745
10399.6453933077
10863.873457526824
11357.216826347372
11884.030375424682
12451.240889955974
13069.595881260113
13752.52398324104
14517.030948339509
15387.27046233711
16400.30571615799
17618.923226832216
19162.397567349108
21286.76830500796
24673.74799043814
33026.760070448094
54964.779872378
3.519122223737253e+23
3.519122223737277e+23
3.519122223737277e+23
3.519122223737253e+23
3.519122223737253e+23
3.519122223737277e+23
3.519122223737277e+23
3.519122223737253e+23
3.519122223737253e+23
3.519122223737277e+23
3.519122223737277e+23
3.519122223737253e+23
3.519122223737253e+23
3.519122223737277e+23
3.519122223737277e+23
3.519122223737253e+23
3.519122223737253e+23
3.519122223737277e+23
3.519122223737277e+23
3.519122223737253e+23
3.519122223737253e+23
3.519122223737277e+23
3.519122223737277e+23
3.519122223737253e+23
3.519122223737253e+23
3.519122223737277e+23
3.519122223737277e+23
3.519122223737253e+23
3.519122223737253e+23
3.519122223737277e+23
3.519122223737277e+23
3.519122223737253e+23
3.519122223737253e+23
3.519122223737277e+23
3.519122223737277e+23
3.519122223737253e+23
3.519122223737253e+23
3.519122223737277e+23
3.519122223737277e+23
3.519122223737253e+23
3.519122223737253e+23
3.519122223737277e+23
3.519122223737277e+23
3.519122223737253e+23
3.519122223737253e+23
3.519122223737277e+23
3.519122223737277e+23
3.519122223737253e+23
3.519122223737253e+23
3.519122223737277e+23
3.519122223737277e+23
3.519122223737253e+23
3.519122223737253e+23
3.519122223737277e+23
3.519122223737277e+23
3.519122223737253e+23
3.519122223737253e+23
3.519122223737277e+23
3.519122223737277e+23
3.519122223737247e+23
-2.767692018384657
-2.5431587624539977
-2.4301665331233466
-2.362413022051568
-2.318774816054377
-2.2901588114290776
-2.271560523381187
-2.2573621571466553
-2.250004720537365
-2.2438300273099925
-2.2392061351709622
-2.2355556092194977
-2.2339132663965713
-2.2337527214150947
-2.232769068874078
-2.231255306170233
-2.2284954931367618
-2.2209770596350245
-2.209480364511491
-2.204674076888983
-2.212786859462424
-2.2136763250704705
-2.2127201162868286
-2.2086970076528054
-2.2002440334597355
-2.1866328106888657
-2.1689021923291514
-2.1475858015111005
-2.123641134751631
-2.0924424693719326
-2.0549447666123304
-2.0097198855823137
-1.9618953705037179
-1.9140401545186438
-1.860590477116949
-1.8015878477393394
-1.7415942178928294
-1.6636439101693667
-1.583637965433159
-1.4959217800229074
-1.4018913228831764
-1.301576169747629
-1.1982648463393295
-1.0845723857518352
-0.9578752772671788
-0.8224742081477607
-0.6696120520751665
-0.49280209227043037
-0.23302438898941988
-0.12552320644764478
-0.14965853682423197
-0.13984840929335512
-0.10824042279089702
-0.06051234120696296
-0.0014429590580357428
0.0595409614238743
0.101478308260586
0.1016507955305007
0.06942369376486635
0.029143086570782357
-2.7680141408992824
-2.543501886966027
-2.4305061474551906
-2.3627580185969066
-2.3191238285716906
-2.290472435270914
-2.2718894038755195
-2.25769622862299
-2.2503336547445656
-2.244172671139438
-2.239341380563161
-2.2358302150241514
-2.2342032330668644
-2.233872094465312
-2.2329896003433873
-2.23151910450693
-2.2287386314040702
-2.221213475504527
-2.209721922561414
-2.204899150116745
-2.2130007961259253
-2.213925239255474
-2.2129275947008296
-2.2088941717109947
-2.2004432454775156
-2.186826021659556
-2.169144938981617
-2.147791504497775
-2.123788783930735
-2.092624279827504
-2.055129921859134
-2.009907271719186
-1.9620740026278725
-1.9142077658560765
-1.8607475444284205
-1.801757246901218
-1.7417639851676086
-1.6638106373047776
-1.583805700517587
-1.4960945607732015
-1.4020812724475604
-1.3017728637278765
-1.198480083473271
-1.084821376077855
-0.9581746618480338
-0.822867556520066
-0.6701864122728693
-0.49380618647757046
-0.23566706380404412
-0.12224884074885267
-0.14667569278753945
-0.13737680316603473
-0.10655200982745328
-0.05965944210475982
-0.00158821455437419
0.058302848080984404
0.09914374732613851
0.09925511269653953
0.06785157284610932
0.027620732451339336
0.0003727431184404395
0.00036654057083825145
0.00036033802323606344
0.0003541354756338754
0.00034793292803168743
0.0003417303804294994
0.00033552783282731136
0.0003293252852251233
0.0003231227376229353
0.00031692019002074734
0.0003107176424185593
0.0003045150948163712
0.0002983125472141832
0.0002921099996119952
0.0002859074520098072
0.0002797049044076192
0.00027350235680543113
0.0002672998092032431
0.0002610972616010551
0.00025489471399886706
0.0002486921663966791
0.00024248961879449105
0.000236287071192303
0.00023008452359011498
0.000223881975987927
0.000217679428385739
0.00021147688078355093
0.0002052743331813629
0.00019907178557917492
0.00019286923797698694
0.00018666669037479888
0.00018046414277261084
0.0001742615951704228
0.00016805904756823483
0.00016185649996604677
0.00015565395236385874
0.00014945140476167076
0.00014324885715948272
0.00013704630955729472
0.00013084376195510663
0.00012464121435291868
0.00011843866675073064
0.00011223611914854261
0.00010603357154635455
9.983102394416657e-05
9.362847634197858e-05
8.742592873979051e-05
8.122338113760248e-05
7.502083353541447e-05
6.88182859332265e-05
6.261573833103845e-05
5.64131907288504e-05
5.0210643126662394e-05
4.40080955244744e-05
3.780554792228636e-05
3.160300032009831e-05
2.540045271791032e-05
1.9197905115722317e-05
1.2995357513534275e-05
6.7928099113462345e-06
-16.886549999999943
-16.886550000000057
-16.886550000000057
-16.886549999999943
-16.886549999999943
-16.886550000000057
-16.886550000000057
-16.886549999999943
-16.886549999999943
-16.886550000000057
-16.886550000000057
-16.886549999999943
-16.886549999999943
-16.886550000000057
-16.886550000000057
-16.886549999999943
-16.886549999999943
-16.886550000000057
-16.886550000000057
-16.886549999999943
-16.886549999999943
-16.886550000000057
-16.886550000000057
-16.886549999999943
-16.886549999999943
-16.886550000000057
-16.886550000000057
-16.886549999999943
-16.886549999999943
-16.886550000000057
-16.886550000000057
-16.886549999999943
-16.886549999999943
-16.886550000000057
-16.886550000000057
-16.886549999999943
-16.886549999999943
-16.886550000000057
-16.886550000000057
-16.886549999999943
-16.886549999999943
-16.886550000000057
-16.886550000000057
-16.886549999999943
-16.886549999999943
-16.886550000000057
-16.886550000000057
-16.886549999999943
-16.886549999999943
-16.886550000000057
-16.886550000000057
-16.886549999999943
-16.886549999999943
-16.886550000000057
-16.886550000000057
-16.886549999999943
-16.886549999999943
-16.886550000000057
-16.886550000000057
-16.886549999999914
286.49741693514545
285.6859874678371
284.86279331010513
284.02748654767413
283.17968666268354
282.3189869286271
281.4449555497114
280.5571333738197
279.65503803032374
278.7381558695394
277.8059443426764
276.85782896600125
275.89320209852264
274.91141891357415
273.91179275044703
272.89359383357083
271.8560445985975
270.7983128264101
269.7195106789824
268.6186990717503
267.49487839034333
266.34695559078693
265.1737614475886
263.97403554048753
262.7464163475596
261.48943084258076
260.20148394084987
258.8808436495917
257.5256251398865
256.13376457428006
254.7030035407285
253.230859909748
251.7146063900635
250.15123180604758
248.53738652596098
246.86933919169869
245.14292304326432
243.35342536268232
241.4986438923059
239.58450894462106
237.59049488127494
235.5084647050072
233.32878589885019
231.04113374827523
228.6339350318853
226.09177974745967
223.39683403295328
220.52842210187436
217.4620358476247
214.69853986045854
212.85249318288132
211.6682924731486
210.73052737615564
209.99611649532565
209.61211340881573
210.10448695195902
212.5693144079385
218.245325029329
227.42382216108365
242.88425726980256
262.99846684960045
1014.8
997.91345
981.0269
964.1403499999999
947.2538
930.36725
913.4807
896.5941499999999
879.7076
862.82105
845.9345
829.0479499999999
812.1614
795.27485
778.3883
761.5017499999999
744.6152
727.72865
710.8421
693.9555499999999
677.069
660.18245
643.2959
626.4093499999999
609.5228
592.63625
575.7497
558.8631499999999
541.9766
525.09005
508.20349999999996
491.3169499999999
474.43039999999996
457.54385
440.65729999999996
423.7707499999999
406.88419999999996
389.99765
373.11109999999996
356.2245499999999
339.33799999999997
322.45145
305.56489999999997
288.6783499999999
271.79179999999997
254.90525000000002
238.01869999999997
221.1321499999999
204.24559999999997
187.35905000000002
170.47249999999997
153.5859499999999
136.69939999999997
119.81285000000003
102.92629999999997
86.03974999999991
69.15319999999997
52.26665000000003
35.38009999999997
18.493549999999914
1.607
0.0
142.3560468961982
286.7760745684672
433.3211206089986
582.0579425371694
733.057895880398
886.3967342866686
1042.155010758895
1200.417351723091
1361.273871158934
1524.8197530647283
1691.155784060375
1860.388567828554
2032.6312318546
2208.0042429295336
2386.6356318551834
2568.661813429451
2754.228791006195
2943.492325642638
3136.61716901668
3333.778692070539
3535.1686569049953
3740.992190799435
3951.47042011541
4166.842208348379
4387.365981151685
4613.321577946578
4845.012857114674
5082.7704903962995
5326.95655453777
5577.967262178397
5836.2380746311155
6102.247464049453
6376.523706859261
6659.654457751644
6952.294340955554
7255.174366996672
7569.121328502288
7895.064104408411
8234.05961457444
8587.315051871223
8956.21892177531
9342.378645795592
9747.674719945693
10174.324589089207
10624.966197526193
11102.780717527457
11611.652935167285
12156.407815682078
12746.073964229869
13393.117798290355
14111.930168191724
14922.131728487293
15852.409196186925
16948.20223612905
18289.64421753538
20035.15091716284
22538.385692853084
26809.110288023196
39244.40985287299
51679.709417722675
400.78792909989403
400.0788994920469
399.09632334323317
397.96683113630996
396.74393084229007
395.4572226794163
394.1250304128146
392.7590859896055
391.36836333131566
389.9616577188901
388.54408923573067
387.11968254232073
385.6923744660188
384.2666756694078
382.844395741448
381.4273687254252
380.0180491355369
378.6174362743893
377.2283976337599
375.85518498515876
374.50600971170775
373.18603551476514
371.8914934543356
370.62099199735803
369.37489123287764
368.15373447657146
366.95923111061745
365.79183732399184
364.65300406191426
363.5443447466054
362.466278775314
361.418790000555
360.4026019333356
359.4188104846333
358.46756323698173
357.54914291179114
356.6636207680102
355.8099123515969
354.98447205958087
354.1965683596501
353.4428151633464
352.7215764254696
352.03167026826117
351.3717844439666
350.7419526714531
350.14081091848783
349.56682355326893
349.02141192962637
348.5027928483432
348.050547079211
347.8051468803926
347.7747585860892
347.87538564661423
348.0732172484245
348.36135205247655
348.80097401586136
349.3953367272131
350.1212061716956
350.84762802357267
351.83918884556186
354.1387228395331
382.0285002659817
380.7902304030333
379.2742890871541
377.6077391065675
375.8443832122427
374.0139997143568
372.1350290450384
370.2192796223819
368.275774811197
366.3133382007587
364.3371000638327
362.351085302911
360.3592247108615
358.3660154311086
356.3732389446549
354.3827051262011
352.3968374462136
350.4166020066778
348.4448304331204
346.4857344059212
344.5474870498443
342.6351997640396
340.7450513797408
338.8755938885352
337.0271285981762
335.2001437932729
333.3962909347024
331.6159721377293
329.8605785920214
328.1316579618676
326.4295645064037
324.7542148125104
323.1062596212577
321.486705891417
319.8956234061892
318.3332589017216
316.7996153327793
315.2935404764467
313.8114233497599
312.3624690890679
310.9432293268768
309.5520103429824
308.1875781124332
306.8485709613258
305.5349829913686
304.2454218345069
302.9783369833561
301.7351462043042
300.5140796134652
299.3547555622966
298.3977041762919
297.6511829599127
297.0313338020266
296.5045754954401
296.064480124829
295.7735509365627
295.6391407614968
295.652196345637
295.7270697355479
296.2453086180243
298.3952796487304
18.75942883391237
19.2886690890136
19.82203425607904
20.35909202974244
20.89954763004735
21.4432229650595
21.99000136777626
22.53980636722358
23.09258852011869
23.64831951813136
24.20698917189797
24.76859723940978
25.3331497551573
25.90066023829918
26.47115679679313
27.04466359922413
27.6212116893233
28.20083426771152
28.78356720063955
29.36945057923754
29.95852266186349
30.55083575072553
31.1464420745948
31.7453981088228
32.34776263470141
32.95359068329853
33.56294017591504
34.17586518626258
34.79242546989288
35.41268678473785
36.03671426891023
36.66457518804463
37.29634231207785
37.93210459321632
38.57193983079251
39.21588401006956
39.86400543523092
40.51637187515016
41.17304870982102
41.83409927058219
42.4995858364696
43.16956608248722
43.84409215582796
44.52321348264082
45.20696968008443
45.89538908398092
46.58848656991286
47.28626572532216
47.988713234878
48.69579151691445
49.4074427041007
50.12357562617649
50.84405184458761
51.56864175298437
52.29687192764756
53.02742307929869
53.75619596571632
54.4690098260586
55.12055828802479
55.59388022753756
55.7434431908027
495.0303905324945
491.5533467837482
488.02726874796826
484.4672703935899
480.881612080973
477.27578008952764
473.65311538765496
470.0152815605702
466.3668626736576
462.7098234064874
459.04808225218864
455.3843341782156
451.7211958868894
448.06129385721147
444.4051418347865
440.7551252184202
437.1142865240249
433.48493503147336
429.8746829153396
426.2917483441769
422.7376739206091
419.20469892754073
415.69623162785564
412.212802576177
408.75780763998563
405.3362076382021
401.9548782505885
398.6183395249813
395.33171475840595
392.0992666591664
388.92857640804726
385.82595771142934
382.7998623724906
379.8539969211605
376.9885419076529
374.2093740380338
371.52209464735176
368.9266222457708
366.4373713164501
364.0656619160016
361.81581415892475
359.69249414860036
357.70081512766416
355.84244921989625
354.1277960713047
352.56847965649143
351.17162473475264
349.95602669883715
348.9436014310763
348.25568859814024
347.8880395585728
347.71097557148204
347.6742258288409
347.76550542082384
347.99398078277113
348.4320145316016
349.0846800910343
349.9096932828428
350.7353702474165
351.79478264225185
354.1219373686744
227.038550766165
222.0619573060528
217.0310757761077
211.9637831509591
206.8689451668719
201.7527789877379
196.6192672473456
191.4707298225455
186.3124351948221
181.1471752123428
175.9795896284728
170.8129990084218
165.6509187971677
160.4969571986315
155.3527371424982
150.2218467009513
145.108583389291
140.016489886392
134.9543484896285
129.9311738481001
124.9488219997737
120.0010197203785
115.0925476543055
110.2254187953339
105.4041573833137
100.6343375590896
95.9231726769628
91.27460360454359
86.69342658765528
82.18404011621482
77.75429017183296
73.41158148054932
69.16593411383754
65.0224908678701
60.98243295033692
57.05320742228942
53.24182546722872
49.54810767870257
45.98524759700071
42.56248264253871
39.28458885751595
36.15750697378375
33.18472623204093
30.3664395012548
27.71074504843363
25.22651018068445
22.9172888845437
20.79881035793389
18.88985085590268
17.30763156276466
16.0451429612687
14.96964747954785
14.02768362469364
13.2028119687677
12.49946904056191
11.9834575772932
11.63997446205985
11.35198151577189
10.68200846972958
8.990102892813947
0.0
267.9918397663295
269.4913894776954
270.9961929718606
272.5034872426308
274.0126669141011
275.5230011017897
277.0338481403094
278.5445517380247
280.0544274788355
281.5626481941446
283.0684926237158
284.5713351697938
286.0702770897217
287.56433665858
289.0524046922883
290.5332785174689
292.0057031347339
293.4684451450813
294.9203344257111
296.3605744960768
297.7888519208354
299.2036792071622
300.6036839735501
301.9873837808431
303.3536502566719
304.7018700791125
306.0317055736257
307.3437359204377
308.6382881707507
309.9152265429516
311.1742862362143
312.41437623088
313.6339282586531
314.8315060532904
316.006108957316
317.1561666157444
318.280269180123
319.3785145670682
320.4521237194494
321.5031792734629
322.5312253014088
323.5349871748166
324.5160888956232
325.4760097186415
326.4170510228711
327.341969475807
328.2543358502089
329.1572163409033
330.0537505751736
330.9480570353756
331.8428965973041
332.7413280919342
333.6465422041473
334.5626934520561
335.4945117422092
336.4485569543084
337.4447056289744
338.5577117670709
340.0533617776869
342.8046797494379
354.1219373686744
94.24246143260041
91.47444729170113
88.9309454047351
86.50043925727991
84.137681238683
81.81855741011131
79.5280849748404
77.25619557096488
74.99849934234189
72.74816568759732
70.50399301645788
68.26465163589472
66.02882142087057
63.79461818780371
61.560746093338395
59.32775649299501
57.09623738848808
54.86749875708401
52.64628528157948
50.436563359018066
48.23166420890132
46.018663412775396
43.80473817351992
41.59181057881909
39.3829164071081
37.18247316163058
34.99564713997103
32.82650220098941
30.678710696491635
28.5549219125609
26.462297632733396
24.407167710874262
22.397260439155076
20.435186436527204
18.520978670671127
16.660231126242707
14.858473879341489
13.11670989417388
11.452899256869102
9.869093556351515
8.372998995578314
6.9709177231307535
5.669144859402877
4.470664775929606
3.385843399851751
2.4276687380037174
1.6048011814836514
0.934614769210782
0.44080858273321155
0.20514151892916743
0.08289267818031476
-0.06378301460722469
-0.20115981777325942
-0.3077118276007127
-0.3673712697054725
-0.3689594842598467
-0.3106566361788623
-0.2115128888527238
-0.11225777615618426
-0.04440620331007494
-0.016785470858735607
154.9899494998167
158.7282730969806
162.2432133110464
165.6439559556084
168.9754380453708
172.2612207266189
175.5157617976928
178.7485497998363
181.9633396163749
185.1661629884159
188.3575104353599
191.5380862944893
194.7083059136938
197.8690582324771
201.0205018021567
204.1608584252498
207.2882540569226
210.4001121202858
213.490481943492
216.5545605578211
219.5986650500706
222.6341800436612
225.6525037254354
228.6501750932012
231.6229712148624
234.5658062341833
237.4731182577396
240.3413685331857
243.1671520043662
245.9476178456528
248.6752743345707
251.3426333319611
253.9403255074201
256.4642150235469
258.9131904558524
261.2800514794322
263.5577898655506
265.7454327977441
267.8261757527592
269.7999864465292
271.6586404693609
273.3945033691987
275.0028518803923
276.4821314600711
277.8242379429349
279.0189116538225
280.0610480988124
280.9363358463703
281.6242287575625
282.047123999532
282.3525612150232
282.6815354803649
283.003650177333
283.3017635266724
283.5650110842671
283.7900933592695
283.999166299437
284.300214829865
285.0450612658183
287.2552057252104
298.3952796487304
249.2324109324171
250.2027203886817
251.1741587157815
252.1443952128883
253.1131192840538
254.0797781367302
255.0438467725332
256.0047453708012
256.9618389587168
257.9143286760132
258.8615034518178
259.802737930384
260.7371273345644
261.6636764202808
262.5812478954951
263.4886149182448
264.3844914454107
265.2676108773698
266.1367672250715
266.9911239168392
267.8303292589719
268.6528434564366
269.4572418989553
270.2419856720203
271.0058876219705
271.7482793958139
272.4687653977106
273.1678707341751
273.8458627008578
274.5025397582137
275.1375719673041
275.7498010428354
276.3375859465752
276.8994014600741
277.4341691265235
277.9402826056749
278.4162637448921
278.862142691918
279.2790750096283
279.6690800028807
280.0316394649392
280.3654210923294
280.6719967397952
280.9527962360007
281.2100813427866
281.4465803918262
281.6658492802961
281.8709506155811
282.0650373402957
282.2522655184612
282.4354538932035
282.6177524657577
282.8024903595597
282.9940516990717
283.1976398145616
283.4211338750097
283.6885096632581
284.0887019410123
284.9328034896621
287.2107995219003
298.3784941778717
-1.3822512678023526
-1.2698331596078147
-1.2136864073354257
-1.1798506243807112
-1.1577722828193562
-1.1437493199870263
-1.1344688861542822
-1.1270977533332749
-1.1237048647314531
-1.1206289467933765
-1.1179386553488895
-1.1164650914299474
-1.1156541666310327
-1.1152190747746595
-1.1150520782304536
-1.114054898212009
-1.1129340926341837
-1.1091786779362702
-1.1031895728672168
-1.1010369773223965
-1.1050867828720594
-1.1053142061033978
-1.1050581937080373
-1.1030481404812211
-1.0986122028532255
-1.0920355931103503
-1.0832094711445703
-1.0723484879541305
-1.0605657621635802
-1.0450055406001328
-1.026102962654107
-1.0037033569896616
-0.9798190057778089
-0.9557601247026168
-0.9292243089960169
-0.8997685738389125
-0.8696799313459206
-0.8308850275292274
-0.7909330718458971
-0.7470251239932384
-0.7001845507298639
-0.6500922948292087
-0.5984261066108009
-0.5417485202195816
-0.4784305112343906
-0.41092641730806495
-0.33467438899200974
-0.2465279842290869
-0.1176619671230834
-0.06101726141278391
-0.07316322707594801
-0.06857243875751179
-0.053175874679212407
-0.029693066461382506
-0.0007460543376764939
0.029175177505309582
0.04971922738431009
0.04975006638366081
0.03436848186408903
0.01945721508507159
0.0
-1.867067048285633
-1.755500528460182
-1.698465733725811
-1.663874266119744
-1.641050169289849
-1.625446870277435
-1.614582525031925
-1.605593517419714
-1.599617000506221
-1.593885468432944
-1.588505710329209
-1.583333393432285
-1.578605048174494
-1.573955889732059
-1.568418628952017
-1.561945395866355
-1.554185318107618
-1.543453238853363
-1.530322366557781
-1.520346497913987
-1.516056561665697
-1.507470538820184
-1.497155954233356
-1.484732269896538
-1.469768507275161
-1.452026914519844
-1.432517928513297
-1.411308322434682
-1.388674900987284
-1.362299816250482
-1.332184857874248
-1.297390484352047
-1.260530509624386
-1.223115445433223
-1.182104253454691
-1.137592874133042
-1.092595631692294
-1.039205543952491
-0.9857993322695872
-0.9282855242454962
-0.8669587681193534
-0.8032730258255572
-0.7388108831764468
-0.6703011990044777
-0.5966674262077055
-0.5204842667270371
-0.4371534108158219
-0.3435609983604978
-0.2112106538227383
-0.1525474575813682
-0.1643027936424273
-0.160876853179317
-0.1488896283959899
-0.1314762693897378
-0.1124150138123428
-0.1044193171428515
-0.150355574226782
-0.3720058471279172
-1.103833786677173
-5.563794678943819
0.0
0.4848157804832804
0.4856673688523673
0.4847793263903855
0.484023641739033
0.4832778864704927
0.4816975502904087
0.4801136388776428
0.478495764086439
0.4759121357747679
0.4732565216395674
0.4705670549803195
0.4668683020023377
0.4629508815434612
0.4587368149573993
0.4533665507215635
0.4478904976543458
0.4412512254734342
0.4342745609170928
0.4271327936905642
0.4193095205915903
0.4109697787936375
0.4021563327167862
0.3920977605253186
0.3816841294153168
0.3711563044219354
0.3599913214094936
0.3493084573687266
0.3389598344805516
0.3281091388237038
0.3172942756503492
0.306081895220141
0.2936871273623854
0.2807115038465771
0.2673553207306061
0.2528799444586741
0.2378243002941296
0.2229157003463734
0.2083205164232635
0.1948662604236901
0.1812604002522577
0.1667742173894895
0.1531807309963484
0.140384776565646
0.1285526787848961
0.1182369149733149
0.1095578494189721
0.1024790218238121
0.0970330141314109
0.0935486866996549
0.0915301961685843
0.0911395665664793
0.0923044144218052
0.0957137537167775
0.1017832029283553
0.1116689594746663
0.1335944946481611
0.2000748016110921
0.421755913511578
1.138202268541262
5.583251894028891
0.0
1.0
1.0
1.0
1.0
1.0
1.0
1.0
1.0
1.0
1.0
1.0
1.0
1.0
1.0
1.0
1.0
1.0
1.0
1.0
1.0
1.0
1.0
1.0
1.0
1.0
1.0
1.0
1.0
1.0
1.0
1.0
1.0
1.0
1.0
1.0
1.0
1.0
1.0
1.0
1.0
1.0
1.0
1.0
1.0
1.0
1.0
1.0
1.0
1.0
0.0
0.0
0.0
0.0
0.0
0.0
0.0
0.0
0.0
0.0
0.0
0.0
1.0
1.0
1.0
1.0
1.0
1.0
1.0
1.0
1.0
1.0
1.0
1.0
1.0
1.0
1.0
1.0
0.93
0.93
0.93
0.93
0.93
0.93
0.93
0.93
0.93
0.93
0.93
0.93
0.93
0.93
0.93
0.93
0.93
0.93
0.93
0.93
0.93
0.93
0.93
0.93
0.93
0.93
0.93
0.93
0.93
1.0
1.0
1.0
1.0
1.0
1.0
1.0
1.0
1.0
1.0
1.0
1.0
1.0
1.0
1.0
1.0
1.0
1.0
1.0
1.0
1.0
1.0
1.0
1.0
1.0
1.0
1.0
1.0
1.0
0.0011606215013692845
0.001084664108332467
0.0010124976736712815
0.0009439939128341683
0.0008790267494490755
0.0008174723153234528
0.0007592089504442577
0.00070411720297795
0.0006520798292704952
0.0006029817938473628
0.0005567102694135285
0.0005131546368534705
0.0004722064852311735
0.00043375961179012565
0.00039771002195332047
0.00036395592932325605
0.0003323977556819352
0.00030293813099086485
0.0002754818933910574
0.0002499360892030291
0.0002262099729268019
0.0002042150072419014
0.0001838648630073586
0.00016507541926170848
0.0001477647632229916
0.00013185319028875234
0.0001172632040360403
0.00010391951622140939
9.174904678091846e-05
8.06809238301309e-05
7.06464836641149e-05
6.157927075744312e-05
5.34150377641931e-05
4.609174551794686e-05
3.95495630317912e-05
3.373086749831765e-05
2.8580244289622318e-05
2.4044486957306007e-05
2.007259723247418e-05
1.661578502573704e-05
1.3627468427209397e-05
1.1063273706510736e-05
8.881035312765248e-06
7.040795874601782e-06
5.50480620015387e-06
4.2375252770596885e-06
3.2056202724621125e-06
2.37796653300869e-06
1.7256475848516339e-06
1.2219551336478283e-06
8.423890645588361e-07
5.646574422508936e-07
3.6867651089490787e-07
2.365706941664588e-07
1.526725952458008e-07
1.0352299681786175e-07
7.787086107224161e-08
6.667332970321388e-08
6.309572390972536e-08
6.251154439539601e-08
0.000348
0.000348
0.000348
0.000348
0.000348
0.000348
0.000348
0.000348
0.000348
0.000348
0.000348
0.000348
0.000348
0.000348
0.000348
0.000348
0.000348
0.000348
0.000348
0.000348
0.000348
0.000348
0.000348
0.000348
0.000348
0.000348
0.000348
0.000348
0.000348
0.000348
0.000348
0.000348
0.000348
0.000348
0.000348
0.000348
0.000348
0.000348
0.000348
0.000348
0.000348
0.000348
0.000348
0.000348
0.000348
0.000348
0.000348
0.000348
0.000348
0.000348
0.000348
0.000348
0.000348
0.000348
0.000348
0.000348
0.000348
0.000348
0.000348
0.000348
1.7322297340509496e-42
7.561366308704624e-42
3.2998300505338577e-41
1.4397125187342174e-40
6.279847776911085e-40
2.738467500268162e-39
1.1938423932019386e-38
5.203108582763347e-38
2.266995050264513e-37
9.874271728639634e-37
4.29953146414337e-36
1.8715143427037444e-35
8.143577445120726e-35
3.5422649567255867e-34
1.5402240040818125e-33
6.694476415899044e-33
2.908516940467351e-32
1.2631085569134812e-31
5.482960595947378e-31
2.378951458094145e-30
1.0316728290477071e-29
4.471709151312355e-29
1.9371738305416854e-28
8.387152579401898e-28
3.6290903732284034e-27
1.5692912319555803e-26
6.781344287970086e-26
2.9283099488837713e-25
1.2635377117240762e-24
5.447639882999713e-24
2.346684151140806e-23
1.0099542011247964e-22
4.342317556457909e-22
1.8650194879458073e-21
8.00115343869465e-21
3.428394198469216e-20
1.4670828136543546e-19
6.26896051843375e-19
2.674596666428366e-18
1.1391478249474543e-17
4.842714838604314e-17
2.0544789891658218e-16
8.696050884211555e-16
3.671445674122287e-15
1.5456582645888835e-14
6.486227669397576e-14
2.711948856677923e-13
1.1291386817928242e-12
4.67842398008085e-12
1.9274059401311145e-11
7.886772021416647e-11
3.200825208310689e-10
1.2859660379853392e-09
5.100820824343008e-09
1.9897565737926862e-08
7.587512314849466e-08
2.800294557010474e-07
9.819527479310615e-07
3.1415115764051744e-06
8.105230393616113e-06
3.06e-07
3.06e-07
3.06e-07
3.06e-07
3.06e-07
3.06e-07
3.06e-07
3.06e-07
3.06e-07
3.06e-07
3.06e-07
3.06e-07
3.06e-07
3.06e-07
3.06e-07
3.06e-07
3.06e-07
3.06e-07
3.06e-07
3.06e-07
3.06e-07
3.06e-07
3.06e-07
3.06e-07
3.06e-07
3.06e-07
3.06e-07
3.06e-07
3.06e-07
3.06e-07
3.06e-07
3.06e-07
3.06e-07
3.06e-07
3.06e-07
3.06e-07
3.06e-07
3.06e-07
3.06e-07
3.06e-07
3.06e-07
3.06e-07
3.06e-07
3.06e-07
3.06e-07
3.06e-07
3.06e-07
3.06e-07
3.06e-07
3.06e-07
3.06e-07
3.06e-07
3.06e-07
3.06e-07
3.06e-07
3.06e-07
3.06e-07
3.06e-07
3.06e-07
3.06e-07
0.0
0.0
0.0
0.0
0.0
0.0
0.0
0.0
0.0
0.0
0.0
0.0
0.0
0.0
0.0
0.0
0.0
0.0
0.0
0.0
0.0
0.0
0.0
0.0
0.0
0.0
0.0
0.0
0.0
0.0
0.0
0.0
0.0
0.0
0.0
0.0
0.0
0.0
0.0
0.0
0.0
0.0
0.0
0.0
0.0
0.0
0.0
0.0
0.0
0.0
0.0
0.0
0.0
0.0
0.0
0.0
0.0
0.0
0.0
0.0
1.65e-06
1.65e-06
1.65e-06
1.65e-06
1.65e-06
1.65e-06
1.65e-06
1.65e-06
1.65e-06
1.65e-06
1.65e-06
1.65e-06
1.65e-06
1.65e-06
1.65e-06
1.65e-06
1.65e-06
1.65e-06
1.65e-06
1.65e-06
1.65e-06
1.65e-06
1.65e-06
1.65e-06
1.65e-06
1.65e-06
1.65e-06
1.65e-06
1.65e-06
1.65e-06
1.65e-06
1.65e-06
1.65e-06
1.65e-06
1.65e-06
1.65e-06
1.65e-06
1.65e-06
1.65e-06
1.65e-06
1.65e-06
1.65e-06
1.65e-06
1.65e-06
1.65e-06
1.65e-06
1.65e-06
1.65e-06
1.65e-06
1.65e-06
1.65e-06
1.65e-06
1.65e-06
1.65e-06
1.65e-06
1.65e-06
1.65e-06
1.65e-06
1.65e-06
1.65e-06
0.0
0.0
0.0
0.0
0.0
0.0
0.0
0.0
0.0
0.0
0.0
0.0
0.0
0.0
0.0
0.0
0.0
0.0
0.0
0.0
0.0
0.0
0.0
0.0
0.0
0.0
0.0
0.0
0.0
0.0
0.0
0.0
0.0
0.0
0.0
0.0
0.0
0.0
0.0
0.0
0.0
0.0
0.0
0.0
0.0
0.0
0.0
0.0
0.0
0.0
0.0
0.0
0.0
0.0
0.0
0.0
0.0
0.0
0.0
0.0
0.0
0.0
0.0
0.0
0.0
0.0
0.0
0.0
0.0
0.0
0.0
0.0
0.0
0.0
0.0
0.0
0.0
0.0
0.0
0.0
0.0
0.0
0.0
0.0
0.0
0.0
0.0
0.0
0.0
0.0
0.0
0.0
0.0
0.0
0.0
0.0
0.0
0.0
0.0
0.0
0.0
0.0
0.0
0.0
0.0
0.0
0.0
0.0
0.0
0.0
0.0
0.0
0.0
0.0
0.0
0.0
0.0
0.0
0.0
0.0
2
2
1
286.49741693514545
-0.016785470858735607
0.0
0.0
48.0
5.7
1.0
2.0
3.0
4.0
5.0
6.0
7.0
8.0
9.0
10.0
11.0
12.0
13.0
14.0
15.0
16.0
17.0
18.0
19.0
20.0
21.0
22.0
23.0
24.0
25.0
26.0
27.0
28.0
29.0
30.0
31.0
32.0
33.0
34.0
35.0
36.0
37.0
38.0
39.0
40.0
41.0
42.0
43.0
44.0
45.0
46.0
47.0
48.0
49.0
50.0
51.0
52.0
53.0
54.0
55.0
56.0
57.0
58.0
59.0
60.0
0.0
0.0
0.0
0.0
0.0
0.0
0.0
0.0
0.0
0.0
0.0
0.0
0.0
0.0
0.0
0.0
0.0
0.0
0.0
0.0
0.0
0.0
0.0
0.0
0.0
0.0
0.0
0.0
0.0
0.0
0.0
0.0
0.0
0.0
0.0
0.0
0.0
0.0
0.0
0.0
0.0
0.0
0.0
0.0
0.0
0.0
0.0
0.0
0.0
0.0
0.0
0.0
0.0
0.0
0.0
0.0
0.0
0.0
0.0
0.0
0.0
0.0
0.0
0.0
0.0
0.0
0.0
0.0
0.0
0.0
0.0
0.0
0.0
0.0
0.0
0.0
0.0
0.0
0.0
0.0
0.0
0.0
0.0
0.0
0.0
0.0
0.0
0.0
0.0
0.0
0.0
0.0
0.0
0.0
0.0
0.0
0.0
0.0
0.0
0.0
0.0
0.0
0.0
0.0
0.0
0.0
0.0
0.0
0.0
0.0
0.0
0.0
0.0
0.0
0.0
0.0
0.0
0.0
0.0
0.0
0.01
0.0
0.0
0.0
0.0
0.0
0.0
0.0
0.0
0.0
0.0
0.0
0.0
0.0
0.0
0.0
0.0
0.0
0.0
0.0
0.0
0.0
0.0
0.0
0.0
0.0
0.0
0.0
0.0
0.0
0.0
0.0
0.0
0.0
0.0
0.0
0.0
0.0
0.0
0.0
0.0
0.0
0.0
0.0
0.0
0.0
0.0
0.0
0.0
0.0
0.0
0.0
0.0
0.0
0.0
0.0
0.0
0.0
0.0
0.0
0.0
