9.81
6.022e+23
0
0
0
3
0
1
273.1050640199538
2
2
0
0
1
1
0
1
60
7
1000.0
1.0


3
3
0
80.10220330563587
0
5.601050757580543
150.0
350.0
287.04
9.81
79000.0
40.0
20000.0
0.0
0.0
0.0
0.0
0.0280134
0.04401
0.0319988
0.039948
0.01604
0.01801528
0.048
99000.0
2.1153802199668344e+29
0.8
1e-06
1000000.0
0.6
3.0
0.0001
400
48
5.719640923059717
0
1
6
1.0
1
0
1
1
0.02
1000000000000.0
2
290.4093500597268
289.499824474414
288.5773319861927
287.64145415650125
286.6917512341774
285.7277606574828
284.7489954207622
283.7549422906819
282.74505985499314
281.7187763844528
280.6754874858581
279.6145535210393
278.53529676302855
277.4369982563883
276.31889434370953
275.18017281444884
274.0199686253692
272.8373591336745
271.6313587742039
270.4009131004398
269.1448920951665
267.8620826398505
266.5511800115435
265.2107782514634
263.83935921931067
262.43528011041775
260.9967591671879
259.52185925959316
258.0084689386515
256.45428047766967
254.85676430311256
253.2131390728327
251.52033647397292
249.7749595722955
247.97323322975808
246.1109446908451
244.1833718820745
242.18519621791268
240.1103956791957
237.95211250707067
235.70248785529662
233.35245288800925
230.89146166195366
228.30714499129525
225.58485520850482
222.70705736329603
219.65249956450882
216.39505692259576
212.90222757234093
209.12705141438025
205.8433307294684
204.3956463062583
205.60753256245886
207.83519140079488
211.71791820582584
216.20275637871322
222.5443757190835
230.58973398060124
239.91864975547472
242.58113229019918
274.0596192253446
273.2919306830458
272.51310268232925
271.72561931785066
270.9232437196444
270.1085779893392
269.2810847973796
268.440432473355
267.58602707508385
266.7174948103594
265.83417647283613
264.9356489913759
264.021177482884
263.0902808709785
262.1421359670494
261.1761929639513
260.1915249380832
259.18750805146954
258.16713314804014
257.1214788665273
256.05370117392494
254.96251972005405
253.84701475250523
252.7057115076355
251.53752722027264
250.34073702227838
249.1090218543425
247.85061266456955
246.5584456345587
245.23082583342824
243.865157587811
242.45937374374031
241.01034592635375
239.5155221001066
237.9710647578039
236.36681504654192
234.7107117801993
232.9923037574258
231.2038427174331
229.34160431955561
227.3958346141451
225.36117380587393
223.22759841173396
220.98460943154387
218.61899918769925
216.1269373370772
213.4879184742234
210.6560513947385
207.58069217780374
206.92891714245692
207.01068592598787
207.39025052903312
208.02172810369007
208.92295843514827
210.39830042163405
212.02977714665954
214.22192706444326
217.20503782967452
221.73657704873978
225.94112682135548
991.675
975.0250000000001
958.375
941.7249999999999
925.075
908.425
891.7750000000001
875.125
858.4749999999999
841.825
825.175
808.5250000000001
791.875
775.225
758.575
741.925
725.2750000000001
708.625
691.975
675.325
658.675
642.0250000000001
625.375
608.725
592.075
575.425
558.7750000000001
542.125
525.4750000000001
508.82500000000005
492.17500000000007
475.52500000000003
458.87500000000006
442.2250000000001
425.57500000000005
408.925
392.27500000000003
375.62500000000006
358.9750000000001
342.32500000000005
325.675
309.02500000000003
292.37500000000006
275.7250000000001
259.0750000000001
242.42500000000007
225.77500000000003
209.12500000000006
192.47500000000008
175.8250000000001
159.17500000000007
142.52500000000003
125.87500000000006
109.22500000000008
92.5750000000001
75.92500000000013
59.27500000000009
42.62500000000006
25.97500000000008
9.325000000000045
991.675
975.0250000000001
958.375
941.7249999999999
925.075
908.425
891.7750000000001
875.125
858.4749999999999
841.825
825.175
808.5250000000001
791.875
775.225
758.575
741.925
725.2750000000001
708.625
691.975
675.325
658.675
642.0250000000001
625.375
608.725
592.075
575.425
558.7750000000001
542.125
525.4750000000001
508.82500000000005
492.17500000000007
475.52500000000003
458.87500000000006
442.2250000000001
425.57500000000005
408.925
392.27500000000003
375.62500000000006
358.9750000000001
342.32500000000005
325.675
309.02500000000003
292.37500000000006
275.7250000000001
259.0750000000001
242.42500000000007
225.77500000000003
209.12500000000006
192.47500000000008
175.8250000000001
159.17500000000007
142.52500000000003
125.87500000000006
109.22500000000008
92.5750000000001
75.92500000000013
59.27500000000009
42.62500000000006
25.97500000000008
9.325000000000045
72.07721851031225
217.25021879253853
364.49291808048747
513.8721050191396
665.4579700425384
819.3243444715963
975.5489612181477
1134.2137394982017
1295.4050962766294
1459.2142875344666
1625.7377828774152
1795.0776775007253
1967.342146104325
2142.6459440284066
2321.1109616727963
2502.866839196448
2688.051649594913
2876.8126595587073
3069.307179067562
3265.703512528794
3466.182026489809
3670.9363516301923
3880.174739974956
4094.121602203675
4313.019254734578
4537.129912162076
4766.737967910913
5002.152615018258
5243.710870263625
5491.781079093598
5746.766996812541
6009.112564515548
6279.307527835364
6557.894084971818
6845.474800739951
7142.722089822236
7450.389661169809
7769.326435397601
8100.493610963244
8444.98578206394
8804.057330441094
9179.155769097906
9571.964378029847
9984.457452240433
10418.972964269076
10878.30973735283
11365.859870461965
11885.793261242998
12443.297661821167
13045.868560644873
13708.828770240143
14455.928302845285
15317.238025724946
16337.72906261132
17588.31271163231
19196.24881150324
21428.050909036785
24994.779478456876
33580.61279356532
56560.69457252452
67.78710411014583
204.84862622896912
343.8989641789434
484.4946128459027
627.7490900741839
773.1978220290931
920.93674241643
1071.025066984259
1223.5688369393433
1378.6347883679946
1536.3406146056504
1696.7618498969327
1860.0296987472962
2026.230051537454
2195.5098786566577
2367.967341533739
2543.7679311883476
2723.023026360417
2905.198647970057
3091.887597377924
3282.526414774323
3477.343691228043
3676.503637429045
3880.269554623255
4088.8347574616378
4302.50720032863
4522.415074983906
4747.088845002827
4977.789669890377
5214.820159095217
5458.643738763534
5709.6294742825485
5968.335899219944
6235.218648715476
6510.9628633545635
6797.382283691142
7093.059530340125
7399.860539141517
7719.168668526374
8051.648854562381
8399.042547214976
8762.306673239438
9143.230804528976
9543.689410827876
9966.040563536673
10410.968124182193
10882.133085378471
11387.728767697934
11936.797031857574
12540.270562051737
13211.513520382825
13968.52001625568
14837.00771826435
15856.551744302344
17090.416415279975
18651.0073838511
20772.607669394725
24093.27550645268
32074.748808963413
56560.69457252452
3.521179111399233e+23
3.521179111399233e+23
3.521179111399257e+23
3.521179111399233e+23
3.521179111399233e+23
3.521179111399233e+23
3.521179111399233e+23
3.521179111399257e+23
3.521179111399233e+23
3.521179111399233e+23
3.521179111399233e+23
3.521179111399233e+23
3.521179111399257e+23
3.5211791113992086e+23
3.521179111399257e+23
3.521179111399233e+23
3.521179111399233e+23
3.521179111399257e+23
3.5211791113992086e+23
3.521179111399257e+23
3.521179111399233e+23
3.521179111399233e+23
3.521179111399257e+23
3.5211791113992086e+23
3.521179111399257e+23
3.521179111399233e+23
3.521179111399233e+23
3.521179111399233e+23
3.521179111399233e+23
3.521179111399244e+23
3.521179111399244e+23
3.521179111399233e+23
3.521179111399233e+23
3.521179111399233e+23
3.521179111399257e+23
3.521179111399233e+23
3.521179111399233e+23
3.521179111399233e+23
3.521179111399233e+23
3.521179111399257e+23
3.521179111399233e+23
3.521179111399233e+23
3.521179111399233e+23
3.521179111399233e+23
3.521179111399233e+23
3.521179111399257e+23
3.521179111399233e+23
3.521179111399233e+23
3.521179111399233e+23
3.521179111399233e+23
3.521179111399257e+23
3.521179111399233e+23
3.521179111399233e+23
3.521179111399233e+23
3.521179111399233e+23
3.521179111399233e+23
3.521179111399257e+23
3.521179111399233e+23
3.521179111399233e+23
3.521179111399257e+23
3.521179111399233e+23
3.521179111399233e+23
3.521179111399257e+23
3.521179111399233e+23
3.521179111399233e+23
3.521179111399233e+23
3.521179111399233e+23
3.521179111399257e+23
3.521179111399233e+23
3.521179111399233e+23
3.521179111399233e+23
3.521179111399233e+23
3.521179111399257e+23
3.5211791113992086e+23
3.521179111399257e+23
3.521179111399233e+23
3.521179111399233e+23
3.521179111399257e+23
3.5211791113992086e+23
3.521179111399257e+23
3.521179111399233e+23
3.521179111399233e+23
3.521179111399257e+23
3.5211791113992086e+23
3.521179111399257e+23
3.521179111399233e+23
3.521179111399233e+23
3.521179111399233e+23
3.521179111399233e+23
3.521179111399244e+23
3.521179111399244e+23
3.521179111399233e+23
3.521179111399233e+23
3.521179111399233e+23
3.521179111399257e+23
3.521179111399233e+23
3.521179111399233e+23
3.521179111399233e+23
3.521179111399233e+23
3.521179111399257e+23
3.521179111399233e+23
3.521179111399233e+23
3.521179111399233e+23
3.521179111399233e+23
3.521179111399233e+23
3.521179111399257e+23
3.521179111399233e+23
3.521179111399233e+23
3.521179111399233e+23
3.521179111399233e+23
3.521179111399257e+23
3.521179111399233e+23
3.521179111399233e+23
3.521179111399233e+23
3.521179111399233e+23
3.521179111399233e+23
3.521179111399257e+23
3.521179111399233e+23
3.521179111399233e+23
3.521179111399257e+23
-1.0812529852943653
-3.2670876095605754
-3.26003337113865
-3.1967817806058245
-3.1103441240336984
-3.02260764377111
-2.945228203407911
-2.8827374101198804
-2.835342451935628
-2.7978815749326893
-2.7570043137864575
-2.713256012183799
-2.655608840883443
-2.6190087170353293
-2.596612833878174
-2.5827830977656507
-2.59711215884475
-2.6049926871679667
-2.6062263368226213
-2.6152061388820114
-2.6115916878967758
-2.603820250202477
-2.596982165590425
-2.5739574381404355
-2.541103235741943
-2.515082987366359
-2.4788746880225503
-2.4430346210572904
-2.418397969336269
-2.3886954371028155
-2.360527872503021
-2.3425948581460974
-2.3188268625710733
-2.300958880767558
-2.298083763746712
-2.289914658665152
-2.2927517574751466
-2.322270019382407
-2.3320251901281592
-2.3581592458116054
-2.395573769168368
-2.3946959298908506
-2.419941437955568
-2.4540961961656222
-2.383795109793798
-2.268016703118882
-1.9831037745296778
-1.599252602740734
-1.1717009917077987
-0.5378162878394415
-0.18677054122568154
-0.06800892176944848
-0.03381568192023607
-0.023235967887268533
-0.020052375752653673
-0.018738631829935237
-0.01924484987019652
-0.018009084215388257
-0.01298541007855545
-0.005325932132922064
-0.7914807973644484
-3.2260595436287174
1.9633505015647545
-1.9646431698271596
-1.9007431934921268
2.031141757397039
-2.5776152898519653
1.8869931606881498
-2.478840108911531
1.8281250981163513
-2.3444697555102874
1.7888608579574001
-2.1918151052089523
1.7565380059860904
-2.047785288412059
1.7232095727680223
-1.8991765075919271
1.7440293756137357
-1.21709942775485
-1.191299676540745
1.6265578745901499
-1.642239545325824
1.46972856354973
-1.5739844390386362
1.3634019275899893
-1.531200888319409
0.8590073360689039
0.8433973145680375
-1.3454707114185602
1.198836862487702
-1.1394359132954697
1.171491691618582
-0.9678795722328666
1.151524048212469
-0.7760386467090263
0.7632491552482982
0.5849941834667384
-0.2979892846103517
0.7854718752862163
0.08617372635290305
0.5814093867436179
0.45145429168199563
0.6233402060050333
0.7716317880380397
0.942535703850552
32.85849145753041
-0.8603528298577408
-0.3694514465843488
-0.023273069858720907
-0.009555588585407226
-0.0026863843931980713
2.053089082018622e-05
0.0004832282327892068
0.0004553860474810767
0.0005685461891854204
0.0006000392168442337
0.0006438653136112416
0.0006107011737139095
0.0005902394949085857
5.994914852862007e-05
0.3714201676538096
-1.8501970205111888
-1.8679125000373062
-1.8316976218372076
-1.7671670937730823
-1.7083818740040897
-1.656157597129834
-1.615371527684971
-1.588261262916518
-1.5794678713917278
-1.560822757813554
-1.541959965506834
-1.5126468268168765
-1.4994220634468718
-1.5014291098517276
-1.5105094934104955
-1.5499605490666113
-1.5843640899228149
-1.6126584512793727
-1.647372471270586
-1.6710354672576386
-1.6839277627202875
-1.7076082089870965
-1.7096973083775424
-1.7004808781227325
-1.7027417201882429
-1.6940975033323866
-1.6837030749064752
-1.6868822294622987
-1.6824930351923513
-1.6793320534570455
-1.6892370196239312
-1.6914799266308194
-1.6986363459934068
-1.7231259008574682
-1.737882873056293
-1.7657244947315291
-1.8222391231106485
-1.8572982503515618
-1.9093479942308704
-1.9719406453261854
-1.9988257538410323
-2.051024017349164
-2.109284932649018
-2.064155104038008
-1.9680999446742078
-1.706931980223402
-1.350643055346353
-0.9623317582253037
-0.41092547434809035
0.16427570610287034
0.2324865501778106
0.1965765136374955
0.17227426024268766
0.15140754397137357
0.13008401480880138
0.11406617933872099
0.10036828381112173
0.08134728071314612
0.02865267165361729
0.32313514983022884
-0.23544513995732785
-4.27652665291663
-0.179774316306343
-0.14525172132849917
-3.9813687759623804
0.6158519094976214
-3.742056010119839
0.6263812527410977
-3.5638330189625265
0.627052343982939
-3.3798485565293532
0.6330059319167702
-3.1946881782028242
0.6276124134814296
-3.033146792899899
0.5905034045356246
-2.9561363637686924
0.020430692677507523
0.02856407075357481
-2.718936926012347
0.549660499428569
-2.486987324078825
0.5591591284404842
-2.2916571329306237
0.6114929749923732
-1.6956906140934365
-1.6310439437077378
0.5763154878925292
-1.867586716878023
0.5140041509213802
-1.689222139623297
0.5244046864110317
-1.4579993927797403
0.5876530457769178
-0.948526024104595
-0.7760105128143522
0.44801103953051324
-0.6129806183304254
0.19249484729952826
-0.18415013726328766
0.1024147108442719
0.1926237385433751
0.36872345960347275
0.5604151349811559
34.74939631771083
-1.0124518050882472
-0.5924030835966221
-0.36751156988761124
-0.29209230196383373
-0.253465172682354
-0.22342326349166797
-0.19701538721081135
-0.17203218518145036
-0.14756796493425384
-0.12331816946824858
-0.09913692147647168
-0.07501881079330985
-0.050813787503145136
-0.02593771531785194
-1.4688302355018363
-1.4443742120807308
-1.4199181886596253
-1.3954621652385195
-1.371006141817414
-1.3465501183963084
-1.322094094975203
-1.2976380715540974
-1.2731820481329916
-1.248726024711886
-1.2242700012907806
-1.199813977869675
-1.1753579544485693
-1.1509019310274637
-1.1264459076063587
-1.1019898841852525
-1.0775338607641471
-1.0530778373430416
-1.0286218139219359
-1.0041657905008305
-0.9797097670797249
-0.9552537436586193
-0.9307977202375137
-0.9063416968164081
-0.8818856733953025
-0.8574296499741969
-0.8329736265530914
-0.8085176031319857
-0.7840615797108802
-0.7596055562897749
-0.7351495328686691
-0.7106935094475635
-0.6862374860264581
-0.6617814626053524
-0.6373254391842469
-0.6128694157631412
-0.5884133923420356
-0.5639573689209301
-0.5395013454998245
-0.515045322078719
-0.49058929865761336
-0.46613327523650777
-0.44167725181540224
-0.4172212283942967
-0.3927652049731911
-0.36830918155208564
-0.3438531581309799
-0.31939713470987435
-0.2949411112887688
-0.2704850878676633
-0.24602906444655775
-0.22157304102545203
-0.1971170176043465
-0.17266099418324096
-0.1482049707621354
-0.12374894734102987
-0.09929292391992432
-0.07483690049881862
-0.050380877077713083
-0.02592485365660754
1.4239449239023985
1.4002362409194236
1.3765275579364487
1.3528188749534737
1.3291101919704988
1.3054015089875237
1.2816928260045488
1.2579841430215741
1.234275460038599
1.210566777055624
1.1868580940726494
1.1631494110896743
1.1394407281066994
1.1157320451237245
1.0920233621407498
1.0683146791577747
1.0446059961747995
1.0208973131918249
0.9971886302088496
0.9734799472258749
0.9497712642428999
0.9260625812599249
0.90235389827695
0.878645215293975
0.8549365323110002
0.8312278493280252
0.8075191663450503
0.7838104833620753
0.7601018003791005
0.7363931173961256
0.7126844344131505
0.6889757514301755
0.6652670684472006
0.6415583854642257
0.6178497024812508
0.5941410194982758
0.5704323365153009
0.546723653532326
0.5230149705493511
0.49930628756637613
0.4755976045834011
0.4518889216004262
0.4281802386174513
0.4044715556344764
0.3807628726515015
0.35705418966852664
0.3333455066855516
0.3096368237025766
0.2859281407196017
0.26221945773662686
0.23851077475365196
0.21480209177067686
0.19109340878770195
0.16738472580472707
0.14367604282175214
0.11996735983877724
0.09625867685580233
0.07254999387282728
0.048841310889852364
0.025132627906877463
-16.649999999999977
-16.649999999999977
-16.65000000000009
-16.649999999999977
-16.649999999999977
-16.649999999999977
-16.649999999999977
-16.65000000000009
-16.649999999999977
-16.649999999999977
-16.649999999999977
-16.649999999999977
-16.65000000000009
-16.649999999999864
-16.65000000000009
-16.649999999999977
-16.649999999999977
-16.65000000000009
-16.649999999999864
-16.65000000000009
-16.649999999999977
-16.649999999999977
-16.65000000000009
-16.649999999999864
-16.65000000000009
-16.649999999999977
-16.649999999999977
-16.649999999999977
-16.649999999999977
-16.650000000000034
-16.650000000000034
-16.649999999999977
-16.649999999999977
-16.649999999999977
-16.65000000000009
-16.649999999999977
-16.649999999999977
-16.649999999999977
-16.649999999999977
-16.65000000000009
-16.649999999999977
-16.649999999999977
-16.649999999999977
-16.649999999999977
-16.649999999999977
-16.65000000000009
-16.649999999999977
-16.649999999999977
-16.649999999999977
-16.649999999999977
-16.65000000000009
-16.649999999999977
-16.649999999999977
-16.649999999999977
-16.649999999999977
-16.649999999999977
-16.65000000000009
-16.649999999999977
-16.649999999999977
-16.65000000000009
-16.649999999999977
-16.649999999999977
-16.65000000000009
-16.649999999999977
-16.649999999999977
-16.649999999999977
-16.649999999999977
-16.65000000000009
-16.649999999999977
-16.649999999999977
-16.649999999999977
-16.649999999999977
-16.65000000000009
-16.649999999999864
-16.65000000000009
-16.649999999999977
-16.649999999999977
-16.65000000000009
-16.649999999999864
-16.65000000000009
-16.649999999999977
-16.649999999999977
-16.65000000000009
-16.649999999999864
-16.65000000000009
-16.649999999999977
-16.649999999999977
-16.649999999999977
-16.649999999999977
-16.650000000000034
-16.650000000000034
-16.649999999999977
-16.649999999999977
-16.649999999999977
-16.65000000000009
-16.649999999999977
-16.649999999999977
-16.649999999999977
-16.649999999999977
-16.65000000000009
-16.649999999999977
-16.649999999999977
-16.649999999999977
-16.649999999999977
-16.649999999999977
-16.65000000000009
-16.649999999999977
-16.649999999999977
-16.649999999999977
-16.649999999999977
-16.65000000000009
-16.649999999999977
-16.649999999999977
-16.649999999999977
-16.649999999999977
-16.649999999999977
-16.65000000000009
-16.649999999999977
-16.649999999999977
-16.65000000000009
291.4093500597268
290.506205890689
289.59029888910123
288.6612209142463
287.7185432297183
286.7618150695986
285.79056207632914
284.8042845961574
283.8024558161687
282.7845197247799
281.749888875088
280.6979419275906
279.62802094545026
278.53942841156913
277.43142393216976
276.30322058621164
275.1539808736484
273.98281220805234
272.7887618902591
271.57081148911107
270.327870542731
269.0587694785644
267.76225163209904
266.4369642219505
265.08144811193876
263.694126157645
262.2732898941529
260.8170842711853
259.3234900789634
257.79030362930206
256.2151131569998
254.5952712801879
252.9278626964401
251.20966608246837
249.43710889308528
247.6062133973935
245.71253181525927
243.75106777985232
241.7161804869356
239.60146670241838
237.3996141426855
235.10221739887027
232.69954420811078
230.18023494675913
227.530910866794
224.73565538117825
221.77531517637638
218.62653978360385
215.26042989255026
211.64088108309417
207.7100775766289
204.6718157731509
204.9687109857323
206.702019054767
209.75629135471513
213.9362908842383
219.34107709627682
226.5187954164047
235.19304788063386
241.2133368007763
243.93276812158803
274.0596192253446
273.30026120368393
272.52424214074705
271.7426052022509
270.94927541178987
270.1378540058384
269.31994395117954
268.4828676219191
267.6386393031303
266.77405682537693
265.9015747736815
265.00742015033035
264.104519810761
263.17847713334663
262.2427265869501
261.2821873254884
260.3108405807539
259.3128512737523
258.30280680752657
257.27210146689356
256.2114982445009
255.13654608168886
254.02913533675914
252.90553614659123
251.7465288470197
250.5691675718655
249.3529484510312
248.1057372359938
246.83613007148531
245.52140317597204
244.1808904692244
242.79006668473758
241.36932278108304
239.89201104996448
238.3796751285888
236.80309636535907
235.17117570606484
233.49088983267384
231.73435966051784
229.91396775268848
228.00988286476283
226.02242834186742
223.94056124822055
221.7552775535875
219.4545832878403
217.02405706589823
214.47045958659618
211.7460193401906
208.8067254276264
207.12898968977754
206.9698015342224
207.2004682275105
207.70598931636158
208.47234326941918
209.66062942839116
211.2140387841468
213.12585210555142
215.71348244705888
219.47080743920714
223.83885193504761
228.04340170766335
1000.0
983.35
966.7
950.05
933.4
916.75
900.1
883.45
866.8
850.15
833.5
816.85
800.2
783.55
766.9000000000001
750.25
733.6
716.95
700.3
683.6500000000001
667.0
650.35
633.7
617.05
600.4000000000001
583.75
567.1
550.45
533.8000000000001
517.1500000000001
500.50000000000006
483.85
467.20000000000005
450.55000000000007
433.9000000000001
417.25
400.6
383.95000000000005
367.30000000000007
350.6500000000001
334.0
317.35
300.70000000000005
284.05000000000007
267.4000000000001
250.7500000000001
234.10000000000002
217.45000000000005
200.80000000000007
184.1500000000001
167.5000000000001
150.85000000000002
134.20000000000005
117.55000000000007
100.90000000000009
84.25000000000011
67.60000000000014
50.950000000000045
34.30000000000007
17.65000000000009
1.0
1000.0
983.35
966.7
950.05
933.4
916.75
900.1
883.45
866.8
850.15
833.5
816.85
800.2
783.55
766.9000000000001
750.25
733.6
716.95
700.3
683.6500000000001
667.0
650.35
633.7
617.05
600.4000000000001
583.75
567.1
550.45
533.8000000000001
517.1500000000001
500.50000000000006
483.85
467.20000000000005
450.55000000000007
433.9000000000001
417.25
400.6
383.95000000000005
367.30000000000007
350.6500000000001
334.0
317.35
300.70000000000005
284.05000000000007
267.4000000000001
250.7500000000001
234.10000000000002
217.45000000000005
200.80000000000007
184.1500000000001
167.5000000000001
150.85000000000002
134.20000000000005
117.55000000000007
100.90000000000009
84.25000000000011
67.60000000000014
50.950000000000045
34.30000000000007
17.65000000000009
1.0
0.0
144.1544370206245
290.3460005644526
438.6398355965224
589.1043744417567
741.8115656433201
896.8371232998724
1054.2607991364232
1214.1666798599801
1376.6435126932786
1541.785062375655
1709.6905033791752
1880.464851622275
2054.2194405863747
2231.0724474704384
2411.149475875154
2594.5842025177417
2781.519096672085
2972.10622244533
3166.508135689795
3364.8988893677924
3567.465163611825
3774.4075396485596
3985.9419403013526
4202.301264105998
4423.737245363159
4650.522578960994
4882.953356860832
5121.351873175683
5366.069867351566
5617.492290835629
5876.041702789453
6142.183426241644
6416.431629429086
6699.35654051455
6991.593060965352
7293.851118679119
7606.928203660498
7931.724667134704
8269.262554791783
8620.7090093361
8987.405651546089
9370.905886649725
9773.022869409966
10195.892035070898
10642.053893467255
11114.565581238407
11617.154159685522
12154.432362800471
12732.162960841863
13359.574160447883
14058.083380032404
14853.773225658168
15780.702825791726
16894.755299430915
18281.8701238337
20110.62749917278
22745.474318900786
27244.08463801297
39917.140949117675
52590.19726022247
0.0
135.57420822029167
274.1230442376466
413.67488412024016
555.3143415715651
700.1838385768025
846.2118054813837
995.6616793514761
1146.388454617042
1300.7492192616444
1456.5203574743446
1616.1608717369563
1777.3628280569094
1942.6965694376831
2109.763533637225
2281.25622367609
2454.6784593913876
2632.857402985308
2813.1886497355263
2997.2086462045886
3186.566548551259
3378.4862809973865
3576.201101458699
3776.806173399391
3983.732935847119
4193.936579076157
4411.0778215811015
4633.752328386711
4860.425361618942
5095.153978161813
5334.48634002862
5582.801137498447
5836.457811066651
6100.213987373237
6370.223310057714
6651.702416651412
6943.0621507308715
7243.056909949379
7556.664168333654
7881.673168719093
8221.624540405668
8576.460554024285
8948.152792454592
9338.308816603358
9749.070005052396
10183.01112202095
10638.925126343438
11125.341044413502
11650.116490982366
12223.477572732781
12857.063551370693
13565.963489394957
14371.076543116402
15302.938893412302
16410.164595192386
17770.668235367564
19531.346532334643
22013.868806454808
26172.68220645055
37976.81541147627
49780.94861650208
440.34433685176214
435.49862428540615
432.83555307424365
430.1692544101428
427.4623280291009
424.73161237920607
421.98115274638087
419.21370926535815
416.4505350592605
413.7078650197049
410.9925199832818
408.31528497904594
405.6853854800031
403.1013002258399
400.5474287795939
398.0198007788224
395.5157386603529
393.0202569026637
390.54713800447155
388.096297038085
385.66236106991755
383.2547649784325
380.8762395507873
378.5230267601715
376.19985324897254
373.9082548837962
371.64480378955625
369.4123247969882
367.2160732600688
365.0479136947822
362.92240892715046
360.8359157036496
358.7877663353594
356.7870141955175
354.82971116884426
352.9174844481408
351.0637842071566
349.26218346808184
347.5095885363794
345.8233579426722
344.19653027976585
342.63066036511844
341.148918532507
339.74702217826456
338.4302023640568
337.2289665783652
336.1326176735218
335.1529070685125
334.27847136033614
333.47967728279997
332.7563114840092
332.288588720931
332.35361198098786
332.7750114699769
333.45079498697646
334.2375534999844
335.0956472153842
335.9732493773124
336.87164002776854
337.75265220599795
338.92833202423645
329.07292228615484
325.84461593104953
323.98872949644414
323.6354068785708
320.7855151135152
318.7322073853513
318.1884169616713
315.3237906622668
314.5999170511283
311.7293508699285
310.93563603295
308.10141840753005
307.2606352455139
304.47547841918407
303.5898829979825
300.8441303467163
299.91250410525714
297.204122814496
296.22739717720304
293.558585575233
291.49662408650136
290.5540161617991
288.0023472287237
286.95092652787764
284.4321879774332
283.34459153222156
280.8863699843579
279.77693423392196
278.2056342273915
275.77876431726327
274.61150309595405
272.3343101671941
271.1840711342938
269.01064199323184
267.86817688229036
265.8043359341434
264.6903931419387
263.29624871772666
261.46789065289704
260.2999095145048
258.7774064196355
257.5469452975189
256.23429369334417
254.9632171692867
253.69481748885622
252.4649578587917
296.3421120540047
295.9145957971756
295.5125255164334
295.3331492127724
295.4322361388682
295.6652510664898
295.9849333006085
296.3695773019268
296.8158045194277
297.3105259318296
297.83167931950453
298.3837317759457
298.9772830351315
299.6078715387493
300.502085638368
408.9084796882472
403.5724933581847
400.4115044797712
397.2404074424292
394.0221238798592
390.7732813966768
387.4983307775499
384.2003223756022
380.9005962943358
377.6155079589724
374.3519588899521
371.1208145768946
367.9315529067191
364.7829326399418
361.6598980932872
358.5588443527464
355.4773507266515
352.4007634005752
349.3428495957557
346.3035990093994
343.2777594099361
340.2747275714538
337.2972563829044
334.3416621734806
331.4126289740764
328.5117084616247
325.6355262797043
322.7869030346959
319.9711024334125
317.1800060620401
314.4281223149958
311.711806490214
309.0303968582591
306.3929087204686
303.7954043882655
301.239518716941
298.7386579402787
296.2864134160184
293.8797112502034
291.535881140107
289.247999081854
287.0176413374085
284.8679696050701
282.7947790328603
280.8033445115486
278.9241917495088
277.1467863551881
275.482986623263
273.9216119755292
272.4332589239633
271.0178979271491
269.856016732632
269.2252775281964
268.9503305092923
268.9309383337355
269.0404590590808
269.2465630344421
269.548897587395
270.0459098850055
270.7926013181677
271.3578329753131
319.8789920437742
316.6341683905428
314.759726013992
314.3862644374353
311.5149300815759
309.4389259759197
308.871280776975
305.9817525201384
305.2319767109128
302.3346300211301
301.5133280509692
298.6508325417822
297.7811588918199
294.9665898987792
294.0511501794607
291.2751968133794
290.313051373397
287.5739006383799
286.5661613669437
283.866120252386
281.7727484262607
280.7985557135323
278.2151423723811
277.1318366677251
274.5810788260252
273.4613378069895
270.9708616803756
269.829065962502
268.2253104147087
265.7659007546264
264.5660172284301
262.2561318261916
261.0731400892521
258.8669033502403
257.6915870366542
255.5948645462778
254.4480103677292
253.020944652218
251.1596711408991
249.9587808064864
248.4034202833707
247.1401804588152
245.794829210808
244.4912103415132
243.1904636946186
241.9284485288296
121.8356730215815
121.1145705495347
120.3866644625951
119.8605032428435
119.5976170384608
119.4593709056606
119.4071928058949
119.4273270980191
119.5284492777124
119.7301719325337
120.0198232176467
120.442420633601
121.0456214123758
121.8559967016376
122.4408075560573
31.43585716351493
31.92613092722141
32.4240485944724
32.92884696771356
33.44020414924169
33.9583309825293
34.48282196883099
35.01338688975594
35.54993876492473
36.0923570607325
36.64056109332974
37.19447040215137
37.753832573284
38.31836758589808
38.88753068630667
39.46095642607599
40.03838793370142
40.61949350208847
41.20428840871585
41.79269802868562
42.38460165998143
42.98003740697867
43.57898316788292
44.18136458669088
44.78722427489609
45.39654642217148
46.00927750985194
46.62542176229226
47.24497082665627
47.86790763274211
48.49428661215468
49.12410921343563
49.75736947710027
50.39410547504888
51.03430678057871
51.67796573119978
52.32512626687786
52.97577005206348
53.62987728617599
54.28747680256523
54.94853119791186
55.61301902770993
56.28094892743694
56.95224314540427
57.62685785250826
58.30477482885644
58.98583131833366
59.6699204452495
60.35685938480698
61.04641835883667
61.7384135568601
62.43257198829903
63.1283344527915
63.82468096068456
64.51985665324096
65.19709444090365
65.84908418094211
66.42435178991741
66.825730142763
66.96005088783022
67.57049904892337
9.193930242380643
9.210447540506747
9.229003482452134
9.249142441135511
9.270585031939262
9.293281409431579
9.317136184696256
9.342038142128414
9.367940340215469
9.394720848798366
9.422307981980767
9.450585865747803
9.479476353693988
9.508888520404865
9.538732818521813
9.568933533336919
9.59945273186013
9.630222176116085
9.661235810259381
9.692465322846994
9.72387566024068
9.755460448266774
9.78720485634262
9.81908986015254
9.851109151408044
9.883253725232064
9.9155083039823
9.947868271419974
9.980323812682817
10.01286356263688
10.04548586752395
10.07817834100248
10.11093104504167
10.14373864299155
10.17658984563617
10.20947138786563
10.24238277420952
10.27530406550867
10.30821951199795
10.34112870801842
10.37398613626481
10.40676483870373
10.43946448253617
10.47200682777349
10.50435379423763
10.53650932996213
174.5064390324232
174.8000252476409
175.1258610538383
175.4726459699289
175.8346191004074
176.2058801608292
176.5777404947136
176.9422502039077
177.2873552417153
177.5803539992959
177.8118561018578
177.9413111423447
177.9316616227557
177.7518748371117
178.0612780823107
584.6102018052409
580.1359094065385
575.6226411748651
571.0884300107267
566.5498060078477
562.0519232641798
557.5930817573503
553.1694806791982
548.7909349454153
544.4600036429431
540.1651907351284
535.927132973079
531.7552735085293
527.6585414275492
523.6052479178561
519.5761908072329
515.5616191953532
511.51617688859733
507.4586939004823
503.39519448281635
499.31388604337843
495.2352544846357
491.1728012942702
487.1119802946673
483.0791094750909
479.0870302317917
475.12083741736376
471.194260921463
467.314306309637
463.4592645148883
459.6512667120643
455.8854414351064
452.1480550471922
448.45582298071946
444.7998836080529
441.16453098649185
437.5729478724513
434.00562263864504
430.43078858383205
426.88725973977324
423.351084082636
419.81327352266237
416.33270593621006
412.8797855646185
409.45368081776166
406.1882899280321
403.12384107851443
400.4371984932816
398.21211972975885
396.45099389399746
395.3167026208585
395.0132555638833
395.310765374118
395.9287413767443
396.77679915398676
397.7149652109661
398.70314294117475
399.69481128244155
400.6935702167088
401.65592967565146
402.8602621655435
269.81271825776474
266.90754705248963
264.8162154779271
260.186366207137
257.15670012577493
254.9581406762826
250.43298147664018
248.18420708673347
243.71827746547498
241.4740925370162
237.11654468107528
234.90937939963814
230.68874768109276
228.53659678667975
224.45631318727533
222.33817294949046
218.37339991513159
216.25552202890597
212.3226600278444
209.67427911855182
207.64088170057366
203.97933684985912
201.97732841621232
198.4389203912873
196.4793409692836
193.1000873911412
191.25335881827
188.44823245374053
185.24588850350233
183.39533408126664
180.3604861430793
178.5972973652408
175.7578361927172
174.10881173806632
171.50834723434508
170.03215933197507
167.96969051566566
165.7995355786394
164.41918855334026
162.63822679661763
161.30821854904792
159.89360728966804
158.68337039633747
157.60491761082324
156.70524138999625
156.035796894913
234.66234740783676
233.22237934591948
232.22790598158053
231.68101810803205
231.48801273216398
231.46756248710327
231.56382145773017
231.7514500718376
232.02564510415718
232.3727985516248
232.77063376983153
233.22354930479617
233.7420817531887
234.32185646930344
235.1901328536042
311.254922855006
304.7392295974733
298.1156637347467
291.4075621875
284.6385745701989
277.873203678349
271.113794844282
264.3619974483161
257.640121252656
250.9634018081316
244.3351075101256
237.7942548807703
231.3617383558398
225.0546506223361
218.8275313162717
212.6511811578713
206.5079224359666
200.3319651060821
194.1467346539792
187.9557553456635
181.7364547701606
175.5152408559163
169.3062048345887
163.0868219873116
156.8918403996193
150.7348114734304
144.5927314772895
138.4848364468927
132.4178553823765
126.3642269406837
120.3585107079157
114.3969478069466
108.4631595552658
102.5859415688263
96.75429219498729
90.94885251380944
85.213127701811
79.52516741606526
73.84942741465453
68.24799012913367
62.68627470389132
57.14873621006307
51.7159305766456
46.34533132917037
41.0515531352781
36.03429610523806
31.3382025936338
27.16727821528071
23.59274232168046
20.58568723566837
18.30789108234816
16.93912248469622
16.21683798120858
15.83920241638203
15.68246789556879
15.50899367946126
15.22046443375428
14.47304852694557
12.56042933411607
7.518118028350656
0.0
238.9606034331208
235.9664832703265
233.78517446845
229.0646799133414
225.9437957409248
223.6541392934968
219.0384600426853
216.7000360021022
212.1459205204469
209.8151235814473
205.3728729916591
203.0828449420009
198.7812745724096
196.5499776026404
192.3920698447163
190.197538686317
186.157590730869
183.9653203854243
179.9590749282347
177.2382102098603
175.1330266083456
171.400556525017
169.3284455528431
165.720725606033
163.6926956329312
160.2459756792619
158.3326555750856
155.4620047813668
152.1952187470774
150.2812656228663
147.1843167057942
145.360257982867
142.4611720589686
140.7538957740108
138.0965653294579
136.5648073098067
134.4483975493258
132.2258296339446
130.7945590479228
128.9645318029623
127.5869818814621
126.1262069922281
124.8714360603596
123.7495568341546
122.807324656246
122.0963336451337
22.55147677359418
20.37659100076147
18.67047214380956
17.41834258110704
16.51560056886148
15.76284142242564
15.0781462605067
14.41170953516681
13.72113477287639
12.90663638884322
11.88670874944114
10.50698250070826
8.5374502595685
5.301710203984142
0.0
273.3552789502349
275.3966798090653
277.5069774401183
279.6808678232267
281.9112314376488
284.1787195858308
286.4792869130684
288.807483230882
291.1508136927593
293.4966018348115
295.8300832250028
298.1328780923087
300.3935351526895
302.6038908052131
304.7777166015845
306.9250096493616
309.0536967593865
311.1842117825152
313.3119592465031
315.4394391371528
317.5774312732178
319.7200136287194
321.8665964596815
324.0251583073557
326.1872690754716
328.3522187583613
330.5281059400742
332.7094244745703
334.8964509272605
337.0950375742046
339.2927560041486
341.4884936281598
343.6848954919264
345.8698814118932
348.0455914130656
350.2156784726824
352.3598201706403
354.4804552225798
356.5813611691775
358.6392696106396
360.6648093787447
362.6645373125993
364.6167753595645
366.5344542354481
368.4021276824836
370.153993822794
371.7856384848806
373.2699202780009
374.6193774080784
375.8653066583291
377.0088115385104
378.0741330791871
379.0939273929094
380.0895389603623
381.094331258418
382.2059715315049
383.4826785074205
385.221762755496
388.1331408825927
394.1378116473008
402.8602621655435
30.85211482464394
30.94106378216314
31.03104100947705
31.12168629379561
31.21290438485015
31.30400138278579
31.39452143395488
31.48417108463127
31.57235694502808
31.6589689555689
31.74367168941617
31.82653445763726
31.90747310868319
31.98661918403935
32.06424334255904
32.14063426317348
32.21580918426258
32.29020164348168
32.36358509960967
32.4360689086915
32.50785509222806
32.57878032484211
32.64888286336921
32.7181947852543
32.78664533635241
32.8541117118793
32.9207032431844
32.98622767237373
33.05066975642494
33.11406845840033
33.17616943728508
33.23703938237379
33.2966641337486
33.35491596405551
33.41178190488718
33.46735202216836
33.52129296633986
33.57370594469477
33.62462950541745
33.6736949936553
33.72123666758581
33.76740029743994
33.81193433597786
33.85536077666865
33.89791673375026
33.93946324977931
212.1108706342426
212.845788345158
213.557433837771
214.262675526925
214.9724121633025
215.7047210646776
216.4856751972235
217.3397405366708
218.3045103312808
219.4661621627816
220.8839250203904
222.7165668040879
225.2046314936202
229.0201462653193
235.1901328536042
144.26586495347868
144.6372851211325
142.7870881006213
140.919175600584
139.0874779787468
137.3203108849737
135.61192901096962
133.95577141383978
132.3403998861548
130.7521386232383
129.17267075184657
127.61184799403301
126.06988802852618
124.5572412017093
123.05781913826243
121.5563900284107
120.04588053500021
118.4959199859336
116.91155589601078
115.29889744473141
113.65152497346082
111.98048950620318
110.2965617434829
108.5889535344958
106.87925622611826
105.17877534799553
103.47603362780728
101.7819361244749
100.09823304956842
98.41135082010612
96.72885778491377
95.04952573145673
93.3602887118328
91.66880878520197
89.97017243920857
88.2470465383511
86.5091636652948
84.74343917056328
82.92120004745263
81.06390179710107
79.1545538028702
77.18261315754401
75.18378740370298
73.13276338635382
71.0234784537048
68.95932334966679
66.99122340499258
65.28429142476918
63.933648369422826
62.97131661119752
62.56039113684943
62.7246668429523
62.95715339313011
63.15372990676761
63.326004167010296
63.47741171098167
63.60749572579047
63.72156190512919
63.821930188940314
63.90327746965346
63.93193014130708
-59.260204028390106
-58.93706887855988
-59.172514018517205
-63.449040671433835
-63.62881498774018
-63.77406670906868
-67.75543548503106
-67.13958357553344
-70.88163958565328
-70.25525833291218
-73.8190913518747
-73.19203900789176
-76.57188756442112
-75.93888163250435
-79.13356981070717
-78.50595739722574
-81.53910419012564
-80.94860078559002
-83.90473714935871
-83.8843064566812
-83.85574238592763
-86.57467931193997
-86.0250188125114
-88.51200613659023
-87.95284700814975
-90.24450414108037
-89.633011166088
-91.32870178018143
-92.95974572388917
-92.38343023599664
-94.25101695287466
-93.73701280195328
-95.42623494157658
-94.90183025516555
-96.35982964794529
-95.77217660216837
-96.72070262627297
-97.49671313908732
-97.0487020995568
-97.66168271788723
-97.4691878705877
-97.65333800785099
-97.55092329700672
-97.35829955846334
-96.98957609885987
-96.42916096387872
-61.67976464616788
-62.69221645125613
-63.28461953485275
-63.65213110474036
-63.9442234067042
-64.19768857938655
-64.42111184287822
-64.61812723008903
-64.79015941527048
-64.93772738020473
-65.06104554967298
-65.16018247114945
-65.23520128194276
-65.28601506944591
-65.31195278476376
97.65355683324123
98.83326376071143
102.2958407450245
105.8328452549292
109.3835493096603
112.9000777183278
116.3845359332678
119.8383249272862
123.2604750416798
126.6521061508408
130.0168513798265
133.3265596961243
136.5698145508793
139.7282820176057
142.8323667770155
145.907663194875
148.9694282906849
152.0687982944932
155.1961149417765
158.3478436637358
161.5413046397756
164.7594867155375
167.9910515483157
171.254840186169
174.5207885744572
177.7768969881943
181.0427948024149
184.3020665878032
187.5532470510359
190.8157791213564
194.0696116070801
197.3148586832675
200.5672373029934
203.8069671516423
207.0411121932783
210.2906662031315
213.5255302384677
216.7612459999531
220.0302838355489
223.2878910109733
226.5617243779627
229.8689051273454
233.1520390284245
236.44944770369
239.7517913762706
242.8898956442707
245.8085837615543
248.3157084079822
250.3288696538487
251.8475716882949
252.7100068448009
252.9168942479358
253.0084395469878
253.1111280929102
253.2484704381667
253.5314653796195
254.0260986006879
255.0758490604494
257.4854805508894
263.2744832898171
271.3578329753131
80.91838861065341
80.66768512021628
80.97455154554211
85.32158452409394
85.57113434065106
85.78478668242289
89.83282073428967
89.28171651803629
93.08605619046588
92.51950643968271
96.14045505931011
95.56798759978122
98.99988431941031
98.41661229613882
101.6590803347444
101.0776581270623
104.1554606425281
103.6085802529556
106.607086438709
106.6279100425257
106.639721817915
109.3979991885153
108.886696819538
111.411111061692
110.8883831930941
113.2153621277276
112.6382061052901
114.3670611811352
116.0300916676313
115.4846351317601
117.3817005226358
116.8958738433246
118.6119680302835
118.1130075762295
119.5950217071963
119.0300572364711
119.9996128184033
120.7951150182734
120.3651120929763
120.9942490035241
120.8164384019087
121.0139734665872
120.9233931504484
120.7416535073585
120.3831390383725
119.8321148836959
99.28419624798735
100.7379795487732
101.7161923187855
102.4421606617365
103.0820164695993
103.696529483235
104.3290465453882
105.0156175628522
105.8073145048359
106.8235355436905
108.1331144682055
109.9354381328927
112.5081711528073
116.5542864976535
122.4408075560573
241.9194217867199
243.4705488818439
245.0829288456458
246.7520208555132
248.4710272884071
250.2203886033015
251.9964649442374
253.794096341126
255.6008749278346
257.4042447740791
259.1895221316731
260.9384076901573
262.6397025794055
264.285523219315
265.8901859152779
267.4640532232857
269.0153088256851
270.5647182804268
272.1076708377873
273.6467411084672
275.1928296132364
276.7399762217407
278.2876132917986
279.8437937206648
281.4000448005755
282.9556723361898
284.5188284302222
286.0840027122781
287.6514801006043
289.2271299414625
290.7984693919939
292.3643844147242
293.9275260148262
295.4757759368443
297.0112846324869
298.5377127414826
300.0346939037625
301.5046851705164
302.9514838830015
304.3517928080744
305.7162781808329
307.0515182848894
308.3358264321275
309.5822110900438
310.7752698299754
311.8492189939375
312.7998071665469
313.5999998327514
314.2625180232715
314.8188882994924
315.2703979816503
315.6415610908881
315.9655929401179
316.2648579996778
316.574474605177
317.0088770906012
317.6335943264784
318.7974109655786
321.3074107398297
327.1777607594706
335.2897631166202
21.6581845822633
21.7306162416564
21.80203752702491
21.8725438526601
21.94231935291088
22.01071997335421
22.07738524925862
22.14213294250285
22.20441660481261
22.26424810677054
22.32136370743541
22.37594859188946
22.4279967549892
22.47773066363448
22.52551052403723
22.57170072983656
22.61635645240245
22.65997946736559
22.70234928935029
22.7436035858445
22.78397943198738
22.82331987657533
22.86167800702659
22.89910492510176
22.93553618494436
22.97085798664724
23.0051949392021
23.03835940095376
23.07034594374213
23.10120489576346
23.13068356976113
23.15886104137131
23.18573308870692
23.21117732106396
23.23519205925101
23.25788063430273
23.27891019213034
23.29840187918609
23.31640999341949
23.33256628563688
23.347250531321
23.36063545873621
23.37246985344169
23.38335394889516
23.39356293951263
23.40295391981718
37.60443160181947
38.04576309751707
38.43157278393275
38.79002955699613
39.1377930628951
39.49884090384844
39.90793470250998
40.39749033276317
41.01715508956542
41.88580816348576
43.07206891853252
44.77525566174324
47.27296987086453
51.26827142820758
57.12885477129353
-0.560851006669351
-1.7177173817982667
-1.7558813005924028
-1.763191024542289
-1.7465767152373675
-1.7312115944360877
-1.7166484837238913
-1.7018711755185136
-1.6876551065832384
-1.6754130215794043
-1.6488175833500887
-1.6164423038703424
-1.5746674854946745
-1.548111139573146
-1.5343345493824165
-1.5282582143423302
-1.5478298584101786
-1.5626210042227493
-1.575551989016905
-1.5971360938337027
-1.6101829996763861
-1.6174597272101052
-1.6342542095607504
-1.635852851606239
-1.6314308891895166
-1.6368887396793357
-1.6341267024999122
-1.6306251938088225
-1.6369467060831338
-1.6332396572622896
-1.629550362428021
-1.6338243989760994
-1.628141042046554
-1.6260366833610802
-1.634514039234925
-1.6279139262305904
-1.6291248297773335
-1.6467555896288664
-1.6419041580462952
-1.6508694078083224
-1.6684195972525095
-1.657024911712267
-1.6647372505933165
-1.6675791797402528
-1.5848007348848896
5.719640923059717
-1.0462570018513486
-0.824188491056165
-0.5875913492962758
-0.26058892378514475
0.07820235583738211
0.160979433614868
0.1961172946304673
0.244510104037087
0.2969323617000403
0.35071046196757977
0.331529397944893
0.045410167810419955
-0.9073042342104687
-1.124048553659668
0.0
0.16370236039826888
-0.11923859390596381
-2.166189312217131
-0.09103987929423599
-0.0735534029649334
-2.0166826488489966
0.31197129135707047
-1.8954636771294677
0.3173032142117735
-1.8051890823656263
0.3176414795241536
-1.7119960670793783
0.3206556415097422
-1.6182071551165929
0.3179225087220823
-1.5363817334843262
0.2991246705988616
-1.4973739587268133
0.010361967509159301
0.01448153163903
-1.3772250328694622
0.2784346256053466
-1.2597349798202355
0.2832454045936033
-1.1607940117601776
0.3097536800860713
-0.8589166187126599
-0.8261711723285418
0.2919339367241654
-0.9459892327744641
0.2603701935751147
-0.8556421062580332
0.2656375639632874
-0.7385205306712406
0.29767421543974176
-0.4804552340869682
-0.39307052655216923
0.22693912391099458
-0.3104911895643215
0.09751009786528811
-0.093274294175051
0.0518804241320422
0.0975741790730732
0.1867746893468614
0.2838730294644378
17.60630556397232
-0.512702429609717
-0.2999505565906988
-0.18604375276720372
-0.14784462712722443
-0.12827440418470717
-0.1130418595304423
-0.0996397869952072
-0.08694359650886069
-0.07447253793118697
-0.062088302650910365
-0.049675494558250266
-0.037206514000077906
-0.024470248948465834
-0.011277310732866752
0.0
-0.597563199869608
-1.753917464041713
-1.791617632884769
-1.798556935903636
-1.781245764845975
-1.76500107971446
-1.749466036760372
-1.733439827446339
-1.717980874041083
-1.704362226718799
-1.676484087758268
-1.642823063823193
-1.599875258975061
-1.57232849812719
-1.557746186965666
-1.55089209472106
-1.56994030799429
-1.58409626937056
-1.596461846887434
-1.617600706637569
-1.630122816248288
-1.636901655059427
-1.65322414976064
-1.654318139590485
-1.649333845150523
-1.654292522040043
-1.650936204552065
-1.646837664274008
-1.652587653951194
-1.648181007276331
-1.64383219429982
-1.647444572830153
-1.64103752380537
-1.6382086219217
-1.646013808227054
-1.638572817609747
-1.639004246968458
-1.655883053702565
-1.650093020848203
-1.658312159625312
-1.675203785898137
-1.663023208430527
-1.670253885424627
-1.672753635759468
-1.589560580043335
-1.478418554789262
-1.269947129499492
-1.019737231274219
-0.7692761873478778
-0.4368538488681463
-0.1047957723661849
-0.0463709253211391
-0.0520153731935401
-0.0695687457605035
-0.1433469269558849
-0.2505491859552496
-0.5317356617926211
-1.22056340469381
-2.932334226557242
-4.094501940484691
0.0
0.1269901671980118
-0.15543867614941
-2.201925644509497
-0.126405790655583
-0.1082224525735409
-2.050472134127369
0.2791537383205899
-1.927032329057293
0.286977446753929
-1.834138287505021
0.2899749751159742
-1.738376827032229
0.2954478680293556
-1.642424513670637
0.2945108711388329
-1.559015613863056
0.2770142210147503
-1.518849223874624
-0.0105478903613698
-0.0059830811648363
-1.397164849441364
0.2589926977560248
-1.278704920020125
0.2647801166093573
-1.178696967721184
0.292349897725364
-0.8757261207648128
-0.8423836427937271
0.2762929888561052
-0.9609305827885056
0.2460883617033157
-0.8692622801120867
0.2527410822044714
-0.7506924692318605
0.286174446447613
-0.4911141254661247
-0.4029499437432936
0.2178116598372959
-0.3186800523662292
0.0900673460482983
-0.1000584828206785
0.0458821274137824
0.0920575442417628
0.1816002333276463
0.2791131843059925
10.40824608612334
-0.7363925572578603
-0.4954992968087528
-0.3677285908188058
-0.324109552210226
-0.3112725323882742
-0.3203922184664494
-0.3477724548192146
-0.4010224463064512
-0.5147518265871122
-0.6633479505737397
-0.9129405542957644
-1.303180086504308
-2.049500241295239
-2.98173069755789
0.0
0.0367121932002571
0.0362000822434462
0.0357363322923662
0.035365911361347
0.0346690496086075
0.0337894852783723
0.0328175530364806
0.0315686519278253
0.0303257674578445
0.0289492051393948
0.0276665044081794
0.0263807599528507
0.0252077734803866
0.0242173585540441
0.0234116375832494
0.0226338803787298
0.0221104495841113
0.0214752651478107
0.0209098578705291
0.0204646128038663
0.0199398165719019
0.0194419278493218
0.0189699401998896
0.018465287984246
0.0179029559610065
0.0174037823607073
0.0168095020521529
0.0162124704651854
0.0156409478680602
0.0149413500140415
0.014281831871799
0.0136201738540536
0.012896481758816
0.0121719385606199
0.0114997689921288
0.0106588913791565
0.0098794171911244
0.0091274640736987
0.0081888628019077
0.0074427518169898
0.0067841886456275
0.0059982967182598
0.0055166348313104
0.0051744560192151
0.0047598451584453
7.198059477848979
0.2236901276481433
0.195548740218054
0.1816848380516021
0.1762649250830016
0.182998128203567
0.2073503589360071
0.2481326678240074
0.3140788497975905
0.4402792886559252
0.6012596479228294
0.8632650597375141
1.26597357250423
2.025029992346773
2.970453386825023
0.0
0.0367121932002571
0.0362000822434462
0.0357363322923662
0.035365911361347
0.0346690496086075
0.0337894852783723
0.0328175530364806
0.0315686519278253
0.0303257674578445
0.0289492051393948
0.0276665044081794
0.0263807599528507
0.0252077734803866
0.0242173585540441
0.0234116375832494
0.0226338803787298
0.0221104495841113
0.0214752651478107
0.0209098578705291
0.0204646128038663
0.0199398165719019
0.0194419278493218
0.0189699401998896
0.018465287984246
0.0179029559610065
0.0174037823607073
0.0168095020521529
0.0162124704651854
0.0156409478680602
0.0149413500140415
0.014281831871799
0.0136201738540536
0.012896481758816
0.0121719385606199
0.0114997689921288
0.0106588913791565
0.0098794171911244
0.0091274640736987
0.0081888628019077
0.0074427518169898
0.0067841886456275
0.0059982967182598
0.0055166348313104
0.0051744560192151
0.0047598451584453
7.198059477848979
0.2236901276481433
0.195548740218054
0.1816848380516021
0.1762649250830016
0.182998128203567
0.2073503589360071
0.2481326678240074
0.3140788497975905
0.4402792886559252
0.6012596479228294
0.8632650597375141
1.26597357250423
2.025029992346773
2.970453386825023
0.0
1.0
1.0
1.0
1.0
1.0
1.0
1.0
1.0
1.0
1.0
1.0
1.0
1.0
1.0
1.0
1.0
1.0
1.0
1.0
1.0
1.0
1.0
1.0
1.0
1.0
1.0
1.0
1.0
1.0
1.0
1.0
1.0
1.0
1.0
1.0
1.0
1.0
1.0
1.0
1.0
1.0
1.0
1.0
1.0
1.0
1.0
1.0
1.0
1.0
0.0
0.0
0.0
0.0
0.0
0.0
0.0
0.0
0.0
0.0
0.0
0.0
1.0
1.0
1.0
1.0
1.0
1.0
1.0
1.0
1.0
1.0
1.0
1.0
1.0
1.0
1.0
1.0
1.0
1.0
1.0
1.0
1.0
1.0
1.0
1.0
1.0
1.0
1.0
1.0
1.0
1.0
1.0
1.0
1.0
1.0
1.0
1.0
1.0
1.0
1.0
1.0
1.0
1.0
1.0
1.0
1.0
1.0
1.0
1.0
1.0
0.0
0.0
0.0
0.0
0.0
0.0
0.0
0.0
0.0
0.0
0.0
0.0
1.0
1.0
1.0
1.0
1.0
1.0
1.0
1.0
1.0
1.0
1.0
1.0
1.0
1.0
1.0
1.0
0.7015986081859769
0.7015986081859769
0.7015986081859769
0.7015986081859769
0.7015986081859769
0.7015986081859769
0.7015986081859769
0.7015986081859769
0.7015986081859769
0.7015986081859769
0.7015986081859769
0.7015986081859769
0.7015986081859769
0.7015986081859769
0.7015986081859769
0.7015986081859769
0.7015986081859769
0.7015986081859769
0.7015986081859769
0.7015986081859769
0.7015986081859769
0.7015986081859769
0.7015986081859769
0.7015986081859769
0.7015986081859769
0.7015986081859769
0.7015986081859769
0.7015986081859769
0.7015986081859769
1.0
1.0
1.0
1.0
1.0
1.0
1.0
1.0
1.0
1.0
1.0
1.0
1.0
1.0
1.0
1.0
1.0
1.0
1.0
1.0
1.0
1.0
1.0
1.0
1.0
1.0
1.0
1.0
1.0
0.012713954004375586
0.012522643316805774
0.012241180006835217
0.011870308005544427
0.01135040266031158
0.010807615946805646
0.010242417305406388
0.009627244491207885
0.008979260998492836
0.008306093871310167
0.007603293920370283
0.0069122527476502965
0.006252357025018315
0.005701225607961229
0.0052255857915459785
0.004805950185013031
0.004468973961144485
0.004131997737275937
0.0038109840341600974
0.0035305558891282635
0.00325012774409643
0.0029850657439348524
0.0027512965008038796
0.0025175272576729076
0.00229981876900209
0.0021087215835990263
0.0019176243981959642
0.0017410619733969394
0.0015842915630374572
0.0014275211526779757
0.0012836469802999441
0.001154287935352099
0.0010249288904042534
0.0009090354256542688
0.0008056959447637976
0.0007023564638733273
0.0006122852173578464
0.0005324474494826503
0.00045260968160745426
0.0003851992836228362
0.0003256805706096482
0.0002661618575964602
0.0002166170653874699
0.00017224112879281296
0.00012786519219815638
9.253792268836469e-05
6.333616885667669e-05
4.20429840806223e-05
2.7624225201019283e-05
1.7049318260112626e-05
1.0628768167837769e-05
6.782626702029576e-06
4.202743077801144e-06
2.924316786566879e-06
2.568634166351592e-06
2.3954756135574008e-06
2.4150621409845113e-06
2.474259716154873e-06
2.722521816921607e-06
3.959857006500464e-06
0.0004
0.0004
0.0004
0.0004
0.0004
0.0004
0.0004
0.0004
0.0004
0.0004
0.0004
0.0004
0.0004
0.0004
0.0004
0.0004
0.0004
0.0004
0.0004
0.0004
0.0004
0.0004
0.0004
0.0004
0.0004
0.0004
0.0004
0.0004
0.0004
0.0004
0.0004
0.0004
0.0004
0.0004
0.0004
0.0004
0.0004
0.0004
0.0004
0.0004
0.0004
0.0004
0.0004
0.0004
0.0004
0.0004
0.0004
0.0004
0.0004
0.0004
0.0004
0.0004
0.0004
0.0004
0.0004
0.0004
0.0004
0.0004
0.0004
0.0004
1.162045634587232e-08
1.820430393861804e-08
2.3397995420096767e-08
2.725212375375048e-08
2.960057246018744e-08
3.1556832458202534e-08
3.319749498422714e-08
3.464152348962763e-08
3.592600138599948e-08
3.705020883204817e-08
3.780025092524557e-08
3.837559316289666e-08
3.8829381782503677e-08
3.913902643840657e-08
3.937410144042347e-08
3.955735715982691e-08
3.967034486289783e-08
3.978333256596876e-08
3.9893025990365636e-08
3.999434353600619e-08
4.009566108164673e-08
4.022175415018773e-08
4.0398301931018384e-08
4.0574849711849056e-08
4.077639849341144e-08
4.101937180544153e-08
4.126234511747164e-08
4.152830315333734e-08
4.182555953655365e-08
4.2122815919769966e-08
4.2490072217123994e-08
4.2936115651879853e-08
4.338215908663571e-08
4.392681279327238e-08
4.456340102804553e-08
4.519998926281867e-08
4.592997988028456e-08
4.6732009569508185e-08
4.753403925873179e-08
4.8485534159784347e-08
4.9531943139707e-08
5.057835211962966e-08
5.2002938603837294e-08
5.362351069436888e-08
5.5244082784900455e-08
5.751180313026143e-08
6.028929328200166e-08
6.387341799947444e-08
6.840970116114401e-08
7.370642590357204e-08
8.017592488363205e-08
9.04862884477832e-08
1.0938081657783701e-07
1.4422883304751184e-07
3.6525748107579245e-07
6.672230955892941e-07
1.5515058449280014e-06
3.6506609890247675e-06
7.375069553347444e-06
2.758957962742941e-06
0.0
0.0
0.0
0.0
0.0
0.0
0.0
0.0
0.0
0.0
0.0
0.0
0.0
0.0
0.0
0.0
0.0
0.0
0.0
0.0
0.0
0.0
0.0
0.0
0.0
0.0
0.0
0.0
0.0
0.0
0.0
0.0
0.0
0.0
0.0
0.0
0.0
0.0
0.0
0.0
0.0
0.0
0.0
0.0
0.0
0.0
0.0
0.0
0.0
0.0
0.0
0.0
0.0
0.0
0.0
0.0
0.0
0.0
0.0
0.0
0.0
0.0
0.0
0.0
0.0
0.0
0.0
0.0
0.0
0.0
0.0
0.0
0.0
0.0
0.0
0.0
0.0
0.0
0.0
0.0
0.0
0.0
0.0
0.0
0.0
0.0
0.0
0.0
0.0
0.0
0.0
0.0
0.0
0.0
0.0
0.0
0.0
0.0
0.0
0.0
0.0
0.0
0.0
0.0
0.0
0.0
0.0
0.0
0.0
0.0
0.0
0.0
0.0
0.0
0.0
0.0
0.0
0.0
0.0
0.0
0.0
0.0
0.0
0.0
0.0
0.0
0.0
0.0
0.0
0.0
0.0
0.0
0.0
0.0
0.0
0.0
0.0
0.0
0.0
0.0
0.0
0.0
0.0
0.0
0.0
0.0
0.0
0.0
0.0
0.0
0.0
0.0
0.0
0.0
0.0
0.0
0.0
0.0
0.0
0.0
0.0
0.0
0.0
0.0
0.0
0.0
0.0
0.0
0.0
0.0
0.0
0.0
0.0
0.0
0.0
0.0
0.0
0.0
0.0
0.0
0.0
0.0
0.0
0.0
0.0
0.0
0.0
0.0
0.0
0.0
0.0
0.0
0.0
0.0
0.0
0.0
0.0
0.0
0.0
0.0
0.0
0.0
0.0
0.0
0.0
0.0
0.0
0.0
0.0
0.0
0.0
0.0
0.0
0.0
0.0
0.0
0.0
0.0
0.0
0.0
0.0
0.0
0.0
0.0
0.0
0.0
0.0
0.0
0.0
0.0
0.0
0.0
0.0
0.0
0.0
0.0
0.0
0.0
0.0
0.0
0.0
0.0
0.0
0.0
0.0
0.0
0.0
0.0
0.0
0.0
0.0
0.0
0.0
0.0
0.0
0.0
0.0
0.0
0.0
0.0
0.0
0.0
0.0
0.0
0.0
0.0
0.0
0.0
0.0
0.0
0.0
0.0
0.0
0.0
0.0
0.0
0.0
0.0
0.0
0.0
0.0
0.0
0.0
0.0
0.0
0.0
0.0
0.0
0.0
0.0
0.0
0.0
0.0
0.0
0.0
0.0
0.0
0.0
0.0
0.0
0.003570119022669338
0.0034996041578075655
0.003409540347023282
0.003299771279415631
0.003151251770058267
0.0029839708546992886
0.0028011180721289387
0.002604291313674109
0.0024083964683669027
0.0022150455849895105
0.0020336640534813193
0.0018666491438649583
0.0017126801861556545
0.001583721655396795
0.0014696337966006803
0.001366684215309443
0.0012803628962826381
0.0011940415772558322
0.0011119462292084807
0.0010405956371620795
0.0009692450451156782
0.0009009175021233207
0.0008387463204264312
0.0007765751387295417
0.0007168764676946636
0.0006612745364002989
0.0006056726051059345
0.0005525506983162698
0.0005028058461713033
0.00045306099402633686
0.0004067486529023704
0.000364299712480764
0.00032185077205915737
0.00028328669611704324
0.00024834448609198
0.00021340227606691685
0.00018270909280556347
0.00015529308444175237
0.00012787707607794126
0.00010572038238966507
8.690348263609823e-05
6.808658288253137e-05
5.376356942586015e-05
4.17694544908324e-05
2.9775339555804754e-05
2.1103949537266697e-05
1.4453040429115102e-05
9.93672573768964e-06
6.927207350205891e-06
4.764876598171457e-06
3.525337907350755e-06
2.8814058790235313e-06
2.5001055366884254e-06
2.35643836583194e-06
2.312563767431987e-06
2.298500334632782e-06
2.429364117616755e-06
2.7212248126938336e-06
3.176123844993294e-06
4.107939098779703e-06
0.0004
0.0004
0.0004
0.0004
0.0004
0.0004
0.0004
0.0004
0.0004
0.0004
0.0004
0.0004
0.0004
0.0004
0.0004
0.0004
0.0004
0.0004
0.0004
0.0004
0.0004
0.0004
0.0004
0.0004
0.0004
0.0004
0.0004
0.0004
0.0004
0.0004
0.0004
0.0004
0.0004
0.0004
0.0004
0.0004
0.0004
0.0004
0.0004
0.0004
0.0004
0.0004
0.0004
0.0004
0.0004
0.0004
0.0004
0.0004
0.0004
0.0004
0.0004
0.0004
0.0004
0.0004
0.0004
0.0004
0.0004
0.0004
0.0004
0.0004
1.530423069415213e-08
1.6826539649258388e-08
1.808721999581265e-08
1.9096758113918802e-08
1.9842467105754935e-08
2.052806856901885e-08
2.1163789892716428e-08
2.1754826211472416e-08
2.232117428905451e-08
2.2864743870556376e-08
2.3362715353827973e-08
2.3835625440069187e-08
2.429093676573531e-08
2.4724873785834516e-08
2.5152500193879194e-08
2.5580282996960746e-08
2.6016884610834346e-08
2.645348622470795e-08
2.6897815907637448e-08
2.7361794617209027e-08
2.7825773326780614e-08
2.830593906361297e-08
2.8819069263256004e-08
2.933219946289905e-08
2.9860472421681895e-08
3.041383564361395e-08
3.0967198865545996e-08
3.1551824608466535e-08
3.217902059273311e-08
3.280621657699968e-08
3.354295970468272e-08
3.4403001638466414e-08
3.526304357225011e-08
3.64703563005798e-08
3.8001430195198023e-08
3.9532504089816245e-08
4.2062446211803566e-08
4.536279201979365e-08
4.8663137827783724e-08
5.5497766277502105e-08
6.457675097106768e-08
7.365573566463323e-08
8.992625995249775e-08
1.099237067352801e-07
1.299211535180623e-07
1.5591366465459985e-07
1.8534955496373646e-07
2.1795727292589614e-07
2.5520913026591375e-07
2.989581120925996e-07
3.5573084478974945e-07
4.5121005984659787e-07
5.904474839433308e-07
8.009882108699423e-07
1.2359227430857984e-06
1.7346680040168692e-06
2.5195929471898077e-06
3.6181427137168562e-06
5.093409992380401e-06
2.5854019949177616e-06
0.0
0.0
0.0
0.0
0.0
0.0
0.0
0.0
0.0
0.0
0.0
0.0
0.0
0.0
0.0
0.0
0.0
0.0
0.0
0.0
0.0
0.0
0.0
0.0
0.0
0.0
0.0
0.0
0.0
0.0
0.0
0.0
0.0
0.0
0.0
0.0
0.0
0.0
0.0
0.0
0.0
0.0
0.0
0.0
0.0
0.0
0.0
0.0
0.0
0.0
0.0
0.0
0.0
0.0
0.0
0.0
0.0
0.0
0.0
0.0
0.0
0.0
0.0
0.0
0.0
0.0
0.0
0.0
0.0
0.0
0.0
0.0
0.0
0.0
0.0
0.0
0.0
0.0
0.0
0.0
0.0
0.0
0.0
0.0
0.0
0.0
0.0
0.0
0.0
0.0
0.0
0.0
0.0
0.0
0.0
0.0
0.0
0.0
0.0
0.0
0.0
0.0
0.0
0.0
0.0
0.0
0.0
0.0
0.0
0.0
0.0
0.0
0.0
0.0
0.0
0.0
0.0
0.0
0.0
0.0
0.0
0.0
0.0
0.0
0.0
0.0
0.0
0.0
0.0
0.0
0.0
0.0
0.0
0.0
0.0
0.0
0.0
0.0
0.0
0.0
0.0
0.0
0.0
0.0
0.0
0.0
0.0
0.0
0.0
0.0
0.0
0.0
0.0
0.0
0.0
0.0
0.0
0.0
0.0
0.0
0.0
0.0
0.0
0.0
0.0
0.0
0.0
0.0
0.0
0.0
0.0
0.0
0.0
0.0
0.0
0.0
0.0
0.0
0.0
0.0
0.0
0.0
0.0
0.0
0.0
0.0
0.0
0.0
0.0
0.0
0.0
0.0
0.0
0.0
0.0
0.0
0.0
0.0
0.0
0.0
0.0
0.0
0.0
0.0
0.0
0.0
0.0
0.0
0.0
0.0
0.0
0.0
0.0
0.0
0.0
0.0
0.0
0.0
0.0
0.0
0.0
0.0
0.0
0.0
0.0
0.0
0.0
0.0
0.0
0.0
0.0
0.0
0.0
0.0
0.0
0.0
0.0
0.0
0.0
0.0
0.0
0.0
0.0
0.0
0.0
0.0
0.0
0.0
0.0
0.0
0.0
0.0
0.0
0.0
0.0
0.0
0.0
0.0
0.0
0.0
0.0
0.0
0.0
0.0
0.0
0.0
0.0
0.0
0.0
0.0
0.0
0.0
0.0
0.0
0.0
0.0
0.0
0.0
0.0
0.0
0.0
0.0
0.0
0.0
0.0
0.0
0.0
0.0
0.0
0.0
0.0
0.0
0.0
0.0
0.0
0.0
0.0
0.0
0.0
0.0
2
2
2
2
1
1
291.4093500597268
274.0596192253446
63.93193014130708
-65.31195278476376
0.0
0.0
-72.67558775139696
68.82377874802023
48.0
48.0
6.265115300673023
5.601050757580543
1.0
1.0
2.0
2.0
3.0
3.0
4.0
4.0
5.0
5.0
6.0
6.0
7.0
7.0
8.0
8.0
9.0
9.0
10.0
10.0
11.0
11.0
12.0
12.0
13.0
13.0
14.0
14.0
15.0
15.0
16.0
16.0
17.0
17.0
18.0
18.0
19.0
19.0
20.0
20.0
21.0
21.0
22.0
22.0
23.0
23.0
24.0
24.0
25.0
25.0
26.0
26.0
27.0
27.0
28.0
28.0
29.0
29.0
30.0
30.0
31.0
31.0
32.0
32.0
33.0
33.0
34.0
34.0
35.0
35.0
36.0
36.0
37.0
37.0
38.0
38.0
39.0
39.0
40.0
40.0
41.0
41.0
42.0
42.0
43.0
43.0
44.0
44.0
45.0
45.0
46.0
46.0
47.0
47.0
48.0
48.0
49.0
49.0
50.0
50.0
51.0
51.0
52.0
52.0
53.0
53.0
54.0
54.0
55.0
55.0
56.0
56.0
57.0
57.0
58.0
58.0
59.0
59.0
60.0
60.0
0.0
0.0
0.0
0.0
0.0
0.0
0.0
0.0
0.0
0.0
0.0
0.0
0.0
0.0
0.0
0.0
0.0
0.0
0.0
0.0
0.0
0.0
0.0
0.0
0.0
0.0
0.0
0.0
0.0
0.0
0.0
0.0
0.0
0.0
0.0
0.0
0.0
0.0
0.0
0.0
0.0
0.0
0.0
0.0
0.0
0.0
0.0
0.0
0.0
0.0
0.0
0.0
0.0
0.0
0.0
0.0
0.0
0.0
0.0
0.0
0.0
0.0
0.0
0.0
0.0
0.0
0.0
0.0
0.0
0.0
0.0
0.0
0.0
0.0
0.0
0.0
0.0
0.0
0.0
0.0
0.0
0.0
0.0
0.0
0.0
0.0
0.0
0.0
0.0
0.0
0.0
0.99
0.0
0.0
0.0
0.0
0.0
0.0
0.0
0.0
0.0
0.0
0.0
0.0
0.0
0.0
0.0
0.0
0.0
0.0
0.0
0.0
0.0
0.0
0.0
0.0
0.0
0.0
0.0
0.0
0.0
0.0
0.0
0.0
0.0
0.0
0.0
0.0
0.0
0.0
0.0
0.0
0.0
0.0
0.0
0.0
0.0
0.0
0.0
0.0
0.0
0.0
0.0
0.0
0.0
0.0
0.0
0.0
0.0
0.0
0.0
0.0
0.0
0.0
0.0
0.0
0.0
0.0
0.0
0.0
0.0
0.0
0.0
0.0
0.0
0.0
0.0
0.0
0.0
0.0
0.0
0.0
0.0
0.0
0.0
0.0
0.0
0.0
0.0
0.0
0.0
0.0
0.0
0.0
0.0
0.0
0.0
0.0
0.0
0.0
0.0
0.0
0.0
0.0
0.0
0.0
0.0
0.0
0.0
0.0
0.0
0.0
0.0
0.0
0.0
0.0
0.0
0.0
0.0
0.0
0.0
220.0
0.0
0.0
0.0
0.0
0.0
0.0
0.0
0.0
0.0
0.0
0.0
0.0
0.0
0.0
0.0
0.0
0.0
0.0
0.0
0.0
0.0
0.0
0.0
0.0
0.0
0.0
0.0
0.0
0.0
0.0
0.0
0.0
0.0
0.0
0.0
0.0
0.0
0.0
0.0
0.0
0.0
0.0
0.0
0.0
0.0
0.0
0.0
0.0
0.0
0.0
0.0
0.0
0.0
0.0
0.0
0.0
0.0
0.0
0.0
0.0
0.0
0.0
0.0
0.0
0.0
0.0
0.0
0.0
0.0
0.0
0.0
0.0
0.0
0.0
0.0
0.0
0.0
0.0
0.0
0.0
0.0
0.0
0.0
0.0
0.0
0.0
0.0
0.0
0.0
0.0
0.0
0.0
0.0
0.0
0.0
0.0
0.0
0.0
0.0
0.0
0.0
0.0
0.0
0.0
0.0
0.0
0.0
0.0
0.0
0.0
0.0
0.0
0.0
0.0
0.0
0.0
0.0
0.0
0.0
0.5
0.0
0.0
0.0
0.0
0.0
0.0
0.0
0.0
0.0
0.0
0.0
0.0
0.0
0.0
0.0
0.0
0.0
0.0
0.0
0.0
0.0
0.0
0.0
0.0
0.0
0.0
0.0
0.0
14.999999999999998
60.0
