9.81
6.022e+23
0
0
0
3
0
1
300.0
2
2
0
0
1
1
0
1
60
7
1000.0
1.0


3
3
0
72.38857731909356
0
6.7
150.0
1000.0
287.04
9.81
79000.0
40.0
20000.0
0.0
0.0
0.0
0.0
0.0280134
0.04401
0.0319988
0.039948
0.01604
0.01801528
0.048
99000.0
2.1153802199668344e+29
0.8
1e-06
1000000.0
0.6
3.0
0.0001
3
36
29.2554936240443
0
1
6
1.0
1
0
1
1
0.02
1000000000000.0
1
299.38822358630705
297.57284347824316
295.3996189616188
293.21170682917676
291.0085870868896
288.79299597117813
286.5218660219953
284.309289360668
282.0997945534969
279.8765645140058
277.6473626022972
275.413944451353
273.17673376103147
270.9351898835914
268.69160480002614
266.4471287191864
264.20077249106384
261.95458493283826
259.7114976772267
257.47064191514136
255.23698160280006
253.00918539322043
250.7889100291191
248.56605638227506
246.3281649139174
244.05609383110598
241.64363589792427
239.23595517927265
237.62446855259205
234.88629837761732
232.71823135328165
229.76666666666637
228.5069528091277
226.2541235740283
223.99997834835014
221.7444404639695
219.4873093706209
217.23193706601882
215.24639477453294
213.256949295513
211.26322554671995
209.2647524450782
207.26072759791126
205.25012332405709
203.23188047519412
201.20446859898433
199.16548282553507
197.11156968760193
195.0384552999927
192.9396253330576
190.8055157942294
188.62105122588267
186.5
184.56666666666666
182.63333333333333
180.70000000000002
178.76666666666668
176.83333333333334
174.9
174.9
980.4959135688368
941.6937224223253
903.3063067445194
865.339348589717
827.7986475774943
790.6901241586027
754.0198229950652
717.793916459299
682.0187082573311
646.700637181422
611.8462809976882
577.4623604745892
543.5557435584544
510.1334497025307
477.2026543563804
444.770693622807
412.84506908986816
381.43345284593437
350.54369268617944
320.18381751933714
290.3620429840411
261.08677728457263
232.36662725638314
204.21040467233436
176.62713280121213
149.62605323072103
123.21663296786416
97.40857183035064
72.21181014346342
47.63653675766312
23.693197403101045
0.39250339817361635
-22.254559269722137
-44.23672047197853
-65.54241605468678
-86.15977752098436
-106.0766212568165
-125.28043727564916
-143.75837745612634
-161.49724324501042
-178.48347279596823
-194.70312751285516
-210.14187796410025
-224.78498913258926
-238.61730496306745
-251.6232321665284
-263.78672323830006
-275.0912586435661
-285.5198281208567
-295.05491105057615
-303.67845583189484
-311.3718582072805
-318.11593846956464
-323.89091748168835
-328.67639143412424
-332.45130525938737
-335.19392461697623
-336.8818063554942
-337.49141155727483
-337.5558103162812
166.66666666666666
500.0
833.3333333333333
1166.6666666666665
1500.0
1833.3333333333333
2166.6666666666665
2500.0
2833.333333333333
3166.6666666666665
3500.0
3833.333333333333
4166.666666666666
4500.0
4833.333333333333
5166.666666666666
5500.0
5833.333333333333
6166.666666666666
6500.0
6833.333333333333
7166.666666666666
7500.0
7833.333333333333
8166.666666666666
8500.0
8833.333333333332
9166.666666666666
9500.0
9833.333333333332
10166.666666666666
10500.0
10833.333333333332
11166.666666666666
11500.0
11833.333333333332
12166.666666666666
12500.0
12833.333333333332
13166.666666666666
13500.0
13833.333333333332
14166.666666666666
14500.0
14833.333333333332
15166.666666666666
15500.0
15833.333333333332
16166.666666666666
16500.0
16833.333333333332
17166.666666666664
17500.0
17833.333333333332
18166.666666666664
18500.0
18833.333333333332
19166.666666666664
19500.0
19833.333333333332
8.249535342743185e+23
8.162412397991564e+23
8.074100061502701e+23
7.984573809735659e+23
7.893808440297088e+23
7.801778048287956e+23
7.708456001654116e+23
7.613814915491919e+23
7.517826625256206e+23
7.420462158816398e+23
7.321691707301661e+23
7.221484594673992e+23
7.11980924596383e+23
7.016633154099305e+23
6.911922845255389e+23
6.805643842645983e+23
6.69776062867646e+23
6.588236605369012e+23
6.477034052968697e+23
6.364114086631717e+23
6.249436611091062e+23
6.13296027318895e+23
6.014642412157965e+23
5.8944390075249126e+23
5.772304624504129e+23
5.648192356738141e+23
5.52205376623308e+23
5.393838820328728e+23
5.2634958255297584e+23
5.130971358014458e+23
4.996210190625455e+23
4.8591552161320115e+23
4.7197473665399424e+23
4.5779255282103224e+23
4.4336264525300185e+23
4.2867846618597236e+23
4.1373323504663825e+23
3.985199280124327e+23
3.830312670047551e+23
3.67259708079127e+23
3.511974291733067e+23
3.3483631717156225e+23
3.1816795424020644e+23
3.0118360338598448e+23
2.8387419318526848e+23
2.6623030162801466e+23
2.4824213901598944e+23
2.2989952985003014e+23
2.111918936359909e+23
1.921082245332298e+23
1.7263706976340875e+23
1.5276650669061238e+23
1.3248411847641363e+23
1.1177696820537381e+23
9.06315713677495e+22
6.903386657637919e+22
4.696918438411578e+22
2.442221405650183e+22
1.3619193093894856e+21
1.3619193093894856e+21
7.239112702916524
1.9476900393643515
1.270506136021842
1.0442720790360847
0.9399155505289691
0.8580873582465189
0.333134028787649
0.3862730366993543
0.4064543276728201
0.38406583266859684
0.37529734277495086
0.3257402501441602
0.24089664486957796
0.15362759937159076
0.08497805400979441
-0.02356895525948044
-0.14495645568108895
-0.18477555042249794
-0.23087935280511873
-0.24023369446828458
-0.1790668567066358
-0.02675782833077167
0.16882067402321543
0.4367480633739438
0.639560058837462
0.925695316293974
2.441637807708775
-5.718494658665694
-3.837010240296176
-2.4804418810984012
-1.178569223249354
-79.64144743173618
-0.15282649976513651
-0.24505429339656573
-0.33728430111032315
-0.4291353505441019
-0.5207390258435454
-0.6115907558397858
-0.7006454044503911
-0.7882014606138882
-0.873685757639502
-0.9564811044102987
-1.0363486011030754
-1.1130641266108188
-1.185956314303454
-1.254626221649864
-1.318950385268078
-1.379089767381417
-1.4346945076063842
-1.4858034577717132
-1.5322687124779055
-1.574018933964493
-1.6109636961691045
-1.6430034040800845
-1.6700353340478526
-1.691953501353774
-1.708230918761976
-1.7194257061256608
-1.7258445026514264
-1.726218795518968
-11.485919647778815
-7.174740468126515
-6.367742713719053
-5.714128515116201
-5.214312465094579
-4.838327595966206
-4.974663659766904
-4.577904299643492
-4.1608126229888995
-3.872105521979904
-3.6399310846802138
-3.4472666168831836
-3.289083863225102
-3.1685167005908
-3.065245994370315
-2.9692421892136736
-2.887977424717519
-2.804740116141687
-2.6971130613434013
-2.572836542970208
-2.3961263611610093
-2.179600534186477
-1.9139800130785147
-1.6729217300109838
-1.5404619562715993
-1.6379094244095143
-2.6432887938204885
-3.5669296743767234
0.514577872035801
-2.4348439031020916
-1.8601622884307005
-77.7925126821074
-0.08593931670910138
-0.0638337584366866
-0.04559864298221328
-0.0308239873259879
-0.01962253878929232
-0.011741865315713085
-0.005987917848699453
-0.002356682256191789
-0.00026591498820494053
0.0008344305124978746
0.0011124802493043262
0.0007240503111916041
0.0002686394346085308
0.0002058267390907531
0.00022873429819014746
9.449421381191314e-05
6.557926789696467e-05
1.6360195189690785e-05
3.52443851170392e-06
3.5244381990651164e-06
3.524438312751954e-06
3.5244380001131503e-06
3.5244382843302446e-06
3.5244380001131503e-06
0.0004963882269066744
0.0006898321809956087
8.51188503929734e-05
3.2136007007466105e-05
5.114446109218457
4.914940911295011
4.717542678141603
4.522280173782399
4.329182755314225
4.138280389323808
3.9496036688770406
3.7631838311043606
3.57905277540752
3.39724308231429
3.217788033008952
3.040721629567865
2.866078615930873
2.6938944996408924
2.524205574385703
2.357048943377717
2.1924625436094027
2.030485171024
1.871156506643302
1.7145171436964999
1.560608615796473
1.4094734262124302
1.2611550782905063
1.115698107076742
0.9731481121999522
0.8335517920751899
0.69695697949196
0.563412678655023
0.4329691037495038
0.30567771910621294
0.18159128104753142
0.06076388149893859
-0.05674900654365044
-0.17089048159515344
-0.28160216420983664
-0.3888241453495037
-0.4924949324771491
-0.5925513932547809
-0.6889286967164807
-0.7815602517796066
-0.8703776429482938
-0.9553105630539823
-1.0362867428675921
-1.1132318774071126
-1.186069548752656
-1.2547211451684526
-1.319105776317695
-1.3791401843415243
-1.434738650557666
-1.4858128975172105
-1.5322719861396241
-1.5740222076261832
-1.6109669698305105
-1.6430066777415757
-1.6700386077092586
-1.69195677501518
-1.7086517943617625
-1.7200107328201555
-1.72591695474253
-1.7262463187249686
-39.00817286232632
-38.59620943069672
-38.17862192491509
-37.75529438468982
-37.32610763975549
-36.890939198027695
-36.44966312904751
-36.00214994248472
-35.548266461451135
-35.0878756903669
-34.62083667710101
-34.14700436909675
-33.66622946317284
-33.178358248674556
-32.68323244362614
-32.18068902352064
-31.670560042357067
-31.15267244551046
-30.626847873999395
-30.09290245968515
-29.550646610906938
-28.999884788030073
-28.440415268348914
-27.87202989974861
-27.29451384249586
-26.707645298486312
-26.111195227227455
-25.504927047799583
-24.88859632597486
-24.26195044562573
-23.624728263498422
-22.97665974635644
-22.31746558943507
-21.64685681507771
-20.96453435033881
-20.270188582256353
-19.563498889407896
-18.84413314825744
-18.111747212696912
-17.365984365071256
-16.606474736844376
-15.832834696929467
-15.044666205560702
-14.241556131417326
-13.423075529539062
-12.58877887738285
-11.738203266160383
-10.870867544371833
-9.986271410209326
-9.083894449229604
-8.16319511340771
-7.223609637363609
-6.264550887204734
-5.285407137042569
-4.285540767829275
-3.264286882696979
-2.2209518324808073
-1.154811644554968
-0.06439875900639436
-0.06439875900639436
300.0
297.76666666666665
295.5333333333333
293.29999999999995
291.0666666666666
288.83333333333326
286.5999999999999
284.36666666666656
282.1333333333332
279.89999999999986
277.6666666666665
275.43333333333317
273.1999999999998
270.96666666666647
268.7333333333331
266.4999999999998
264.2666666666664
262.0333333333331
259.7999999999997
257.5666666666664
255.33333333333306
253.0999999999997
250.8666666666664
248.63333333333307
246.39999999999972
244.1666666666664
241.93333333333305
240.5552623884697
238.3219290551364
236.08859572180305
233.8552623884697
231.62192905513638
229.38859572180303
227.38032988364586
225.14699655031254
222.9136632169792
220.68032988364584
218.44699655031252
216.39105369702344
214.43185550453916
212.4706690360614
210.50728855954696
208.5414079585889
206.5725849464697
204.60031707266586
202.6239713581621
200.6426143209764
198.65488340074506
196.6589445125666
194.65220411990342
192.63079509373568
190.58879248958505
188.530868218804
186.53333333333333
184.6
182.66666666666669
180.73333333333335
178.8
176.86666666666667
175.9
175.9
1000.0
960.9918271376737
922.395617706977
884.2169957820619
846.461701397372
809.1355937576166
772.2446545595889
735.7949914305414
699.7928414880566
664.2445750266055
629.1566993362386
594.5358626591376
560.3888582900408
526.722628826868
493.54427057819345
460.8610381345673
428.68034911104667
397.0097890686896
365.85711662317914
335.23026874917974
305.1373662894946
275.58671967858766
246.58683489055758
218.14641962220867
190.27438972246006
162.9798758799642
136.27223058147788
110.16103535425043
84.65610830645085
59.76751198047599
35.50556153485026
11.880833271351836
-11.095826475004603
-33.41329206443967
-55.060148879517385
-76.0246832298562
-96.29487181211255
-115.85837070152044
-134.70250384977788
-152.8142510624748
-170.18023542754605
-186.78671016439043
-202.6195448613199
-217.6642110668806
-231.90576719829792
-245.32884272783699
-257.91762160521984
-269.6558248713802
-280.52669241575205
-290.5129638259614
-299.596858275191
-307.7600533885987
-314.9836630259623
-321.24821391316704
-326.5336210502096
-330.8191618180389
-334.08344870073586
-336.30440053321666
-337.45921217777163
-337.523610936778
-337.5880096957844
0.0
333.3333333333333
666.6666666666666
1000.0
1333.3333333333333
1666.6666666666665
2000.0
2333.333333333333
2666.6666666666665
3000.0
3333.333333333333
3666.6666666666665
4000.0
4333.333333333333
4666.666666666666
5000.0
5333.333333333333
5666.666666666666
6000.0
6333.333333333333
6666.666666666666
7000.0
7333.333333333333
7666.666666666666
8000.0
8333.333333333332
8666.666666666666
9000.0
9333.333333333332
9666.666666666666
10000.0
10333.333333333332
10666.666666666666
11000.0
11333.333333333332
11666.666666666666
12000.0
12333.333333333332
12666.666666666666
13000.0
13333.333333333332
13666.666666666666
14000.0
14333.333333333332
14666.666666666666
15000.0
15333.333333333332
15666.666666666666
16000.0
16333.333333333332
16666.666666666664
17000.0
17333.333333333332
17666.666666666664
18000.0
18333.333333333332
18666.666666666664
19000.0
19333.333333333332
19666.666666666664
20000.0
459.2934191355136
454.5325943970243
446.2056876623617
437.5936019900514
428.8577588635063
420.127315703483
411.4649939735629
402.6382435648277
394.1761114695615
386.0406607983056
378.1914754513778
370.6068552594482
363.2965049981134
356.2515607846137
349.4706332994978
342.9584848343747
336.6921007411061
330.6614257065474
324.8895975372873
319.3531301774777
314.0493649006754
309.0031612126117
304.2501697728731
299.6870575378968
295.2823412427404
290.9071522006365
286.7784873572404
283.1000194048439
279.2557375661908
269.9334808731332
266.1392954984421
263.8505874437917
255.2502191470587
255.1707841207501
255.0973585761793
255.0306832531165
254.9712176776473
254.9195028098492
254.8759577756466
254.8403504171503
254.8128141937685
254.7926782032235
254.7789827765848
254.7706989979035
254.7667026035043
254.765560771566
254.7647451533413
254.7641607647964
254.7638369206742
254.7636703214879
254.76361985084
254.7636163264016
254.7636128019635
254.7636092775253
254.7636057530872
254.763602228649
254.7635987042111
254.7631002080719
254.7624079415981
254.7623225528652
254.7622903002198
459.2934191355136
454.5325943970243
446.2056876623617
437.5936019900514
428.8577588635063
420.127315703483
411.4649939735629
402.6382435648277
394.1761114695615
386.0406607983056
378.1914754513778
370.6068552594482
363.2965049981134
356.2515607846137
349.4706332994978
342.9584848343747
336.6921007411061
330.6614257065474
324.8895975372873
319.3531301774777
314.0493649006754
309.0031612126117
304.2501697728731
299.6870575378968
295.2823412427404
290.9071522006365
286.7784873572404
283.1000194048439
279.2557375661908
269.9334808731332
266.1392954984421
263.8505874437917
255.2502191470587
255.1707841207501
255.0973585761793
255.0306832531165
254.9712176776473
254.9195028098492
254.8759577756466
254.8403504171503
254.8128141937685
254.7926782032235
254.7789827765848
254.7706989979035
254.7667026035043
254.765560771566
254.7647451533413
254.7641607647964
254.7638369206742
254.7636703214879
254.76361985084
254.7636163264016
254.7636128019635
254.7636092775253
254.7636057530872
254.763602228649
254.7635987042111
254.7631002080719
254.7624079415981
254.7623225528652
254.7622903002198
0.0
0.0
0.0
0.0
0.0
0.0
0.0
0.0
0.0
0.0
0.0
0.0
0.0
0.0
0.0
0.0
0.0
0.0
0.0
0.0
0.0
0.0
0.0
0.0
0.0
0.0
0.0
0.0
0.0
0.0
0.0
0.0
0.0
0.0
0.0
0.0
0.0
0.0
0.0
0.0
0.0
0.0
0.0
0.0
0.0
0.0
0.0
0.0
0.0
0.0
0.0
0.0
0.0
0.0
0.0
0.0
0.0
0.0
0.0
0.0
0.0
392.8391948360659
376.5924504497978
361.0908032470086
346.1109748609793
331.661003219318
317.7162475942001
304.2155982683137
290.4141841998118
277.374147804902
265.0778845106572
253.3565936417495
242.1320423651397
231.3744254869216
221.0403974101969
211.0909532244902
201.5135587649967
192.2779324825146
183.3592800232382
174.7827117378365
166.5491313166835
158.672529496911
151.2301994476863
144.2976074737612
137.8205152257065
131.7428772005391
125.8272262021635
120.0606519343579
113.7388951881408
106.3276836751111
97.52000485408935
91.29097557629615
87.14210523321493
0.7492242543746894
0.583849911356981
0.4465906083493306
0.3343166423044537
0.244027079509147
0.1726896729217111
0.1174027734034537
0.0758074970584436
0.0459145914204875
0.02551268588738
0.0126516897610613
0.0054803913291577
0.0022080472411411
0.0013348547373545
0.0007250632518531
0.0003694090051334
0.0001400590966112
3.9039178311e-05
4.928725661e-06
4.9287257134e-06
4.9287257658e-06
4.9287258182e-06
4.9287258706e-06
4.928725923e-06
4.9287259754e-06
2.8208137338e-06
3.865209554e-07
1.16638342e-07
0.0
392.8391948360659
376.5924504497978
361.0908032470086
346.1109748609793
331.661003219318
317.7162475942001
304.2155982683137
290.4141841998118
277.374147804902
265.0778845106572
253.3565936417495
242.1320423651397
231.3744254869216
221.0403974101969
211.0909532244902
201.5135587649967
192.2779324825146
183.3592800232382
174.7827117378365
166.5491313166835
158.672529496911
151.2301994476863
144.2976074737612
137.8205152257065
131.7428772005391
125.8272262021635
120.0606519343579
113.7388951881408
106.3276836751111
97.52000485408935
91.29097557629615
87.14210523321493
0.7492242543746894
0.583849911356981
0.4465906083493306
0.3343166423044537
0.244027079509147
0.1726896729217111
0.1174027734034537
0.0758074970584436
0.0459145914204875
0.02551268588738
0.0126516897610613
0.0054803913291577
0.0022080472411411
0.0013348547373545
0.0007250632518531
0.0003694090051334
0.0001400590966112
3.9039178311e-05
4.928725661e-06
4.9287257134e-06
4.9287257658e-06
4.9287258182e-06
4.9287258706e-06
4.928725923e-06
4.9287259754e-06
2.8208137338e-06
3.865209554e-07
1.16638342e-07
0.0
0.0
0.0
0.0
0.0
0.0
0.0
0.0
0.0
0.0
0.0
0.0
0.0
0.0
0.0
0.0
0.0
0.0
0.0
0.0
0.0
0.0
0.0
0.0
0.0
0.0
0.0
0.0
0.0
0.0
0.0
0.0
0.0
0.0
0.0
0.0
0.0
0.0
0.0
0.0
0.0
0.0
0.0
0.0
0.0
0.0
0.0
0.0
0.0
0.0
0.0
0.0
0.0
0.0
0.0
0.0
0.0
0.0
0.0
0.0
0.0
0.0
-66.45422429944773
-77.94014394722655
-85.11488441535306
-91.48262712907211
-97.19675564418831
-102.4110681092829
-107.2493957052491
-112.224059365016
-116.8019636646595
-120.9627762876484
-124.8348818096283
-128.4748128943085
-131.9220795111917
-135.2111633744168
-138.3796800750076
-141.4449260693779
-144.4141682585916
-147.3021456833091
-150.1068857994508
-152.8039988607942
-155.3768354037644
-157.7729617649254
-159.9525622991119
-161.8665423121904
-163.5394640422014
-165.079925998473
-166.7178354228825
-169.361124216703
-172.9280538910797
-172.4134760190439
-174.848319922146
-176.7084822105767
-254.5009948926841
-254.5869342093932
-254.6507679678299
-254.6963666108121
-254.7271905981381
-254.7468131369274
-254.7585550022431
-254.7645429200918
-254.766899602348
-254.7671655173362
-254.7663310868237
-254.7652186065744
-254.7644945562632
-254.7642259168286
-254.7640200900895
-254.7637913557913
-254.7636968615775
-254.7636312823096
-254.7636149221144
-254.7636113976759
-254.7636078732377
-254.7636043487994
-254.7636008243614
-254.7635972999231
-254.7635937754851
-254.7630973872582
-254.7624075550772
-254.7623224362268
-254.7622903002198
66.45422429944773
77.94014394722655
85.11488441535306
91.48262712907211
97.19675564418831
102.4110681092829
107.2493957052491
112.224059365016
116.8019636646595
120.9627762876484
124.8348818096283
128.4748128943085
131.9220795111917
135.2111633744168
138.3796800750076
141.4449260693779
144.4141682585916
147.3021456833091
150.1068857994508
152.8039988607942
155.3768354037644
157.7729617649254
159.9525622991119
161.8665423121904
163.5394640422014
165.079925998473
166.7178354228825
169.361124216703
172.9280538910797
172.4134760190439
174.848319922146
176.7084822105767
254.5009948926841
254.5869342093932
254.6507679678299
254.6963666108121
254.7271905981381
254.7468131369274
254.7585550022431
254.7645429200918
254.766899602348
254.7671655173362
254.7663310868237
254.7652186065744
254.7644945562632
254.7642259168286
254.7640200900895
254.7637913557913
254.7636968615775
254.7636312823096
254.7636149221144
254.7636113976759
254.7636078732377
254.7636043487994
254.7636008243614
254.7635972999231
254.7635937754851
254.7630973872582
254.7624075550772
254.7623224362268
254.7622903002198
0.0
0.0
0.0
0.0
0.0
0.0
0.0
0.0
0.0
0.0
0.0
0.0
0.0
0.0
0.0
0.0
0.0
0.0
0.0
0.0
0.0
0.0
0.0
0.0
0.0
0.0
0.0
0.0
0.0
0.0
0.0
0.0
0.0
0.0
0.0
0.0
0.0
0.0
0.0
0.0
0.0
0.0
0.0
0.0
0.0
0.0
0.0
0.0
0.0
0.0
0.0
0.0
0.0
0.0
0.0
0.0
0.0
0.0
0.0
0.0
0.0
-2.483328184640313
-1.567781350464735
-1.406660238612502
-1.27642733230444
-1.178170924260258
-1.106113036327703
-1.151049913639855
-1.072413384332237
-0.9871512136241606
-0.9307093153817187
-0.8867058103848336
-0.8514246430119246
-0.8239567581239517
-0.8054249163846144
-0.7909777794535472
-0.7781695566951781
-0.7690631512483305
-0.7593137596274417
-0.74271261959543
-0.7210611061338708
-0.6838591799119291
-0.6338764039993146
-0.5675778221527823
-0.506210297510723
-0.4759919044373332
-0.5172234828432556
-0.8537718181400781
-1.179490408405996
0.1743711593904437
-0.8463877420122563
-0.6640609861856188
-28.55451964595433
-0.0324766312985689
-0.024870214080883
-0.018343856737795
-0.0128249293290217
-0.0084592647746999
-0.0052551471669334
-0.0027882996079664
-0.0011445257778415
-0.0001350483616844
0.000444483302932
0.0006236396299799
0.0004287807217074
0.0001687880450738
0.0001378929747603
0.0001643439108461
7.33102944769e-05
5.53843613174e-05
1.51893907271e-05
3.6412769044e-06
4.1149028211e-06
4.7448656241e-06
5.6238715289e-06
6.9359863236e-06
9.1059551644e-06
0.0018849779972498
0.0050379777883013
0.0111473645346237
0.0042086069362102
0.0
-2.483328184640313
-1.567781350464735
-1.406660238612502
-1.27642733230444
-1.178170924260258
-1.106113036327703
-1.151049913639855
-1.072413384332237
-0.9871512136241606
-0.9307093153817187
-0.8867058103848336
-0.8514246430119246
-0.8239567581239517
-0.8054249163846144
-0.7909777794535472
-0.7781695566951781
-0.7690631512483305
-0.7593137596274417
-0.74271261959543
-0.7210611061338708
-0.6838591799119291
-0.6338764039993146
-0.5675778221527823
-0.506210297510723
-0.4759919044373332
-0.5172234828432556
-0.8537718181400781
-1.179490408405996
0.1743711593904437
-0.8463877420122563
-0.6640609861856188
-28.55451964595433
-0.0324766312985689
-0.024870214080883
-0.018343856737795
-0.0128249293290217
-0.0084592647746999
-0.0052551471669334
-0.0027882996079664
-0.0011445257778415
-0.0001350483616844
0.000444483302932
0.0006236396299799
0.0004287807217074
0.0001687880450738
0.0001378929747603
0.0001643439108461
7.33102944769e-05
5.53843613174e-05
1.51893907271e-05
3.6412769044e-06
4.1149028211e-06
4.7448656241e-06
5.6238715289e-06
6.9359863236e-06
9.1059551644e-06
0.0018849779972498
0.0050379777883013
0.0111473645346237
0.0042086069362102
0.0
0.0
0.0
0.0
0.0
0.0
0.0
0.0
0.0
0.0
0.0
0.0
0.0
0.0
0.0
0.0
0.0
0.0
0.0
0.0
0.0
0.0
0.0
0.0
0.0
0.0
0.0
0.0
0.0
0.0
0.0
0.0
0.0
0.0
0.0
0.0
0.0
0.0
0.0
0.0
0.0
0.0
0.0
0.0
0.0
0.0
0.0
0.0
0.0
0.0
0.0
0.0
0.0
0.0
0.0
0.0
0.0
0.0
0.0
0.0
0.0
0.0
1.0
1.0
1.0
1.0
1.0
1.0
1.0
1.0
1.0
1.0
1.0
1.0
1.0
1.0
1.0
1.0
1.0
1.0
1.0
1.0
1.0
1.0
1.0
1.0
1.0
1.0
1.0
1.0
1.0
1.0
1.0
1.0
1.0
1.0
1.0
1.0
1.0
1.0
0.0
0.0
0.0
0.0
0.0
0.0
0.0
0.0
0.0
0.0
0.0
0.0
0.0
0.0
0.0
0.0
0.0
0.0
0.0
0.0
0.0
0.0
0.0
1.0
1.0
1.0
1.0
1.0
1.0
1.0
1.0
1.0
1.0
1.0
1.0
1.0
1.0
1.0
1.0
0.920954420531807
0.920954420531807
0.920954420531807
0.920954420531807
0.920954420531807
0.920954420531807
0.920954420531807
0.920954420531807
0.920954420531807
0.920954420531807
0.920954420531807
0.920954420531807
0.920954420531807
0.920954420531807
0.920954420531807
0.920954420531807
0.920954420531807
0.920954420531807
0.920954420531807
0.920954420531807
0.920954420531807
0.920954420531807
0.920954420531807
0.920954420531807
0.920954420531807
0.920954420531807
0.920954420531807
0.920954420531807
0.920954420531807
1.0
1.0
1.0
1.0
1.0
1.0
1.0
1.0
1.0
1.0
1.0
1.0
1.0
1.0
1.0
1.0
1.0
1.0
1.0
1.0
1.0
1.0
1.0
1.0
1.0
1.0
1.0
1.0
1.0
0.016428266785110578
0.016183511718147955
0.0157973984546413
0.015276431664851663
0.01462990928977748
0.013979350982099348
0.013320743685458528
0.012613888156220035
0.011883359184328703
0.011139307430137092
0.010402156387916181
0.009710993302984848
0.009057338821208398
0.008465401644747132
0.007922756096170018
0.007422223578046602
0.006993691725021574
0.00656515987199654
0.006153299276293584
0.005783826239100995
0.005414353201908407
0.005053391373840622
0.0047097624032610315
0.004366133432681442
0.004035789976741098
0.003727459487875888
0.0034191289990106797
0.003120667298251123
0.0028356439472524576
0.0025506205962537933
0.0022817712911057404
0.0020311263907555055
0.0017804814904052693
0.0015594798029767332
0.0013661145345583692
0.001172749266140007
0.0010108103794133824
0.0008731099253745354
0.0007354094713356885
0.0006233181887092625
0.000527489358632785
0.00043166052855630755
0.00034963386168253215
0.0002747599875931357
0.00019988611350373975
0.0001409827624656342
9.316738853219045e-05
6.02406848140796e-05
3.8857020906184794e-05
2.3552399580322037e-05
1.4240414043718155e-05
8.536184692243027e-06
4.669493909029069e-06
2.7585374431471037e-06
2.4021671070193325e-06
2.3439392066089975e-06
2.495075911942513e-06
2.552513353420346e-06
2.7550066196589275e-06
3.918070554768376e-06
0.0004
0.0004
0.0004
0.0004
0.0004
0.0004
0.0004
0.0004
0.0004
0.0004
0.0004
0.0004
0.0004
0.0004
0.0004
0.0004
0.0004
0.0004
0.0004
0.0004
0.0004
0.0004
0.0004
0.0004
0.0004
0.0004
0.0004
0.0004
0.0004
0.0004
0.0004
0.0004
0.0004
0.0004
0.0004
0.0004
0.0004
0.0004
0.0004
0.0004
0.0004
0.0004
0.0004
0.0004
0.0004
0.0004
0.0004
0.0004
0.0004
0.0004
0.0004
0.0004
0.0004
0.0004
0.0004
0.0004
0.0004
0.0004
0.0004
0.0004
8.60451419224123e-09
1.578021977514803e-08
2.1892415260555535e-08
2.6925828092092847e-08
2.971401735545372e-08
3.191536891169426e-08
3.3615820560817765e-08
3.4746051764151937e-08
3.5661340336177934e-08
3.6398811651530586e-08
3.6864029565337865e-08
3.7202242046694526e-08
3.743385508154835e-08
3.7482031518220545e-08
3.74258526023047e-08
3.730742951458454e-08
3.7124070818281054e-08
3.694071212197757e-08
3.678655663276213e-08
3.670665185093012e-08
3.662674706909812e-08
3.66023509716688e-08
3.6690996875910616e-08
3.6779642780152424e-08
3.6903178538193995e-08
3.7084523814632495e-08
3.726586909107099e-08
3.747683636083778e-08
3.7728139961945275e-08
3.797944356305276e-08
3.8298642947284706e-08
3.8694261202309925e-08
3.9089879457335157e-08
3.957872216284235e-08
4.015447818582019e-08
4.073023420879802e-08
4.1342697689445876e-08
4.198347277308391e-08
4.262424785672194e-08
4.3230986919605434e-08
4.381611227372829e-08
4.440123762785115e-08
4.5133689117812545e-08
4.594249047452311e-08
4.6751291831233675e-08
4.796747172172955e-08
4.949951687407961e-08
5.152241095280844e-08
5.3986620437539895e-08
5.680107822856821e-08
6.015331959489829e-08
6.559586769304933e-08
7.569057461390363e-08
9.442662951156912e-08
2.539995051245074e-07
4.925296956825388e-07
1.3900175836980765e-06
3.720822161311321e-06
7.931814761427643e-06
2.7860567514510038e-06
0.0
0.0
0.0
0.0
0.0
0.0
0.0
0.0
0.0
0.0
0.0
0.0
0.0
0.0
0.0
0.0
0.0
0.0
0.0
0.0
0.0
0.0
0.0
0.0
0.0
0.0
0.0
0.0
0.0
0.0
0.0
0.0
0.0
0.0
0.0
0.0
0.0
0.0
0.0
0.0
0.0
0.0
0.0
0.0
0.0
0.0
0.0
0.0
0.0
0.0
0.0
0.0
0.0
0.0
0.0
0.0
0.0
0.0
0.0
0.0
0.0
0.0
0.0
0.0
0.0
0.0
0.0
0.0
0.0
0.0
0.0
0.0
0.0
0.0
0.0
0.0
0.0
0.0
0.0
0.0
0.0
0.0
0.0
0.0
0.0
0.0
0.0
0.0
0.0
0.0
0.0
0.0
0.0
0.0
0.0
0.0
0.0
0.0
0.0
0.0
0.0
0.0
0.0
0.0
0.0
0.0
0.0
0.0
0.0
0.0
0.0
0.0
0.0
0.0
0.0
0.0
0.0
0.0
0.0
0.0
0.0
0.0
0.0
0.0
0.0
0.0
0.0
0.0
0.0
0.0
0.0
0.0
0.0
0.0
0.0
0.0
0.0
0.0
0.0
0.0
0.0
0.0
0.0
0.0
0.0
0.0
0.0
0.0
0.0
0.0
0.0
0.0
0.0
0.0
0.0
0.0
0.0
0.0
0.0
0.0
0.0
0.0
0.0
0.0
0.0
0.0
0.0
0.0
0.0
0.0
0.0
0.0
0.0
0.0
0.0
0.0
0.0
0.0
0.0
0.0
0.0
0.0
0.0
0.0
0.0
0.0
0.0
0.0
0.0
0.0
0.0
0.0
0.0
0.0
0.0
0.0
0.0
0.0
0.0
0.0
0.0
0.0
0.0
0.0
0.0
0.0
0.0
0.0
0.0
0.0
0.0
0.0
0.0
0.0
0.0
0.0
0.0
0.0
0.0
0.0
0.0
0.0
0.0
0.0
0.0
0.0
0.0
0.0
0.0
0.0
0.0
0.0
0.0
0.0
0.0
0.0
0.0
0.0
0.0
0.0
0.0
0.0
0.0
0.0
0.0
0.0
0.0
0.0
0.0
0.0
0.0
0.0
0.0
0.0
0.0
0.0
0.0
0.0
0.0
0.0
0.0
0.0
0.0
0.0
0.0
0.0
0.0
0.0
0.0
0.0
0.0
0.0
0.0
0.0
0.0
0.0
0.0
0.0
0.0
0.0
0.0
0.0
0.0
0.0
0.0
0.0
0.0
0.0
0.0
0.0
0.0
0.0
0.0
0.0
0.0
0.0
0.0
0.0
0.0
0.0
2
2
1
300.0
-254.7622903002198
0.0
0.0
37.0
6.7
1.0
2.0
3.0
4.0
5.0
6.0
7.0
8.0
9.0
10.0
11.0
12.0
13.0
14.0
15.0
16.0
17.0
18.0
19.0
20.0
21.0
22.0
23.0
24.0
25.0
26.0
27.0
28.0
29.0
30.0
31.0
32.0
33.0
34.0
35.0
36.0
37.0
38.0
39.0
40.0
41.0
42.0
43.0
44.0
45.0
46.0
47.0
48.0
49.0
50.0
51.0
52.0
53.0
54.0
55.0
56.0
57.0
58.0
59.0
60.0
0.0982309635640605
0.09127717762336524
0.0773696057419747
0.04927829266075056
0.028551880231719617
0.015190368454881874
0.09127717762336524
0.0773696057419747
0.04927829266075056
0.028551880231719617
0.015190368454881874
0.01021930622071014
0.008224332073155443
0.009205446012217795
0.010403777403345908
0.011602108794474021
0.012800440185602136
0.020682606211127223
0.02856477223665231
0.03644693826217742
0.03365266650585728
0.020148012615643175
0.02061471750702981
0.02108142239841645
0.021548127289803088
0.022014832181189728
0.022481537072576364
0.024984737430682222
0.02748793778878809
0.02999113814689396
0.03249433850499982
0.034997538863105686
0.037500739221211554
0.03503727642700405
0.03257381363279653
0.030110350838589005
0.027646888044381496
0.025183425250173974
0.022719962455966455
0.019811832420965462
0.01690370238596445
0.013995572350963444
0.01108744231596245
0.00817931228096144
0.005271182245960431
0.004453558539621193
0.0036359348332819495
0.0028183111269427068
0.0020006874206034684
0.00118306371426423
0.0003654400079249829
0.0003654400079249829
0.0003654400079249829
0.0003654400079249829
0.0003654400079249829
0.0003654400079249829
0.0003654400079249829
0.0003654400079249829
0.0003654400079249829
0.0003654400079249829
1.8345569870481322
1.5289774444883937
0.917818359368916
0.4752725899925908
0.20539378235488262
0.10818193645579144
1.5289774444883937
0.917818359368916
0.4752725899925908
0.20539378235488262
0.10818193645579144
0.07436011158413364
0.06236375021491407
0.07219285234813287
0.0819760953283023
0.09175933830847174
0.10154258128864119
0.14768357536932672
0.19382456945001225
0.23996556353069792
0.21884121948912136
0.11902807368342677
0.12483664808561501
0.13064522248780325
0.13645379688999149
0.14226237129217975
0.148070945694368
0.16770709788983315
0.1873432500852984
0.20697940228076367
0.22661555447622883
0.24625170667169408
0.2658878588671593
0.24439106557522658
0.22289427228329373
0.2013974789913609
0.17990068569942816
0.1584038924074953
0.13690709911556245
0.11663452621901865
0.09636195332247477
0.07608938042593086
0.05581680752938706
0.03554423463284316
0.015271661736299257
0.01278972571860058
0.010307789700901892
0.007825853683203201
0.005343917665504526
0.002861981647805849
0.00038004563010714633
0.00038004563010714633
0.00038004563010714633
0.00038004563010714633
0.00038004563010714633
0.00038004563010714633
0.00038004563010714633
0.00038004563010714633
0.00038004563010714633
0.00038004563010714633
0.5
0.5
0.5
0.5
0.5
0.5
0.5
0.5
0.5
0.5
0.5
0.5
0.5
0.5
0.5
0.5
0.5
0.5
0.5
0.5
0.5
0.5
0.5
0.5
0.5
0.5
0.5
0.5
0.5
0.5
0.5
0.5
0.5
0.5
0.5
0.5
0.5
0.5
0.5
0.5
0.5
0.5
0.5
0.5
0.5
0.5
0.5
0.5
0.5
0.5
0.5
0.5
0.5
0.5
0.5
0.5
0.5
0.5
0.5
0.5
0.0
