9.81
6.022e+23
0
0
0
3
0
1
292.65144948853896
2
2
0
0
1
1
0
1
60
7
1014.8
1.607


3
3
0
75.0
0
5.7
150.0
1000.0
287.04
9.81
79000.0
40.0
20000.0
0.0
0.0
0.0
0.0
0.0280134
0.04401
0.0319988
0.039948
0.01604
0.01801528
0.048
99000.0
2.1153802199668344e+29
0.8
1e-06
1000000.0
0.6
3.0
0.0001
1000
52
4.693610105654651
0
1
7
1.0
1
0
1
1
0.1
1000000000000.0
1
291.67570745066826
290.852961893237
290.0218272867376
289.18065089873346
288.33154909105446
287.4751266561404
286.61192884704246
285.7404075423817
284.85814168731775
283.9627801550465
283.05089320843206
282.1196792972135
281.1662259539126
280.18969722555477
279.1878537963918
278.1598989703931
277.10491497526044
276.0185414989821
274.8855064167584
273.2375848843595
272.5457117580415
271.3792268569497
270.1574373939391
268.9043757692857
267.6219805440109
266.31181144070393
264.97364464362533
263.60299607237255
262.19871038896025
260.75722970566187
259.27604977108865
257.75181808804723
256.17906748544254
254.55421323159504
252.87616230502059
251.1410502152488
249.34361087648503
247.47684979626578
245.5364851414945
243.5174080890034
241.41474287163481
239.22006508415876
236.9238292719185
234.5134759387017
231.97837030245455
229.29805222103002
226.46118003357006
223.44541223270645
220.21243499307505
216.72700254744572
212.93172592432504
208.76927569006062
204.11539382584695
202.24886347790658
201.92879573168307
203.77135896840772
208.56367081889283
217.2031520593406
229.4775698944212
251.83160425100687
1006.356725
989.4701749999999
972.583625
955.6970749999999
938.810525
921.9239749999999
905.037425
888.1508749999999
871.264325
854.3777749999999
837.491225
820.6046749999999
803.718125
786.8315749999999
769.945025
753.0584749999999
736.171925
719.2853749999999
702.398825
685.5122749999999
668.625725
651.7391749999999
634.852625
617.9660749999999
601.079525
584.1929749999999
567.306425
550.4198749999999
533.533325
516.6467749999999
499.76022499999993
482.87367499999993
465.987125
449.100575
432.21402499999994
415.32747499999994
398.440925
381.554375
364.66782499999994
347.78127499999994
330.894725
314.008175
297.12162499999994
280.23507499999994
263.348525
246.461975
229.57542499999994
212.68887499999994
195.802325
178.915775
162.02922499999994
145.14267499999994
128.256125
111.369575
94.48302499999994
77.59647499999994
60.709925
43.823375
26.936824999999942
10.050274999999957
72.61990534096417
218.9094702805125
367.33305578276224
517.9620609189354
670.8725003420786
826.1449475841177
983.8642313461639
1144.1189554155058
1307.0015452732605
1472.608291716916
1641.0395155635056
1812.4000406041937
1986.8002266330973
2164.356633628716
2345.1925991793096
2529.4392871696527
2717.2351915898016
2908.721812999527
3103.876868649377
3303.0510035998623
3506.6234872866266
3714.6238009224253
3927.2567619862966
4144.754638049328
4367.371021490437
4595.382397550844
4829.088234136151
5068.813465324729
5314.912162968842
5567.770789822178
5827.812747687709
6095.502083433518
6371.349422124054
6655.921567004111
6949.85025575383
7253.840446121314
7568.681021209195
7895.260740920994
8234.588481068748
8587.816801821953
8956.269516485285
9341.47595406486
9745.215604565117
10169.579709215051
10617.046257792557
11090.590172492655
11593.833273262157
12131.226686144426
12708.336177796456
13332.258964977711
14012.271326720858
14760.79327839533
15602.604374874154
16579.22293454677
17755.942113877623
19253.371241327553
21326.49036265785
24655.53043813382
32950.470303997805
54964.779872378
3.519122223737253e+23
3.519122223737277e+23
3.519122223737277e+23
3.519122223737253e+23
3.519122223737253e+23
3.519122223737277e+23
3.519122223737277e+23
3.519122223737253e+23
3.519122223737253e+23
3.519122223737277e+23
3.519122223737277e+23
3.519122223737253e+23
3.519122223737253e+23
3.519122223737277e+23
3.519122223737277e+23
3.519122223737253e+23
3.519122223737253e+23
3.519122223737277e+23
3.519122223737277e+23
3.519122223737253e+23
3.519122223737253e+23
3.519122223737277e+23
3.519122223737277e+23
3.519122223737253e+23
3.519122223737253e+23
3.519122223737277e+23
3.519122223737277e+23
3.519122223737253e+23
3.519122223737253e+23
3.519122223737277e+23
3.519122223737277e+23
3.519122223737253e+23
3.519122223737253e+23
3.519122223737277e+23
3.519122223737277e+23
3.519122223737253e+23
3.519122223737253e+23
3.519122223737277e+23
3.519122223737277e+23
3.519122223737253e+23
3.519122223737253e+23
3.519122223737277e+23
3.519122223737277e+23
3.519122223737253e+23
3.519122223737253e+23
3.519122223737277e+23
3.519122223737277e+23
3.519122223737253e+23
3.519122223737253e+23
3.519122223737277e+23
3.519122223737277e+23
3.519122223737253e+23
3.519122223737253e+23
3.519122223737277e+23
3.519122223737277e+23
3.519122223737253e+23
3.519122223737253e+23
3.519122223737277e+23
3.519122223737277e+23
3.519122223737247e+23
-4.117551218323455
-4.0707961457665265
-4.007876592314952
-3.934101761063771
-3.8394182424109045
-3.718521066367893
-3.567387911807514
-3.390369555255649
-3.1954296034403256
-2.9904396367249135
-2.7869191060206364
-2.5947148228815644
-2.4231833609378963
-2.2731377772881873
-2.151035199668549
-2.05711003694938
-1.9918718526367085
-1.9703494981168534
-2.057508690006683
-9.399160022225717
-2.2438511168816504
-2.1631545477715095
-2.204447858615526
-2.2606902244358547
-2.3175975220676692
-2.3619560826049213
-2.387498897731269
-2.4052652423322027
-2.4116938252599183
-2.4124713379763483
-2.408010205750511
-2.401257558953135
-2.4030714157434603
-2.414820946460818
-2.4260838413549246
-2.436057412479761
-2.4480934638576985
-2.470270949610339
-2.4964368047459455
-2.5204006332733355
-2.5308921218206284
-2.526688729312871
-2.505190372872728
-2.4692562681154158
-2.403994147699199
-2.324272661895885
-2.190885633354654
-1.9908571568351805
-1.752143572964622
-1.452727788100034
-1.111672524941558
-0.6721573437541454
-0.0625722458756136
0.01331121368681535
0.02352692810456464
0.030063036116346722
0.029971030721835483
0.023289127988454412
0.014774559867349475
0.007260699606629402
-4.117725570382589
-4.070840848143604
-4.008020001010237
-3.9345221665342365
-3.839583666285108
-3.7187124180287014
-3.5675652996906706
-3.390545816034063
-3.195650717763769
-2.990488532365518
-2.787124313445787
-2.594862780771649
-2.423343691708993
-2.27329131501898
-2.151191316487882
-2.0572508176197175
-1.992011693259883
-1.970476624913502
-2.0576551845757933
-9.399191067784997
-2.2439865668295056
-2.163278406173106
-2.204569116825894
-2.2608134844864196
-2.3177253291995896
-2.3620669109565995
-2.3875769025168836
-2.4053664686857417
-2.411792878475069
-2.412576661907906
-2.408101401661696
-2.401353610943602
-2.4031263629210002
-2.414913919629413
-2.4261289069149825
-2.436122169093494
-2.448142054045718
-2.470330247266787
-2.496486180548601
-2.520443013331601
-2.5309291057166092
-2.526708488450197
-2.5052581489840122
-2.4692774918640907
-2.4040340167588
-2.3243164813521844
-2.190852204272119
-1.9908499992864108
-1.752126047678587
-1.4526925065247838
-1.1116066116468062
-0.6720254749905052
-0.06224270933498133
0.013143840216400804
0.02320937626848263
0.029632704561294076
0.029508114418206333
0.022727852709607532
0.014477808261773362
0.007008693246802977
0.00022064472293029287
0.0002169731342960807
0.0002133015456618685
0.00020962995702765626
0.0002059583683934441
0.0002022867797592319
0.0001986151911250197
0.00019494360249080748
0.0001912720138565953
0.0001876004252223831
0.00018392883658817092
0.0001802572479539587
0.0001765856593197465
0.00017291407068553434
0.00016924248205132212
0.00016557089341710993
0.00016189930478289775
0.00015822771614868553
0.00015455612751447335
0.00015088453888026113
0.00014721295024604895
0.00014354136161183676
0.00013986977297762455
0.00013619818434341233
0.00013252659570920017
0.000128855007074988
0.00012518341844077575
0.00012151182980656355
0.00011784024117235136
0.00011416865253813919
0.00011049706390392699
0.00010682547526971476
0.00010315388663550257
9.94822980012904e-05
9.581070936707817e-05
9.213912073286597e-05
8.84675320986538e-05
8.479594346444161e-05
8.11243548302294e-05
7.745276619601719e-05
7.378117756180501e-05
7.010958892759281e-05
6.643800029338061e-05
6.27664116591684e-05
5.909482302495622e-05
5.5423234390744045e-05
5.1751645756531825e-05
4.808005712231962e-05
4.440846848810744e-05
4.0736879853895244e-05
3.706529121968304e-05
3.339370258547083e-05
2.972211395125864e-05
2.605052531704646e-05
2.237893668283425e-05
1.8707348048622043e-05
1.5035759414409859e-05
1.1364170780197672e-05
7.692582145985463e-06
4.020993511773255e-06
-16.886549999999943
-16.886550000000057
-16.886550000000057
-16.886549999999943
-16.886549999999943
-16.886550000000057
-16.886550000000057
-16.886549999999943
-16.886549999999943
-16.886550000000057
-16.886550000000057
-16.886549999999943
-16.886549999999943
-16.886550000000057
-16.886550000000057
-16.886549999999943
-16.886549999999943
-16.886550000000057
-16.886550000000057
-16.886549999999943
-16.886549999999943
-16.886550000000057
-16.886550000000057
-16.886549999999943
-16.886549999999943
-16.886550000000057
-16.886550000000057
-16.886549999999943
-16.886549999999943
-16.886550000000057
-16.886550000000057
-16.886549999999943
-16.886549999999943
-16.886550000000057
-16.886550000000057
-16.886549999999943
-16.886549999999943
-16.886550000000057
-16.886550000000057
-16.886549999999943
-16.886549999999943
-16.886550000000057
-16.886550000000057
-16.886549999999943
-16.886549999999943
-16.886550000000057
-16.886550000000057
-16.886549999999943
-16.886549999999943
-16.886550000000057
-16.886550000000057
-16.886549999999943
-16.886549999999943
-16.886550000000057
-16.886550000000057
-16.886549999999943
-16.886549999999943
-16.886550000000057
-16.886550000000057
-16.886549999999914
292.6510421444351
291.8231752235481
290.98334110412424
290.1311463488224
289.26617044557184
288.3879673393986
287.49606454701257
286.58996750451126
285.6691606926221
284.73310598013285
283.7812437831644
282.8129900282818
281.8277337977006
280.8248279075523
279.80359075795053
278.76329790027546
277.7031785148606
276.6224245898858
275.5202310307898
274.3976569554775
273.24964589235424
272.07693064144837
270.8784423169061
269.65291488532023
268.3989665297876
267.1150881140916
265.79963684269893
264.4508415770191
263.06676920714915
261.6453164238762
260.1841808610211
258.6808381042091
257.1325224335189
255.536178443137
253.88839998188624
252.1853913913902
250.4229118116969
248.59620883538835
246.6999030069824
244.72787259770396
242.67310015039587
240.52751165054198
238.2817467619887
235.92487963483904
233.44399596897946
230.82376098105547
228.04559534139838
225.08678963228314
221.9193104345405
218.50774142745
214.8296429841686
210.85076390045256
206.4425834309387
203.18069103520904
202.0845184058922
202.84381410362425
206.16050649231988
212.8772216824692
223.33595222304206
240.65204090771613
263.0078453618484
1014.8
997.91345
981.0269
964.1403499999999
947.2538
930.36725
913.4807
896.5941499999999
879.7076
862.82105
845.9345
829.0479499999999
812.1614
795.27485
778.3883
761.5017499999999
744.6152
727.72865
710.8421
693.9555499999999
677.069
660.18245
643.2959
626.4093499999999
609.5228
592.63625
575.7497
558.8631499999999
541.9766
525.09005
508.20349999999996
491.3169499999999
474.43039999999996
457.54385
440.65729999999996
423.7707499999999
406.88419999999996
389.99765
373.11109999999996
356.2245499999999
339.33799999999997
322.45145
305.56489999999997
288.6783499999999
271.79179999999997
254.90525000000002
238.01869999999997
221.1321499999999
204.24559999999997
187.35905000000002
170.47249999999997
153.5859499999999
136.69939999999997
119.81285000000003
102.92629999999997
86.03974999999991
69.15319999999997
52.26665000000003
35.38009999999997
18.493549999999914
1.607
0.0
145.23981068192833
292.5791298790966
442.08698168642786
593.837140151443
747.9078605327143
904.3820346355211
1063.3464280568066
1224.8914827742049
1389.1116077723161
1556.1049756615162
1725.9740554654948
1898.8260257428926
2074.774427523302
2253.93883973413
2436.446358624489
2622.432215714816
2812.038167464788
3005.4054585342665
3202.3482787644875
3403.753728435237
3609.4932461380163
3819.754355706834
4034.7591682657594
4254.750107832896
4479.991935147978
4710.7728599537095
4947.403608318593
5190.223322330864
5439.601003606819
5695.940576037536
5959.684919337883
6231.3192475291535
6511.379596718956
6800.463537289266
7099.236974218395
7408.443918024233
7728.918124394156
8061.603357447832
8407.573604689664
8768.059998954242
9144.479034016327
9538.472874113393
9951.958335016843
10387.20108341326
10846.891432171857
11334.288912813452
11853.377633710861
12409.07573857799
13007.596617014922
13656.921312940498
14367.621340501219
15153.965216289442
16051.243533458866
17107.202335634673
18404.681892120574
20102.060590534533
22550.920134781165
26760.140741486473
39140.79986650914
51521.458991531705
428.94928215941223
426.1083417819173
423.0968761182835
419.9640784717986
416.76442894081254
413.53392744316614
410.2987521018455
407.07471238321995
403.8734958400864
400.7055112675272
397.56762357300386
394.46391087977133
391.39937766778655
388.37068635468086
385.3725294278191
382.4111370483876
379.48337896890666
376.589037551934
373.72643956680065
370.87411870007867
410.70023331643335
408.06129428756924
405.29610645782725
402.5523963192021
399.855646426937
397.2130877962569
394.6288252936453
392.0989237283133
389.62383812398247
387.205713658158
384.8422663662353
382.5356082063755
380.28365000149665
378.0853832287697
375.9387474720939
373.8478481087355
371.81807093627225
369.8496202093741
367.94025347696504
366.09390333216027
364.31519364632635
362.6091736896092
360.9764773362794
359.4144292508447
357.9410703915365
356.56032495593354
355.2623350921095
354.0529266694691
352.9387988584727
351.9025440198972
350.9543983363057
350.0850178093085
349.28185594476804
348.65119369383876
348.48164501130253
348.69826606636354
349.21935112268585
349.95560804985735
350.7425884234469
351.8050741332522
354.1319372805704
415.9216068700974
412.7065870813071
409.3123559367827
405.7901662728764
402.1955886022452
398.5653114784593
394.9259429154475
391.2935807845436
387.680129866228
384.0961496022723
380.5385748553705
377.0115192951426
373.5200261402281
370.0607702090628
366.6284314055433
363.2291958886552
359.8598940954858
356.520242071745
353.2084684122115
349.9029886862705
342.3905681683246
339.5935593194241
336.5850490624814
333.5402150871326
330.4991228544651
327.4780701290282
324.4873186393974
321.5275021104519
318.6024107332862
315.7166706825532
312.86996548907
310.0661215635784
307.3044408670995
304.5849925139541
301.9066459854589
299.2742871397738
296.6939311538282
294.1663225733072
291.689724231506
289.2685149564106
286.907643504467
284.6124557738146
282.3838238396831
280.2193675841947
278.1372959426675
276.1417097634078
274.2230376046182
272.3872440592114
270.6411385782429
268.9676696747717
267.3770989149176
265.8601510976855
264.404467377959
263.1166267204573
262.2859243936716
261.8388614492134
261.7002047949136
261.8014127448837
262.045563248064
262.8401816219212
265.4457012785092
13.02767528931487
13.40175470061026
13.78452018150081
14.17391219892219
14.5688403385673
14.96861596470681
15.37280918639799
15.78113159867632
16.19336597385837
16.60936166525491
17.02904871763338
17.45239158462875
17.87935152755844
18.30991614561805
18.74409802227577
19.1819411597324
19.62348487342086
20.06879548018898
20.51797115458915
20.97113001380817
68.30966514810875
68.46773496814512
68.71105739534588
69.0121812320695
69.35652357247196
69.73501766722873
70.1415066542479
70.5714216178614
71.02142739069627
71.48904297560483
71.97230087716534
72.46948664279714
72.97920913439711
73.50039071481557
74.03210148663499
74.5735609689617
75.12413978244403
75.68329763606692
76.25052924545905
76.82538837574965
77.40755014185936
77.99671791579456
78.59265349659633
79.19506166665
79.80377444886905
80.41861519252572
81.03929748749128
81.6656826102577
82.29766028022983
82.93487434512554
83.57729942138809
84.22486671162298
84.87738856680906
85.53456697338149
86.1957206176309
86.8594046171501
87.51914632777225
88.15419530497365
88.69702517538286
88.96489251133103
88.6862360020612
566.9274758542725
559.9688099063949
552.8865033946174
545.7456857471223
538.6115140496019
531.5414288856705
524.5875411263212
517.795936108005
511.2041737488372
504.8405384585143
498.71216223162537
492.82132522494715
487.1619292321907
481.709894227376
476.4384459854952
471.32586228957587
466.3408533924754
461.45450028224263
456.6214256721958
451.71144962089795
482.13837316946774
477.2554475737742
472.32698133785897
467.37870208240804
462.42113870565663
457.4608547457768
452.5145253322086
447.59704686435964
442.7165947913432
437.8866774470435
433.1106534932131
428.3958939316916
423.7425821158689
419.1411889802211
414.5796393039159
410.0626110336424
405.5967116920858
401.18011891114185
396.8004219314661
392.45758560611256
388.1584329069473
383.92148384451343
379.76207900273346
375.69477276831464
371.75213641714237
367.9673569647807
364.3450506196044
360.94478999269194
357.8398121824092
355.05143129615516
352.65059310603874
350.6696059673947
349.19441862786374
348.5015136675995
348.3451088252796
348.584939256609
349.1356570174929
349.90142205908245
350.7111302853816
351.78809380344865
354.1219656440137
380.8178293047318
372.0917345230557
363.2429069167887
354.3358919152076
345.4352338822293
336.5975789903807
327.8753360919657
319.3153087557986
310.9554250283898
302.8245688025539
294.9313837203136
287.2797312172961
279.8643668016839
272.6618858208814
265.6459832930318
258.7957035105353
252.0788298554072
245.4641768154739
238.9019752992057
232.2516854855668
211.6509855696572
204.4781528004905
197.2668531197735
190.0401750356103
182.8058278654444
175.5676780983362
168.3408242274047
161.1376829146661
153.9663843239016
146.8432003493361
139.776025484238
132.7752937013795
125.845390944742
118.9820578308052
112.17802427704
105.4447980803097
98.79589760765595
92.23580802402996
85.75868431212118
79.37085385568285
73.0889404003339
66.93789443555684
60.93459548326431
55.08873278248998
49.43242761080488
44.00394412621353
38.80831416189782
33.91603264082971
29.40744726650093
25.29345695735537
21.64454453941437
18.49241771863974
15.91078763088772
14.17800975474405
13.02809770763771
12.31363976632914
11.88795515367727
11.57069111885178
10.92281047510457
9.294553886101388
0.0
186.1096465495407
187.8770753833391
189.6435964778287
191.4097938319146
193.1762801673726
194.9438498952897
196.7122050343555
198.4806273522064
200.2487487204474
202.0159696559604
203.7807785113118
205.541594007651
207.2975624305068
209.0480084064946
210.7924626924634
212.5301587790406
214.2620235370682
215.9903234667687
217.7194503729901
219.4597641353311
270.4873875998106
272.7772947732837
275.0601282180855
277.3385270467977
279.6153108402122
281.8931766474406
284.1737011048039
286.4593639496935
288.7502104674416
291.0434770977074
293.3346280089751
295.6206002303121
297.8971911711269
300.1591311494159
302.4016150268759
304.6178129533327
306.8008140844299
308.9443108871119
311.0417376193449
313.0867317504297
315.0694925066134
316.9835894089566
318.8274835194691
320.6060399858247
322.3197088063375
323.9634128385672
325.5367364577066
327.0287573518622
328.4323649159083
329.7579743387998
331.0060485666244
332.177188248755
333.283630996976
334.3235039128555
335.3170111176419
336.2712994902799
337.2477018638156
338.3307309402307
339.788319810277
342.4935399173473
354.1219656440137
137.9781936948601
133.8604681244775
129.7896272763339
125.78160727532367
121.84708510878943
118.00750144250432
114.28878902447562
110.72122372478495
107.33067790875089
104.13502719098712
101.1445386586216
98.35741434517581
95.76255156440416
93.33920787269517
91.06591655767619
88.91472524118831
86.85747442356859
84.8654627303087
82.8949861053952
80.83733092081941
71.43813985303441
69.19415328620491
67.0308748800318
64.82630576320591
62.56549227871949
60.2477669495199
57.8857000385633
55.49812313604642
53.092756667360675
50.680963788885606
48.2683871269777
45.860285725316004
43.4589321143724
41.0558057514514
38.64089183182199
36.214762924907006
33.77864075581351
31.330498701767795
28.860168454501007
26.363682273952406
23.843239260620805
21.312310154904196
18.785601666454
16.280343517469987
13.811066025605896
11.407032008847096
9.082715527494912
6.891863323222793
4.9010133239363824
3.1488872762577955
1.6961947697330118
0.5845881580862056
-0.08743731690429968
-0.149680026239281
-0.1365361860228802
-0.11332680975439757
-0.0836941051931035
-0.054185990774897164
-0.03145813806528963
-0.01698032980351627
-0.009971636556713293
35.1037775653657
40.6148525582513
46.06944901999401
51.45427435766874
56.76035472001587
61.96773248807858
67.05060682348187
71.97827202874504
76.7247048378382
81.2715807997184
85.6071911350569
89.73178807784649
93.65565933854413
97.39888438818144
100.9824481125114
104.4334923781199
107.7810642400787
111.0560652562711
114.3064931130058
117.6513032007036
130.7395825986674
135.1154065189337
139.3181959427079
143.5000400515223
147.6932949890208
151.910392030692
156.1464944119927
160.3898191957857
164.6360264093846
168.873470333217
173.093940004832
177.2908278621989
181.4590499223574
185.6029346831489
189.7286217084189
193.8294890594641
197.8980335461723
201.9305145492772
205.9310399193848
209.8976611007277
213.8187031041332
217.6745613382578
221.4492283564188
225.1306348017047
228.7048683318626
232.1377656371943
235.4147234427204
238.4712114183817
241.233691311742
243.6742127174164
245.7325543755033
247.3677333790458
248.4936797470713
248.9386169657133
249.2578266860339
249.5252216828842
249.8122496412364
250.2307216260319
251.1227527729594
253.5456277358198
265.4457012785092
173.0819712602258
174.4753206827288
175.8590762963279
177.2358816329924
178.6074398288053
179.9752339305829
181.3393958479575
182.69949575353
184.0553827465891
185.4066079907055
186.7517297936785
188.0892024230223
189.4182109029483
190.7380922608766
192.0483646701876
193.3482176193082
194.6385386636473
195.9215279865798
197.201479218401
198.488634121523
202.1777224517018
204.3095598051386
206.3490708227397
208.3263458147282
210.2587872677403
212.1581589802119
214.032194450556
215.8879423318321
217.7287830767453
219.5544341221026
221.3623271318097
223.1511135875149
224.9179820367298
226.6587404346003
228.3695135402409
230.0442519843711
231.6766743019858
233.261013251045
234.7912083738858
236.2613433746801
237.661942364754
238.986871493162
240.2348300228728
241.4109783191747
242.5159343574685
243.5447976460414
244.4974389702153
245.3630747416045
246.1347046356784
246.8230999936742
247.4287491452363
247.952321537132
248.406242430167
248.788936939474
249.121290500011
249.4118948731298
249.7285555360433
250.176535635257
251.0912946348941
253.5286474060163
265.4357296419525
-2.0562614064168647
-2.032437747590014
-2.0014735859065267
-1.9647669600816742
-1.9169468333489559
-1.856984574510295
-1.781496567036386
-1.6926855614898764
-1.5957495492673988
-1.493284706120915
-1.391322270899305
-1.2956969174933568
-1.2100354088540766
-1.1347074866034124
-1.0741159469286767
-1.0268184109658738
-0.9946188894521034
-0.9838640634583019
-1.0270219731790635
-4.69355025331599
-1.1202860046652339
-1.079392933467322
-1.1006319836590654
-1.1287321122778748
-1.1566009058984785
-1.1793144138427412
-1.192058974382463
-1.2004020431801912
-1.2041597442707164
-1.2045549441999754
-1.2017943701080727
-1.198958364733326
-1.1998492572615038
-1.2052363666304435
-1.2113515718093106
-1.216351533016128
-1.2218959201935262
-1.233457976348954
-1.2465339608775219
-1.2580990475418479
-1.2637667657181249
-1.261675064860885
-1.250628926755987
-1.2330219249313554
-1.2001482585812555
-1.1606547901479942
-1.094015798033538
-0.9939181997243669
-0.8749359599531277
-0.725404436989189
-0.554914957314136
-0.33554038251894014
-0.031005718908534513
0.006733067351542915
0.011653007873018595
0.014866571287585006
0.014964660626917203
0.011544228582998584
0.0077451356531070825
0.009537635015751889
0.0
-2.752449394069048
-2.724241775950454
-2.689395309805019
-2.650066946481
-2.600770956827076
-2.538589005352013
-2.461071410915419
-2.370556765466451
-2.270890162507357
-2.165375730837862
-2.059987274826739
-1.959736909378755
-1.869515028018816
-1.789773830763161
-1.7235883579958
-1.671910136397261
-1.635665378212287
-1.623392567926185
-1.670530796812751
-6.536805749302504
-2.185459989827376
-2.099039700566661
-2.088578779685708
-2.094277800028893
-2.106185492315489
-2.115677512586443
-2.119284666796713
-2.120724266544989
-2.116347532125911
-2.107869917451582
-2.096092224275228
-2.081775388402321
-2.069620375998582
-2.060531705244866
-2.048135775708572
-2.031992455489954
-2.013980921674895
-1.99802101134988
-1.981087915004413
-1.958323866092352
-1.925768506839999
-1.885218393936171
-1.838640365578373
-1.785113961803175
-1.714525046412756
-1.636642676402342
-1.526531300598972
-1.379692005357039
-1.2188931692878
-1.028017447939287
-0.8166732376723839
-0.5623422657878319
-0.222219291051376
-0.1594259926441661
-0.1335476650214275
-0.1433531445438756
-0.209001503785088
-0.4455157284233424
-1.210079835973745
-5.943368626671982
0.0
0.6961879876521834
0.6918040283604397
0.6879217238984926
0.6852999863993258
0.6838241234781202
0.6816044308417178
0.679574843879033
0.677871203976575
0.6751406132399582
0.6720910247169469
0.6686650039274341
0.6640399918853984
0.6594796191647394
0.6550663441597486
0.6494724110671233
0.6450917254313873
0.6410464887601836
0.639528504467883
0.6435088236336876
1.843255495986514
1.065173985162142
1.019646767099339
0.9879467960266426
0.9655456877510179
0.9495845864170102
0.9363630987437016
0.92722569241425
0.9203222233647976
0.9121877878551947
0.9033149732516065
0.894297854167155
0.8828170236689951
0.8697711187370782
0.8552953386144228
0.8367842038992613
0.815640922473826
0.7920850014813691
0.764563035000926
0.7345539541268912
0.7002248185505043
0.6620017411218742
0.6235433290752862
0.5880114388223859
0.5520920368718196
0.5143767878315004
0.4759878862543479
0.4325155025654339
0.385773805632672
0.3439572093346723
0.302613010950098
0.2617582803582479
0.2268018832688917
0.1912135721428415
0.166159059995709
0.1452006728944461
0.1582197158314606
0.2239661644120052
0.457059957006341
1.217824971626852
5.952906261687734
0.0
1.0
1.0
1.0
1.0
1.0
1.0
1.0
1.0
1.0
1.0
1.0
1.0
1.0
1.0
1.0
1.0
1.0
1.0
1.0
1.0
1.0
1.0
1.0
1.0
1.0
1.0
1.0
1.0
1.0
1.0
1.0
1.0
1.0
1.0
1.0
1.0
1.0
1.0
1.0
1.0
1.0
1.0
1.0
1.0
1.0
1.0
1.0
1.0
1.0
1.0
1.0
1.0
1.0
0.0
0.0
0.0
0.0
0.0
0.0
0.0
0.0
1.0
1.0
1.0
1.0
1.0
1.0
1.0
1.0
1.0
1.0
1.0
1.0
1.0
1.0
1.0
1.0
0.9299999999999999
0.9299999999999999
0.9299999999999999
0.9299999999999999
0.9299999999999999
0.9299999999999999
0.9299999999999999
0.9299999999999999
0.9299999999999999
0.9299999999999999
0.9299999999999999
0.9299999999999999
0.9299999999999999
0.9299999999999999
0.9299999999999999
0.9299999999999999
0.9299999999999999
0.9299999999999999
0.9299999999999999
0.9299999999999999
0.9299999999999999
0.9299999999999999
0.9299999999999999
0.9299999999999999
0.9299999999999999
0.9299999999999999
0.9299999999999999
0.9299999999999999
0.9299999999999999
1.0
1.0
1.0
1.0
1.0
1.0
1.0
1.0
1.0
1.0
1.0
1.0
1.0
1.0
1.0
1.0
1.0
1.0
1.0
1.0
1.0
1.0
1.0
1.0
1.0
1.0
1.0
1.0
1.0
0.037139888043817106
0.034709251466638946
0.03239992555748101
0.030207805210693387
0.028128855982370415
0.026159114090350488
0.024294686414216247
0.0225317504952944
0.020866554536655847
0.01929541740311561
0.01781472862123291
0.016420948379311056
0.015110607527397553
0.01388030757728402
0.012726720702506255
0.011646589738344194
0.010636728181821927
0.009694020191707675
0.008815420588513838
0.007997954854496931
0.007238719133657661
0.006534880231740845
0.0058836756162354755
0.005282413416374671
0.004728472423135731
0.004219302089240075
0.00375242252915329
0.0033254245190851004
0.0029359694969893907
0.002581789562564189
0.002260687477251677
0.00197053666423818
0.0017092812084541793
0.0014749358565742995
0.0012655860170173183
0.0010793877599461648
0.0009145678172679142
0.0007694235826337922
0.0006423231114391737
0.0005317051208235852
0.0004360789896707007
0.00035402475860834355
0.00028419313000848794
0.00022530546798725702
0.00017615379840492384
0.00013560080886591003
0.0001025798487187876
7.609492905627808e-05
5.5220722715252285e-05
3.9102564276730504e-05
2.6956450065882756e-05
1.8069038152028594e-05
1.1797648348637052e-05
7.570262213326681e-06
4.885523047865626e-06
3.312735898171576e-06
2.4918675543117315e-06
2.133546550502844e-06
2.0190631651112116e-06
2.0003694206526723e-06
0.000348
0.000348
0.000348
0.000348
0.000348
0.000348
0.000348
0.000348
0.000348
0.000348
0.000348
0.000348
0.000348
0.000348
0.000348
0.000348
0.000348
0.000348
0.000348
0.000348
0.000348
0.000348
0.000348
0.000348
0.000348
0.000348
0.000348
0.000348
0.000348
0.000348
0.000348
0.000348
0.000348
0.000348
0.000348
0.000348
0.000348
0.000348
0.000348
0.000348
0.000348
0.000348
0.000348
0.000348
0.000348
0.000348
0.000348
0.000348
0.000348
0.000348
0.000348
0.000348
0.000348
0.000348
0.000348
0.000348
0.000348
0.000348
0.000348
0.000348
1.7322297340509496e-42
7.561366308704624e-42
3.2998300505338577e-41
1.4397125187342174e-40
6.279847776911085e-40
2.738467500268162e-39
1.1938423932019386e-38
5.203108582763347e-38
2.266995050264513e-37
9.874271728639634e-37
4.29953146414337e-36
1.8715143427037444e-35
8.143577445120726e-35
3.5422649567255867e-34
1.5402240040818125e-33
6.694476415899044e-33
2.908516940467351e-32
1.2631085569134812e-31
5.482960595947378e-31
2.378951458094145e-30
1.0316728290477071e-29
4.471709151312355e-29
1.9371738305416854e-28
8.387152579401898e-28
3.6290903732284034e-27
1.5692912319555803e-26
6.781344287970086e-26
2.9283099488837713e-25
1.2635377117240762e-24
5.447639882999713e-24
2.346684151140806e-23
1.0099542011247964e-22
4.342317556457909e-22
1.8650194879458073e-21
8.00115343869465e-21
3.428394198469216e-20
1.4670828136543546e-19
6.26896051843375e-19
2.674596666428366e-18
1.1391478249474543e-17
4.842714838604314e-17
2.0544789891658218e-16
8.696050884211555e-16
3.671445674122287e-15
1.5456582645888835e-14
6.486227669397576e-14
2.711948856677923e-13
1.1291386817928242e-12
4.67842398008085e-12
1.9274059401311145e-11
7.886772021416647e-11
3.200825208310689e-10
1.2859660379853392e-09
5.100820824343008e-09
1.9897565737926862e-08
7.587512314849466e-08
2.800294557010474e-07
9.819527479310615e-07
3.1415115764051744e-06
8.105230393616113e-06
3.06e-07
3.06e-07
3.06e-07
3.06e-07
3.06e-07
3.06e-07
3.06e-07
3.06e-07
3.06e-07
3.06e-07
3.06e-07
3.06e-07
3.06e-07
3.06e-07
3.06e-07
3.06e-07
3.06e-07
3.06e-07
3.06e-07
3.06e-07
3.06e-07
3.06e-07
3.06e-07
3.06e-07
3.06e-07
3.06e-07
3.06e-07
3.06e-07
3.06e-07
3.06e-07
3.06e-07
3.06e-07
3.06e-07
3.06e-07
3.06e-07
3.06e-07
3.06e-07
3.06e-07
3.06e-07
3.06e-07
3.06e-07
3.06e-07
3.06e-07
3.06e-07
3.06e-07
3.06e-07
3.06e-07
3.06e-07
3.06e-07
3.06e-07
3.06e-07
3.06e-07
3.06e-07
3.06e-07
3.06e-07
3.06e-07
3.06e-07
3.06e-07
3.06e-07
3.06e-07
0.0
0.0
0.0
0.0
0.0
0.0
0.0
0.0
0.0
0.0
0.0
0.0
0.0
0.0
0.0
0.0
0.0
0.0
0.0
0.0
0.0
0.0
0.0
0.0
0.0
0.0
0.0
0.0
0.0
0.0
0.0
0.0
0.0
0.0
0.0
0.0
0.0
0.0
0.0
0.0
0.0
0.0
0.0
0.0
0.0
0.0
0.0
0.0
0.0
0.0
0.0
0.0
0.0
0.0
0.0
0.0
0.0
0.0
0.0
0.0
1.65e-06
1.65e-06
1.65e-06
1.65e-06
1.65e-06
1.65e-06
1.65e-06
1.65e-06
1.65e-06
1.65e-06
1.65e-06
1.65e-06
1.65e-06
1.65e-06
1.65e-06
1.65e-06
1.65e-06
1.65e-06
1.65e-06
1.65e-06
1.65e-06
1.65e-06
1.65e-06
1.65e-06
1.65e-06
1.65e-06
1.65e-06
1.65e-06
1.65e-06
1.65e-06
1.65e-06
1.65e-06
1.65e-06
1.65e-06
1.65e-06
1.65e-06
1.65e-06
1.65e-06
1.65e-06
1.65e-06
1.65e-06
1.65e-06
1.65e-06
1.65e-06
1.65e-06
1.65e-06
1.65e-06
1.65e-06
1.65e-06
1.65e-06
1.65e-06
1.65e-06
1.65e-06
1.65e-06
1.65e-06
1.65e-06
1.65e-06
1.65e-06
1.65e-06
1.65e-06
0.0
0.0
0.0
0.0
0.0
0.0
0.0
0.0
0.0
0.0
0.0
0.0
0.0
0.0
0.0
0.0
0.0
0.0
0.0
0.0
0.0
0.0
0.0
0.0
0.0
0.0
0.0
0.0
0.0
0.0
0.0
0.0
0.0
0.0
0.0
0.0
0.0
0.0
0.0
0.0
0.0
0.0
0.0
0.0
0.0
0.0
0.0
0.0
0.0
0.0
0.0
0.0
0.0
0.0
0.0
0.0
0.0
0.0
0.0
0.0
0.0
0.0
0.0
0.0
0.0
0.0
0.0
0.0
0.0
0.0
0.0
0.0
0.0
0.0
0.0
0.0
0.0
0.0
0.0
0.0
0.0
0.0
0.0
0.0
0.0
0.0
0.0
0.0
0.0
0.0
0.0
0.0
0.0
0.0
0.0
0.0
0.0
0.0
0.0
0.0
0.0
0.0
0.0
0.0
0.0
0.0
0.0
0.0
0.0
0.0
0.0
0.0
0.0
0.0
0.0
0.0
0.0
0.0
0.0
0.0
2
2
1
292.6510421444351
-0.009971636556713293
0.0
0.0
52.0
5.7
1.0
2.0
3.0
4.0
5.0
6.0
7.0
8.0
9.0
10.0
11.0
12.0
13.0
14.0
15.0
16.0
17.0
18.0
19.0
20.0
21.0
22.0
23.0
24.0
25.0
26.0
27.0
28.0
29.0
30.0
31.0
32.0
33.0
34.0
35.0
36.0
37.0
38.0
39.0
40.0
41.0
42.0
43.0
44.0
45.0
46.0
47.0
48.0
49.0
50.0
51.0
52.0
53.0
54.0
55.0
56.0
57.0
58.0
59.0
60.0
0.0
0.0
0.0
0.0
0.0
0.0
0.0
0.0
0.0
0.0
0.0
0.0
0.0
0.0
0.0
0.0
0.0
0.0
0.0
0.66
0.0
0.0
0.0
0.0
0.0
0.0
0.0
0.0
0.0
0.0
0.0
0.0
0.0
0.0
0.0
0.0
0.0
0.0
0.0
0.0
0.0
0.0
0.0
0.0
0.0
0.0
0.0
0.0
0.0
0.0
0.0
0.0
0.0
0.0
0.0
0.0
0.0
0.0
0.0
0.0
0.0
0.0
0.0
0.0
0.0
0.0
0.0
0.0
0.0
0.0
0.0
0.0
0.0
0.0
0.0
0.0
0.0
0.0
0.0
3.0
0.0
0.0
0.0
0.0
0.0
0.0
0.0
0.0
0.0
0.0
0.0
0.0
0.0
0.0
0.0
0.0
0.0
0.0
0.0
0.0
0.0
0.0
0.0
0.0
0.0
0.0
0.0
0.0
0.0
0.0
0.0
0.0
0.0
0.0
0.0
0.0
0.0
0.0
0.0
0.0
0.0
0.0
0.0
0.0
0.0
0.0
0.0
0.0
0.0
0.0
0.0
0.0
0.0
0.0
0.0
0.0
0.0
0.0
0.0
0.5
0.0
0.0
0.0
0.0
0.0
0.0
0.0
0.0
0.0
0.0
0.0
0.0
0.0
0.0
0.0
0.0
0.0
0.0
0.0
0.0
0.0
0.0
0.0
0.0
0.0
0.0
0.0
0.0
0.0
0.0
0.0
0.0
0.0
0.0
0.0
0.0
0.0
0.0
0.0
0.0
0.0
