9.81
6.022e+23
0
0
0
3
0
1
280.2814909655529
2
2
0
0
1
1
0
1
60
7
1014.8
1.607


3
3
0
77.072922555375
0
5.783625987995279
150.0
1000.0
287.04
9.81
79000.0
40.0
20000.0
0.0
0.0
0.0
0.0
0.0280134
0.04401
0.0319988
0.039948
0.01604
0.01801528
0.048
99000.0
2.1153802199668344e+29
0.8
1e-06
1000000.0
0.6
3.0
0.0001
2000
51
1.504014607582933
0
1
7
1.0
1
0
1
1
0.1
1000000000000.0
1
279.2916244765406
278.4815970516548
277.65983429186286
276.82595486211744
275.97948944742495
275.12008562135514
274.4142509776968
273.3598856974552
272.84675704110543
271.54165554643583
271.1164543849477
269.661459555601
269.2117635778565
267.7148031080255
267.15908490547514
265.69649636363823
264.9938448061247
263.6004816980243
262.7494057224225
261.4305184268438
260.4171453211081
259.18597244935614
258.0381336454003
256.82161985178067
255.60006169583784
254.34562848685172
253.05919142398577
251.73752537538914
250.37929005284212
248.98379164924776
247.54703471816046
246.06936724817498
244.5450340349426
242.96875698073703
241.3377053797644
239.65203708596238
237.9100722395483
236.10484331561213
234.2292232638972
232.27860279043156
230.24992625846744
228.14056003614255
225.9333867396895
223.61786169080878
221.18654663733355
218.622625156168
215.9207260827268
213.0485581351297
209.96764411020104
206.64585790538538
203.0342968869537
199.07728654260998
196.13602487947563
195.32423365303524
195.86471519244122
198.37247270619636
203.62838885432532
212.34496014615874
224.2879686747174
245.82587290844867
1006.356725
989.4701749999999
972.583625
955.6970749999999
938.810525
921.9239749999999
905.037425
888.1508749999999
871.264325
854.3777749999999
837.491225
820.6046749999999
803.718125
786.8315749999999
769.945025
753.0584749999999
736.171925
719.2853749999999
702.398825
685.5122749999999
668.625725
651.7391749999999
634.852625
617.9660749999999
601.079525
584.1929749999999
567.306425
550.4198749999999
533.533325
516.6467749999999
499.76022499999993
482.87367499999993
465.987125
449.100575
432.21402499999994
415.32747499999994
398.440925
381.554375
364.66782499999994
347.78127499999994
330.894725
314.008175
297.12162499999994
280.23507499999994
263.348525
246.461975
229.57542499999994
212.68887499999994
195.802325
178.915775
162.02922499999994
145.14267499999994
128.256125
111.369575
94.48302499999994
77.59647499999994
60.709925
43.823375
26.936824999999942
10.050274999999957
69.52841839438031
209.58371010362643
351.6680636730954
495.84741266216025
642.2029025312191
790.7954684844116
941.7691448911692
1095.1374033801844
1251.0401242258545
1409.512875582805
1570.6744638696373
1734.602360058008
1901.399239071929
2071.182984672414
2244.0495838919887
2420.1520827047843
2599.5952789251987
2782.557029007425
2969.1587855792063
3159.6120326227197
3354.056096573313
3552.720229081141
3755.7937321559693
3963.513667632741
4176.119295660813
4393.873168269643
4617.055715638488
4845.97301577783
5080.9593307091
5322.380129742563
5570.636745120542
5826.170679165125
6089.466092643124
6361.058460214144
6641.5461015092
6931.600966421771
7231.9768321084875
7543.520288010624
7867.190679245378
8204.085517909372
8555.47074460983
8922.80645123502
9307.786136876577
9712.403624713224
10139.026970653109
10590.50781978373
11070.310881181384
11582.67927589975
12132.9183425483
12727.803831628938
13376.199535892181
14092.820578961455
14903.848649219719
15849.163122144711
16992.70981386192
18452.70575397853
20478.174758814428
23732.020731870238
31831.340547717162
54964.779872378
3.519122223737253e+23
3.519122223737277e+23
3.519122223737277e+23
3.519122223737253e+23
3.519122223737253e+23
3.519122223737277e+23
3.519122223737277e+23
3.519122223737253e+23
3.519122223737253e+23
3.519122223737277e+23
3.519122223737277e+23
3.519122223737253e+23
3.519122223737253e+23
3.519122223737277e+23
3.519122223737277e+23
3.519122223737253e+23
3.519122223737253e+23
3.519122223737277e+23
3.519122223737277e+23
3.519122223737253e+23
3.519122223737253e+23
3.519122223737277e+23
3.519122223737277e+23
3.519122223737253e+23
3.519122223737253e+23
3.519122223737277e+23
3.519122223737277e+23
3.519122223737253e+23
3.519122223737253e+23
3.519122223737277e+23
3.519122223737277e+23
3.519122223737253e+23
3.519122223737253e+23
3.519122223737277e+23
3.519122223737277e+23
3.519122223737253e+23
3.519122223737253e+23
3.519122223737277e+23
3.519122223737277e+23
3.519122223737253e+23
3.519122223737253e+23
3.519122223737277e+23
3.519122223737277e+23
3.519122223737253e+23
3.519122223737253e+23
3.519122223737277e+23
3.519122223737277e+23
3.519122223737253e+23
3.519122223737253e+23
3.519122223737277e+23
3.519122223737277e+23
3.519122223737253e+23
3.519122223737253e+23
3.519122223737277e+23
3.519122223737277e+23
3.519122223737253e+23
3.519122223737253e+23
3.519122223737277e+23
3.519122223737277e+23
3.519122223737247e+23
-3.244850644306962
-3.013544258966603
-2.7559698382054734
-2.5204458205827946
-2.2966847042956604
-2.0170091946325543
-2.2271986469888305
-1.5093180088648166
-2.3370711046520625
-1.1339391088884223
-2.356424145551881
-1.008070376503978
-2.308562659754059
-1.0826053199547665
-2.231089938856288
-1.285522326695247
-2.165698830187542
-1.5189603984602573
-2.1180675833289446
-1.748477521493024
-2.052405898588727
-1.9291464883195149
-2.011919468388142
-1.9872127397204196
-1.9902910659229902
-1.9736743972301154
-1.966244210901881
-1.9608168590224206
-1.9593443504183692
-1.9575836679027754
-1.9595975072179734
-1.9590101851714756
-1.9617558485223845
-1.9739852628939323
-1.9924983229530544
-2.00962955542329
-2.019016702583517
-2.025891699930445
-2.0339354013717412
-2.0384752323496187
-2.0309470655849196
-1.9988731222728218
-1.9579374984009061
-1.9059253772252998
-1.8300356902743284
-1.7300036174546145
-1.5757165268740772
-1.3833432395183998
-1.1691973894661678
-0.9183677851138646
-0.6262677470435781
-0.23027939396367902
0.0195459722676542
0.038681678226654685
0.056092065034847635
0.06509957561561905
0.061317025172370115
0.046718626821271446
0.0353955012200758
0.03050591874889525
-3.223740178394081
-3.0105488716378375
-2.7538997663946247
-2.5179028515760535
-2.277838345374022
-2.1806904095031996
-1.7575893404560077
-2.295746316124081
-1.290647372338583
-2.3565879338753177
-1.0408472700577107
-2.3389798978486027
-1.0237548444464721
-2.2714367672720073
-1.1734484054846206
-2.197021397524793
-1.4033099008574936
-2.1414574667357016
-1.6292140432997257
-2.088057445408481
-1.8532951313998183
-2.026749264611283
-1.9704698681931916
-2.00242641578501
-1.98538525367357
-1.9748866415990278
-1.9656680921937948
-1.9608006169028158
-1.959032588240575
-1.9573667898539213
-1.9593373462812735
-1.9588197741257147
-1.9620515418551179
-1.9736365827760665
-1.992245606304408
-2.0093421219865206
-2.0192697574838974
-2.026400373501872
-2.0340660175543235
-2.0385974417727937
-2.03098970287391
-1.9989768467634974
-1.9580160158450042
-1.9060241502129713
-1.829792384600836
-1.7300037260440888
-1.5756979160011895
-1.3832351859254288
-1.1690653762434806
-0.918281242967879
-0.6258965501526177
-0.22978513341570306
0.020123307887018882
0.038312124967291084
0.055093798758093726
0.0637034552921989
0.06002164764248619
0.04579486198980476
0.03450427407500456
0.027226018966416632
-0.000548898511835129
-0.0005397646902298575
-0.000530630868624586
-0.0005214970470193145
-0.0005123632254140431
-0.0005032294038087717
-0.0004940955822035001
-0.00048496176059822856
-0.00047582793899295713
-0.0004666941173876857
-0.0004575602957824142
-0.00044842647417714273
-0.00043929265257187125
-0.0004301588309665998
-0.0004210250093613283
-0.00041189118775605675
-0.0004027573661507853
-0.00039362354454551383
-0.00038448972294024235
-0.00037535590133497087
-0.00036622207972969944
-0.00035708825812442795
-0.0003479544365191564
-0.00033882061491388493
-0.0003296867933086135
-0.0003205529717033421
-0.0003114191500980705
-0.000302285328492799
-0.00029315150688752757
-0.00028401768528225614
-0.00027488386367698466
-0.00026575004207171307
-0.00025661622046644164
-0.0002474823988611702
-0.00023834857725589867
-0.00022921475565062719
-0.00022008093404535576
-0.00021094711244008427
-0.00020181329083481276
-0.00019267946922954125
-0.00018354564762426982
-0.00017441182601899834
-0.00016527800441372683
-0.00015614418280845532
-0.0001470103612031839
-0.00013787653959791243
-0.00012874271799264092
-0.00011960889638736943
-0.00011047507478209796
-0.00010134125317682651
-9.2207431571555e-05
-8.307360996628349e-05
-7.393978836101204e-05
-6.480596675574059e-05
-5.567214515046908e-05
-4.6538323545197565e-05
-3.740450193992612e-05
-2.8270680334654673e-05
-1.9136858729383162e-05
-1.000303712411165e-05
-16.886549999999943
-16.886550000000057
-16.886550000000057
-16.886549999999943
-16.886549999999943
-16.886550000000057
-16.886550000000057
-16.886549999999943
-16.886549999999943
-16.886550000000057
-16.886550000000057
-16.886549999999943
-16.886549999999943
-16.886550000000057
-16.886550000000057
-16.886549999999943
-16.886549999999943
-16.886550000000057
-16.886550000000057
-16.886549999999943
-16.886549999999943
-16.886550000000057
-16.886550000000057
-16.886549999999943
-16.886549999999943
-16.886550000000057
-16.886550000000057
-16.886549999999943
-16.886549999999943
-16.886550000000057
-16.886550000000057
-16.886549999999943
-16.886549999999943
-16.886550000000057
-16.886550000000057
-16.886549999999943
-16.886549999999943
-16.886550000000057
-16.886550000000057
-16.886549999999943
-16.886549999999943
-16.886550000000057
-16.886550000000057
-16.886549999999943
-16.886549999999943
-16.886550000000057
-16.886550000000057
-16.886549999999943
-16.886549999999943
-16.886550000000057
-16.886550000000057
-16.886549999999943
-16.886549999999943
-16.886550000000057
-16.886550000000057
-16.886549999999943
-16.886549999999943
-16.886550000000057
-16.886550000000057
-16.886549999999914
280.2916244765406
279.48737174148073
278.6715696267689
277.84384622189697
277.00381076727814
276.15091539251205
275.2850031151386
274.40456483577344
273.5109538240773
272.6011987800091
271.677859577803
270.7370020794445
269.7816642966981
268.80762055108164
267.8177329299098
266.8080290396762
265.78071095254063
264.7323643736176
263.6643462873713
262.5738948361893
261.4613255891734
260.3247113532372
259.1633275098638
257.9757089735236
256.7605786757675
255.51644610260914
254.24176476255337
252.93483734055027
251.59382067017816
250.2166914248308
248.80124545551308
247.34504460004715
245.84542005200325
244.2994402082245
242.7038427015534
241.05496898521332
239.34870499224778
237.58044565930877
235.74500333635683
233.83646868672892
231.8480558481197
229.77190722884416
227.59899116980762
225.31875019939065
222.91867873410882
220.38389045806383
217.69628598988075
214.8338875480255
211.7695916636396
208.46913361706788
204.8884013145835
201.04708700136092
197.59756524186486
195.716287621857
195.57234911443118
197.09045403988887
200.97112355501866
207.96160933935982
218.29744364305114
235.04229848514885
256.5836507588632
1014.8
997.91345
981.0269
964.1403499999999
947.2538
930.36725
913.4807
896.5941499999999
879.7076
862.82105
845.9345
829.0479499999999
812.1614
795.27485
778.3883
761.5017499999999
744.6152
727.72865
710.8421
693.9555499999999
677.069
660.18245
643.2959
626.4093499999999
609.5228
592.63625
575.7497
558.8631499999999
541.9766
525.09005
508.20349999999996
491.3169499999999
474.43039999999996
457.54385
440.65729999999996
423.7707499999999
406.88419999999996
389.99765
373.11109999999996
356.2245499999999
339.33799999999997
322.45145
305.56489999999997
288.6783499999999
271.79179999999997
254.90525000000002
238.01869999999997
221.1321499999999
204.24559999999997
187.35905000000002
170.47249999999997
153.5859499999999
136.69939999999997
119.81285000000003
102.92629999999997
86.03974999999991
69.15319999999997
52.26665000000003
35.38009999999997
18.493549999999914
1.607
0.0
139.05683678876062
280.11058341849224
423.2255439276985
568.469281396622
715.9365236658163
865.6544133030069
1017.8838764793313
1172.3909302810378
1329.6893181706714
1489.3364329949384
1652.0124947443364
1817.1922253716796
1985.6062527721783
2156.7597165726493
2331.3394512113277
2508.964714198241
2690.225843652157
2874.8882143626934
3063.4293567957193
3255.79470844972
3452.317484696906
3653.122973465376
3858.4644908465625
4068.562844418919
4283.675746902707
4504.070589636581
4730.040841640396
4961.905189915265
5200.013471502935
5444.7467879821925
5696.526702258891
5955.814656071358
6223.117529214892
6498.999391213397
6784.092811805002
7079.10912103854
7384.844543178435
7702.196032842815
8032.185325647942
8375.985710170804
8734.955779048856
9110.657123421182
9504.915150331972
9919.892099094479
10358.161842211739
10822.853797355721
11317.767965007046
11847.590586792458
12418.246098304144
13037.361564953733
13715.037506830628
14470.603651092284
15337.093647347152
16361.23259694227
17624.187030781562
19281.2244771755
21675.125040453353
25788.916423287126
37873.7646721472
49958.61292100717
413.70527018332416
411.5255100873902
409.29703824539814
406.99096666259203
404.6396485100498
402.26693736326524
399.9310732911618
397.5311796414609
395.4161254079867
392.89099039311344
390.9084956938351
388.312843502259
386.38135160400236
383.8038191115737
381.8700032726323
379.37718329093434
377.41642942330316
375.04339238494146
373.0632245276667
370.8167932172821
368.82684211967626
366.7183557932374
364.7336669153084
362.74245641377814
360.8090100933064
358.9078075780312
357.0477924156788
355.21900390224823
353.4259412059535
351.66815007499076
349.94657827311266
348.2651852522771
346.62331340174535
345.02398018183214
343.46238938223905
341.9432376106298
340.47027227166143
339.0474902055801
337.6760891193479
336.3527243093354
335.087061469024
333.8888630552573
332.75633973320737
331.68438712802646
330.67554195477857
329.7340153196369
328.85710837497595
328.0500475594432
327.31255602147485
326.6293397233916
326.00446081706167
325.44550705276544
324.9948642722154
324.808147698241
324.95641360217564
325.40004556281576
326.0953509864614
326.977258347364
327.90839670685205
329.11993537376577
331.4832400809993
349.987948790533
347.5553074535513
345.0482281475286
342.4425571546287
339.7736738974033
337.0675789733022
334.3841935269258
331.6239814194041
329.1369403346538
326.2291002956646
323.8540477566807
320.8567245556679
318.5149489157284
315.5190386283512
313.1591317741531
310.2328899614244
307.8316738147113
305.0114240196782
302.5775200911624
299.8710596616385
297.4150059862899
294.8344885372163
292.3720133454243
289.8973873800965
287.4749536626956
285.0792466133948
282.7192491204074
280.3850445547056
278.0811587778333
275.8071424891763
273.5639378932595
271.355485432148
269.181104278749
267.0437751367318
264.9386615935444
262.8704381874658
260.8428012239234
258.859691907167
256.9222374776472
255.0270359606416
253.1836757865324
251.4018492775361
249.6796996724525
248.0120633664993
246.4014029307532
244.8518592957697
243.3607018261369
241.9330935915036
240.5687018684741
239.2522458998488
237.9877467219274
236.782778031281
235.6797727313675
234.8344905673515
234.3184199814637
234.0930320235472
234.1196037457676
234.3495910572292
234.7000120074363
235.5511627972691
237.9998123325498
63.71732139279115
63.97020263383894
64.24881009786954
64.54840950796337
64.86597461264653
65.19935838996307
65.54687976423601
65.90719822205673
66.27918507333294
66.66189009744888
67.05444793715438
67.45611894659113
67.86640268827398
68.28478048322248
68.71087149847924
69.14429332950994
69.58475560859188
70.03196836526324
70.4857044365043
70.94573355564361
71.41183613338637
71.88386725602108
72.36165356988406
72.84506903368161
73.33405643061081
73.82856096463642
74.32854329527139
74.83395934754267
75.34478242812018
75.8610075858145
76.38264037985319
76.90969982012909
77.44220912299636
77.98020504510035
78.52372778869463
79.07279942316399
79.62747104773801
80.18779829841311
80.75385164170073
81.32568834869376
81.90338568249157
82.48701377772117
83.07664006075484
83.67232376152717
84.27413902402536
84.8821560238672
85.49640654883905
86.11695396793962
86.74385415300075
87.3770938235428
88.01671409513428
88.66272902148445
89.31509154084792
89.9736571308895
90.63799362071197
91.30701353926855
91.97574724069386
92.62766729013478
93.20838469941576
93.56877257649668
93.48342774844946
485.9197835123213
480.5162832379935
475.27726252436344
470.2172911751627
465.3480701710444
460.697520678886
456.1809661972792
452.0234832071222
447.61268265752415
443.7969002703122
439.4578176371584
435.82131817552465
431.5508463794195
427.94955904254425
423.74430643633093
420.0780380491483
415.92026278399237
412.1439158447731
408.0222905207628
404.1466451670783
400.0686366240642
396.1068551662254
392.095417023685
388.1337366539616
384.197863917705
380.31127614875606
376.4763743448047
372.6819177391805
368.928054425983
365.2112307067794
361.5322921150475
357.89156174793067
354.2908701232733
350.7294853615048
347.19425797913556
343.682860601222
340.2005531402672
336.75850131670194
333.360699856968
330.003269029401
326.69900874731667
323.4698206306762
320.33832046186274
317.3083518408369
314.39348251737596
311.62216349763344
309.0152528269284
306.6324940953944
304.51176737150064
302.659485697174
301.1163255478762
299.9314752334274
299.2510473194617
299.08445405337426
299.2710320822761
299.7697578416744
300.52876672061217
301.4706957291572
302.4476289506351
303.6936718916239
306.0842026178237
288.0399039406426
280.7908887671501
273.6967812202397
266.7719940897135
260.0288246856985
253.4964136605744
247.0912203434976
241.039753005179
234.7307919854187
229.0144054484343
222.7724341876725
217.2320519570059
211.0586965950442
205.5580953017088
199.4585113004642
193.9051959560145
187.8679216435215
182.2202391784091
176.2338057435125
170.4980846478569
164.5599456163988
158.736268788027
152.8579483139149
147.0229119865727
141.2084711598852
135.4396845208324
129.7212470044931
124.0427368225131
118.4058298123554
112.8099506420808
107.2595487184147
101.7595202709053
96.31622612866617
90.9323372924163
85.59707194504456
80.31276784271466
75.08976463653093
69.94496838412884
64.88746527259497
59.91536148151381
55.04312445542195
50.29247438732168
45.68506916705657
41.22315503737202
36.92635291192107
32.82897047829717
28.95337529387582
25.36075859984192
22.09126623501004
19.13970760730325
16.54407985428489
14.35798048522342
12.72001149436867
11.62700332519535
10.90259655521133
10.49577272421735
10.31158808407126
10.19644011458115
9.753402732251814
8.389735337192812
0.0
197.8798795716787
199.7253944708434
201.5804813041237
203.4452970854492
205.3192454853459
207.2011070183116
209.0897458537816
210.9837302019432
212.8818906721054
214.7824948218779
216.6853834494859
218.5892662185188
220.4921497843753
222.3914637408355
224.2857951358667
226.1728420931338
228.0523411404709
229.923676666364
231.7884847772503
233.6485605192214
235.5086910076654
237.3705863781984
239.2374687097701
241.1108246673889
242.9893927578198
244.8715916279237
246.7551273403116
248.6391809166674
250.5222246136276
252.4012800646986
254.2727433966328
256.1320414770254
257.9746439946071
259.7971480690885
261.597186034091
263.3700927585073
265.1107885037363
266.8135329325731
268.473234584373
270.0879075478872
271.6558842918947
273.1773462433545
274.6532512948062
276.0851968034649
277.4671296054549
278.7931930193363
280.0618775330526
281.2717354955525
282.4205011364906
283.5197780898707
284.5722456935913
285.573494748204
286.531035825093
287.4574507281789
288.3684355270648
289.273985117457
290.2171786365409
291.2742556145761
292.6942262183833
295.3039365544311
306.0842026178237
72.21451332899721
68.99077315060313
65.9802242789653
63.22632451257067
60.70842166099462
58.430583315620595
56.249892906117395
54.49230356566139
52.19655724953731
50.905909877198724
48.549321943323406
47.508474673265695
45.16949477541709
44.14573993097062
41.87430316369861
40.70085475821399
38.5038333606892
37.100523459831706
34.959065993096004
33.32985194979628
31.241794504387798
29.38849937298798
27.361750108376697
25.391280240183505
23.388853824398495
21.403468570724925
19.428581929125897
17.462913836932103
15.502113220029287
13.543080631788712
11.58571384193479
9.626376495653517
7.667556721527802
5.705505179672684
3.731868596896618
1.7396229905922098
-0.2697191313943108
-2.288988888878208
-4.31538926238008
-6.3494552799344035
-8.388052721707197
-10.419042424581107
-12.418019271344605
-14.376035287189609
-16.28205943740258
-18.111851822003416
-19.841855548047505
-21.417553464048694
-22.800788649974123
-23.969854026217604
-24.888135269185483
-25.5140318193381
-25.743816952753804
-25.723693644866785
-25.685381519899494
-25.6302877211414
-25.5665842658492
-25.506562618206715
-25.46076775621691
-25.426263482141906
-25.39903746317549
61.94804484989038
66.76441868640126
71.35144692728892
75.67056306491514
79.74484921170477
83.57116531272791
87.29297318342822
90.58422841422512
94.40614834923508
97.21469484723039
101.0816135690082
103.624672598662
107.4562523206842
109.9609433266424
113.7006204736889
116.3276940054099
119.9637521711898
122.7911848412691
126.3437143476499
129.3729750137815
132.8550603698912
136.0982197491894
139.5140650315094
142.8744753935238
146.2664825028104
149.6395620925624
152.9980021159143
156.3423077321926
159.675328965478
162.9971918470954
166.3043891748448
169.5959651612428
172.8648781500829
176.1114378443155
179.3415896484998
182.5576703447511
185.7530365873925
188.9147235230381
192.0347722050523
195.1116744791278
198.1405513311104
201.1093748902144
203.994630505396
206.7889083291273
209.4750500188321
212.0228888174725
214.4073265322611
216.5723349916616
218.477435633464
220.1125382925455
221.4436668676425
222.4247975460576
222.9597612369989
223.2074872421562
223.4158234262523
223.5972592993298
223.8080156616963
224.153150942648
224.9466092751845
227.1614274600763
237.9998123325498
134.1625581788876
135.7551918370044
137.3316712062542
138.8968875774858
140.4532708726994
142.0017486283485
143.5428660895456
145.0765319798865
146.6027055987724
148.1206047244291
149.6309355123316
151.1331472719277
152.6257470961013
154.106683257613
155.5749236373875
157.0285487636239
158.467585531879
159.8917083011008
161.3027803407459
162.7028269635778
164.096854874279
165.4867191221774
166.8758151398861
168.2657556337073
169.6553363272089
171.0430306632873
172.4265840450402
173.8052215691247
175.1774421855073
176.5402724788841
177.8901030167796
179.2223416568963
180.5324348716107
181.8169430239882
183.0734582453964
184.2972933353433
185.4833174559982
186.6257346341599
187.7193829426722
188.7622191991934
189.7524986094032
190.6903324656333
191.5766112340514
192.4128730419377
193.1929905814295
193.9110369954691
194.5654709842136
195.1547815276129
195.6766469834899
196.1426842663279
196.555531598457
196.9107657267195
197.2159442842451
197.4837935972894
197.7304419063528
197.9669715781884
198.2414313958471
198.6465883244413
199.4858415189676
201.7351639779344
212.6007748693743
-1.6097275964177515
-1.502788172259112
-1.3750764488155331
-1.2572120950632457
-1.1368576772639911
-1.0887980507583395
-0.8774861712038807
-1.1458129368062653
-0.6442801628550429
-1.1766547464556654
-0.5190787392809484
-1.167864336703338
-0.5109912508923988
-1.1337011578436695
-0.5857599147290774
-1.0965499782658052
-0.7005680864709911
-1.0692310062779236
-0.8129842381359077
-1.0425645147894866
-0.9253157842737345
-1.011534644241807
-0.9838374783227192
-0.9997979213595216
-0.9908765275734495
-0.9860447379543554
-0.9814416661904456
-0.9786058306603425
-0.9781309681163217
-0.9773017456269716
-0.9778952872388883
-0.9780358091872975
-0.9796552812535729
-0.9850752868231122
-0.9947481979660281
-1.0032948549493779
-1.0079241546855822
-1.011833915874982
-1.015673165146307
-1.017654304662793
-1.0141588898086384
-0.9981812794405831
-0.9774868362121725
-0.9517794194764332
-0.9135068084700295
-0.8638943619863028
-0.7868416641485717
-0.6905779042495794
-0.5837792625373012
-0.4585389459386826
-0.3124174437823749
-0.11469940727633071
0.010106901042119393
0.019259651907069894
0.02756594169460691
0.031873949820894795
0.030182616622242198
0.02304887407795103
0.017707467603898852
0.019106914804782882
0.0
-2.405488088082269
-2.290943802889176
-2.157137874420097
-2.034860068221159
-1.911013994070758
-1.858818439555763
-1.64378337754939
-1.90881837443306
-1.402699494490875
-1.931292552979501
-1.270104524850121
-1.913642855127487
-1.250942012325989
-1.867743064772254
-1.312064698791962
-1.815991636499317
-1.412131997764023
-1.774274111652087
-1.512932902516249
-1.739091509531848
-1.619762402061721
-1.706008589919848
-1.678322192437979
-1.694102861000135
-1.684649707170516
-1.677338127175844
-1.670278843780866
-1.664642975430156
-1.659070052120811
-1.651745492954029
-1.643943575616168
-1.632624775930749
-1.621460654180052
-1.613265903232243
-1.606238233938253
-1.595892614370296
-1.579071832897932
-1.5582760378623
-1.536727010759565
-1.512741210510014
-1.482748214622829
-1.44101106952687
-1.395573152736685
-1.341565679247
-1.272491731024614
-1.190882750051044
-1.081291078405593
-0.951482807608096
-0.8166351082210516
-0.6648183965348933
-0.4900155677054118
-0.2671820813328063
-0.1237241905926792
-0.1040513519446886
-0.0906162698854732
-0.1052600849454386
-0.1723742457059208
-0.3962845559946719
-1.106168030529129
-5.413119203320244
0.0
0.7957604916645176
0.7881556306300639
0.7820614256045637
0.7776479731579135
0.7741563168067668
0.7700203887974236
0.7662972063455092
0.7630054376267946
0.7584193316358322
0.7546378065238358
0.7510257855691727
0.7457785184241491
0.7399507614335901
0.7340419069285843
0.7263047840628846
0.7194416582335118
0.7115639112930319
0.7050431053741635
0.6999486643803413
0.6965269947423613
0.6944466177879864
0.6944739456780411
0.6944847141152598
0.6943049396406133
0.6937731795970665
0.6912933892214886
0.6888371775904204
0.6860371447698135
0.6809390840044893
0.6744437473270574
0.6660482883772797
0.6545889667434516
0.6418053729264791
0.6281906164091308
0.611490035972225
0.5925977594209182
0.57114767821235
0.5464421219873179
0.5210538456132582
0.495086905847221
0.4685893248141906
0.4428297900862869
0.4180863165245126
0.3897862597705669
0.3589849225545845
0.3269883880647412
0.2944494142570212
0.2609049033585165
0.2328558456837504
0.2062794505962107
0.1775981239230369
0.1524826740564756
0.1338310916347986
0.1233110038517585
0.1181822115800801
0.1371340347663334
0.202556862328163
0.4193334300726229
1.123875498133028
5.432226118125027
0.0
1.0
1.0
1.0
1.0
1.0
1.0
1.0
1.0
1.0
1.0
1.0
1.0
1.0
1.0
1.0
1.0
1.0
1.0
1.0
1.0
1.0
1.0
1.0
1.0
1.0
1.0
1.0
1.0
1.0
1.0
1.0
1.0
1.0
1.0
1.0
1.0
1.0
1.0
1.0
1.0
1.0
1.0
1.0
1.0
1.0
1.0
1.0
1.0
1.0
1.0
1.0
1.0
0.0
0.0
0.0
0.0
0.0
0.0
0.0
0.0
0.0
1.0
1.0
1.0
1.0
1.0
1.0
1.0
1.0
1.0
1.0
1.0
1.0
1.0
1.0
1.0
1.0
0.6775249999999999
0.6775249999999999
0.6775249999999999
0.6775249999999999
0.6775249999999999
0.6775249999999999
0.6775249999999999
0.6775249999999999
0.6775249999999999
0.6775249999999999
0.6775249999999999
0.6775249999999999
0.6775249999999999
0.6775249999999999
0.6775249999999999
0.6775249999999999
0.6775249999999999
0.6775249999999999
0.6775249999999999
0.6775249999999999
0.6775249999999999
0.6775249999999999
0.6775249999999999
0.6775249999999999
0.6775249999999999
0.6775249999999999
0.6775249999999999
0.6775249999999999
0.6775249999999999
1.0
1.0
1.0
1.0
1.0
1.0
1.0
1.0
1.0
1.0
1.0
1.0
1.0
1.0
1.0
1.0
1.0
1.0
1.0
1.0
1.0
1.0
1.0
1.0
1.0
1.0
1.0
1.0
1.0
0.018569944109712945
0.01735462581537747
0.0161999628553389
0.01510390267676258
0.01406442805768614
0.013079557107019404
0.01214734326454449
0.011265875300915714
0.01043327731765966
0.009647708747175132
0.008907364352733206
0.00821047422847717
0.007555303799422571
0.006940153821457187
0.0063633603813410475
0.0058232948967064215
0.005318364116057821
0.0048470101187719885
0.004407710315097926
0.003998977446156858
0.003619359583942273
0.003267440131319882
0.0029418378220276496
0.0026412067206757713
0.0023642362227467
0.002109651054595115
0.0018762112734479475
0.001662712267404364
0.0014679847554357776
0.001290894787385841
0.0011303437439704506
0.000985268336777741
0.0008546406082680926
0.0007374679317741244
0.0006327930115006987
0.0005396938825249207
0.00045728391079613573
0.00038471179313593153
0.00032116155723813724
0.0002658525616688251
0.00021803949586630798
0.00017701238014114062
0.00014209656567612012
0.0001126527345262852
8.807689961891653e-05
6.780040475353613e-05
5.12899246019083e-05
3.804746470803913e-05
2.7610361488176403e-05
1.9551282230809713e-05
1.3478225096670562e-05
9.034519118732276e-06
5.898824202209977e-06
3.785131124560602e-06
2.442761535482939e-06
1.6563679569176039e-06
1.2459337830470229e-06
1.0667732802954535e-06
1.009531587328981e-06
1.0001847150555163e-06
0.0004
0.0004
0.0004
0.0004
0.0004
0.0004
0.0004
0.0004
0.0004
0.0004
0.0004
0.0004
0.0004
0.0004
0.0004
0.0004
0.0004
0.0004
0.0004
0.0004
0.0004
0.0004
0.0004
0.0004
0.0004
0.0004
0.0004
0.0004
0.0004
0.0004
0.0004
0.0004
0.0004
0.0004
0.0004
0.0004
0.0004
0.0004
0.0004
0.0004
0.0004
0.0004
0.0004
0.0004
0.0004
0.0004
0.0004
0.0004
0.0004
0.0004
0.0004
0.0004
0.0004
0.0004
0.0004
0.0004
0.0004
0.0004
0.0004
0.0004
1.7322297340509496e-42
7.561366308704624e-42
3.2998300505338577e-41
1.4397125187342174e-40
6.279847776911085e-40
2.738467500268162e-39
1.1938423932019386e-38
5.203108582763347e-38
2.266995050264513e-37
9.874271728639634e-37
4.29953146414337e-36
1.8715143427037444e-35
8.143577445120726e-35
3.5422649567255867e-34
1.5402240040818125e-33
6.694476415899044e-33
2.908516940467351e-32
1.2631085569134812e-31
5.482960595947378e-31
2.378951458094145e-30
1.0316728290477071e-29
4.471709151312355e-29
1.9371738305416854e-28
8.387152579401898e-28
3.6290903732284034e-27
1.5692912319555803e-26
6.781344287970086e-26
2.9283099488837713e-25
1.2635377117240762e-24
5.447639882999713e-24
2.346684151140806e-23
1.0099542011247964e-22
4.342317556457909e-22
1.8650194879458073e-21
8.00115343869465e-21
3.428394198469216e-20
1.4670828136543546e-19
6.26896051843375e-19
2.674596666428366e-18
1.1391478249474543e-17
4.842714838604314e-17
2.0544789891658218e-16
8.696050884211555e-16
3.671445674122287e-15
1.5456582645888835e-14
6.486227669397576e-14
2.711948856677923e-13
1.1291386817928242e-12
4.67842398008085e-12
1.9274059401311145e-11
7.886772021416647e-11
3.200825208310689e-10
1.2859660379853392e-09
5.100820824343008e-09
1.9897565737926862e-08
7.587512314849466e-08
2.800294557010474e-07
9.819527479310615e-07
3.1415115764051744e-06
8.105230393616113e-06
3.06e-07
3.06e-07
3.06e-07
3.06e-07
3.06e-07
3.06e-07
3.06e-07
3.06e-07
3.06e-07
3.06e-07
3.06e-07
3.06e-07
3.06e-07
3.06e-07
3.06e-07
3.06e-07
3.06e-07
3.06e-07
3.06e-07
3.06e-07
3.06e-07
3.06e-07
3.06e-07
3.06e-07
3.06e-07
3.06e-07
3.06e-07
3.06e-07
3.06e-07
3.06e-07
3.06e-07
3.06e-07
3.06e-07
3.06e-07
3.06e-07
3.06e-07
3.06e-07
3.06e-07
3.06e-07
3.06e-07
3.06e-07
3.06e-07
3.06e-07
3.06e-07
3.06e-07
3.06e-07
3.06e-07
3.06e-07
3.06e-07
3.06e-07
3.06e-07
3.06e-07
3.06e-07
3.06e-07
3.06e-07
3.06e-07
3.06e-07
3.06e-07
3.06e-07
3.06e-07
0.0
0.0
0.0
0.0
0.0
0.0
0.0
0.0
0.0
0.0
0.0
0.0
0.0
0.0
0.0
0.0
0.0
0.0
0.0
0.0
0.0
0.0
0.0
0.0
0.0
0.0
0.0
0.0
0.0
0.0
0.0
0.0
0.0
0.0
0.0
0.0
0.0
0.0
0.0
0.0
0.0
0.0
0.0
0.0
0.0
0.0
0.0
0.0
0.0
0.0
0.0
0.0
0.0
0.0
0.0
0.0
0.0
0.0
0.0
0.0
1.65e-06
1.65e-06
1.65e-06
1.65e-06
1.65e-06
1.65e-06
1.65e-06
1.65e-06
1.65e-06
1.65e-06
1.65e-06
1.65e-06
1.65e-06
1.65e-06
1.65e-06
1.65e-06
1.65e-06
1.65e-06
1.65e-06
1.65e-06
1.65e-06
1.65e-06
1.65e-06
1.65e-06
1.65e-06
1.65e-06
1.65e-06
1.65e-06
1.65e-06
1.65e-06
1.65e-06
1.65e-06
1.65e-06
1.65e-06
1.65e-06
1.65e-06
1.65e-06
1.65e-06
1.65e-06
1.65e-06
1.65e-06
1.65e-06
1.65e-06
1.65e-06
1.65e-06
1.65e-06
1.65e-06
1.65e-06
1.65e-06
1.65e-06
1.65e-06
1.65e-06
1.65e-06
1.65e-06
1.65e-06
1.65e-06
1.65e-06
1.65e-06
1.65e-06
1.65e-06
0.0
0.0
0.0
0.0
0.0
0.0
0.0
0.0
0.0
0.0
0.0
0.0
0.0
0.0
0.0
0.0
0.0
0.0
0.0
0.0
0.0
0.0
0.0
0.0
0.0
0.0
0.0
0.0
0.0
0.0
0.0
0.0
0.0
0.0
0.0
0.0
0.0
0.0
0.0
0.0
0.0
0.0
0.0
0.0
0.0
0.0
0.0
0.0
0.0
0.0
0.0
0.0
0.0
0.0
0.0
0.0
0.0
0.0
0.0
0.0
0.0
0.0
0.0
0.0
0.0
0.0
0.0
0.0
0.0
0.0
0.0
0.0
0.0
0.0
0.0
0.0
0.0
0.0
0.0
0.0
0.0
0.0
0.0
0.0
0.0
0.0
0.0
0.0
0.0
0.0
0.0
0.0
0.0
0.0
0.0
0.0
0.0
0.0
0.0
0.0
0.0
0.0
0.0
0.0
0.0
0.0
0.0
0.0
0.0
0.0
0.0
0.0
0.0
0.0
0.0
0.0
0.0
0.0
0.0
0.0
2
2
1
280.2916244765406
0.00018766745020570852
0.0
0.0
51.0
5.783625987995279
1.0
2.0
3.0
4.0
5.0
6.0
7.0
8.0
9.0
10.0
11.0
12.0
13.0
14.0
15.0
16.0
17.0
18.0
19.0
20.0
21.0
22.0
23.0
24.0
25.0
26.0
27.0
28.0
29.0
30.0
31.0
32.0
33.0
34.0
35.0
36.0
37.0
38.0
39.0
40.0
41.0
42.0
43.0
44.0
45.0
46.0
47.0
48.0
49.0
50.0
51.0
52.0
53.0
54.0
55.0
56.0
57.0
58.0
59.0
60.0
0.0
0.0
0.0
0.0
0.0
0.0
0.0
0.0
0.0
0.0
0.0
0.0
0.0
0.0
0.0
0.0
0.0
0.0
0.0
0.0
0.0
0.0
0.0
0.0
0.0
0.0
0.0
0.0
0.0
0.0
0.5
0.0
0.0
0.0
0.0
0.0
0.0
0.0
0.0
0.0
0.0
0.0
0.0
0.0
0.0
0.0
0.0
0.0
0.0
0.0
0.0
0.0
0.0
0.0
0.0
0.0
0.0
0.0
0.0
0.0
0.0
0.0
0.0
0.0
0.0
0.0
0.0
0.0
0.0
0.0
0.0
0.0
0.0
0.0
0.0
0.0
0.0
0.0
0.0
0.0
0.0
0.0
0.0
0.0
0.0
0.0
0.0
0.0
0.0
0.0
3.0
0.0
0.0
0.0
0.0
0.0
0.0
0.0
0.0
0.0
0.0
0.0
0.0
0.0
0.0
0.0
0.0
0.0
0.0
0.0
0.0
0.0
0.0
0.0
0.0
0.0
0.0
0.0
0.0
0.0
0.0
0.0
0.0
0.0
0.0
0.0
0.0
0.0
0.0
0.0
0.0
0.0
0.0
0.0
0.0
0.0
0.0
0.0
0.0
0.0
0.0
0.0
0.0
0.0
0.0
0.0
0.0
0.0
0.0
0.0
0.5
0.0
0.0
0.0
0.0
0.0
0.0
0.0
0.0
0.0
0.0
0.0
0.0
0.0
0.0
0.0
0.0
0.0
0.0
0.0
0.0
0.0
0.0
0.0
0.0
0.0
0.0
0.0
0.0
0.0
45.0
