9.81
6.022e+23
0
0
0
3
0
1
289.3692139394352
2
2
0
0
1
1
0
1
60
7
1014.8
1.607


3
3
0
75.0
0
5.7
150.0
1000.0
287.04
9.81
79000.0
40.0
20000.0
0.0
0.0
0.0
0.0
0.0280134
0.04401
0.0319988
0.039948
0.01604
0.01801528
0.048
99000.0
2.1153802199668344e+29
0.8
1e-06
1000000.0
0.6
3.0
0.0001
1000
51
5.157829861100122
0
1
7
1.0
1
0
1
1
0.1
1000000000000.0
1
288.5024400487233
287.75169313997554
286.9827241663225
286.1931732322466
285.38290446947656
284.55283040723964
283.7027331997641
282.8320550843161
281.9396747211666
281.023291086475
280.09005720290185
279.13319343962723
278.15445979695363
277.1546389322151
276.1339919859124
275.0916801872482
274.02846393822756
272.94090417378175
271.80951238803243
270.15210420679654
269.4769946499789
268.3282308683427
267.12878548756737
265.8984216068176
264.64038452051295
263.35308765771344
262.033466366583
260.67862426892225
259.2885990604634
257.8601929879854
256.391153787611
254.87931856681988
253.32039453261052
251.7122656920389
250.05136284820225
248.33299226645693
246.55455678327647
244.71153678765603
242.79720141529924
240.8085746964752
238.73429020729387
236.57184479109065
234.30734040190444
231.93146730864623
229.42944059934223
226.78621977552393
223.9907264859424
221.01487044142385
217.81652726698778
214.36882780884423
210.61423779371086
206.48447849042014
203.4653538420421
202.55265205371163
202.87763718273496
205.06686876354433
210.02240828620242
218.6615133375725
230.73956892086048
252.73667876741212
1006.356725
989.4701749999999
972.583625
955.6970749999999
938.810525
921.9239749999999
905.037425
888.1508749999999
871.264325
854.3777749999999
837.491225
820.6046749999999
803.718125
786.8315749999999
769.945025
753.0584749999999
736.171925
719.2853749999999
702.398825
685.5122749999999
668.625725
651.7391749999999
634.852625
617.9660749999999
601.079525
584.1929749999999
567.306425
550.4198749999999
533.533325
516.6467749999999
499.76022499999993
482.87367499999993
465.987125
449.100575
432.21402499999994
415.32747499999994
398.440925
381.554375
364.66782499999994
347.78127499999994
330.894725
314.008175
297.12162499999994
280.23507499999994
263.348525
246.461975
229.57542499999994
212.68887499999994
195.802325
178.915775
162.02922499999994
145.14267499999994
128.256125
111.369575
94.48302499999994
77.59647499999994
60.709925
43.823375
26.936824999999942
10.050274999999957
71.84559065569889
216.58887211949238
363.46820367442433
512.5489830562699
663.9003870867862
817.5956111624456
973.711772873841
1132.3299592173612
1293.5350370598437
1457.418403372867
1624.077109267158
1793.6127606905184
1966.1342293068724
2141.7578043380718
2320.607322457826
2502.8150288234724
2688.521456510509
2877.869116962759
3070.830303700726
3267.758612005031
3469.0407181711125
3674.705926364113
3884.9585827339574
4100.029271212203
4320.168967995109
4545.648734640125
4776.761618725523
5013.826775464466
5257.192655276686
5507.239870972879
5764.386085619587
6029.090207383626
6301.858611112583
6583.252769807544
6873.896507118816
7174.487047631219
7485.8078014205
7808.741256609748
8144.288980460975
8493.591799466805
8857.959740461905
9238.907103145426
9638.194947369182
10057.891621682316
10500.449157576186
10968.816756269098
11466.578165325156
11998.125383911483
12568.955684196815
13186.088742906675
13858.678606218811
14602.059337255385
15443.297457662287
16423.083377225717
17606.42029520834
19113.91506447525
21201.186844693915
24550.009016266715
32878.75670386295
54964.779872378
3.519122223737253e+23
3.519122223737277e+23
3.519122223737277e+23
3.519122223737253e+23
3.519122223737253e+23
3.519122223737277e+23
3.519122223737277e+23
3.519122223737253e+23
3.519122223737253e+23
3.519122223737277e+23
3.519122223737277e+23
3.519122223737253e+23
3.519122223737253e+23
3.519122223737277e+23
3.519122223737277e+23
3.519122223737253e+23
3.519122223737253e+23
3.519122223737277e+23
3.519122223737277e+23
3.519122223737253e+23
3.519122223737253e+23
3.519122223737277e+23
3.519122223737277e+23
3.519122223737253e+23
3.519122223737253e+23
3.519122223737277e+23
3.519122223737277e+23
3.519122223737253e+23
3.519122223737253e+23
3.519122223737277e+23
3.519122223737277e+23
3.519122223737253e+23
3.519122223737253e+23
3.519122223737277e+23
3.519122223737277e+23
3.519122223737253e+23
3.519122223737253e+23
3.519122223737277e+23
3.519122223737277e+23
3.519122223737253e+23
3.519122223737253e+23
3.519122223737277e+23
3.519122223737277e+23
3.519122223737253e+23
3.519122223737253e+23
3.519122223737277e+23
3.519122223737277e+23
3.519122223737253e+23
3.519122223737253e+23
3.519122223737277e+23
3.519122223737277e+23
3.519122223737253e+23
3.519122223737253e+23
3.519122223737277e+23
3.519122223737277e+23
3.519122223737253e+23
3.519122223737253e+23
3.519122223737277e+23
3.519122223737277e+23
3.519122223737247e+23
-3.6574772281811287
-3.3439213737880853
-3.0557364061669654
-2.8016233364854575
-2.5802464918636145
-2.3861035462748066
-2.2182153672731713
-2.0770321726167085
-1.9651991367453672
-1.8902672689894604
-1.8196469323827666
-1.779615559531621
-1.7600245242784789
-1.7548223029629229
-1.759890402296039
-1.7756378586918402
-1.7954324315402523
-1.8303670293076706
-1.963447215564775
-10.32866283353241
-2.22820593368312
-2.1288829839026917
-2.1331265318570805
-2.1519507839522105
-2.1656425237400847
-2.174333868881784
-2.184047166288064
-2.1989183442806106
-2.211030733526298
-2.224249180417372
-2.2381874474795174
-2.2509229689304813
-2.2685800241009564
-2.286134686057879
-2.3040074081921933
-2.3251312119023053
-2.341624607759417
-2.3513321840500407
-2.358569352338937
-2.348431046047656
-2.337405870005162
-2.299602440384994
-2.2513213269287107
-2.182099794035417
-2.095344710144099
-1.9835754543576578
-1.8073387993543364
-1.579529565647871
-1.3456955162063169
-1.0503689951956667
-0.7161523598519168
-0.2623098457335111
-0.0009212416101433995
0.0027873058390632563
0.01178904668154108
0.02327988475383129
0.030232995810135405
0.026686465412890322
0.01905999143931622
0.00822326505794508
-3.6577051074779945
-3.3440769950040448
-3.0559753488118844
-2.80178910477224
-2.580427224524314
-2.386276015208324
-2.218399436382768
-2.0772009366646387
-1.9653722261626285
-1.890428077580296
-1.8198356489468779
-1.7797711061349304
-1.76018455068278
-1.7549735806822042
-1.7600558323929079
-1.7757900327084997
-1.7955843457108926
-1.8305279570232926
-1.9635609841436121
-10.328684136698286
-2.2283281793606307
-2.1289983675274584
-2.1332385986397355
-2.1520676140449666
-2.165745633149413
-2.1744479386057947
-2.1840606778492884
-2.1991313712882175
-2.211116002460301
-2.224355513186424
-2.2383077793449786
-2.2510608887295973
-2.2685523902954117
-2.2862043269877006
-2.304073277597581
-2.3251969404284125
-2.3416881403014997
-2.351391430283911
-2.358621032197675
-2.348488322814916
-2.3374546105266916
-2.299648216318502
-2.2513646812282957
-2.1821349536870116
-2.095371520375494
-1.9836023004349954
-1.8073591632254988
-1.5795429851204972
-1.345704912291211
-1.0503599481068875
-0.716120069853531
-0.2622446508282792
-0.0007836682478910006
0.0029045570057917303
0.011740705475489221
0.02295265533112456
0.02962851393829169
0.026242499117216767
0.01858846264491376
0.007969760193418551
0.00021965176325295489
0.00021599669773979054
0.0002123416322266262
0.0002086865667134618
0.0002050315012002975
0.00020137643568713314
0.00019772137017396878
0.0001940663046608044
0.00019041123914764006
0.00018675617363447575
0.00018310110812131138
0.000179446042608147
0.00017579097709498264
0.0001721359115818183
0.00016848084606865395
0.00016482578055548958
0.00016117071504232527
0.0001575156495291609
0.00015386058401599653
0.00015020551850283218
0.00014655045298966784
0.0001428953874765035
0.0001392403219633391
0.00013558525645017476
0.00013193019093701042
0.00012827512542384607
0.0001246200599106817
0.00012096499439751735
0.000117309928884353
0.00011365486337118868
0.00010999979785802432
0.00010634473234485994
0.0001026896668316956
9.903460131853125e-05
9.537953580536688e-05
9.172447029220252e-05
8.80694047790382e-05
8.441433926587384e-05
8.075927375270947e-05
7.710420823954511e-05
7.344914272638077e-05
6.979407721321643e-05
6.613901170005207e-05
6.248394618688769e-05
5.882888067372335e-05
5.5173815160559016e-05
5.151874964739465e-05
4.7863684134230284e-05
4.420861862106595e-05
4.0553553107901605e-05
3.6898487594737235e-05
3.324342208157287e-05
2.958835656840853e-05
2.593329105524419e-05
2.2278225542079824e-05
1.8623160028915457e-05
1.496809451575112e-05
1.1313029002586777e-05
7.65796348942241e-06
4.0028979762580466e-06
-16.886549999999943
-16.886550000000057
-16.886550000000057
-16.886549999999943
-16.886549999999943
-16.886550000000057
-16.886550000000057
-16.886549999999943
-16.886549999999943
-16.886550000000057
-16.886550000000057
-16.886549999999943
-16.886549999999943
-16.886550000000057
-16.886550000000057
-16.886549999999943
-16.886549999999943
-16.886550000000057
-16.886550000000057
-16.886549999999943
-16.886549999999943
-16.886550000000057
-16.886550000000057
-16.886549999999943
-16.886549999999943
-16.886550000000057
-16.886550000000057
-16.886549999999943
-16.886549999999943
-16.886550000000057
-16.886550000000057
-16.886549999999943
-16.886549999999943
-16.886550000000057
-16.886550000000057
-16.886549999999943
-16.886549999999943
-16.886550000000057
-16.886550000000057
-16.886549999999943
-16.886549999999943
-16.886550000000057
-16.886550000000057
-16.886549999999943
-16.886549999999943
-16.886550000000057
-16.886550000000057
-16.886549999999943
-16.886549999999943
-16.886550000000057
-16.886550000000057
-16.886549999999943
-16.886549999999943
-16.886550000000057
-16.886550000000057
-16.886549999999943
-16.886549999999943
-16.886550000000057
-16.886550000000057
-16.886549999999914
289.3688084284877
288.5497686950127
287.7187350198004
286.8753443152865
286.0192141348474
285.1499383093386
284.2670885803849
283.3702140658287
282.45884125606875
281.5324761784244
280.5905708801003
279.6325669312295
278.657864453874
277.6658221890031
276.65575569851836
275.6269376824379
274.57858784595004
273.5098844068057
272.4200245167944
271.3101268779929
270.1750418021253
269.01551086769956
267.8304584287251
266.61863058508334
265.3786525800731
264.10903804175825
262.8081832403199
261.47435116318474
260.105640453496
258.6999801333254
257.2551021945594
255.76851328635297
254.23747520644937
252.65895348384285
251.02958179732684
249.34561487849436
247.60284963548546
245.79655828529656
243.921408246328
241.97131423339255
239.93935610966156
237.81751970604842
235.5965561750694
233.26563828189762
230.81201408789968
228.22048237270752
225.4726234628005
222.5460023094685
219.41599487395723
216.0929669046824
212.49181289998734
208.54962717890862
204.97513709194044
203.0087454124356
202.713404562944
203.96813930723096
207.5384071075679
214.33534058896475
224.6952292969753
241.73497702368996
263.7346030095289
1014.8
997.91345
981.0269
964.1403499999999
947.2538
930.36725
913.4807
896.5941499999999
879.7076
862.82105
845.9345
829.0479499999999
812.1614
795.27485
778.3883
761.5017499999999
744.6152
727.72865
710.8421
693.9555499999999
677.069
660.18245
643.2959
626.4093499999999
609.5228
592.63625
575.7497
558.8631499999999
541.9766
525.09005
508.20349999999996
491.3169499999999
474.43039999999996
457.54385
440.65729999999996
423.7707499999999
406.88419999999996
389.99765
373.11109999999996
356.2245499999999
339.33799999999997
322.45145
305.56489999999997
288.6783499999999
271.79179999999997
254.90525000000002
238.01869999999997
221.1321499999999
204.24559999999997
187.35905000000002
170.47249999999997
153.5859499999999
136.69939999999997
119.81285000000003
102.92629999999997
86.03974999999991
69.15319999999997
52.26665000000003
35.38009999999997
18.493549999999914
1.607
0.0
143.69118131139777
289.486562927587
437.4498444212617
587.6481216912781
740.1526524822942
895.038569842597
1052.384975905085
1212.2749425296374
1374.79513159005
1540.0416751556838
1708.1125433786324
1879.1129780024041
2053.1554806113404
2230.3601280648027
2410.8545168508485
2594.7755407960963
2782.2673722249215
2973.4708617005963
3168.1897457008554
3367.327478309207
3570.753958033018
3778.657894695208
3991.2592707727067
4208.799271651699
4431.538664338517
4659.758804941734
4893.764432509311
5133.88911841962
5380.496192133753
5633.983549812004
5894.78862142717
6163.391793340081
6440.325428885086
6726.180110730002
7021.612903507631
7327.361191754808
7644.254411086193
7973.228102133303
8315.349858788648
8671.833740144963
9044.085740778846
9433.728465512007
9842.661429226355
10273.121814138276
10727.776501014096
11209.857011524102
11723.29931912621
12272.951448696755
12864.959919696874
13507.217566116475
14210.139646321148
14993.979028189624
15892.61588713495
16953.550867316484
18259.289723100195
19968.540405850305
22433.833283537526
26666.184748995904
39091.328658729995
51516.472568463985
404.40239496686985
402.3354202718816
400.13084855831283
397.81890840228584
395.43314583680353
393.0048549031435
390.5422289848556
388.05709570688697
385.56115825797946
383.0621450037704
380.56064308346936
378.04905292394864
375.54317799984744
373.04606035435734
370.5615831055172
368.09430399501775
365.64864906993284
363.22612516511185
360.82694519027297
358.4385484283838
399.40823056876434
397.2289450813146
394.9324903589802
392.64807272054185
390.3975719582037
388.1884031966819
386.0225121938883
383.89779384624524
381.8138666461528
379.77508598690935
377.77956104737433
375.83017414550346
373.9267924042615
372.0689308795595
370.258951508418
368.5021863617515
366.7980559292786
365.14767205614595
363.5547270560488
362.01710891605256
360.5414164720198
359.1405252598347
357.81278119517594
356.55126752714557
355.36064477396667
354.2426258332679
353.1924841311262
352.21736167382363
351.31760701304705
350.482957284339
349.70478277402975
348.98735557587855
348.3809053142998
348.07194834233377
348.1255844916757
348.4908482629328
349.1099418766168
349.90848952713253
350.7302784530626
351.8061513354661
354.1317358000523
397.5763359835795
395.0969760318278
392.4761954074576
389.744940764008
386.9370925109696
384.0841162712691
381.194288381799
378.279464773629
375.3513489186168
372.4176443791448
369.4788831692861
366.5273963291275
363.5789175614674
360.6364126351311
357.7036762131042
354.7851630379605
351.885182818768
349.0051104224846
346.1450121709645
343.2921634694521
335.0010114390392
332.6053100679027
330.0199664356744
327.3978317671093
324.7727889331909
322.159636614085
319.5653408703119
316.99155319269
314.4406393308838
311.919142583659
309.4269183725546
306.9681732706354
304.5438500896464
302.1544147904105
299.8030371603376
297.4957268599153
295.2324343408646
293.0147558742847
290.8467579228863
288.7267169257625
286.6615369332518
284.6643273349843
282.7336826201783
280.8629260380139
279.0568966269364
277.3174641848611
275.640126301044
274.0321454707368
272.4939819751392
271.0156328548202
269.5885419653833
268.2170905929292
266.9516919506747
265.9791542086703
265.3652405230261
265.0606244310519
265.0136024087861
265.1701969993636
265.4405532374046
266.2348942029451
268.8133199294035
6.826058983290355
7.238444240053798
7.654653150855224
8.073967638277827
8.496053325833916
8.920738631874384
9.347940603056596
9.777630933257948
10.20980933936268
10.64450062462559
11.08175991418326
11.52165659482116
11.96426043838006
12.40964771922628
12.85790689241301
13.30914095705724
13.76346625116485
14.22101474262724
14.68193301930849
15.14638495893173
64.40721912972518
64.6236350134119
64.91252392330577
65.25024095343252
65.6247830250128
66.02876658259692
66.45717132357642
66.90624065355527
67.37322731526898
67.85594340325035
68.35264267481972
68.86200087486803
69.38294231461506
69.91451608914902
70.45591434808038
71.00645950183623
71.56562158841399
72.13291618186128
72.7079691331625
73.29039199029008
73.879879538768
74.47619792485042
75.07909857499764
75.68834148913169
76.30374814703028
76.92516164840677
77.55235783008222
78.18521620308682
78.82362503790786
79.46732442951881
80.11624080864647
80.77026498294936
81.42921336362514
82.09279413366347
82.76034396864961
83.4302238318809
84.09633946783073
84.7382925277689
85.28972521565802
85.57125713252098
85.31841587064875
521.6059741054229
515.8812943029568
510.3326455943839
504.96473008954524
499.7771784192905
494.76846026110616
489.91955832761005
485.2160256132585
480.6428872276865
476.1785017473146
471.7865717494334
467.45514594096585
463.1694999107297
458.91219771455667
454.6727468850345
450.4454119421421
446.22396698434864
442.0058587338167
437.7761508019546
433.4241930559218
464.065191059604
459.65757739279366
455.23212430293177
450.8144680658538
446.4118996894707
442.0369852947994
437.6966463533999
433.38786732790777
429.10480875652706
424.85491209482325
420.6350316421018
416.447336960886
412.29289433091435
408.166480415917
404.07029671778787
400.00945829352366
395.9801309206225
391.98805890718825
388.04372247680715
384.1474833046133
380.3233025377655
376.58495671505386
372.95756443407663
369.44468608481776
366.0719283779521
362.8585379168777
359.8247939143011
357.042312293773
354.56301464787583
352.38266000687673
350.5541255484605
349.1205782804557
348.2518833680487
347.9421427278347
347.9986834341825
348.375687910915
349.01773417993036
349.8459103443842
350.6939417694316
351.78840311447993
354.1219573392596
326.5757179626045
319.2274078123619
312.053845023304
305.0604741453303
298.2475734267138
291.6144237078407
285.1431564808522
278.820847034808
272.6336792549633
266.5612012142937
260.5686090698514
254.6453254208747
248.7774835491912
242.947865534175
237.1456939711358
231.3643815831657
225.5959649096976
219.835138238146
214.0617894133294
208.1541170647828
185.7955825710626
179.3260963701339
172.8328098292897
166.3422210349302
159.8638398310938
153.4124671627104
146.9976411715267
140.6171105227571
134.2672302591147
127.9581572916434
121.6900754553167
115.4702907177612
109.3051481399659
103.1925823732453
97.13788145538324
91.15144314755644
85.23612111089616
79.40405459028298
73.66970230288436
68.03456127475818
62.5228948059083
57.14815482984164
51.93627889136304
46.89121621370341
42.04582937607884
37.42713413574722
33.05492177890538
29.00259608497714
25.32098333563471
21.99434610337392
19.06949277307438
16.59398083069884
14.73167482298193
13.46407622711464
12.58215002160274
12.03161390993619
11.71370826447434
11.47026079268312
10.86989637529519
9.267638868106442
0.0
195.0302561428184
196.6538864905949
198.2788005710799
199.9042559442149
201.5296049925767
203.1540365532655
204.7764018467578
206.3951785784505
208.0092079727232
209.6173005330209
211.217962679582
212.8098205200911
214.3920163615385
215.9643321803817
217.5270529138987
219.0810303589764
220.628002074651
222.1707204956707
223.7143613886252
225.270075991139
278.2696084885414
280.3314810226597
282.3993144736421
284.4722470309236
286.5480598583769
288.624518132089
290.6990051818732
292.7707568051507
294.8375784974123
296.8967548031799
298.9449561867851
300.9770462431248
302.9877461909485
304.9738980426717
306.9324152624046
308.8580151459672
310.7440098097263
312.5840043169053
314.3740201739228
316.1129220298551
317.8004077318572
319.4368018852122
321.0212855427136
322.5534698711144
324.0260990018732
325.4314037811305
326.7698721353957
328.0397162087959
329.2420313122411
330.3883139035028
331.4846327753861
332.5265974497568
333.5202085450668
334.4780665007201
335.4165334125798
336.3440740009788
337.304025915456
338.3756495517011
339.8240453941364
342.5207642463735
354.1219573392596
117.20357913855312
113.54587403107513
110.20179703607108
107.1458216872592
104.34403258248696
101.76360535796265
99.37732934275432
97.15892990637155
95.08172896970692
93.11635674354429
91.22592866596399
89.40609301701711
87.62632191088218
85.8661373601994
84.1111637795172
82.35110794712429
80.57531791441579
78.7797335687049
76.9492056116816
74.985644627538
64.65696049083971
62.42863231147908
60.29963394395162
58.166395345311884
56.01432773126692
53.848582098117504
51.67413415951171
49.49007348166242
47.2909421103742
45.0798261079139
42.85547059472748
40.6171628153825
38.3661019266529
36.09754953635749
33.81134520936979
31.50727193177221
29.182074991343796
26.840386851042297
24.488995420758386
22.13037438856071
19.781886065745795
17.444431455219103
15.144783238900601
12.893418557672305
10.711283603985294
8.6159120836098
6.632309783174804
4.8249506199493055
3.2454076348288083
1.8997027225375973
0.8493427744307098
0.13322270457717877
-0.12902194625110042
-0.12980561449899142
-0.1269010574931997
-0.11516035201771047
-0.0922076966865859
-0.06257918274829422
-0.03633668363107745
-0.017748220986163687
-0.009778460792745136
71.00061802097497
75.86956821946598
80.4223503841536
84.68446661867779
88.68951908425583
92.46969256342847
96.05113190094688
99.45861773882103
102.7176696636536
105.8564431648511
108.9102740994348
111.8820709082528
114.8014340122763
117.688547100956
120.5579822419684
123.4207814547949
126.2892179090704
129.1699721843386
132.0832227576351
135.1380464046692
149.2054288679766
153.2792136977687
157.1871566063847
161.0556107321791
164.9089491020971
168.7471694513746
172.5676996987852
176.374442669933
180.1734090717691
183.9609852920156
187.7368429172379
191.4978825528743
195.2387019496805
198.9618324171652
202.6651557049544
206.3442837123588
209.9963132299685
213.6107012840017
217.1770556200019
220.6921556510043
224.1386421273435
227.5161725051426
230.7974037288153
233.9717098243105
237.0110672508576
239.8903300491139
242.5852045221387
245.0295493857597
247.1729986395045
249.0212867514463
250.5190491923089
251.6231097622303
252.2200171276928
252.5150779815557
252.7830905014234
253.0290105211157
253.2998941443118
253.6999362066804
254.5706568621094
256.9672553348387
268.8133199294035
188.2041971595281
189.4154422505411
190.6241474202247
191.830288305937
193.0335516667428
194.2332979213911
195.4284612437012
196.6175476451926
197.7993986333605
198.9727999083954
200.1362027653988
201.2881639252699
202.4277559231585
203.5546844611554
204.6691460214856
205.7718894019192
206.8645358234862
207.9497057530435
209.0324283693167
210.1236910322072
213.8623893588163
215.7078460092478
217.4867905503363
219.222006077491
220.923276833364
222.5957515494921
224.2418338582969
225.8645161515954
227.4643511821433
229.0408113999295
230.5923135119654
232.1150453682568
233.6048038763334
235.0593819535227
236.4765009143242
237.851555644131
239.1783882213123
240.451088135044
241.6660510407603
242.822530039565
243.9205281930893
244.9606039603617
245.9421869677159
246.8651283819828
247.7223508548429
248.5062421327237
249.2175143053135
249.854500005709
250.4184062743333
250.9209894739839
251.3683919667396
251.7563324668075
252.0909951814417
252.3852723670567
252.6561894439302
252.913850169098
253.2076864476252
253.6373570239321
254.5343201784783
256.9495071138525
268.8035414686108
-1.826547373747101
-1.6695518147399162
-1.5260207476911458
-1.3990706648505689
-1.288159379114446
-1.1915486599959695
-1.1077057217425035
-1.0368372888213213
-0.9813372090861459
-0.9439092392842793
-0.908314013229243
-0.888647784326664
-0.8788681541412475
-0.8759383375418697
-0.8788089708128513
-0.8863459600346025
-0.8965570277029583
-0.9140097693332738
-0.9801269208739035
-5.157765482153561
-1.1125260187170847
-1.0624042371021178
-1.0650577750222268
-1.0744688952027208
-1.080811261880084
-1.0856581629649718
-1.0904640841426791
-1.097522253726972
-1.1039863401830652
-1.1106039436566295
-1.117127598871344
-1.1239546966967142
-1.1326980701824343
-1.1411025827304657
-1.1504553913584052
-1.161015562352341
-1.1688866237180857
-1.1741217367094747
-1.177744828203978
-1.1723714830882745
-1.1671980419374397
-1.1483283729267588
-1.1239528435700041
-1.089663832829515
-1.0461141753188512
-0.9905395522141642
-0.9025324168951305
-0.7886004879475298
-0.6719923393827038
-0.5244969968615651
-0.3574620643270958
-0.13090475554480277
-0.0003292949488702124
0.0015880133015853115
0.0059181469303279804
0.011525473271747882
0.015015509493869983
0.013295826992104798
0.009793481899533996
0.00999073323668398
0.0
-2.431746808179778
-2.273839954400874
-2.128669862470019
-2.000282022350617
-1.887968538925042
-1.788712827746525
-1.701833551868386
-1.627699769523184
-1.567627955098392
-1.525204268919411
-1.484233173434744
-1.458045701992811
-1.441938765450294
-1.433109697363141
-1.429795451678241
-1.432610913603695
-1.438762921872724
-1.454992861754303
-1.525700068883336
-7.025808646634696
-2.03460969063279
-1.951781658707605
-1.932059394632118
-1.924509986729545
-1.916959447713984
-1.908124309337629
-1.901238396835171
-1.897354469739783
-1.891665761374292
-1.88581303031632
-1.878412338707164
-1.868313549598396
-1.859478996837731
-1.849586505840639
-1.837502423348507
-1.823968362949796
-1.80516872336104
-1.78117877979001
-1.755580347375862
-1.721312017294809
-1.686872607218026
-1.638776990887852
-1.585374341741744
-1.517975625056516
-1.438018019108192
-1.345927177536987
-1.220802755806203
-1.070523556167127
-0.9231083772851308
-0.7480419569926783
-0.5514116303296079
-0.2981192087756734
-0.1473650911077762
-0.1338560805043041
-0.1228222098347889
-0.1352900233605605
-0.199796869683343
-0.4348724238978484
-1.196956314803576
-5.91639441624441
0.0
0.6051994344326772
0.6042881396609578
0.6026491147788732
0.601211357500048
0.599809159810596
0.5971641677505556
0.5941278301258826
0.5908624807018628
0.5862907460122462
0.5812950296351317
0.575919160205501
0.569397917666147
0.5630706113090465
0.5571713598212713
0.5509864808653897
0.5462649535690925
0.5422058941697657
0.5409830924210293
0.5455731480094325
1.868043164481135
0.9220836719157056
0.8893774216054869
0.8670016196098913
0.8500410915268242
0.8361481858339
0.8224661463726572
0.8107743126924918
0.7998322160128112
0.7876794211912268
0.7752090866596905
0.7612847398358201
0.7443588529016818
0.7267809266552967
0.7084839231101733
0.687047031990102
0.6629528005974549
0.6362820996429543
0.6070570430805352
0.577835519171884
0.5489405342065345
0.5196745652805863
0.4904486179610931
0.46142149817174
0.428311792227001
0.3919038437893408
0.3553876253228228
0.3182703389110723
0.2819230682195971
0.2511160379024271
0.2235449601311132
0.1939495660025121
0.1672144532308706
0.147035796158906
0.1354440938058894
0.1287403567651169
0.1468154966323084
0.214812379177213
0.4481682508899532
1.20674979670311
5.926385149481094
0.0
1.0
1.0
1.0
1.0
1.0
1.0
1.0
1.0
1.0
1.0
1.0
1.0
1.0
1.0
1.0
1.0
1.0
1.0
1.0
1.0
1.0
1.0
1.0
1.0
1.0
1.0
1.0
1.0
1.0
1.0
1.0
1.0
1.0
1.0
1.0
1.0
1.0
1.0
1.0
1.0
1.0
1.0
1.0
1.0
1.0
1.0
1.0
1.0
1.0
1.0
1.0
1.0
0.0
0.0
0.0
0.0
0.0
0.0
0.0
0.0
0.0
1.0
1.0
1.0
1.0
1.0
1.0
1.0
1.0
1.0
1.0
1.0
1.0
1.0
1.0
1.0
1.0
0.965
0.965
0.965
0.965
0.965
0.965
0.965
0.965
0.965
0.965
0.965
0.965
0.965
0.965
0.965
0.965
0.965
0.965
0.965
0.965
0.965
0.965
0.965
0.965
0.965
0.965
0.965
0.965
0.965
1.0
1.0
1.0
1.0
1.0
1.0
1.0
1.0
1.0
1.0
1.0
1.0
1.0
1.0
1.0
1.0
1.0
1.0
1.0
1.0
1.0
1.0
1.0
1.0
1.0
1.0
1.0
1.0
1.0
0.018569944021908553
0.017354625733319473
0.016199962778740504
0.015103902605346694
0.014064427991185208
0.013079557045175244
0.012147343207108124
0.0112658752476472
0.010433277268327924
0.009647708701557805
0.008907364310616455
0.008210474189655528
0.007555303763698776
0.00694015378864201
0.0063633603512531275
0.005823294869172097
0.0053183640909109636
0.004847010095853838
0.004407710294256919
0.003998977427248466
0.0036193595668288303
0.0032674401158704226
0.0029418378081177378
0.0026412067081873357
0.0023642362115678657
0.0021096510446200374
0.001876211264576645
0.0016627122595425502
0.0014679847484946953
0.0012908947812820945
0.0011303437386258385
0.00098526833211909
0.0008546406042270896
0.0007374679282871497
0.0006327930085086591
0.0005396938799730824
0.0004572839086339571
0.0003847117913168961
0.00032116155571958687
0.0002658525604117926
0.00021803949483535035
0.00017701237930417178
0.00014209656500424397
0.00011265273399362851
8.807689920246192e-05
6.780040443295502e-05
5.12899243593938e-05
3.804746452813904e-05
2.7610361357626142e-05
1.9551282138365252e-05
1.3478225032941378e-05
9.034519076014297e-06
5.898824174318526e-06
3.7851311066633407e-06
2.442761523932813e-06
1.656367949085788e-06
1.2459337771558657e-06
1.066773275251422e-06
1.0095315825556058e-06
1.0001847103263362e-06
0.000348
0.000348
0.000348
0.000348
0.000348
0.000348
0.000348
0.000348
0.000348
0.000348
0.000348
0.000348
0.000348
0.000348
0.000348
0.000348
0.000348
0.000348
0.000348
0.000348
0.000348
0.000348
0.000348
0.000348
0.000348
0.000348
0.000348
0.000348
0.000348
0.000348
0.000348
0.000348
0.000348
0.000348
0.000348
0.000348
0.000348
0.000348
0.000348
0.000348
0.000348
0.000348
0.000348
0.000348
0.000348
0.000348
0.000348
0.000348
0.000348
0.000348
0.000348
0.000348
0.000348
0.000348
0.000348
0.000348
0.000348
0.000348
0.000348
0.000348
1.7322297340509496e-42
7.561366308704624e-42
3.2998300505338577e-41
1.4397125187342174e-40
6.279847776911085e-40
2.738467500268162e-39
1.1938423932019386e-38
5.203108582763347e-38
2.266995050264513e-37
9.874271728639634e-37
4.29953146414337e-36
1.8715143427037444e-35
8.143577445120726e-35
3.5422649567255867e-34
1.5402240040818125e-33
6.694476415899044e-33
2.908516940467351e-32
1.2631085569134812e-31
5.482960595947378e-31
2.378951458094145e-30
1.0316728290477071e-29
4.471709151312355e-29
1.9371738305416854e-28
8.387152579401898e-28
3.6290903732284034e-27
1.5692912319555803e-26
6.781344287970086e-26
2.9283099488837713e-25
1.2635377117240762e-24
5.447639882999713e-24
2.346684151140806e-23
1.0099542011247964e-22
4.342317556457909e-22
1.8650194879458073e-21
8.00115343869465e-21
3.428394198469216e-20
1.4670828136543546e-19
6.26896051843375e-19
2.674596666428366e-18
1.1391478249474543e-17
4.842714838604314e-17
2.0544789891658218e-16
8.696050884211555e-16
3.671445674122287e-15
1.5456582645888835e-14
6.486227669397576e-14
2.711948856677923e-13
1.1291386817928242e-12
4.67842398008085e-12
1.9274059401311145e-11
7.886772021416647e-11
3.200825208310689e-10
1.2859660379853392e-09
5.100820824343008e-09
1.9897565737926862e-08
7.587512314849466e-08
2.800294557010474e-07
9.819527479310615e-07
3.1415115764051744e-06
8.105230393616113e-06
3.06e-07
3.06e-07
3.06e-07
3.06e-07
3.06e-07
3.06e-07
3.06e-07
3.06e-07
3.06e-07
3.06e-07
3.06e-07
3.06e-07
3.06e-07
3.06e-07
3.06e-07
3.06e-07
3.06e-07
3.06e-07
3.06e-07
3.06e-07
3.06e-07
3.06e-07
3.06e-07
3.06e-07
3.06e-07
3.06e-07
3.06e-07
3.06e-07
3.06e-07
3.06e-07
3.06e-07
3.06e-07
3.06e-07
3.06e-07
3.06e-07
3.06e-07
3.06e-07
3.06e-07
3.06e-07
3.06e-07
3.06e-07
3.06e-07
3.06e-07
3.06e-07
3.06e-07
3.06e-07
3.06e-07
3.06e-07
3.06e-07
3.06e-07
3.06e-07
3.06e-07
3.06e-07
3.06e-07
3.06e-07
3.06e-07
3.06e-07
3.06e-07
3.06e-07
3.06e-07
0.0
0.0
0.0
0.0
0.0
0.0
0.0
0.0
0.0
0.0
0.0
0.0
0.0
0.0
0.0
0.0
0.0
0.0
0.0
0.0
0.0
0.0
0.0
0.0
0.0
0.0
0.0
0.0
0.0
0.0
0.0
0.0
0.0
0.0
0.0
0.0
0.0
0.0
0.0
0.0
0.0
0.0
0.0
0.0
0.0
0.0
0.0
0.0
0.0
0.0
0.0
0.0
0.0
0.0
0.0
0.0
0.0
0.0
0.0
0.0
1.65e-06
1.65e-06
1.65e-06
1.65e-06
1.65e-06
1.65e-06
1.65e-06
1.65e-06
1.65e-06
1.65e-06
1.65e-06
1.65e-06
1.65e-06
1.65e-06
1.65e-06
1.65e-06
1.65e-06
1.65e-06
1.65e-06
1.65e-06
1.65e-06
1.65e-06
1.65e-06
1.65e-06
1.65e-06
1.65e-06
1.65e-06
1.65e-06
1.65e-06
1.65e-06
1.65e-06
1.65e-06
1.65e-06
1.65e-06
1.65e-06
1.65e-06
1.65e-06
1.65e-06
1.65e-06
1.65e-06
1.65e-06
1.65e-06
1.65e-06
1.65e-06
1.65e-06
1.65e-06
1.65e-06
1.65e-06
1.65e-06
1.65e-06
1.65e-06
1.65e-06
1.65e-06
1.65e-06
1.65e-06
1.65e-06
1.65e-06
1.65e-06
1.65e-06
1.65e-06
0.0
0.0
0.0
0.0
0.0
0.0
0.0
0.0
0.0
0.0
0.0
0.0
0.0
0.0
0.0
0.0
0.0
0.0
0.0
0.0
0.0
0.0
0.0
0.0
0.0
0.0
0.0
0.0
0.0
0.0
0.0
0.0
0.0
0.0
0.0
0.0
0.0
0.0
0.0
0.0
0.0
0.0
0.0
0.0
0.0
0.0
0.0
0.0
0.0
0.0
0.0
0.0
0.0
0.0
0.0
0.0
0.0
0.0
0.0
0.0
0.0
0.0
0.0
0.0
0.0
0.0
0.0
0.0
0.0
0.0
0.0
0.0
0.0
0.0
0.0
0.0
0.0
0.0
0.0
0.0
0.0
0.0
0.0
0.0
0.0
0.0
0.0
0.0
0.0
0.0
0.0
0.0
0.0
0.0
0.0
0.0
0.0
0.0
0.0
0.0
0.0
0.0
0.0
0.0
0.0
0.0
0.0
0.0
0.0
0.0
0.0
0.0
0.0
0.0
0.0
0.0
0.0
0.0
0.0
0.0
2
2
1
289.3688084284877
-0.009778460792745136
0.0
0.0
51.0
5.7
1.0
2.0
3.0
4.0
5.0
6.0
7.0
8.0
9.0
10.0
11.0
12.0
13.0
14.0
15.0
16.0
17.0
18.0
19.0
20.0
21.0
22.0
23.0
24.0
25.0
26.0
27.0
28.0
29.0
30.0
31.0
32.0
33.0
34.0
35.0
36.0
37.0
38.0
39.0
40.0
41.0
42.0
43.0
44.0
45.0
46.0
47.0
48.0
49.0
50.0
51.0
52.0
53.0
54.0
55.0
56.0
57.0
58.0
59.0
60.0
0.0
0.0
0.0
0.0
0.0
0.0
0.0
0.0
0.0
0.0
0.0
0.0
0.0
0.0
0.0
0.0
0.0
0.0
0.0
0.66
0.0
0.0
0.0
0.0
0.0
0.0
0.0
0.0
0.0
0.0
0.0
0.0
0.0
0.0
0.0
0.0
0.0
0.0
0.0
0.0
0.0
0.0
0.0
0.0
0.0
0.0
0.0
0.0
0.0
0.0
0.0
0.0
0.0
0.0
0.0
0.0
0.0
0.0
0.0
0.0
0.0
0.0
0.0
0.0
0.0
0.0
0.0
0.0
0.0
0.0
0.0
0.0
0.0
0.0
0.0
0.0
0.0
0.0
0.0
3.0
0.0
0.0
0.0
0.0
0.0
0.0
0.0
0.0
0.0
0.0
0.0
0.0
0.0
0.0
0.0
0.0
0.0
0.0
0.0
0.0
0.0
0.0
0.0
0.0
0.0
0.0
0.0
0.0
0.0
0.0
0.0
0.0
0.0
0.0
0.0
0.0
0.0
0.0
0.0
0.0
0.0
0.0
0.0
0.0
0.0
0.0
0.0
0.0
0.0
0.0
0.0
0.0
0.0
0.0
0.0
0.0
0.0
0.0
0.0
0.5
0.0
0.0
0.0
0.0
0.0
0.0
0.0
0.0
0.0
0.0
0.0
0.0
0.0
0.0
0.0
0.0
0.0
0.0
0.0
0.0
0.0
0.0
0.0
0.0
0.0
0.0
0.0
0.0
0.0
0.0
0.0
0.0
0.0
0.0
0.0
0.0
0.0
0.0
0.0
0.0
0.0
