9.81
6.022e+23
0
0
0
3
0
1
243.07110770440343
2
2
0
0
1
1
0
1
60
7
1000.0
1.0


3
3
0
80.10220330563587
0
5.601050757580543
150.0
1000.0
287.04
9.81
79000.0
40.0
20000.0
0.0
0.0
0.0
0.0
0.0280134
0.04401
0.0319988
0.039948
0.01604
0.01801528
0.048
99000.0
2.1153802199668344e+29
0.8
1e-06
1000000.0
0.6
3.0
0.0001
500
40
5.044747314161295
0
1
6
1.0
1
0
1
1
0.1
1000000000000.0
2
258.76798930613484
257.9888040871402
257.19317656149417
256.3804017791106
255.5505253984231
254.70545869794455
253.84196100951849
252.96214935349914
252.06657112485354
251.15495867229555
250.2305802747615
249.29275786727857
248.3443304581815
247.3791640120051
246.39651729051627
245.3931077001049
244.36857621046377
243.32863182028385
242.26707353580395
241.18860159006164
240.08803018666333
238.9661433977174
237.82331832470732
236.6554775602671
235.45611629112904
233.72936570464165
233.05939000041516
231.78789307363942
230.46618637367376
229.10849113266423
227.71398966429513
226.27969991157627
224.80470757205376
223.28459295824044
221.7175934552768
220.09878532832158
218.4276199990443
216.70553213081948
214.92019592211682
213.09244179512987
211.28372995747722
214.47151472798177
214.13259733991774
213.37721590568694
212.38264556188372
211.26430294715706
210.02976012056152
208.6820505819054
207.23790917908084
205.67004706756546
203.979383655561
202.2971599623103
200.7453395618522
199.70986080817792
200.81848848968446
204.15858242978072
210.76391110608432
219.90349403965342
232.83401855777996
241.5922076232007
243.07347031161703
242.38992802434092
241.6963862379034
240.99255721313395
240.27810900138275
239.55268312127882
238.81589477278595
238.06733658875388
237.30658274231135
236.53318452397093
235.7466676735697
234.94653452871864
234.1322586994243
233.30328064317885
232.4590074236779
231.598810487711
230.72201768986932
229.8279080294326
228.91571429746656
227.98461488360567
227.03372424337834
226.06209236059365
225.068696474019
224.05243109140534
223.01210266124497
221.9464230979942
220.85398959011462
219.73327519871043
218.5826169922358
217.40018933319695
216.18398804744618
214.93180920289745
213.6412169020115
212.30950550066277
210.93366742983903
209.5103355521291
208.03572118532017
206.50554880561236
204.91493270436575
203.25819093727765
201.52823776085785
199.6802676002398
206.51360338046373
206.70896325527457
207.1146343416995
207.3498124067835
207.66285321340115
208.08567671794722
208.569660610566
209.1112692162907
209.5798088508402
209.9912673901298
210.34821668151767
210.69903195959895
211.19923010987114
211.61558882331295
212.2604224583139
212.95899443166337
213.80906919216824
226.46639095873724
991.675
975.0250000000001
958.375
941.7249999999999
925.075
908.425
891.7750000000001
875.125
858.4749999999999
841.825
825.175
808.5250000000001
791.875
775.225
758.575
741.925
725.2750000000001
708.625
691.975
675.325
658.675
642.0250000000001
625.375
608.725
592.075
575.425
558.7750000000001
542.125
525.4750000000001
508.82500000000005
492.17500000000007
475.52500000000003
458.87500000000006
442.2250000000001
425.57500000000005
408.925
392.27500000000003
375.62500000000006
358.9750000000001
342.32500000000005
325.675
309.02500000000003
292.37500000000006
275.7250000000001
259.0750000000001
242.42500000000007
225.77500000000003
209.12500000000006
192.47500000000008
175.8250000000001
159.17500000000007
142.52500000000003
125.87500000000006
109.22500000000008
92.5750000000001
75.92500000000013
59.27500000000009
42.62500000000006
25.97500000000008
9.325000000000045
991.675
975.0250000000001
958.375
941.7249999999999
925.075
908.425
891.7750000000001
875.125
858.4749999999999
841.825
825.175
808.5250000000001
791.875
775.225
758.575
741.925
725.2750000000001
708.625
691.975
675.325
658.675
642.0250000000001
625.375
608.725
592.075
575.425
558.7750000000001
542.125
525.4750000000001
508.82500000000005
492.17500000000007
475.52500000000003
458.87500000000006
442.2250000000001
425.57500000000005
408.925
392.27500000000003
375.62500000000006
358.9750000000001
342.32500000000005
325.675
309.02500000000003
292.37500000000006
275.7250000000001
259.0750000000001
242.42500000000007
225.77500000000003
209.12500000000006
192.47500000000008
175.8250000000001
159.17500000000007
142.52500000000003
125.87500000000006
109.22500000000008
92.5750000000001
75.92500000000013
59.27500000000009
42.62500000000006
25.97500000000008
9.325000000000045
64.45245501007615
194.2749023291987
325.9603787838436
459.5664234529626
595.1543234018278
732.7882163744831
872.5356635520009
1014.4689699668049
1158.6645913910534
1305.204498678052
1454.1765138228407
1605.6745307538506
1759.7974312936485
1916.6484573893558
2076.3362631392097
2238.9756582859004
2404.691343584751
2573.6168804362005
2745.8950096391654
2921.678823520343
3101.131717764659
3284.4302847790786
3471.7639876677085
3663.3337964377547
3859.1451121874775
4059.6845819986306
4265.429434366573
4476.410648785938
4692.925113136427
4915.305794638409
5143.918145771597
5379.164733715736
5621.489913074379
5871.385790265713
6129.399473573215
6396.1431993119
6672.309585458486
6958.67821260155
7256.14649191833
7565.807545416506
7892.918767356419
8240.43118825773
8607.404246176326
8995.669214439771
9407.708896126782
9846.66502256653
10316.417976115947
10821.84418334572
11369.135846255995
11966.311198585197
12624.296990932664
13358.605423568028
14192.553494441225
15166.431967466604
16349.927323567885
17871.144431011657
19994.030330324014
23434.249191838797
31928.736933216893
56560.69457252452
60.57853009856812
182.61675414983043
306.4402680679784
432.1004442084791
559.6565479956566
689.1725819509148
820.7172474756267
954.3632750569624
1090.1866909424398
1228.2676067944699
1368.6906960401316
1511.5448102914875
1656.9239301275784
1804.927955108697
1955.662746854389
2109.2405259528364
2265.7812958530217
2425.4137825300304
2588.2749618777543
2754.5115225089407
2924.28156769919
3097.754711371324
3275.1135551972247
3456.5554714730624
3642.293554412659
3832.5577761407794
4027.59859172365
4227.688617668766
4433.124750329642
4644.232935242724
4861.370993508799
5084.932410597194
5315.352086608742
5553.113081641037
5798.752360835508
6052.871085930719
6316.145680400905
6589.339487408787
6873.324791254472
7169.116034503939
7477.978291122209
7807.911055633758
8162.58241382691
8539.933768299474
8943.013675995233
9375.406835683465
9841.832989917157
10348.169153123381
10901.83091450627
11512.259473234582
12191.879405715703
12957.833431675637
13834.784199042866
14860.396604472902
16095.039896611172
17646.241281742994
19735.515963195023
22957.576168446634
30878.427719051044
56560.69457252452
3.521179111399233e+23
3.521179111399233e+23
3.521179111399257e+23
3.521179111399233e+23
3.521179111399233e+23
3.521179111399233e+23
3.521179111399233e+23
3.521179111399257e+23
3.521179111399233e+23
3.521179111399233e+23
3.521179111399233e+23
3.521179111399233e+23
3.521179111399257e+23
3.5211791113992086e+23
3.521179111399257e+23
3.521179111399233e+23
3.521179111399233e+23
3.521179111399257e+23
3.5211791113992086e+23
3.521179111399257e+23
3.521179111399233e+23
3.521179111399233e+23
3.521179111399257e+23
3.5211791113992086e+23
3.521179111399257e+23
3.521179111399233e+23
3.521179111399233e+23
3.521179111399233e+23
3.521179111399233e+23
3.521179111399244e+23
3.521179111399244e+23
3.521179111399233e+23
3.521179111399233e+23
3.521179111399233e+23
3.521179111399257e+23
3.521179111399233e+23
3.521179111399233e+23
3.521179111399233e+23
3.521179111399233e+23
3.521179111399257e+23
3.521179111399233e+23
3.521179111399233e+23
3.521179111399233e+23
3.521179111399233e+23
3.521179111399233e+23
3.521179111399257e+23
3.521179111399233e+23
3.521179111399233e+23
3.521179111399233e+23
3.521179111399233e+23
3.521179111399257e+23
3.521179111399233e+23
3.521179111399233e+23
3.521179111399233e+23
3.521179111399233e+23
3.521179111399233e+23
3.521179111399257e+23
3.521179111399233e+23
3.521179111399233e+23
3.521179111399257e+23
3.521179111399233e+23
3.521179111399233e+23
3.521179111399257e+23
3.521179111399233e+23
3.521179111399233e+23
3.521179111399233e+23
3.521179111399233e+23
3.521179111399257e+23
3.521179111399233e+23
3.521179111399233e+23
3.521179111399233e+23
3.521179111399233e+23
3.521179111399257e+23
3.5211791113992086e+23
3.521179111399257e+23
3.521179111399233e+23
3.521179111399233e+23
3.521179111399257e+23
3.5211791113992086e+23
3.521179111399257e+23
3.521179111399233e+23
3.521179111399233e+23
3.521179111399257e+23
3.5211791113992086e+23
3.521179111399257e+23
3.521179111399233e+23
3.521179111399233e+23
3.521179111399233e+23
3.521179111399233e+23
3.521179111399244e+23
3.521179111399244e+23
3.521179111399233e+23
3.521179111399233e+23
3.521179111399233e+23
3.521179111399257e+23
3.521179111399233e+23
3.521179111399233e+23
3.521179111399233e+23
3.521179111399233e+23
3.521179111399257e+23
3.521179111399233e+23
3.521179111399233e+23
3.521179111399233e+23
3.521179111399233e+23
3.521179111399233e+23
3.521179111399257e+23
3.521179111399233e+23
3.521179111399233e+23
3.521179111399233e+23
3.521179111399233e+23
3.521179111399257e+23
3.521179111399233e+23
3.521179111399233e+23
3.521179111399233e+23
3.521179111399233e+23
3.521179111399233e+23
3.521179111399257e+23
3.521179111399233e+23
3.521179111399233e+23
3.521179111399257e+23
-2.0643497011984415
-1.9933864631567897
-1.9320668019674219
-1.8818327531426924
-1.8409329865249275
-1.8047174316563843
-1.7802530871211284
-1.7603222800202132
-1.7438574317714017
-1.7305680302914264
-1.7119783213765998
-1.6882730533903179
-1.652807396176034
-1.6161076737801152
-1.5786326912988211
-1.5463353549651981
-1.5180233349705448
-1.480098276362326
-1.4425172138357323
-1.3951142508499945
-1.3456713130433395
-1.2902363021595318
-1.2262967753243377
-1.1587316425679144
-1.1017556765474312
-6.65298106815076
-0.7920792318386415
-0.6870151303612219
-0.614608702437247
-0.5403799294217321
-0.46177046516961184
-0.3792255199385671
-0.2893040979190288
-0.1942779403980428
-0.09126276029594271
0.01784897259236129
0.14085771546587966
0.29101055379091656
0.45433094397216667
0.6887906397529471
1.1917953587869665
-0.06516249103324878
-0.07706229779224344
-0.08231505453165772
-0.08269324669237249
-0.08061270220493616
-0.07735262657707676
-0.07411875820494657
-0.06996190642515443
-0.06544044177557423
-0.06021327202174173
-0.05516845820218011
-0.04933625190765695
-0.04227455826023227
-0.036655196478383445
-0.03139736418854559
-0.023228260152593105
-0.012426235365543575
-0.006848420034866583
-0.006420348117786332
0.03013329651060248
0.19341498844252203
0.23434435488364658
0.23073402910326601
0.21653693664955798
0.19935182574167465
0.1842751806745826
0.17600371954963956
0.17214930654590788
0.16981686858872025
0.17041775379625812
0.17223010766844604
0.17154557408445847
0.17067275974298668
0.1683969089825086
0.1640361742741432
0.1556531341993015
0.14776961990350856
0.13996540425161164
0.12922322038577339
0.11889923334264196
0.11027009168832247
0.10101889450594814
0.09386562775364182
0.08870186562048221
0.0849300664412398
0.07955149799784045
0.0796229827123135
0.0790203860676646
0.08180720573617051
0.08932340613336687
0.10153677381506798
0.11764120262661815
0.1403819343945486
0.17162076997941222
0.20858978544543083
0.2589697589182792
0.32195554322614006
0.40092641106405524
0.5141258613414242
0.7019177609955876
1.2725724295480287
-0.06908415316596078
-0.06751507501761966
-0.07328948258687684
-0.07454052622033086
-0.07422952106409125
-0.07250579711184718
-0.07174199861300407
-0.06949163077093246
-0.06662359088058248
-0.060748990464030234
-0.053868206149421616
-0.04592061267987818
-0.03643623867885376
-0.02844915963881349
-0.019723845130767137
-0.011605254133221651
-0.005221494445948979
-0.003510117151630278
-0.6289253808921842
-0.5817173324935823
-0.5444372926253038
-0.5178021709977969
-0.5009178023300223
-0.4889700287768761
-0.48782254237509903
-0.49212648958420857
-0.49974567707948836
-0.5101683139120041
-0.5154471597329859
-0.5157691288686124
-0.5039361883190026
-0.4913685996461936
-0.4781922946671102
-0.4697421359588816
-0.46513934837869897
-0.4507605350761139
-0.4376502783254068
-0.41403000574777593
-0.3885620954355318
-0.3573120610232934
-0.3170245992481
-0.2735653117594836
-0.24040191478570705
-5.817804517340107
0.021257330709488542
0.10209281335099263
0.15057875211832084
0.20065473630899078
0.2553841902794147
0.31380989055949726
0.37982300536029356
0.45064176915488474
0.529731633061715
0.6148281893042054
0.7138209428819948
0.8398609496751988
0.9789967229845047
1.1888350933342053
1.6658427074990811
0.39335445713641093
0.3581064333104962
0.3288555713992025
0.30434934480899756
0.28242971620261415
0.26164807616478925
0.2408780762966103
0.22100814980908012
0.20141477230080795
0.18221200672320492
0.16364478921698833
0.14524585251669464
0.12772636419271066
0.10994664617749095
0.09073815309213273
0.07515790769377872
0.06143382668901154
0.042993751185292695
0.0192316805321866
-1.4042486240313394
-1.217128839819182
-1.1524578841066528
-1.1322225617848147
-1.1234325235774918
-1.1159182467472277
-1.1070197599946994
-1.091253063281286
-1.0718540444839135
-1.0497631288388476
-1.025596559349765
-1.0001911621924648
-0.9764525482297159
-0.9535065287883526
-0.9319080046910813
-0.9124207383143244
-0.8968413599597227
-0.8808332976232833
-0.864873577657761
-0.8517415111790569
-0.8381598856558554
-0.8228911678196482
-0.8082610305840632
-0.791756987772942
-0.7733179220452655
-0.7531916801097083
-0.7344927594811281
-0.7105459983883406
-0.6875433275016434
-0.6608721302919207
-0.629438442707297
-0.5934531850121374
-0.5535578508942791
-0.5069911259536752
-0.4519872207663127
-0.3911960181334422
-0.3173479408753792
-0.2303917985397561
-0.1275745779239088
0.009297712560169202
0.22055033204978258
0.8132212635885736
-0.49730078859801097
-0.47224915565021774
-0.4538849237353304
-0.43131288448476823
-0.4073797969231947
-0.38221739702871105
-0.35730591125464173
-0.3316833913724224
-0.30478687916365743
-0.27531153208035164
-0.24461649729283863
-0.2132418998306349
-0.18025661541436477
-0.14819751363999956
-0.11575347362602884
-0.08426506027203118
-0.054444528066824205
-0.028718733052301104
-1.4356539642702053
-1.4117503257651063
-1.3878466872600075
-1.3639430487549085
-1.3400394102498097
-1.3161357717447106
-1.2922321332396118
-1.2683284947345128
-1.2444248562294138
-1.220521217724315
-1.196617579219216
-1.1727139407141174
-1.1488103022090184
-1.1249066637039191
-1.1010030251988208
-1.0770993866937215
-1.0531957481886225
-1.0292921096835237
-1.0053884711784247
-0.981484832673326
-0.9575811941682271
-0.9336775556631279
-0.9097739171580291
-0.8858702786529302
-0.8619666401478313
-0.8380630016427323
-0.8141593631376335
-0.7902557246325345
-0.7663520861274357
-0.7424484476223369
-0.7185448091172378
-0.6946411706121388
-0.67073753210704
-0.6468338936019411
-0.6229302550968422
-0.5990266165917432
-0.5751229780866443
-0.5512193395815453
-0.5273157010764465
-0.5034120625713476
-0.4795084240662486
-0.4556047855611497
-0.4317011470560507
-0.4077975085509519
-0.383893870045853
-0.3599902315407542
-0.33608659303565513
-0.31218295453055617
-0.2882793160254573
-0.26437567752035845
-0.24047203901525957
-0.2165684005101605
-0.1926647620050616
-0.16876112349996272
-0.14485748499486384
-0.12095384648976497
-0.09705020798466607
-0.07314656947956702
-0.04924293097446814
-0.025339292469369255
1.4345033262182807
1.4106188458367466
1.386734365455212
1.3628498850736777
1.3389654046921433
1.315080924310609
1.2911964439290744
1.2673119635475403
1.2434274831660055
1.2195430027844714
1.195658522402937
1.171774042021403
1.1478895616398683
1.124005081258334
1.1001206008767996
1.0762361204952653
1.0523516401137307
1.0284671597321966
1.0045826793506618
0.9806981989691278
0.9568137185875933
0.9329292382060589
0.9090447578245245
0.8851602774429901
0.8612757970614559
0.8373913166799214
0.813506836298387
0.7896223559168526
0.7657378755353184
0.741853395153784
0.7179689147722496
0.6940844343907152
0.6701999540091809
0.6463154736276465
0.6224309932461122
0.5985465128645777
0.5746620324830433
0.550777552101509
0.5268930717199746
0.5030085913384402
0.47912411095690577
0.4552396305753714
0.431355150193837
0.40747066981230273
0.3835861894307684
0.3597017090492341
0.33581722866769953
0.3119327482861652
0.28804826790463084
0.26416378752309655
0.24027930714156218
0.21639482676002766
0.19251034637849335
0.168625865996959
0.14474138561542466
0.12085690523389032
0.09697242485235597
0.07308794447082147
0.04920346408928712
0.025318983707752783
-16.649999999999977
-16.649999999999977
-16.65000000000009
-16.649999999999977
-16.649999999999977
-16.649999999999977
-16.649999999999977
-16.65000000000009
-16.649999999999977
-16.649999999999977
-16.649999999999977
-16.649999999999977
-16.65000000000009
-16.649999999999864
-16.65000000000009
-16.649999999999977
-16.649999999999977
-16.65000000000009
-16.649999999999864
-16.65000000000009
-16.649999999999977
-16.649999999999977
-16.65000000000009
-16.649999999999864
-16.65000000000009
-16.649999999999977
-16.649999999999977
-16.649999999999977
-16.649999999999977
-16.650000000000034
-16.650000000000034
-16.649999999999977
-16.649999999999977
-16.649999999999977
-16.65000000000009
-16.649999999999977
-16.649999999999977
-16.649999999999977
-16.649999999999977
-16.65000000000009
-16.649999999999977
-16.649999999999977
-16.649999999999977
-16.649999999999977
-16.649999999999977
-16.65000000000009
-16.649999999999977
-16.649999999999977
-16.649999999999977
-16.649999999999977
-16.65000000000009
-16.649999999999977
-16.649999999999977
-16.649999999999977
-16.649999999999977
-16.649999999999977
-16.65000000000009
-16.649999999999977
-16.649999999999977
-16.65000000000009
-16.649999999999977
-16.649999999999977
-16.65000000000009
-16.649999999999977
-16.649999999999977
-16.649999999999977
-16.649999999999977
-16.65000000000009
-16.649999999999977
-16.649999999999977
-16.649999999999977
-16.649999999999977
-16.65000000000009
-16.649999999999864
-16.65000000000009
-16.649999999999977
-16.649999999999977
-16.65000000000009
-16.649999999999864
-16.65000000000009
-16.649999999999977
-16.649999999999977
-16.65000000000009
-16.649999999999864
-16.65000000000009
-16.649999999999977
-16.649999999999977
-16.649999999999977
-16.649999999999977
-16.650000000000034
-16.650000000000034
-16.649999999999977
-16.649999999999977
-16.649999999999977
-16.65000000000009
-16.649999999999977
-16.649999999999977
-16.649999999999977
-16.649999999999977
-16.65000000000009
-16.649999999999977
-16.649999999999977
-16.649999999999977
-16.649999999999977
-16.649999999999977
-16.65000000000009
-16.649999999999977
-16.649999999999977
-16.649999999999977
-16.649999999999977
-16.65000000000009
-16.649999999999977
-16.649999999999977
-16.649999999999977
-16.649999999999977
-16.649999999999977
-16.65000000000009
-16.649999999999977
-16.649999999999977
-16.65000000000009
259.75995563317815
258.952351509079
258.13325043103845
257.3023021222542
256.4591358816007
255.6033544691427
254.7345514640923
253.85228673005895
252.9560944047033
252.04548234190872
251.11991557409732
250.1788286389973
249.22161048630514
248.2476331542853
247.25623095926818
246.2467081240167
245.21832183321672
244.170252372962
243.10164590201188
242.0115676864804
240.89903417809663
239.76298153952015
238.60226086450967
237.41564704292156
236.20184698436523
234.96208610222456
233.6890411829598
232.38405565701433
231.04539791373313
229.67107949017577
228.2589166932288
226.80651401216102
225.3112226981089
223.77012363428466
222.17996973057583
220.537152684139
218.83760933560788
217.07672418138188
215.24934440051442
213.349378044957
211.3692199919265
212.89293924418905
214.33468414057097
213.79154512093015
212.91799901147124
211.86121105451394
210.68354206059234
209.3909134176218
207.99326645625436
206.48526053641888
204.85383333309616
203.16497881398038
201.5453526885952
200.24884732628774
200.28241724371696
202.50417927494107
207.47376340173383
215.34177444878725
226.37307046302362
237.2160810722305
245.97420251247775
243.07347031161703
242.39486346781362
241.7063857370648
241.00777989493855
240.29872768752588
239.57888347143617
238.84787592731803
238.10530677445044
237.3507595592539
236.5837990815654
235.80396312257307
235.01076538076296
234.20369683287095
233.3822137221743
232.54574072038
231.69366728317237
230.8253468484462
229.94008168748903
229.03712752757275
228.11569422355697
227.17492869985097
226.21391294310232
225.2316649342816
224.227121169953
223.19913416905433
222.14646430963222
221.06777504255282
219.9615972938731
218.8263462597444
217.66028088092386
216.46149094166665
215.22787830942232
213.95713325256918
212.64669370765043
211.2937104498717
209.895017566003
208.4470466944518
206.9457888323851
205.38670193503617
203.76455662989184
202.07321840085993
200.30465027705225
198.37727807962384
206.61128331786915
206.91179879848704
207.23222337424153
207.50633281009232
207.87426496567417
208.3276686642566
208.84046491342835
209.34553903356544
209.785538120485
210.16974203582373
210.52362432055833
210.94913103473505
211.40740946659204
211.93800564081343
212.60970844498866
213.3840318119158
220.13773007545274
232.79505184202173
1000.0
983.35
966.7
950.05
933.4
916.75
900.1
883.45
866.8
850.15
833.5
816.85
800.2
783.55
766.9000000000001
750.25
733.6
716.95
700.3
683.6500000000001
667.0
650.35
633.7
617.05
600.4000000000001
583.75
567.1
550.45
533.8000000000001
517.1500000000001
500.50000000000006
483.85
467.20000000000005
450.55000000000007
433.9000000000001
417.25
400.6
383.95000000000005
367.30000000000007
350.6500000000001
334.0
317.35
300.70000000000005
284.05000000000007
267.4000000000001
250.7500000000001
234.10000000000002
217.45000000000005
200.80000000000007
184.1500000000001
167.5000000000001
150.85000000000002
134.20000000000005
117.55000000000007
100.90000000000009
84.25000000000011
67.60000000000014
50.950000000000045
34.30000000000007
17.65000000000009
1.0
1000.0
983.35
966.7
950.05
933.4
916.75
900.1
883.45
866.8
850.15
833.5
816.85
800.2
783.55
766.9000000000001
750.25
733.6
716.95
700.3
683.6500000000001
667.0
650.35
633.7
617.05
600.4000000000001
583.75
567.1
550.45
533.8000000000001
517.1500000000001
500.50000000000006
483.85
467.20000000000005
450.55000000000007
433.9000000000001
417.25
400.6
383.95000000000005
367.30000000000007
350.6500000000001
334.0
317.35
300.70000000000005
284.05000000000007
267.4000000000001
250.7500000000001
234.10000000000002
217.45000000000005
200.80000000000007
184.1500000000001
167.5000000000001
150.85000000000002
134.20000000000005
117.55000000000007
100.90000000000009
84.25000000000011
67.60000000000014
50.950000000000045
34.30000000000007
17.65000000000009
1.0
0.0
128.9049100201523
259.6448946382451
392.27586292944216
526.8569839764831
663.4516628271725
802.1247699217937
942.9465571822082
1085.9913827514017
1231.3378000307052
1379.0711973253985
1529.2818303202826
1682.0672311874187
1837.5276313998786
1995.769283378833
2156.903242899586
2321.0480736722147
2488.334613497287
2658.8991473751144
2832.890871903216
3010.46677513747
3191.796660391847
3377.06390916631
3566.4640661691074
3760.203526706402
3958.086697668553
4161.282466328708
4369.576402404439
4583.244895167437
4802.6053311054175
5028.006258171399
5259.830033371795
5498.499434059676
5744.480392089082
5998.291188442344
6260.507758704086
6531.778639919716
6812.840530997257
7104.5158942058415
7407.777089630818
7723.838001202194
8061.999533510644
8418.862843004816
8795.945649347836
9195.392779531709
9620.025012721855
10073.305032411206
10559.530919820685
11084.157446870755
11654.114245641234
12278.50815152916
12970.08583033617
13747.125016799888
14637.981972082562
15694.881962850644
17004.972684285123
18737.316177738187
21250.744482909842
25617.753900767755
38239.71996566603
50861.68603056439
0.0
121.15706019713625
244.0764481025246
368.8040880334322
495.3968003835259
623.9162956077873
754.4288682940423
887.005626657211
1021.7209234567138
1158.652458428166
1297.8827551607737
1439.4986369194896
1583.5909836634855
1730.256876591671
1879.5990336257232
2031.726460083055
2186.754591822618
2344.8079998834255
2506.0195651766353
2670.5303585788733
2838.492686439008
3010.070448959372
3185.438973783276
3364.7881366111733
3548.322806334951
3736.264302490367
3928.8512497911915
4126.345933656108
4329.031301681424
4537.218198977859
4751.247671507589
4971.494315510008
5198.370505684378
5432.333667533105
5673.89249574897
5923.612225922045
6182.129945939395
6450.161414862416
6728.5175599551585
7018.132022553787
7320.100046454092
7635.856535790326
7979.96557547719
8345.19925217663
8734.668284422318
9151.359067568148
9599.454603798782
10084.211376035531
10612.126930211232
11191.534898801307
11832.984047667858
12550.77476376355
13364.892099587723
14304.676298498009
15416.116910447794
16773.962882774547
18518.519680711444
20952.512245678598
24962.64009121467
36794.21534688742
48625.79060256024
321.691129549594
320.81110683328353
319.8671974218632
318.8622934406136
317.81775329335835
316.7621131410372
315.70182097646864
314.64130592002743
313.589938857165
312.5549084666679
311.54121054410916
310.55480836715327
309.59631564195934
308.6687657716195
307.7638450534265
306.88121163829794
306.02294560940123
305.17918760206186
304.3535940396847
303.5471124883876
302.76086135217076
301.9958068212408
301.2524938603516
300.53277610167413
299.836563192153
299.16348682573306
336.9750832041545
336.2859798032092
335.59419945377624
334.93717068800913
334.3172527735598
333.7305901997107
333.17144408047204
332.6380448904142
332.1305019532166
331.6458751363763
331.1844659811755
330.7439137158916
330.3229551870166
329.9234504741757
329.5463568689046
329.5632559352817
330.1831158194014
330.3486430384059
330.400084725116
330.39492287966584
330.3630619392562
330.3174990993406
330.26474871049254
330.2021887529814
330.1310770704046
330.05995332772056
330.0141135172809
330.02166005631136
330.1700956814409
330.57080781574905
331.2664640802967
332.2468906689579
333.48164374472265
334.952437735854
336.60159562788397
306.8423277233284
306.8125094509593
306.5508834364796
306.1864588346708
305.75841316639367
305.2948552417662
304.8103645320481
304.3159784993119
303.8219558670509
303.331025090045
302.8447485751426
302.36443776340593
301.8906324849965
301.424296301724
300.9638436129427
300.5085639463431
300.05791346531083
299.610233815265
299.16798153192633
298.7315118533072
298.3005597800294
297.8763917569971
297.4596062111955
297.0502715033913
296.64941309171377
296.2575378043298
295.8751747169866
295.5030206997843
295.1398545112585
294.78818294111886
294.4484592206283
294.1211395435213
293.8064992818096
293.5059168088797
293.219557580826
292.94791181262383
292.6918443189231
292.45129168200583
292.2273368475023
292.0194263446522
291.8291082782854
291.6569280647737
291.5065213986459
292.9215002420618
293.4140769749416
293.8461023838963
294.249921123728
294.66985845612146
295.11750815908636
295.58804538162326
296.0748258215457
296.5574073527372
297.0226714083934
297.4658351539926
297.8889603033348
298.28479219540134
298.6455653169852
298.96310885078435
299.2276596341602
299.7575188702708
301.39699288043084
258.1668786618142
257.09559906415
255.9400140983352
254.7034746801748
253.4093526240488
252.0820189016679
250.7314578313665
249.3634204306441
247.9882539245903
246.6137894215473
245.2462731900158
243.8924079796907
242.5541872337419
241.235921136421
239.9308531346969
238.6399045269203
237.3660919135888
236.1001481228435
234.8462206874627
233.6052416969321
232.3788263343765
231.1678755349446
229.9730338380142
228.7963425146535
227.6376028370322
226.4964515227434
217.4490935615572
216.5388991713022
215.5530223009839
214.5550190789284
213.559340241275
212.570209786342
211.5872263062132
210.6117732501177
209.6469419874668
208.6919202915932
207.7482339072709
206.8149835513831
205.8922460781952
204.9820105229355
204.0860618975051
203.5764507887268
203.6624338284851
203.2871513417751
202.7911123490428
202.2320415681415
201.6405591424082
201.0299103244123
200.407160326725
199.7707198449603
199.1219623469399
198.4695766596507
197.83944750181
197.2607205253898
196.823098237304
196.6658828414542
196.844856760056
197.4351404621147
198.5945163465055
200.5199653455933
201.8170222020261
197.9508347089513
197.711611969086
197.2316012718397
196.6411916609066
195.9804143335613
195.2761562757062
194.542513560476
193.7902813916805
193.029429210413
192.2630770112865
191.4932310541601
190.7217142515783
189.9496069142528
189.1782994376167
188.4066414552691
187.634265625548
186.860874150204
186.0850694253029
185.3093410331953
184.5341183513976
183.7592093844013
182.9858563617274
182.2146434235344
181.4456278516296
180.6797780180396
179.9175488258063
179.1594170676122
178.4060074725515
177.656021152845
176.9118850524489
176.1739412394872
175.4425466615751
174.7178718692101
174.0011703254968
173.2925109195002
172.5922780895489
171.9011820639695
171.2191071623419
170.5470622247506
169.8843009303127
169.2325733492998
168.5924967760421
167.9675236143729
168.9026173583437
168.9101645318881
168.8508855333261
168.7575471894377
168.6746055967459
168.6137970076668
168.5707062869924
168.5392616484011
168.5005253694363
168.4457876814934
168.3744285507386
168.2951734180311
168.2183470953855
168.1419188038194
168.0872457658799
168.0583382334417
168.3678765736403
169.4599003243407
63.52425088777979
63.71550776913351
63.92718332352796
64.15881876043882
64.40840066930954
64.68009423936932
64.97036314510211
65.2778854893833
65.6016849325747
65.9411190451206
66.29493735409335
66.66240038746257
67.04212840821745
67.43284463519852
67.83299191872959
68.24130711137767
68.65685369581244
69.07903947921837
69.50737335222202
69.9418707914555
70.38203501779424
70.8279312862962
71.27946002233736
71.7364335870206
72.1989603551208
72.66703530298967
119.5259896425973
119.747080631907
120.0411771527923
120.3821516090807
120.7579125322848
121.1603804133687
121.5842177742588
122.0262716402965
122.4835599657498
122.9539548447831
123.4362320739046
123.9289301645085
124.4307091088214
124.9414399512402
125.4602949713995
125.9868051465549
126.5206819909163
127.0614916966308
127.6089723760732
128.1628813115243
128.722502796848
129.2875887749283
129.8575883837675
130.4314689080211
131.0091147234647
131.5903766680699
132.1746660154709
132.7609395309216
133.3469974441369
133.9049249742949
134.4216073202407
134.8117502068432
134.8871273982172
134.4324723902607
134.7845734258579
108.8914930143771
109.1008974818733
109.3192821646399
109.5452671737642
109.7779988328324
110.01869896606
110.2678509715721
110.5256971076314
110.7925266566379
111.0679480787585
111.3515175209825
111.6427235118276
111.9410255707437
112.2459968641073
112.5572021576736
112.8742983207951
113.1970393151068
113.5251643899621
113.858640498731
114.1973935019096
114.5413503956281
114.8905353952697
115.2449627876611
115.6046436517617
115.9696350736742
116.3399889785235
116.7157576493744
117.0970132272328
117.4838333584135
117.87629788867
118.2745179811411
118.6785928819462
119.0886274125995
119.5047464833829
119.9270466613258
120.3556337230749
120.7906622549536
121.2321845196639
121.6802746227517
122.1351254143395
122.5965349289856
123.0644312887316
123.538997784273
124.0188828837181
124.5039124430535
124.9952168505702
125.4923739342903
125.9952528593756
126.5037111514196
127.0173390946309
127.5355641731446
128.0568819833009
128.5768837269
129.091406603254
129.5937868853037
130.0664451000158
130.5036465131658
130.8758630849044
131.1693214007185
131.3896422966305
131.9370925560901
393.3226054037135
391.8136573065109
390.2880305625971
388.738689288722
387.17634697046924
385.6197890158179
384.0705268224724
382.52218922365626
380.9786956712095
379.4439196036327
377.9200533671621
376.4182040304733
374.9439421764107
373.5124561177519
372.11616679991255
370.7553410901171
369.4273329252616
368.1184355695433
366.8420814720902
365.5979496424676
364.3976685005029
363.2440518741374
362.1434268522248
361.10668449429943
360.1369062730188
359.2234279918133
391.2172198528943
390.54937378265856
389.9596862465768
389.4532362329279
389.03397305478757
388.70269467121807
388.4573584425387
388.30378225784125
388.24688108979865
388.2919859060199
388.4454049401233
388.7186736177213
389.13757603852156
389.7170680486651
390.5288095367282
392.2115513106044
393.22476565186054
393.74839930417556
394.12869656228486
394.42788406164374
394.6784528374367
394.8945380736858
395.08266576113436
395.24111395343255
395.3714170431563
395.4825053071955
395.6003102859729
395.7531026775202
396.0292646668423
396.539923447328
397.3263178649676
398.3819023613228
399.6780892637765
401.1918770060931
402.8602665786553
276.7179484177771
275.2838815213767
273.80512666707796
272.28824418116244
270.72797595110046
269.14098550289555
267.5405765464301
265.9391707536994
264.35389505815704
262.7911102366672
261.2550705929259
259.7491632218396
258.27516678123766
256.83237804973544
255.41841883216574
254.03123116087517
252.66815994152833
251.32363893152296
250.00055335056095
248.69921009428413
247.41651650982723
246.15418860113903
244.9145118875177
243.69691614912955
242.50430074967906
241.3391075402499
240.2035527727969
239.0969059961135
238.02319380919926
236.98397891155813
235.9833830607757
235.02662494096137
234.11853149423743
233.26439117041323
232.4710408164059
231.74740782743748
231.10014431560325
230.5422437378106
230.0878971047673
229.75241202399337
229.5713916701867
229.61976178872487
230.2825763861855
231.20025444100338
231.22058201823293
231.19872250345227
231.1712283587994
231.18378589426965
231.2492182002058
231.36244951148814
231.517546560038
231.6953412120659
231.8852937356417
232.08384098394814
232.29372423345973
232.50929951011173
232.72187511805566
232.92366517822887
233.10395090133258
233.57936560937625
235.1901208864842
159.7775660009363
156.5032483511444
153.0990697933159
149.5775419396593
145.9524534920369
142.2997118969304
138.6188055709654
134.9093505920779
131.1969802582158
127.5031775773179
123.8508703633737
120.2695115951254
116.7818308801722
113.4049523035556
110.1228130811455
106.9219043113599
103.7874042747676
100.694425131485
97.64926998962417
94.65762098719459
91.71845102251002
88.84024406004873
86.02877908368691
83.2842409865168
80.61300126570335
77.98755582552967
58.641614869068
55.9259995092801
53.31633623107397
50.81500076929571
48.43364915061627
46.16923372724567
44.01406838552736
41.97854013093601
40.05904314632784
38.2539942850396
36.57536704136191
35.02443596890756
33.6086189381846
32.3604521231886
31.34232938825443
31.19280334159243
30.38005879069625
29.08474008779826
27.65812461682465
26.16871317652507
24.64756330345017
23.12710258092277
21.62989946196457
20.14218617340413
18.68306724704234
17.28373822979911
15.98077808750256
14.82500013583529
13.9148964130959
13.32141051744161
12.91980965220773
12.40960790045806
10.99137789448349
6.568568206027197
0.0
101.0865085426429
98.8670771284843
96.58913354405692
94.25454145015583
91.85368382849063
89.41227438676155
86.95010180319048
84.48592674845118
82.04549107592442
79.63847229527147
77.27161161893562
74.94923635484028
72.67248863811294
70.44021416505643
68.24810838779696
66.09217860213614
63.96830077914532
61.86796524946995
59.79472671196443
57.74827864361465
55.72427326269692
53.72511691567784
51.75318202723941
49.80742917730903
47.89120630424776
46.0069719102411
44.15659841093922
42.33922177298299
40.55892008502854
38.81701463013724
37.11818919513181
35.46803862333536
33.87180290003792
32.33509578887193
30.86541341511377
29.47227903962627
28.16406406753292
26.95433631602899
25.8568964738923
24.88685180686487
24.07952390587788
23.50793571789026
23.5544119378278
23.78451116842617
23.02280123990673
22.20594311664849
21.37743267929439
20.58459326039175
19.8400109685106
19.13129563255154
18.4472701766863
17.75290196853841
17.0086445781656
16.18484835484475
15.24388248171594
14.11217261556472
12.70541841464415
10.81655242499286
8.198272291894174
4.579538769470958
0.0
233.5450394027772
235.3104089553665
237.1889607692812
239.1611473490627
241.2238934784323
243.3200771188875
245.451721251507
247.6128386315783
249.7817154129937
251.9407420263148
254.0691830037884
256.1486924353479
258.1621112962385
260.1075038141963
261.9933537187671
263.8334367787572
265.639928650494
267.4240104380583
269.192811482466
270.940328655273
272.6792174779929
274.4038078140887
276.1146477685379
277.8224435077826
279.5239050073154
281.2358721662836
332.5756049838263
334.6233742733785
336.6433500155028
338.6382354636322
340.6003239041713
342.5334609439724
344.4432900570113
346.3252421269052
348.1878379434708
350.0379916209803
351.8700378987614
353.6942376488138
355.528957100337
357.3566159254765
359.1864801484738
361.018747969012
362.8447068611643
364.6636592163773
366.4705719454602
368.2591708851187
370.0308895339865
371.767435492763
373.4527662991698
375.0989277800284
376.688349796114
378.1987670773964
379.6195321984703
380.9281025416849
382.1143682537464
383.2185129298864
384.4065082127599
385.9722944608647
388.686711369293
394.6233088000659
402.8602665786553
175.6314398751342
176.4168043928924
177.215993123021
178.0337027310066
178.8742921226098
179.728711116134
180.5904747432396
181.4532440052482
182.3084039822326
183.1526379413957
183.9834589739903
184.7999268669993
185.6026781431247
186.392163884679
187.1703104443688
187.939052558739
188.699859162383
189.455673682053
190.2058266385965
190.9509314506695
191.6922432471303
192.4290716854612
193.1613298602783
193.8894869718205
194.6130944454313
195.3321356300088
196.0469543618577
196.7576842231305
197.4642737241707
198.1669642814209
198.8651938656439
199.558586317626
200.2467285941995
200.9292953815413
201.6056274012921
202.2751287878112
202.9360802480703
203.5879074217816
204.231000630875
204.8655602171285
205.4918677643088
206.1118260708346
206.7281644483577
207.4157432725772
208.1977807783262
208.9927793868038
209.793795679505
210.5991926338779
211.4092072316952
212.2311538789366
213.0702763833517
213.9424392435275
214.8766491574761
215.8989926291034
217.0498417517438
218.397126894547
220.0164567034115
222.107112753236
224.9056786094384
228.9998268399053
235.1901208864842
71.63147585411957
71.00255047322739
70.4208331407338
69.8763958481085
69.3585936771107
68.85767587478068
68.3687058460038
67.8808833036287
67.3887568140445
66.88901113696501
66.378842823053
65.86339566332002
65.34762653445141
64.8436903461324
64.35232174648621
63.8741294518191
63.40438731586022
62.93924796748152
62.48848743240541
62.05083715408
61.636807148332224
61.24824505289669
60.8909329918734
60.5739083926253
60.300343080865815
60.05994116608011
54.24213664874
54.26339397944949
54.36548679280048
54.5160655449188
54.71672028122779
54.97210447150721
55.285914362066706
55.665737367427
56.116379136581884
56.6461107696436
57.260938958947804
57.9747599018298
58.814620851505
59.7936175744895
60.98245266782371
62.64829537532279
63.0416498324592
63.399756265769696
63.7286118371689
64.0329611819779
64.31539089818051
64.5770389743453
64.81791705064191
65.03892520045099
65.2403399727518
65.422551979475
65.58619676869199
65.73144262120869
65.8591689854014
65.96911563157889
66.05985378467102
66.1350116923648
66.19644551905381
66.2394392702391
66.25867095077129
-30.124379305551216
-31.528627929582555
-32.74575676940174
-33.89821465350839
-35.030437215293205
-36.153869738870696
-37.269787985617924
-38.37680774561262
-39.46806080889391
-40.53991485337782
-41.58967798221667
-42.615274541566436
-43.6154657037589
-44.591918251988616
-45.54542478077697
-46.47733278546805
-47.389753523782375
-48.2865948837421
-49.16742818136538
-50.03230175902314
-50.8840432702022
-51.722203155858054
-52.5450943236777
-53.353355354261765
-54.14511234203471
-54.91843026407997
-55.67162194418968
-56.40611470367081
-57.11666070205915
-57.80420402956079
-58.465076159852714
-59.09451460256001
-59.68796778757215
-60.24152563846643
-60.7485167644201
-61.200503985186415
-61.59170000331986
-61.90904794419524
-62.13943974273499
-62.2670143206589
-62.25771660809873
-62.03716627604895
-61.223945012460376
-61.72124580105839
-62.193494956708605
-62.647379880443935
-63.078692764928704
-63.4860725618519
-63.86828995888061
-64.22559587013525
-64.55727926150767
-64.86206614067133
-65.13737767275168
-65.38199417004452
-65.59523606987516
-65.77549268528952
-65.92369019892952
-66.03944367255555
-66.12370873282758
-66.1781532608944
-66.2068719939467
98.38931266087792
100.5923507130056
102.8409443050194
105.1259327405154
107.456899132012
109.7823070047375
112.1126522604011
114.4540698385662
116.7912736663745
119.1106118442293
121.3954028266421
123.6228963845653
125.7723563535696
127.8309688328653
129.8080400535514
131.7180002155605
133.5786876388213
135.4057229913585
137.1969506978385
138.9476207097375
140.6603753118665
142.3276314748958
143.9442547543272
145.5121015281367
147.0246015713288
148.5088956972138
158.8074786924891
160.6128996620221
162.23668606991
163.7400183096327
165.1256910906587
166.4009760590964
167.5731579206858
168.6332331191817
169.587898841139
170.4379260065536
171.172866865909
171.7905475824755
172.2836271400106
172.6215583997468
172.7437325092507
172.3836474471343
173.2823750377888
174.2024112539768
175.1329877322181
176.0633283916165
176.992995838958
177.9028077434895
178.7772608647604
179.6285336715562
180.4388950998976
181.1858384298516
181.8586694143074
182.4357203895546
182.9082018242081
183.3444723240126
183.9250471078483
185.0255325616566
187.603138452022
193.951397139566
201.8170222020261
96.86432616630833
98.8445348406017
100.6424677277828
102.3866502107508
104.1267305050706
105.8638818889447
107.5924117572855
109.3043546432294
110.9839381344886
112.624604716015
114.2216194352245
115.7724778967381
117.2771182761399
118.7380852725603
120.1585330674722
121.5420870234119
122.8925733710586
124.217104175833
125.5146143212309
126.785839707783
128.0349361217044
129.2607394460495
130.4614613962949
131.6381986743206
132.7885717137918
133.9105769155652
135.002818656673
136.0667856995685
137.0971010678164
138.0948704223117
139.0557520443555
139.9745080382398
140.8460689691722
141.6660745366249
142.4270975043864
143.1199990499227
143.7371179964366
144.264770846313
144.6901657508583
144.9974491234478
145.1530494434219
145.0845610581519
144.4131116765451
145.1181061899175
145.8873632919813
146.6449424166776
147.3801145101434
148.0900123363542
148.7737860391562
149.4394106544409
150.0919914717148
150.7476234008979
151.4371431033278
152.1895801958939
153.0512909363152
154.1061744798208
155.4365003891752
157.2706933408871
159.8600659415475
163.7883378041693
169.4599003243407
170.0207885149975
171.594901186233
173.2617774457532
175.0023285886239
176.8154928091227
178.6399828795182
180.4813581064049
182.3349531421949
184.180030480419
185.9996229811943
187.7742456496951
189.4862920478853
191.119982888021
192.6746591789977
194.1603618000376
195.5921296673796
196.9830749546815
198.34497095884
199.6854381302439
200.9984578638175
202.2971824601987
203.5758765277925
204.8351877462006
206.086009920762
207.3249446521946
208.5688368632939
213.0496153412291
214.8762936414716
216.6021728627105
218.2560838545515
219.8424113718865
221.3730805306036
222.8590722827525
224.2989704866087
225.7042779777209
227.0840367761972
228.4338058248568
229.7653074843053
231.0982479915156
232.4151759742363
233.7261851770744
235.0319428224571
236.324024870248
237.6021675197465
238.861599569387
240.0962895735944
241.3083867371385
242.4798467178348
243.5951779154023
244.6674588720072
245.6792350726494
246.6083904093266
247.4448661829994
248.1671630107633
248.7673708096095
249.3135879555915
249.9849008925193
251.1605442540214
253.7995839710758
260.1908364098051
268.0756931527974
66.73994686075712
67.31590691101914
67.89671095838106
68.48843555724241
69.09629328977739
69.71001215007401
70.32262377166758
70.92754689761678
71.51587732559469
72.08468986263718
72.63194145300783
73.15720335517166
73.661652572381
74.14616702057168
74.61310828669524
75.06475423794384
75.50281984727623
75.9305092920909
76.34718613986551
76.75353794875986
77.15089285150219
77.53853629019146
77.9163670726172
78.28484332005883
78.6434593717571
78.99214665148523
79.33119671248333
79.66067099589769
79.98044036575725
80.2906663927509
80.59067588450279
80.8799934356798
81.15810118160005
81.42454889815848
81.6785807399663
81.9194950647363
82.14541799311675
82.35572290211778
82.55072600812332
82.7304348027889
82.89533283532317
83.04739478210296
83.18916666408472
83.39686038885912
83.6938683352727
83.99756253623366
84.30142174521468
84.6039397745023
84.90549608027558
85.21381478430565
85.53471221020713
85.88555726022658
86.29976543057612
86.80758602584939
87.45605486644006
88.33068179453127
89.51281019024567
91.23124966833156
93.73635720871992
97.61018454327488
103.253028330394
-0.8239895412820032
-0.8446098364971222
-0.857509996698069
-0.872622329506879
-0.8668360142187099
-0.8698981800512611
-0.8794036381788426
-0.8856792811900658
-0.8865223975721116
-0.8799512509701961
-0.8620736191918353
-0.8330958207320666
-0.7971823550225984
-0.7647858467709784
-0.7385442006553197
-0.7204690543010366
-0.7086822812216489
-0.6961262107881953
-0.6808155822961396
-0.6661701964656377
-0.6480459143256982
-0.6273721443731717
-0.607406495314202
-0.5843690909786908
-0.5751142246530973
-5.044747314161295
-0.7475144680381124
-0.6604291143791519
-0.6042518969889709
-0.5498315080679297
-0.4993354251235079
-0.45279178396227115
-0.40191572112879603
-0.35481512207317617
-0.3084606506022779
-0.2577638063135962
-0.20628344263971568
-0.1509243199405987
-0.0800881960408214
0.021693539274021706
0.2594688257223846
-0.3833797649721004
-0.3607606618685027
-0.32083050860884166
-0.31732211084874684
-0.3168974703933471
-0.307519717856067
-0.2900966983527655
-0.2749275100075753
-0.24782889167137567
-0.20052634759593713
-0.13087005029042878
-0.0349063701637809
0.08934975761359581
0.22232074612786198
0.3050835287578054
0.3135612248098073
-0.035927463840442986
-1.252156669079684
-1.1241252620037954
0.0
-0.7111185960132532
-0.6163342821500799
-0.5835726924608231
-0.5733176642841841
-0.5688633384322546
-0.5650574435892239
-0.5605524874720171
-0.5525713681507896
-0.5427512783905902
-0.5315682966414641
-0.519334059103242
-0.5064719378599234
-0.4944538223518231
-0.4828364340119007
-0.47190087627936494
-0.46203420050677363
-0.45414599045477894
-0.4460408389367936
-0.4379599561984858
-0.43131095800610314
-0.42443446920064015
-0.4167034407220366
-0.4092957303794522
-0.4009389812931591
-0.39160209657421174
-0.38141050496807327
-0.3719418824744304
-0.3598150845559679
-0.3481664503435856
-0.3346597918332025
-0.3187409148096899
-0.3005166713150945
-0.2803119790660532
-0.2567282319021213
-0.22887097793896288
-0.19808284860043723
-0.1606811503719239
-0.11663965407926011
-0.0645639593968122
0.004761983797792607
0.1117648161670091
0.411970295333211
-0.25183444888488754
-0.2391165503494577
-0.229812295413218
-0.21837870838940193
-0.2062561806515589
-0.1935108423268005
-0.1808901480270696
-0.16790744285098108
-0.154273900010306
-0.1393234750199969
-0.12374562933686789
-0.10780862471137159
-0.09102859621078746
-0.07469188091244006
-0.058087521167911604
-0.04188771794436108
-0.026347921949667175
-0.01275513866681921
0.0
-1.115916535886584
-1.138992024851004
-1.157427297734144
-1.180716755370901
-1.177901169409651
-1.180402128146776
-1.18601065032286
-1.183876237030807
-1.174826654710567
-1.157327280777821
-1.128304112798491
-1.08877734559401
-1.042759885336469
-1.001456359620426
-0.9674622395251173
-0.9425038581278788
-0.9254578964610198
-0.9073200598004892
-0.8867761558961547
-0.8675706625156588
-0.8445240971150433
-0.8188767543412871
-0.7941697325385
-0.766134659860789
-0.7518473671367985
-5.216595804838119
-0.9145094485283284
-0.8225051317474266
-0.7614908437999142
-0.7018921748453044
-0.6459768513179752
-0.593751488382427
-0.5369655064025584
-0.4835718858089392
-0.43056876340508
-0.3722734870880939
-0.3128770857358444
-0.2497622005346759
-0.171174111299814
-0.061885498945809
0.1823957941867008
-0.4552372478088773
-0.4660308187900434
-0.4713698335685277
-0.4712503830006781
-0.4709093773309901
-0.4608518440399157
-0.4429413722297245
-0.4311997247331185
-0.4104766674626696
-0.378353162107587
-0.3408126431070604
-0.2922966876154734
-0.2393285242259584
-0.2209864075571056
-0.2940816210483972
-0.5574347271130052
-1.305648367389465
-3.215617105058228
-3.984216733708146
0.0
-1.003045590617834
-0.9107164705039617
-0.8834899934968982
-0.8814120901482061
-0.8799284936231956
-0.8755613916847389
-0.8671594996160346
-0.8507683239915306
-0.8310555355290457
-0.8089443264490889
-0.7855645527098977
-0.7621534627218668
-0.7400313526656938
-0.7195069468613483
-0.7008189151491626
-0.6840690043336158
-0.6709216056941499
-0.6572346879490876
-0.6439205297985009
-0.6327114240561242
-0.6209126519899852
-0.608208050690152
-0.5960589676037502
-0.5827045501752572
-0.5683352390579129
-0.5532589956448967
-0.5389368629646464
-0.5218911019242426
-0.5054053971545289
-0.4867204586105772
-0.4653823410041572
-0.4414763757352503
-0.4153617643398155
-0.3854849956378843
-0.350979090741765
-0.3125925293749349
-0.2672747934680526
-0.2154775346733373
-0.1556498746558048
-0.0788170544220381
0.0346917846313253
0.3401128124964341
-0.3571046058064282
-0.3896558753091437
-0.3837405675651493
-0.3723906153270449
-0.3595883068354076
-0.3463555162037595
-0.3371623627526128
-0.330555218642275
-0.3321007145219559
-0.3492660678366285
-0.3811359467885604
-0.4364869065509258
-0.534335749895755
-0.6738570307186427
-0.9290834730907241
-1.311608621493383
-1.989808357928211
-2.87284661037117
0.0
0.2919269946045807
0.2943821883538817
0.299917301036075
0.308094425864022
0.3110651551909411
0.310503948095515
0.3066070121440175
0.2981969558407411
0.2883042571384554
0.2773760298076248
0.2662304936066556
0.2556815248619434
0.2455775303138706
0.2366705128494476
0.2289180388697977
0.2220348038268422
0.216775615239371
0.211193849012294
0.2059605736000151
0.2014004660500211
0.1964781827893451
0.1915046099681155
0.186763237224298
0.1817655688820982
0.1767331424837012
0.1718484906768234
0.166994980490216
0.1620760173682747
0.1572389468109433
0.1520606667773747
0.1466414261944673
0.1409597044201558
0.1350497852737623
0.128756763735763
0.1221081128028021
0.1145096807744977
0.1065936430961287
0.0988378805940772
0.0910859152589926
0.0835790382198307
0.0770730315356838
0.0718574828367769
0.1052701569215407
0.150539324959686
0.1539282721519313
0.154011906937643
0.1533321261838487
0.152844673876959
0.1562722147255432
0.1626477757912939
0.1778268145116499
0.2099425928166316
0.2573903174516925
0.3286782818395542
0.4433071536849676
0.5991651498062026
0.8709959519228125
1.269720903549022
1.963460435978544
2.860091471704351
0.0
0.2919269946045807
0.2943821883538817
0.299917301036075
0.308094425864022
0.3110651551909411
0.310503948095515
0.3066070121440175
0.2981969558407411
0.2883042571384554
0.2773760298076248
0.2662304936066556
0.2556815248619434
0.2455775303138706
0.2366705128494476
0.2289180388697977
0.2220348038268422
0.216775615239371
0.211193849012294
0.2059605736000151
0.2014004660500211
0.1964781827893451
0.1915046099681155
0.186763237224298
0.1817655688820982
0.1767331424837012
0.1718484906768234
0.166994980490216
0.1620760173682747
0.1572389468109433
0.1520606667773747
0.1466414261944673
0.1409597044201558
0.1350497852737623
0.128756763735763
0.1221081128028021
0.1145096807744977
0.1065936430961287
0.0988378805940772
0.0910859152589926
0.0835790382198307
0.0770730315356838
0.0718574828367769
0.1052701569215407
0.150539324959686
0.1539282721519313
0.154011906937643
0.1533321261838487
0.152844673876959
0.1562722147255432
0.1626477757912939
0.1778268145116499
0.2099425928166316
0.2573903174516925
0.3286782818395542
0.4433071536849676
0.5991651498062026
0.8709959519228125
1.269720903549022
1.963460435978544
2.860091471704351
0.0
1.0
1.0
1.0
1.0
1.0
1.0
1.0
1.0
1.0
1.0
1.0
1.0
1.0
1.0
1.0
1.0
1.0
1.0
1.0
1.0
1.0
1.0
1.0
1.0
1.0
1.0
1.0
1.0
1.0
1.0
1.0
1.0
1.0
1.0
1.0
1.0
1.0
1.0
1.0
1.0
1.0
0.0
0.0
0.0
0.0
0.0
0.0
0.0
0.0
0.0
0.0
0.0
0.0
0.0
0.0
0.0
0.0
0.0
0.0
0.0
0.0
1.0
1.0
1.0
1.0
1.0
1.0
1.0
1.0
1.0
1.0
1.0
1.0
1.0
1.0
1.0
1.0
1.0
1.0
1.0
1.0
1.0
1.0
1.0
1.0
1.0
1.0
1.0
1.0
1.0
1.0
1.0
1.0
1.0
1.0
1.0
1.0
1.0
1.0
1.0
1.0
1.0
1.0
1.0
0.0
0.0
0.0
0.0
0.0
0.0
0.0
0.0
0.0
0.0
0.0
0.0
0.0
0.0
0.0
0.0
0.0
0.0
1.0
1.0
1.0
1.0
1.0
1.0
1.0
1.0
1.0
1.0
1.0
1.0
1.0
1.0
1.0
1.0
0.38
0.38
0.38
0.38
0.38
0.38
0.38
0.38
0.38
0.38
0.38
0.38
0.38
0.38
0.38
0.38
0.38
0.38
0.38
0.38
0.38
0.38
0.38
0.38
0.38
0.38
0.38
0.38
0.38
1.0
1.0
1.0
1.0
1.0
1.0
1.0
1.0
1.0
1.0
1.0
1.0
1.0
1.0
1.0
1.0
1.0
1.0
1.0
1.0
1.0
1.0
1.0
1.0
1.0
1.0
1.0
1.0
1.0
0.001018495696751419
0.0010114532820368995
0.0009883529210836424
0.0009509468504591056
0.0008840987976343877
0.000818817739709665
0.0007548086409505931
0.0006861680286741979
0.0006167837824777894
0.0005486244185622911
0.0004820779407001677
0.00042032581561275034
0.0003648591889731995
0.0003198116967769653
0.00028242604320945664
0.00025080034331817686
0.00022544939224930624
0.00020196279018452795
0.00018046698442373448
0.00016112883871027204
0.000143312104197828
0.00012712852354470152
0.00011263515477141683
9.936513851169694e-05
8.727941428523477e-05
7.634433575659326e-05
6.641158798621217e-05
5.7763138065787565e-05
5.034467740407541e-05
4.363817286952107e-05
3.793255992133303e-05
3.3106411820513574e-05
2.8718936969613572e-05
2.5041517763532945e-05
2.1917128466218532e-05
1.9032091289574953e-05
1.662247885624832e-05
1.4527664019673233e-05
1.2549962074278052e-05
1.0877561958735726e-05
9.37333125468905e-06
1.2721418804688553e-05
1.7132253029890983e-05
1.795313992948274e-05
1.803291648894117e-05
1.762585291054773e-05
1.6953109781249357e-05
1.6101065032450572e-05
1.5435315087940972e-05
1.4778736924558408e-05
1.4139187932231658e-05
1.3548491813968599e-05
1.3027437833773813e-05
1.2966691738865604e-05
1.058760359683169e-05
8.403594755392689e-06
5.998541875503303e-06
6.2417663697033825e-06
4.602936121177348e-06
1.947009474373655e-07
0.0004
0.0004
0.0004
0.0004
0.0004
0.0004
0.0004
0.0004
0.0004
0.0004
0.0004
0.0004
0.0004
0.0004
0.0004
0.0004
0.0004
0.0004
0.0004
0.0004
0.0004
0.0004
0.0004
0.0004
0.0004
0.0004
0.0004
0.0004
0.0004
0.0004
0.0004
0.0004
0.0004
0.0004
0.0004
0.0004
0.0004
0.0004
0.0004
0.0004
0.0004
0.0004
0.0004
0.0004
0.0004
0.0004
0.0004
0.0004
0.0004
0.0004
0.0004
0.0004
0.0004
0.0004
0.0004
0.0004
0.0004
0.0004
0.0004
0.0004
1.077709902103444e-08
1.803560534109325e-08
2.3706736270116025e-08
2.7854424666635138e-08
3.0407645386303146e-08
3.2501483286972955e-08
3.4201792530497156e-08
3.544206677539131e-08
3.655344417932217e-08
3.752195405376722e-08
3.810671096020631e-08
3.855138696449809e-08
3.8906615726384716e-08
3.918085709782455e-08
3.9363415175102446e-08
3.94812311060027e-08
3.950930268941581e-08
3.953737427282895e-08
3.956171114202737e-08
3.9576552301679917e-08
3.959139346133247e-08
3.964415338845309e-08
3.977413390585825e-08
3.99041144232634e-08
4.006112122631487e-08
4.0262908284572867e-08
4.0464695342830865e-08
4.0674065423368417e-08
4.0893761321478116e-08
4.1113457219587815e-08
4.140408471756015e-08
4.1774547994952335e-08
4.214501127234452e-08
4.260014801413837e-08
4.313422597419448e-08
4.3668303934250605e-08
4.423935627067932e-08
4.483892607824647e-08
4.543849588581362e-08
4.6095530145319335e-08
4.6789055742553654e-08
4.7482581339787966e-08
4.837231723902231e-08
4.936373659263659e-08
5.0355155946250876e-08
5.1752249158890387e-08
5.34822012431228e-08
5.576253265305787e-08
5.875120043930063e-08
6.2338744539503e-08
6.688562046005487e-08
7.358801963515753e-08
8.564265808781442e-08
1.077696630959349e-07
3.030102159861466e-07
5.734598268917054e-07
1.3847733147971254e-06
3.4897444420893106e-06
7.497528831213351e-06
2.7509074805837885e-06
0.0
0.0
0.0
0.0
0.0
0.0
0.0
0.0
0.0
0.0
0.0
0.0
0.0
0.0
0.0
0.0
0.0
0.0
0.0
0.0
0.0
0.0
0.0
0.0
0.0
0.0
0.0
0.0
0.0
0.0
0.0
0.0
0.0
0.0
0.0
0.0
0.0
0.0
0.0
0.0
0.0
0.0
0.0
0.0
0.0
0.0
0.0
0.0
0.0
0.0
0.0
0.0
0.0
0.0
0.0
0.0
0.0
0.0
0.0
0.0
0.0
0.0
0.0
0.0
0.0
0.0
0.0
0.0
0.0
0.0
0.0
0.0
0.0
0.0
0.0
0.0
0.0
0.0
0.0
0.0
0.0
0.0
0.0
0.0
0.0
0.0
0.0
0.0
0.0
0.0
0.0
0.0
0.0
0.0
0.0
0.0
0.0
0.0
0.0
0.0
0.0
0.0
0.0
0.0
0.0
0.0
0.0
0.0
0.0
0.0
0.0
0.0
0.0
0.0
0.0
0.0
0.0
0.0
0.0
0.0
0.0
0.0
0.0
0.0
0.0
0.0
0.0
0.0
0.0
0.0
0.0
0.0
0.0
0.0
0.0
0.0
0.0
0.0
0.0
0.0
0.0
0.0
0.0
0.0
0.0
0.0
0.0
0.0
0.0
0.0
0.0
0.0
0.0
0.0
0.0
0.0
0.0
0.0
0.0
0.0
0.0
0.0
0.0
0.0
0.0
0.0
0.0
0.0
0.0
0.0
0.0
0.0
0.0
0.0
0.0
0.0
0.0
0.0
0.0
0.0
0.0
0.0
0.0
0.0
0.0
0.0
0.0
0.0
0.0
0.0
0.0
0.0
0.0
0.0
0.0
0.0
0.0
0.0
0.0
0.0
0.0
0.0
0.0
0.0
0.0
0.0
0.0
0.0
0.0
0.0
0.0
0.0
0.0
0.0
0.0
0.0
0.0
0.0
0.0
0.0
0.0
0.0
0.0
0.0
0.0
0.0
0.0
0.0
0.0
0.0
0.0
0.0
0.0
0.0
0.0
0.0
0.0
0.0
0.0
0.0
0.0
0.0
0.0
0.0
0.0
0.0
0.0
0.0
0.0
0.0
0.0
0.0
0.0
0.0
0.0
0.0
0.0
0.0
0.0
0.0
0.0
0.0
0.0
0.0
0.0
0.0
0.0
0.0
0.0
0.0
0.0
0.0
0.0
0.0
0.0
0.0
0.0
0.0
0.0
0.0
0.0
0.0
0.0
0.0
0.0
0.0
0.0
0.0
0.0
0.0
0.0
0.0
0.0
0.0
0.0
0.0
0.0
0.0
0.0
0.0
0.0002661507336724847
0.0002579169954859353
0.0002515238283369636
0.0002462952163349685
0.00023586738545536108
0.0002225138067056043
0.00020711852920831254
0.00018949682996971618
0.00017220174401463265
0.0001556202282522766
0.0001403686121662427
0.00012679100497038712
0.00011463553626540219
0.00010410762497877218
9.498692899867312e-05
8.697359096966759e-05
8.023926683863774e-05
7.386230057325192e-05
6.797108054253928e-05
6.272294692953552e-05
5.7736604005100395e-05
5.30878208978515e-05
4.882908461446239e-05
4.4780250170332314e-05
4.098855094156721e-05
3.746788970569653e-05
3.412759589681692e-05
3.102789043687013e-05
2.816918372373775e-05
2.5460260494413655e-05
2.292248694125556e-05
2.0551581609262718e-05
1.8322555546096293e-05
1.6214078211951744e-05
1.4235857927654374e-05
1.2409243044608391e-05
1.0668692388610796e-05
9.051697525247294e-06
7.606405304697428e-06
6.185579287215941e-06
4.894461175567841e-06
3.8136386532909653e-06
2.780821187093429e-06
8.683205873262682e-06
8.48515095739217e-06
7.951994818025777e-06
7.059712344507661e-06
5.9964520348257465e-06
5.017695969125861e-06
4.082666928512066e-06
3.5471279172949854e-06
3.4651834974818436e-06
3.6320130185632482e-06
4.159388503667896e-06
4.950828652678887e-06
6.1359694854543675e-06
8.4730679389871e-06
1.1741719394876004e-05
1.3437368019267011e-05
6.340746245998472e-08
0.0004
0.0004
0.0004
0.0004
0.0004
0.0004
0.0004
0.0004
0.0004
0.0004
0.0004
0.0004
0.0004
0.0004
0.0004
0.0004
0.0004
0.0004
0.0004
0.0004
0.0004
0.0004
0.0004
0.0004
0.0004
0.0004
0.0004
0.0004
0.0004
0.0004
0.0004
0.0004
0.0004
0.0004
0.0004
0.0004
0.0004
0.0004
0.0004
0.0004
0.0004
0.0004
0.0004
0.0004
0.0004
0.0004
0.0004
0.0004
0.0004
0.0004
0.0004
0.0004
0.0004
0.0004
0.0004
0.0004
0.0004
0.0004
0.0004
0.0004
1.2959233613293881e-08
1.3718166282465942e-08
1.4681224319019344e-08
1.5816589377320584e-08
1.667902650024816e-08
1.743929779706772e-08
1.8118545274379428e-08
1.8758024813359357e-08
1.9396942501199397e-08
2.003351596525268e-08
2.065794131878059e-08
2.126516412203864e-08
2.185933455178149e-08
2.243463898180174e-08
2.2990985603989746e-08
2.3529521708562022e-08
2.4035119966900403e-08
2.45407182252388e-08
2.5038384549464836e-08
2.5515883509298826e-08
2.599338246913282e-08
2.647431458129481e-08
2.69622382194743e-08
2.7450161857653787e-08
2.7964412270396886e-08
2.8522283908015316e-08
2.9080155545633746e-08
2.9698718513563477e-08
3.039992499510858e-08
3.110113147665368e-08
3.1964821394707925e-08
3.301139160619477e-08
3.405796181768161e-08
3.561811598070392e-08
3.765708535579603e-08
3.969605473088814e-08
4.301122807898893e-08
4.73107076828677e-08
5.1610187286746474e-08
6.029127808864092e-08
7.175479956947176e-08
8.321832105030261e-08
1.0259731123663057e-07
1.2607839082808692e-07
1.4955947041954318e-07
1.8049784284351185e-07
2.1584612217021064e-07
2.5556577261848574e-07
3.017020856804272e-07
3.568585698388771e-07
4.301229831826702e-07
5.503025151796553e-07
7.169841734138935e-07
9.56411525335898e-07
1.4076545793136882e-06
1.924701387690719e-06
2.7805070392178316e-06
3.869562631954846e-06
5.098718063175626e-06
2.6204743799922416e-06
0.0
0.0
0.0
0.0
0.0
0.0
0.0
0.0
0.0
0.0
0.0
0.0
0.0
0.0
0.0
0.0
0.0
0.0
0.0
0.0
0.0
0.0
0.0
0.0
0.0
0.0
0.0
0.0
0.0
0.0
0.0
0.0
0.0
0.0
0.0
0.0
0.0
0.0
0.0
0.0
0.0
0.0
0.0
0.0
0.0
0.0
0.0
0.0
0.0
0.0
0.0
0.0
0.0
0.0
0.0
0.0
0.0
0.0
0.0
0.0
0.0
0.0
0.0
0.0
0.0
0.0
0.0
0.0
0.0
0.0
0.0
0.0
0.0
0.0
0.0
0.0
0.0
0.0
0.0
0.0
0.0
0.0
0.0
0.0
0.0
0.0
0.0
0.0
0.0
0.0
0.0
0.0
0.0
0.0
0.0
0.0
0.0
0.0
0.0
0.0
0.0
0.0
0.0
0.0
0.0
0.0
0.0
0.0
0.0
0.0
0.0
0.0
0.0
0.0
0.0
0.0
0.0
0.0
0.0
0.0
0.0
0.0
0.0
0.0
0.0
0.0
0.0
0.0
0.0
0.0
0.0
0.0
0.0
0.0
0.0
0.0
0.0
0.0
0.0
0.0
0.0
0.0
0.0
0.0
0.0
0.0
0.0
0.0
0.0
0.0
0.0
0.0
0.0
0.0
0.0
0.0
0.0
0.0
0.0
0.0
0.0
0.0
0.0
0.0
0.0
0.0
0.0
0.0
0.0
0.0
0.0
0.0
0.0
0.0
0.0
0.0
0.0
0.0
0.0
0.0
0.0
0.0
0.0
0.0
0.0
0.0
0.0
0.0
0.0
0.0
0.0
0.0
0.0
0.0
0.0
0.0
0.0
0.0
0.0
0.0
0.0
0.0
0.0
0.0
0.0
0.0
0.0
0.0
0.0
0.0
0.0
0.0
0.0
0.0
0.0
0.0
0.0
0.0
0.0
0.0
0.0
0.0
0.0
0.0
0.0
0.0
0.0
0.0
0.0
0.0
0.0
0.0
0.0
0.0
0.0
0.0
0.0
0.0
0.0
0.0
0.0
0.0
0.0
0.0
0.0
0.0
0.0
0.0
0.0
0.0
0.0
0.0
0.0
0.0
0.0
0.0
0.0
0.0
0.0
0.0
0.0
0.0
0.0
0.0
0.0
0.0
0.0
0.0
0.0
0.0
0.0
0.0
0.0
0.0
0.0
0.0
0.0
0.0
0.0
0.0
0.0
0.0
0.0
0.0
0.0
0.0
0.0
0.0
0.0
0.0
0.0
0.0
0.0
0.0
0.0
0.0
0.0
0.0
0.0
0.0
2
2
2
2
1
1
259.75995563317815
243.07347031161703
66.25867095077129
-66.2068719939467
0.0
0.0
-66.2393758613664
66.22995216506149
40.0
42.0
6.265115300673023
5.601050757580543
1.0
1.0
2.0
2.0
3.0
3.0
4.0
4.0
5.0
5.0
6.0
6.0
7.0
7.0
8.0
8.0
9.0
9.0
10.0
10.0
11.0
11.0
12.0
12.0
13.0
13.0
14.0
14.0
15.0
15.0
16.0
16.0
17.0
17.0
18.0
18.0
19.0
19.0
20.0
20.0
21.0
21.0
22.0
22.0
23.0
23.0
24.0
24.0
25.0
25.0
26.0
26.0
27.0
27.0
28.0
28.0
29.0
29.0
30.0
30.0
31.0
31.0
32.0
32.0
33.0
33.0
34.0
34.0
35.0
35.0
36.0
36.0
37.0
37.0
38.0
38.0
39.0
39.0
40.0
40.0
41.0
41.0
42.0
42.0
43.0
43.0
44.0
44.0
45.0
45.0
46.0
46.0
47.0
47.0
48.0
48.0
49.0
49.0
50.0
50.0
51.0
51.0
52.0
52.0
53.0
53.0
54.0
54.0
55.0
55.0
56.0
56.0
57.0
57.0
58.0
58.0
59.0
59.0
60.0
60.0
0.0
0.0
0.0
0.0
0.0
0.0
0.0
0.0
0.0
0.0
0.0
0.0
0.0
0.0
0.0
0.0
0.0
0.0
0.0
0.0
0.0
0.0
0.0
0.0
0.0
0.0
0.0
0.0
0.0
0.0
0.0
0.0
0.0
0.0
0.0
0.0
0.0
0.0
0.0
0.0
0.0
0.0
0.0
0.0
0.0
0.0
0.0
0.0
0.0
0.0
0.6
0.0
0.0
0.0
0.0
0.0
0.0
0.0
0.0
0.0
0.0
0.0
0.0
0.0
0.0
0.0
0.0
0.0
0.0
0.0
0.0
0.0
0.0
0.0
0.0
0.0
0.0
0.0
0.0
0.0
0.0
0.0
0.0
0.0
0.0
0.0
0.0
0.0
0.0
0.0
0.0
0.0
0.0
0.0
0.0
0.0
0.0
0.0
0.0
0.0
0.0
0.0
0.0
0.0
0.0
0.0
0.0
0.0
0.0
0.0
0.0
0.0
0.0
0.0
0.0
0.0
0.0
0.0
0.0
0.0
0.0
0.0
0.0
0.0
0.0
0.0
0.0
0.0
0.0
0.0
0.0
0.0
0.0
0.0
0.0
0.0
0.0
0.0
0.0
0.0
0.0
0.0
0.0
0.0
0.0
0.0
0.0
0.0
0.0
0.0
0.0
0.0
0.0
0.0
0.0
0.0
0.0
0.0
0.0
0.0
0.0
0.0
0.0
0.0
0.0
0.0
0.0
0.0
0.0
0.0
3.0
0.0
0.0
0.0
0.0
0.0
0.0
0.0
0.0
0.0
0.0
0.0
0.0
0.0
0.0
0.0
0.0
0.0
0.0
0.0
0.0
0.0
0.0
0.0
0.0
0.0
0.0
0.0
0.0
0.0
0.0
0.0
0.0
0.0
0.0
0.0
0.0
0.0
0.0
0.0
0.0
0.0
0.0
0.0
0.0
0.0
0.0
0.0
0.0
0.0
0.0
0.0
0.0
0.0
0.0
0.0
0.0
0.0
0.0
0.0
0.0
0.0
0.0
0.0
0.0
0.0
0.0
0.0
0.0
0.0
0.0
0.0
0.0
0.0
0.0
0.0
0.0
0.0
0.0
0.0
0.0
0.0
0.0
0.0
0.0
0.0
0.0
0.0
0.0
0.0
0.0
0.0
0.0
0.0
0.0
0.0
0.0
0.0
0.0
0.0
0.0
0.0
0.0
0.0
0.0
0.0
0.0
0.0
0.0
0.0
0.0
0.0
0.0
0.0
0.0
0.0
0.0
0.0
0.0
0.0
0.5
0.0
0.0
0.0
0.0
0.0
0.0
0.0
0.0
0.0
0.0
0.0
0.0
0.0
0.0
0.0
0.0
0.0
0.0
0.0
0.0
0.0
0.0
0.0
0.0
0.0
0.0
0.0
0.0
0.0
0.0
0.0
0.0
0.0
0.0
0.0
0.0
0.0
0.0
0.0
0.0
0.0
0.0
0.0
0.0
0.0
0.0
0.0
0.0
0.0
0.0
0.0
0.0
0.0
0.0
0.0
0.0
0.0
0.0
0.0
0.0
0.0
0.0
0.0
0.0
0.0
0.0
0.0
0.0
0.0
14.999999999999998
60.0
