9.81
6.022e+23
0
0
0
3
0
1
248.22727065391476
2
2
0
0
1
1
0
1
60
7
1000.0
1.0


3
3
0
80.10220330563587
0
5.601050757580543
150.0
350.0
287.04
9.81
79000.0
40.0
20000.0
0.0
0.0
0.0
0.0
0.0280134
0.04401
0.0319988
0.039948
0.01604
0.01801528
0.048
99000.0
2.1153802199668344e+29
0.8
1e-06
1000000.0
0.6
3.0
0.0001
400
48
10.742049691365763
0
1
6
1.0
1
0
1
1
0.02
1000000000000.0
2
248.95503220103396
246.37185110194577
245.5873122380109
244.7914062183472
243.98375992486095
243.1639808979859
242.33165595249082
241.48634966587036
240.62760272238177
239.75493009855077
238.8676718579565
237.96544067082115
237.78685626295842
236.10762602499184
237.1529430065669
234.1807762145248
235.19019989520189
232.1806261812749
233.15201670179866
230.0989009119907
229.0276043750295
229.93248909964535
226.81357087613972
227.51778947048825
226.4307685746401
223.30562122048053
224.0778135408877
220.81918328368707
221.52757605321557
218.20140844962233
218.8381212722854
215.4357859393715
215.9913284459484
212.7609120570502
212.95994032792876
210.86248090743868
209.71181382604684
207.97173178675968
212.61819372941437
208.72781565832767
206.75743683283497
204.6991143006179
202.54361136013355
200.28009438558882
197.89573406133337
195.37517875538956
192.69832247686304
189.8409860199338
187.4050670316696
185.47775826187566
186.35537725692026
188.2979043099272
191.09956312961708
194.43923351972418
198.8674050901882
204.0321299813143
211.41602612253615
221.950725175428
235.43984612380882
241.1879692946902
247.22727065391476
246.53159005797994
245.8265005944293
245.1109343609017
244.3845434079505
243.64696160848106
242.89780334915415
242.13666210075203
241.36310885373283
240.57669040332644
239.77692746635452
238.9633126094345
238.13530796528616
237.29234271042128
236.43381027346152
235.5590652385827
234.6674199029753
233.75814044056364
232.830442616317
231.88348698603767
230.91637350517786
229.92813545658248
228.91773259053159
227.884043350361
226.82585603238098
225.7418586986383
224.6306276237855
223.49061401098535
222.32012865383132
221.1173241483134
219.88017416637473
218.6064491844795
217.29368790853485
215.9391634390561
214.5398429617851
213.0923394067527
211.59285306113952
210.03710050249524
208.51740079314231
206.83761421161086
205.08493259162807
203.2520289140125
201.3303723668983
199.30995213966966
197.17774707918213
194.94041787939724
193.14334894001496
191.52395443516065
192.0557798778413
193.33134020320884
194.92762789213765
196.75305328310623
198.74920121411762
200.91807917884626
203.50736443588244
206.04644704779088
208.9580547063781
212.48974166317822
217.5754850512515
223.18265430411284
991.675
975.0250000000001
958.375
941.7249999999999
925.075
908.425
891.7750000000001
875.125
858.4749999999999
841.825
825.175
808.5250000000001
791.875
775.225
758.575
741.925
725.2750000000001
708.625
691.975
675.325
658.675
642.0250000000001
625.375
608.725
592.075
575.425
558.7750000000001
542.125
525.4750000000001
508.82500000000005
492.17500000000007
475.52500000000003
458.87500000000006
442.2250000000001
425.57500000000005
408.925
392.27500000000003
375.62500000000006
358.9750000000001
342.32500000000005
325.675
309.02500000000003
292.37500000000006
275.7250000000001
259.0750000000001
242.42500000000007
225.77500000000003
209.12500000000006
192.47500000000008
175.8250000000001
159.17500000000007
142.52500000000003
125.87500000000006
109.22500000000008
92.5750000000001
75.92500000000013
59.27500000000009
42.62500000000006
25.97500000000008
9.325000000000045
991.675
975.0250000000001
958.375
941.7249999999999
925.075
908.425
891.7750000000001
875.125
858.4749999999999
841.825
825.175
808.5250000000001
791.875
775.225
758.575
741.925
725.2750000000001
708.625
691.975
675.325
658.675
642.0250000000001
625.375
608.725
592.075
575.425
558.7750000000001
542.125
525.4750000000001
508.82500000000005
492.17500000000007
475.52500000000003
458.87500000000006
442.2250000000001
425.57500000000005
408.925
392.27500000000003
375.62500000000006
358.9750000000001
342.32500000000005
325.675
309.02500000000003
292.37500000000006
275.7250000000001
259.0750000000001
242.42500000000007
225.77500000000003
209.12500000000006
192.47500000000008
175.8250000000001
159.17500000000007
142.52500000000003
125.87500000000006
109.22500000000008
92.5750000000001
75.92500000000013
59.27500000000009
42.62500000000006
25.97500000000008
9.325000000000045
61.30033057554738
184.76601591861836
309.98938792114234
437.0271169120539
565.9387577559958
696.7869524870589
829.6376512452573
964.5603535504574
1101.6283726172983
1240.9191249738008
1382.537945699887
1526.5466580436864
1673.5244257748443
1823.079851236431
1975.460609228611
2130.632021945894
2288.7418526167685
2449.88393308551
2614.064387891464
2782.156392470343
2953.1502984956833
3127.9460082037735
3306.5410012417215
3488.3461205397593
3675.193692958672
3866.458813972538
4062.4340866799603
4263.329073730783
4469.487646795311
4681.1625386286305
4898.762233432408
5122.594559832414
5353.150171996158
5591.22699636994
5837.002100099378
6091.7746418514225
6355.448504674407
6633.189927741312
6924.607245798713
7226.3380169600405
7540.838027084521
7869.37508241947
8213.423489677483
8574.712447009453
8955.289692570968
9357.605561470147
9784.86925097303
10240.940100398942
10733.953299816367
11276.636666500945
11884.00685468889
12575.89673279279
13379.55718103462
14336.681855791037
15514.802443465042
17038.530265911584
19176.14366587432
22652.941972050743
31161.949968930385
56560.69457252452
61.722822187381404
185.92819472275366
311.8134069923207
439.5691200715372
569.2574561338511
700.9437827523319
834.6969465337863
970.5895283626485
1108.6981227138544
1249.1036438282704
1391.8916619317479
1537.1527731292986
1684.9830071309625
1835.4842775799043
1988.7648804735354
2144.940047016158
2304.132558242845
2466.473429941074
2632.1026778087344
2801.1701744740135
2973.836612026091
3150.2745861433364
3330.669820855929
3515.22255656745
3704.149128344692
3897.683766872218
4096.080661124401
4299.616330080309
4508.5923611526705
4723.338586026642
4944.216781116069
5171.625000934712
5406.002679831465
5647.836672791718
5897.668452190814
6156.102738484923
6423.817924529927
6701.578763697242
6990.251943132511
7290.82537316481
7604.432318908128
7932.381921811531
8276.19827915039
8637.670066784089
9018.938079443255
9423.197146312395
9854.667076078895
10320.812794859288
10831.713614425906
11397.85801291213
12032.430005242766
12753.312627021754
13586.004308140384
14569.5643384996
15766.100933645852
17285.863938333707
19358.88599212515
22613.585346484007
30483.979442872518
56560.69457252452
3.521179111399233e+23
3.521179111399233e+23
3.521179111399257e+23
3.521179111399233e+23
3.521179111399233e+23
3.521179111399233e+23
3.521179111399233e+23
3.521179111399257e+23
3.521179111399233e+23
3.521179111399233e+23
3.521179111399233e+23
3.521179111399233e+23
3.521179111399257e+23
3.5211791113992086e+23
3.521179111399257e+23
3.521179111399233e+23
3.521179111399233e+23
3.521179111399257e+23
3.5211791113992086e+23
3.521179111399257e+23
3.521179111399233e+23
3.521179111399233e+23
3.521179111399257e+23
3.5211791113992086e+23
3.521179111399257e+23
3.521179111399233e+23
3.521179111399233e+23
3.521179111399233e+23
3.521179111399233e+23
3.521179111399244e+23
3.521179111399244e+23
3.521179111399233e+23
3.521179111399233e+23
3.521179111399233e+23
3.521179111399257e+23
3.521179111399233e+23
3.521179111399233e+23
3.521179111399233e+23
3.521179111399233e+23
3.521179111399257e+23
3.521179111399233e+23
3.521179111399233e+23
3.521179111399233e+23
3.521179111399233e+23
3.521179111399233e+23
3.521179111399257e+23
3.521179111399233e+23
3.521179111399233e+23
3.521179111399233e+23
3.521179111399233e+23
3.521179111399257e+23
3.521179111399233e+23
3.521179111399233e+23
3.521179111399233e+23
3.521179111399233e+23
3.521179111399233e+23
3.521179111399257e+23
3.521179111399233e+23
3.521179111399233e+23
3.521179111399257e+23
3.521179111399233e+23
3.521179111399233e+23
3.521179111399257e+23
3.521179111399233e+23
3.521179111399233e+23
3.521179111399233e+23
3.521179111399233e+23
3.521179111399257e+23
3.521179111399233e+23
3.521179111399233e+23
3.521179111399233e+23
3.521179111399233e+23
3.521179111399257e+23
3.5211791113992086e+23
3.521179111399257e+23
3.521179111399233e+23
3.521179111399233e+23
3.521179111399257e+23
3.5211791113992086e+23
3.521179111399257e+23
3.521179111399233e+23
3.521179111399233e+23
3.521179111399257e+23
3.5211791113992086e+23
3.521179111399257e+23
3.521179111399233e+23
3.521179111399233e+23
3.521179111399233e+23
3.521179111399233e+23
3.521179111399244e+23
3.521179111399244e+23
3.521179111399233e+23
3.521179111399233e+23
3.521179111399233e+23
3.521179111399257e+23
3.521179111399233e+23
3.521179111399233e+23
3.521179111399233e+23
3.521179111399233e+23
3.521179111399257e+23
3.521179111399233e+23
3.521179111399233e+23
3.521179111399233e+23
3.521179111399233e+23
3.521179111399233e+23
3.521179111399257e+23
3.521179111399233e+23
3.521179111399233e+23
3.521179111399233e+23
3.521179111399233e+23
3.521179111399257e+23
3.521179111399233e+23
3.521179111399233e+23
3.521179111399233e+23
3.521179111399233e+23
3.521179111399233e+23
3.521179111399257e+23
3.521179111399233e+23
3.521179111399233e+23
3.521179111399257e+23
-2.7256266870921855
-1.6562557061118794
-1.4822942266308643
-1.415440112663718
-1.3454040708683774
-1.284814536019689
-1.230782365337089
-1.1771184617732695
-1.1167376742351116
-1.039742776577495
-0.9122801420589616
-0.47864095318005845
-1.9455059697505708
0.3278142831934293
-2.6503319153047973
0.6942322746928544
-2.3714488803219567
0.7167401108025224
-2.2194173485707225
0.28572035056887674
0.32662658464505534
-1.9005140249468047
0.8062213458106418
-1.0882563520127024
-1.0855686507336835
0.9034643318592017
-1.3409867982433774
0.933792573262889
-1.147689725230328
0.979465075331814
-0.9376735499989397
1.0561713752083552
-0.6487963080837021
1.0184543916345397
-0.13921816153635408
0.6426809325335064
0.5492005377875218
1.2545918760627879
3.8839889621425616
-0.6189704759448791
-0.7040999941050056
-0.7521657692683961
-0.8191499629892911
-0.8975303729966427
-0.9149795126144631
-0.874171985289743
-0.6988372580060561
-0.4063753212037835
-0.30246303613259073
-0.18922283321330105
-0.09505361089980098
-0.05394648030571223
-0.037284697163880734
-0.029737859471361247
-0.028060236563579886
-0.02795813965582327
-0.031120602070981464
-0.03292810614268431
-0.027055196281100723
-0.011032825944170205
-1.9452546683642788
-0.24629418988964513
-0.8015950205443022
-0.9204905449638858
-0.985392138789096
-1.0319219027567352
-1.067869375954087
-1.0848386234351568
-1.0881964053871884
-1.0809901158431712
-1.06599634857678
-1.0448002086136974
-1.0147825610591372
-0.9895671665583593
-0.9663516105861005
-0.940305190654794
-0.9259638339113914
-0.9064044382025789
-0.8899311457028093
-0.8821850171313954
-0.8743984501798988
-0.8683891829195156
-0.8683565331841825
-0.8688619204536084
-0.8707064985330633
-0.8788611048144842
-0.8901981320909508
-0.9057434138049749
-0.9298253663641166
-0.9519674688852591
-0.9751860304577916
-1.003282783542046
-1.0271258204372593
-1.0559579323902373
-1.0957130836381668
-1.1193970019876842
-1.1381884273950686
-1.1612060612214798
-1.1520964181920168
-1.1475828257276663
-1.137771873946417
-1.0752087292847632
-1.0075714806972735
-0.9174140955713376
-0.7166282987595923
-0.5086263587394939
-0.18790049874516634
-0.00936308990378574
-0.009657414611920224
-0.0038835011187889215
-0.0014696614786318296
-0.00029264419764973284
0.00038849632938745254
0.0009258691085669013
0.001763223740324307
0.002167953995083621
0.0026550370807158132
0.003280395620794561
0.0042051338327459675
-0.00022141601326865695
0.49699899064184905
-1.0414491225611968
-1.107802754884304
-1.117815788172006
-1.0951419111389775
-1.0676981858638115
-1.0383159078139954
-1.003349641134534
-0.9600789348367371
-0.9019311790312372
-0.7926843793304599
-0.7692355700749189
-0.07351573888482932
-2.304137359706516
0.6391458578408447
-2.3708449851268156
0.8161801684950305
-2.141656246586379
0.7708925367921822
-1.1438834018793216
-1.1756134850486433
0.8089452745450956
-1.7180761746378295
0.4854793543462108
0.5277170047005697
-1.4186771240758276
0.9573023327231809
-1.1699481386331527
1.0183592837374107
-0.9608985636797982
1.0790282118646388
-0.7347287876887094
1.1811110768520408
-0.3503082357042899
0.9606757292001973
0.2910867674060995
0.7448005069674082
1.5254923153000632
2.7933272870193377
-0.815723873393523
-0.7864106289732291
-0.8100236893134252
-0.866252841021165
-0.9416380773295145
-0.9600079814567124
-0.922550707775585
-0.7566577882410712
-0.5439889552483379
-0.16541266962806844
-0.10512066155031619
-0.06233430945324869
-0.033184168832690375
-0.020681610404409412
-0.015879706258502324
-0.015340915162411761
-0.016198306255532202
-0.018574612338582597
-0.017682324421855355
-0.012209100003005346
-0.00823956812719473
-2.1027798192121026
-1.8308001484625436
-0.9672340213414969
-1.1115331238798092
-1.1369696336013533
-1.1571217713257909
-1.170149795793833
-1.1721147276875854
-1.165471852220378
-1.1503636177829435
-1.128083290024989
-1.0995611418934317
-1.0668683452404366
-1.0382410322037146
-1.0114331439435773
-0.984899290200346
-0.9675038911895228
-0.9461897498379983
-0.9274926214935846
-0.9194495017795674
-0.9106499345577106
-0.9031022478040001
-0.9022213445692131
-0.901820498198191
-0.9036187373109072
-0.9100172381112941
-0.9213676827321109
-0.9366406879391036
-0.9595365117930896
-0.9811930635951001
-1.0030679201686894
-1.031291574757816
-1.054649404368277
-1.0820026958262048
-1.1222496299450029
-1.1449898803983984
-1.163613400148705
-1.184722783737982
-1.1763987377563012
-1.1705067016256123
-1.1602667076890896
-1.097351575331004
-1.0299045008941903
-0.9412194958431144
-0.7476824384830252
-0.4840452982194847
-0.27026700000291726
0.029862312106615718
0.0013145779765295629
-0.0011726586202200906
-0.0014807475561156025
-0.0018267318486948625
-0.0022811681319012678
-0.002653087829884271
-0.0030371129894035676
-0.003287189469602936
-0.0033384556585076552
-0.002932102385500457
-0.0023617304354957014
-0.001101765445497449
-0.08453267690457407
-0.08312520783411292
-0.08171773876365176
-0.08031026969319059
-0.07890280062272945
-0.07749533155226827
-0.07608786248180713
-0.07468039341134597
-0.0732729243408848
-0.07186545527042365
-0.07045798619996249
-0.06905051712950133
-0.06764304805904017
-0.06623557898857901
-0.06482810991811787
-0.0634206408476567
-0.06201317177719554
-0.06060570270673439
-0.05919823363627322
-0.05779076456581208
-0.05638329549535091
-0.05497582642488975
-0.053568357354428595
-0.052160888283967435
-0.050753419213506276
-0.04934595014304512
-0.04793848107258396
-0.0465310120021228
-0.045123542931661646
-0.04371607386120049
-0.04230860479073933
-0.04090113572027817
-0.03949366664981701
-0.03808619757935585
-0.03667872850889469
-0.03527125943843354
-0.03386379036797237
-0.03245632129751122
-0.031048852227050065
-0.029641383156588905
-0.028233914086127743
-0.026826445015666587
-0.025418975945205424
-0.024011506874744275
-0.022604037804283113
-0.02119656873382196
-0.019789099663360794
-0.018381630592899635
-0.01697416152243848
-0.015566692451977322
-0.014159223381516168
-0.012751754311055
-0.011344285240593844
-0.009936816170132689
-0.008529347099671533
-0.007121878029210376
-0.005714408958749219
-0.004306939888288053
-0.0028994708178268964
-0.0014920017473657398
0.01532653507152934
0.015071348262588378
0.014816161453647414
0.014560974644706449
0.014305787835765487
0.014050601026824521
0.013795414217883559
0.013540227408942597
0.013285040600001631
0.013029853791060668
0.012774666982119705
0.012519480173178743
0.01226429336423778
0.012009106555296816
0.011753919746355852
0.011498732937414886
0.011243546128473924
0.010988359319532962
0.010733172510591997
0.010477985701651035
0.01022279889271007
0.009967612083769107
0.009712425274828145
0.00945723846588718
0.009202051656946215
0.008946864848005252
0.00869167803906429
0.008436491230123326
0.008181304421182362
0.0079261176122414
0.007670930803300435
0.007415743994359471
0.007160557185418509
0.006905370376477545
0.006650183567536582
0.006394996758595618
0.006139809949654654
0.005884623140713692
0.005629436331772727
0.005374249522831764
0.0051190627138908
0.0048638759049498366
0.004608689096008873
0.00435350228706791
0.004098315478126947
0.0038431286691859843
0.003587941860245019
0.003332755051304056
0.0030775682423630924
0.0028223814334221295
0.002567194624481166
0.0023120078155402014
0.002056821006599238
0.001801634197658275
0.0015464473887173117
0.0012912605797763487
0.0010360737708353855
0.0007808869618944205
0.0005257001529534574
0.0002705133440124942
-16.649999999999977
-16.649999999999977
-16.65000000000009
-16.649999999999977
-16.649999999999977
-16.649999999999977
-16.649999999999977
-16.65000000000009
-16.649999999999977
-16.649999999999977
-16.649999999999977
-16.649999999999977
-16.65000000000009
-16.649999999999864
-16.65000000000009
-16.649999999999977
-16.649999999999977
-16.65000000000009
-16.649999999999864
-16.65000000000009
-16.649999999999977
-16.649999999999977
-16.65000000000009
-16.649999999999864
-16.65000000000009
-16.649999999999977
-16.649999999999977
-16.649999999999977
-16.649999999999977
-16.650000000000034
-16.650000000000034
-16.649999999999977
-16.649999999999977
-16.649999999999977
-16.65000000000009
-16.649999999999977
-16.649999999999977
-16.649999999999977
-16.649999999999977
-16.65000000000009
-16.649999999999977
-16.649999999999977
-16.649999999999977
-16.649999999999977
-16.649999999999977
-16.65000000000009
-16.649999999999977
-16.649999999999977
-16.649999999999977
-16.649999999999977
-16.65000000000009
-16.649999999999977
-16.649999999999977
-16.649999999999977
-16.649999999999977
-16.649999999999977
-16.65000000000009
-16.649999999999977
-16.649999999999977
-16.65000000000009
-16.649999999999977
-16.649999999999977
-16.65000000000009
-16.649999999999977
-16.649999999999977
-16.649999999999977
-16.649999999999977
-16.65000000000009
-16.649999999999977
-16.649999999999977
-16.649999999999977
-16.649999999999977
-16.65000000000009
-16.649999999999864
-16.65000000000009
-16.649999999999977
-16.649999999999977
-16.65000000000009
-16.649999999999864
-16.65000000000009
-16.649999999999977
-16.649999999999977
-16.65000000000009
-16.649999999999864
-16.65000000000009
-16.649999999999977
-16.649999999999977
-16.649999999999977
-16.649999999999977
-16.650000000000034
-16.650000000000034
-16.649999999999977
-16.649999999999977
-16.649999999999977
-16.65000000000009
-16.649999999999977
-16.649999999999977
-16.649999999999977
-16.649999999999977
-16.65000000000009
-16.649999999999977
-16.649999999999977
-16.649999999999977
-16.649999999999977
-16.649999999999977
-16.65000000000009
-16.649999999999977
-16.649999999999977
-16.649999999999977
-16.649999999999977
-16.65000000000009
-16.649999999999977
-16.649999999999977
-16.649999999999977
-16.649999999999977
-16.649999999999977
-16.65000000000009
-16.649999999999977
-16.649999999999977
-16.65000000000009
248.14537785629673
247.37727057824637
246.5983243475948
245.8081928503766
245.0065123082674
244.1929002634041
243.36695425451734
242.52825037241394
241.67634168127643
240.81075648543674
239.93099643361447
239.03624000424819
238.12653405934375
237.1945746813057
236.25257009062764
235.2852086444558
234.30823650654347
233.30405600580997
232.28908907868947
231.24683704685748
230.18285749907358
229.10424397293505
227.99262694830526
226.86640752592376
225.7145668789956
224.52516435621308
223.3179708066975
222.0695489970274
220.80071029229626
219.48633453608443
218.14837508510976
216.75976018141057
215.34370441928192
213.87084519456437
212.36054690904228
210.79122646876476
209.1681882099981
207.48733216404509
209.2371368109305
209.67763998526334
207.74910200695365
205.73688233427794
203.63245694251958
201.42587645330923
199.10542299343012
196.65715580479832
194.0643123815425
191.3034432477453
188.34963946768403
185.98751070160125
186.10307482819877
187.44159646819378
189.77123956397693
192.82285203303056
196.6992175908235
201.49354876091724
207.7685435109764
216.7268439686958
228.73021373762043
238.33733845422782
244.07540927191664
247.22727065391476
246.53584533396946
245.8359094620451
245.12566640686816
244.40477699498993
243.6728845009658
242.92961339605105
242.174567982312
241.4073308992468
240.62746148827358
239.83449399843403
239.02793561432978
238.20726428459398
237.37192632603313
236.52133377486422
235.65486145211358
234.77184370510656
233.8715707808988
232.95328478028324
232.01617513240546
231.05937351972463
230.08194817068588
229.08289742253388
228.06114243858408
227.01551894219273
225.94476780262406
224.84752427470738
223.72230565291844
222.56749704910706
221.38133493861037
220.1618880380712
218.90703497473302
217.61443807428068
216.28151242284378
214.9053891353232
213.4828714683018
212.0103820252584
210.48389877707544
209.32401763587956
207.67750750237659
205.96127340161945
204.1684807528203
202.2912006404554
200.32016225328397
198.2438496094259
196.05908247928969
194.0418834097061
192.3336516875878
191.78986715650097
192.69356004052509
194.12948404767326
195.84034058762194
197.7511272486119
199.83364019648195
202.21272180736435
204.77690574183666
207.5022508770845
210.72389818477816
215.03261335721487
220.37906967768217
225.98623893054352
1000.0
983.35
966.7
950.05
933.4
916.75
900.1
883.45
866.8
850.15
833.5
816.85
800.2
783.55
766.9000000000001
750.25
733.6
716.95
700.3
683.6500000000001
667.0
650.35
633.7
617.05
600.4000000000001
583.75
567.1
550.45
533.8000000000001
517.1500000000001
500.50000000000006
483.85
467.20000000000005
450.55000000000007
433.9000000000001
417.25
400.6
383.95000000000005
367.30000000000007
350.6500000000001
334.0
317.35
300.70000000000005
284.05000000000007
267.4000000000001
250.7500000000001
234.10000000000002
217.45000000000005
200.80000000000007
184.1500000000001
167.5000000000001
150.85000000000002
134.20000000000005
117.55000000000007
100.90000000000009
84.25000000000011
67.60000000000014
50.950000000000045
34.30000000000007
17.65000000000009
1.0
1000.0
983.35
966.7
950.05
933.4
916.75
900.1
883.45
866.8
850.15
833.5
816.85
800.2
783.55
766.9000000000001
750.25
733.6
716.95
700.3
683.6500000000001
667.0
650.35
633.7
617.05
600.4000000000001
583.75
567.1
550.45
533.8000000000001
517.1500000000001
500.50000000000006
483.85
467.20000000000005
450.55000000000007
433.9000000000001
417.25
400.6
383.95000000000005
367.30000000000007
350.6500000000001
334.0
317.35
300.70000000000005
284.05000000000007
267.4000000000001
250.7500000000001
234.10000000000002
217.45000000000005
200.80000000000007
184.1500000000001
167.5000000000001
150.85000000000002
134.20000000000005
117.55000000000007
100.90000000000009
84.25000000000011
67.60000000000014
50.950000000000045
34.30000000000007
17.65000000000009
1.0
0.0
122.60066115109476
246.93137068614197
373.0474051561427
501.0068286679651
630.8706868440265
762.7032181300914
896.5720843604232
1032.5486227404917
1170.7081224941048
1311.1301274534967
1453.945763946277
1599.1475521410957
1747.9012994085929
1898.2584030642693
2052.662815392953
2208.6012284988356
2368.882476734701
2530.8853894363183
2697.2433863466094
2867.069398594076
3039.23119839729
3216.660818010257
3396.4211844731863
3580.2710566063324
3770.1163293110108
3962.801298634065
4162.066874725855
4364.591272735713
4574.38402085491
4787.941056402352
5009.583410462464
5235.605709202365
5470.69463478995
5711.759357949929
5962.244842248829
6221.304441454016
6489.592567894796
6776.787287587827
7072.427204009598
7380.248829910483
7701.427224258559
8037.32294058038
8389.524038774587
8759.900855244321
9150.678529897617
9564.532593042679
10005.205908903381
10476.674291894504
10991.232307738228
11562.04102526366
12205.972684114124
12945.820781471455
13813.293580597783
14860.07013098429
16169.534755945793
17907.525775877373
20444.761555871264
24861.122388230222
37462.77754963055
50064.43271103096
0.0
123.44564437476281
248.4107450707445
375.21606891389695
503.9221712291775
634.5927410385245
767.2948244661393
902.0990686014335
1039.0799881238634
1178.3162573038455
1319.8910303526955
1463.8922935108
1610.4132527477968
1759.5527615141282
1911.4157936456802
2066.113967301391
2223.766126730926
2384.498989754764
2548.447870127384
2715.7574854900854
2886.5828634579416
3061.090360594241
3239.458811692432
3421.8808300194264
3608.5642831154732
3799.7339735739106
3995.633560170525
4196.527762078275
4402.704898082342
4614.479824222998
4832.197347830285
5056.236214401853
5287.013787467571
5524.9915721953585
5770.681773388078
6024.65513099355
6287.550345976296
6560.085503083558
6843.072024310925
7137.431861954096
7444.218884375524
7764.645753440731
8100.118090182331
8452.27846811845
8823.06166544973
9214.81449343678
9631.579799188012
10077.754352969776
10563.871236748799
11099.555992103013
11696.160033721244
12368.699976764288
13137.925277279219
14034.083339001549
15105.04533799765
16427.156529294054
18144.57134737336
20573.200636876936
24653.97005609108
36313.98882965396
47974.007603216916
221.22962624311393
217.84038777335618
215.94116673587138
214.07249569937002
212.19173859401053
210.30866298930422
208.42194223015017
206.5349788703783
204.65973099132606
202.80460963864743
200.97616273884606
199.18458363500332
197.47493141145566
195.73254581657304
194.922686554503
192.70885407467034
191.9592936982494
189.63845880322575
188.80412020656124
186.52986164943192
185.46102893827901
184.0692279821273
181.94127788674933
181.04348837843224
178.92668361651016
177.26839442096716
176.42429437849182
174.44653215548544
173.55080883036302
171.629662810112
170.7250913230656
168.87985136638866
167.97537798841353
166.2087014345807
165.3130061096697
163.80925341311695
162.81035001125878
161.65345651362162
161.4137485757596
396.3266907286535
395.4580402725223
394.5437684069633
393.66461126576286
392.829282553866
392.0474523077071
391.3426289737537
390.7081317683523
390.1517875898159
389.6843306501489
389.4005412810606
389.4337935129171
389.71762491138475
390.21014759399065
390.868118882285
391.6663276380175
392.5957038522478
393.6860764887446
395.0385736443094
396.6816281166695
398.1791369611666
399.3652291934311
258.2028474528413
258.7241531455408
258.4111997600577
257.46702431237026
256.5994407609971
255.70595774919374
254.79105943362373
253.86497699114776
252.9365473941127
252.0092240953094
251.08650700542825
250.17111587873512
249.26361997331648
248.3653651445572
247.47270716928023
246.58496765462706
245.70233398242144
244.82230868460763
243.9489086054806
243.08165121695407
242.21910729720156
241.3636209054969
240.51748779653084
239.6793940215656
238.85270248771468
238.03896037708765
237.2368473989425
236.44991366238946
235.67786581828108
234.9213388981099
234.18464572274118
233.46770372533445
232.7719159170711
232.09951752937914
231.45019789632576
230.82928120051474
230.24010545502938
229.6806032229411
229.1494866296138
228.65584311806333
228.19282129295723
227.75811543498583
227.36384101837766
226.9968010135045
226.65705757603496
226.35836666026023
226.08743431597009
225.91125849015236
225.94469843132907
226.25768482476929
226.7382328196849
227.32281520024878
227.9767996389876
228.6824019812688
229.43591284028332
230.22665559174936
231.04322363738652
231.90942037385122
232.87005291181444
233.99565062568274
235.3384185926913
214.9981176711459
211.5481293340467
209.5860228511689
207.6528660868957
205.7062868112785
203.7561266215613
201.801236329762
199.8451472444145
197.8998875225066
195.9739385764607
194.0739124421027
192.2100439066856
190.4274613885851
188.6115740089112
187.7277775220074
185.4396436770688
184.6155002334998
182.2198590600024
181.3105161271964
178.9610663938975
177.8169035511439
176.3496324272907
174.1460836678363
173.1726000714642
170.9800023618127
169.2458377887065
168.3258021846406
166.2720445200315
165.3002795339842
163.3030570079739
162.3223766479502
160.4010038142907
159.420384447503
157.5775505439948
156.6056960078966
155.0257913025581
153.9507428124218
152.7177202814497
152.4019067066026
108.6320561866542
107.9553165828686
107.0799091777181
106.134064487311
105.1581236504091
104.1780028026066
103.2250159151392
102.3059444584314
101.4363851625448
100.6352303965982
100.004036561347
99.6794541541793
99.59834376481282
99.72186854502135
100.0104205381465
100.4444198176019
101.0654383547726
101.9248070508362
103.2762623308722
105.4462527232954
108.3289370032233
109.6361281345019
211.8348801605721
212.0688742675441
211.4620893378861
210.217650888786
209.0433555206307
207.8363093502473
206.6009411302123
205.3474509872553
204.0846460915736
202.8161676813828
201.5457026559765
200.2762334711956
199.0085984167253
197.7443615046841
196.4802361542602
195.215728197765
193.9511376839282
192.6841349758881
191.4186674873988
190.1542582872607
188.8895373696224
187.6267561390089
186.3681521607888
185.1123863168998
183.8627120553844
182.6205924164408
181.3846381954885
180.1582882796087
178.9411482618961
177.7337571199281
176.540284362277
175.360544405221
174.1958359810307
173.048240558319
171.9173367376397
170.8083317481794
169.7243825299877
168.6633415788904
167.623813286277
166.614683984739
165.6291686085579
164.6649182619109
163.7338239134553
162.8229650675786
161.9324203961183
161.0756868764074
160.2396489802392
159.4912775789008
158.9453827527888
158.6719430589032
158.5591189639902
158.5439774630997
158.594278561234
158.69490779313
158.8466888259994
159.0518103141156
159.3026983835487
159.63992590967
160.1229242228585
160.8307256296562
161.4957752040325
6.231508571968023
6.292258439309474
6.355143884702479
6.419629612474334
6.48545178273203
6.552536367742944
6.620705900388161
6.689831625963794
6.759843468819462
6.830671062186711
6.902250296743347
6.974539728317722
7.047470022870565
7.120971807661859
7.194909032495602
7.269210397601534
7.343793464749599
7.418599743223365
7.493604079364837
7.568795255534415
7.644125387135125
7.719595554836602
7.795194218913017
7.870888306968045
7.946681254697473
8.022556632260663
8.09849219385123
8.17448763545395
8.250529296378817
8.326605802138102
8.40271467511543
8.478847552097948
8.554993540910509
8.631150890585893
8.707310101773084
8.783462110558858
8.859607198836997
8.935736232171923
9.011841869157
287.6946345419993
287.5027236896537
287.4638592292452
287.5305467784519
287.6711589034569
287.8694495051005
288.1176130586145
288.4021873099209
288.7154024272711
289.0491002535507
289.3965047197136
289.7543393587378
290.1192811465719
290.4882790489693
290.8576983441385
291.2219078204156
291.5302654974752
291.7612694379084
291.7623113134372
291.2353753933741
289.8501999579433
289.7291010589292
46.36796729226921
46.65527887799674
46.94911042217155
47.24937342358424
47.55608524036637
47.86964839894646
48.19011830341143
48.51752600389245
48.85190130253909
49.19305641392659
49.54080434945174
49.8948824075395
50.25502155659117
50.62100363987308
50.99247101502001
51.36923945686207
51.75119629849322
52.13817370871954
52.53024111808178
52.9273929296934
53.32956992757918
53.736864766488
54.14933563574203
54.56700770466579
54.98999043233027
55.41836796064687
55.85220920345401
56.29162538278076
56.73671755638497
57.18758177818179
57.64436136046418
58.10715932011345
58.57607993604041
59.05127697106013
59.53286115868608
60.02094945233535
60.51572292504168
61.0172616440507
61.52567334333679
62.04115913332432
62.56365268439934
63.0931971730749
63.63001710492236
64.1738359459259
64.72463717991666
65.28267978385284
65.8477853357309
66.41998091125157
66.99931567854028
67.5857417658661
68.17911385569471
68.77883773714909
69.38252107775358
69.98749418813883
70.58922401428393
71.17484527763375
71.74052525383783
72.26949446418121
72.74712868895594
73.16492499602656
73.84264338865883
243.98002062847678
241.08778114936104
238.1471109893149
235.1706371979293
232.17206430439776
229.19384678855255
226.23942784353466
223.3141485759488
220.435551055762
217.62035076824657
214.88997268941407
212.30570920624075
209.8268214126183
208.01092007885083
204.89692345707425
203.32223683508244
200.20183147353464
198.6971767470061
195.72118190375517
194.21781588341793
192.00509977038575
189.4376853291855
188.11868050835255
185.50281482539765
183.87148941782178
182.74091722697932
180.47814006042816
179.45768017014495
177.39200870638933
176.48922196987579
174.6237519191496
173.85754017433732
172.2183380086734
171.6327725316927
170.3867689710774
169.84369200372478
169.13587536927272
168.723782378603
170.00956675604098
407.71583619595435
406.03146186642954
404.3307793718973
402.64159854138353
400.9400169884656
399.21654866497704
397.5517173495668
395.99466943638987
394.68166746961253
393.6702215746971
393.2210195359807
393.149151106287
393.3706481953013
393.8299867090746
394.46727638696444
395.2496054364385
396.16364073550636
397.23781506574767
398.5717376089738
400.19710975691214
401.6824095014063
402.8602621655435
307.19751578496346
305.6160416584508
303.4722881245052
301.5608786554762
299.5817619802232
297.5513093348185
295.4792892479227
293.3830570096529
291.2825126849304
289.1897175339066
287.1166368262425
285.0731624095244
283.06610536221217
281.1009821882126
279.170083180732
277.2709105221352
275.4033775597291
273.5558483707259
271.7362585417607
269.94150853174085
268.15951511020876
266.3933787839464
264.64414342717623
262.90382830764173
261.17531627559265
259.4579554276548
257.7458252113983
256.0375237921131
254.32883526006574
252.61277182810144
250.89488558913763
249.17487567156206
247.44779628854104
245.72074849648072
243.98942616760118
242.2462598418452
240.51209421596144
238.7889785837245
237.073139206659
235.40309695735235
233.76956843062075
232.17459586496014
230.682969873021
229.28602536725353
228.00506243394085
226.9586890796832
226.20371143717347
225.7572686113529
225.82057086463615
226.13487183605295
226.61424717234843
227.19734880535617
227.84950651224622
228.5528276863957
229.30368545758017
230.09139109605684
230.90467195222448
231.76753023303058
232.7252306686083
233.84846665204122
235.1901328536042
189.7929897130889
186.6646323412039
183.4830539082141
180.2619881503821
177.016086592965
173.7898788922506
170.5872282196983
167.4139721020117
164.2887519573986
161.229295261816
158.2580891533268
155.4379321469668
152.7289911785266
150.6895153824756
147.3570629152862
145.5682919042027
142.2375154197776
140.5247347641852
137.3434398404108
135.6376987750974
133.2248784960781
130.4603206199012
128.9473105260412
126.1401736598424
124.320986289417
123.0061100245118
120.5621672198655
119.3641771545243
117.1247956431063
116.0516596358991
114.0201171289642
113.0919987732512
111.2950744589487
110.556506400736
109.162229995057
108.4752924762729
107.6288709832736
107.0829637655699
108.2391531616803
42.60450831505691
39.21851463427114
35.83994188115761
32.51867567586729
29.21838627484806
25.94532195116213
22.84540326560059
19.97198877457419
17.48840735502711
15.4397370783742
14.05488305597079
13.14706918513448
12.60780742862464
12.34995422932256
12.29282592040256
12.37060929532813
12.47306967107029
12.57026283989255
12.46431006294091
11.47736365087845
7.253934685597168
0.0
151.6003105231578
148.9090114244392
145.6279691896168
142.5542552842212
139.3909410648314
136.1634463168622
132.8870332678259
129.5848431436046
126.2834020016992
122.9977025130636
119.7423792610808
116.5277142310761
113.3597551722249
110.2435376245142
107.1648953111003
104.1180426433093
101.1006452174317
98.0949053565017
95.11121651495922
92.14557893410142
89.18096626768335
86.22258903654937
83.2717463407077
80.31779120885555
77.36617977453527
74.41708251913748
71.46338515683821
68.50597068220691
65.54172219031275
62.56339536916013
59.58175709113883
56.59710884512778
53.60408486980245
50.61651718869291
47.63102514429837
44.6405811989578
41.67723611938184
38.74113705296798
35.82576941896322
32.98277163628384
30.19431278416615
27.46067122720154
24.86865057764891
22.39924482910113
20.07595505319735
18.0410311366192
16.33544472659808
14.97869395939663
14.15746655959875
13.59570192578486
13.19670275182311
12.88103886622288
12.5879494041909
12.27503409330889
11.90106743239207
11.36949651956473
10.60984405920726
9.487707453894672
7.808152435683907
4.971151464306134
0.0
54.18703091538788
54.42314880815712
54.66405708110083
54.90864904754718
55.15597771143277
55.40396789630192
55.65219962383635
55.90017647393709
56.14679909836339
56.39105550643057
56.63188353608726
56.86777705927396
57.0978302340917
57.32140469637523
57.53986054178804
57.75394493087971
57.96431605375703
58.17244198282089
58.37774206334436
58.58011710832052
58.78022127430766
58.97736470928429
59.17136998231134
59.36264116555524
59.55050312840479
59.73480720246751
59.91597284056267
60.09350301562064
60.26721306328304
60.43756233397668
60.60363479018542
60.76554140108611
60.9232635497247
61.0762661309567
61.2245389760204
61.36839952745189
61.50700438599912
61.6408186130331
61.77041359436068
365.1113278808974
366.8129472321584
368.4908374907397
370.1229228655162
371.7216307136175
373.2712267138149
374.7063140839662
376.0226806618157
377.1932601145854
378.2304844963229
379.1661364800099
380.0020819211525
380.7628407666767
381.480032479752
382.1744504665619
382.8789961411104
383.6905710644361
384.6675522258551
386.1074275460329
388.7197461060337
394.4284748158091
402.8602621655435
155.5972052618057
156.7070302340116
157.8443189348884
159.006623371255
160.1908209153918
161.3878630179563
162.5922559800968
163.7982138660483
164.9991106832312
166.192015020843
167.3742575651617
168.5454481784483
169.7063501899873
170.8574445636984
172.0051878696317
173.1528678788259
174.3027323422974
175.4609430142242
176.6250420268015
177.7959295976394
178.9785488425254
180.170789747397
181.3723970864685
182.5860370987862
183.8091365010574
185.0408729085173
186.2824400545601
187.5315531099062
188.787113069753
190.0493764589413
191.3131284979988
192.5777668264343
193.8437114187386
195.1042313077878
196.3584010233028
197.6056786428874
198.8348580965796
200.0478415307565
201.2473697876958
202.4203253210685
203.5752556464546
204.7139246377586
205.8143192953721
206.8867805381524
207.9291073807435
208.917657943064
209.8682667105754
210.7785746519563
211.6631043050374
212.5391699102681
213.4175444205253
214.3163099391333
215.2615571080553
216.2777935930868
217.4026180251881
218.7218945764921
220.2948278930172
222.2798227791359
224.9170782329244
228.8773151877351
235.1901328536042
22.75039438536291
23.24739337600476
22.205944253443562
21.098141498559258
19.980325710387252
18.885183799248274
17.817485613384463
16.779169705570467
15.775820064435933
14.815741129599196
13.913809950567959
13.1211255712375
12.35189000116258
12.278374262277751
9.974236902571235
10.61338276041208
8.242537775285264
9.058717943780294
6.917061697193915
7.687954233986098
6.544070832106776
5.368457347058133
6.177402621603228
4.459326446965399
4.94480580131161
5.472522806012179
4.053845681936352
5.011148014659533
3.84119987602638
4.859559159763791
3.8986605960839924
4.977688807948631
4.242960020259922
5.424071097111963
5.073762861407673
6.03443859060787
6.325525358013969
7.070325864981378
8.59581818028144
11.389145467300779
10.573421593907256
9.787010964934026
8.976987275620601
8.110734434599436
7.169096357269922
6.209088375813209
5.286537668037624
4.529879879796553
3.9858909245482153
3.820478254920147
3.7153575933698306
3.653023283916582
3.6198391150838916
3.599157504679482
3.58327779842098
3.567936883258568
3.551738577003036
3.5331639646644533
3.515481640242598
3.5032725402395926
3.495032972112398
48.99466833212212
46.891888512910015
45.06108836444747
44.093854343105974
42.982321219226165
41.84535158562481
40.68822981429902
39.51808001850519
38.3459652908176
37.180493438597225
36.03012982081428
34.90204653078929
33.80248538889586
32.735617043655424
31.69737601145171
30.685942867508132
29.701043577307786
28.733539686118263
27.787349936280265
26.85985731478668
25.940407813007113
25.029757878449402
24.126655630645402
23.22443428607619
22.322613787877998
21.41899505056709
20.508977812455797
19.587610129723686
18.650969441784582
17.691432929991493
16.710239866396392
15.707171946227703
14.675880371469887
13.62123096710161
12.539228271275405
11.416978641330402
10.271988760932004
9.108375360783299
7.923652577045317
6.747253839289016
5.5767471376634035
4.416480429974314
3.31912885464331
2.2892243537491197
1.3480048579060053
0.6003224194229801
0.11627712120349543
-0.15398987879942183
-0.12412756669280611
-0.12281298871627655
-0.12398564733649664
-0.12546639489261224
-0.1272931267413071
-0.12957429487320837
-0.13222738270309264
-0.1352644956924962
-0.13855168516209915
-0.1418901408206068
-0.14482224320610726
-0.14718397364160296
-0.1482857390871004
25.20512795805695
24.88349699284288
26.10296894295479
27.39087793651359
28.69020021831349
29.96624772931071
31.21400811006373
32.43117514240282
33.61113556510799
34.74464331464466
35.81582328877596
36.77211175971874
37.69847021005856
37.92205862643562
40.37071460672121
39.87135177286609
42.37798481372218
41.69512429581724
43.96707628678561
43.32336761880001
44.59202505506576
45.88931180738956
45.1987731417951
47.03242641162179
46.6590160723957
46.23972776419467
47.7636349647751
46.90786736550716
48.17548389087785
47.25139737207478
48.302259518986
47.30900504103954
48.12530998855427
47.02104414325885
47.44346601283965
46.55049882628516
46.32187182914815
45.63475651587979
44.16275354492224
66.0275478715973
68.73680194859747
71.23996729656054
73.61538881144372
75.93973737556107
78.23268085144448
80.37961264953859
82.33395568385721
83.94797780751772
85.19549331822398
85.94915350537622
86.53238496904483
86.99053633618819
87.3719143156988
87.71759461774398
88.07381052227382
88.59236868370235
89.35454421094363
90.81195226793126
93.96888907241694
101.0750023176262
109.6361281345019
60.23456963741438
63.15986284310489
65.83412014826934
67.66339560456483
69.65241445579923
71.67286303338508
73.71390786238638
75.76260784365061
77.8012440898745
79.81846516831918
81.80332339489571
83.7485192401195
85.64884324450034
87.50082388016988
89.31534084315999
91.09768555445567
92.85049246649642
94.58922961938644
96.30745097243954
98.00867935315932
99.70857110193909
101.4041671024596
103.0964058200811
104.7945951080442
106.4965322808491
108.2035098973033
109.9212530386503
111.6523175974018
113.3994260715834
115.170361750768
116.9585272711382
118.7634355600932
120.5917511112283
122.4317233696261
124.2863115933413
126.1677505492216
128.0471464106059
129.9222045259225
131.7980438673138
133.6319123484552
135.4348558243918
137.2042470347094
138.8651733358064
140.4237202384774
141.8564653429209
143.0346557397882
143.9042042536411
144.5125836195041
144.78791619319
145.0762411331183
145.3624162121671
145.6629385968768
146.0063291570431
146.4198736998211
146.9456213936073
147.6823137945509
148.6928543243415
150.1522184557753
152.3147717871746
155.8595741653501
161.4957752040325
47.95552234341986
48.13089036884764
48.30891319639835
48.48901943507285
48.67052592870074
48.85143152855898
49.03149372344819
49.21034484797329
49.38695562954393
49.56038444424386
49.72963323934392
49.89323733095624
50.05036021122114
50.20043288871337
50.34495150929244
50.48473453327817
50.62052258900744
50.75384223959753
50.88413798397953
51.01132185278611
51.13609588717254
51.25776915444769
51.37617576339833
51.49175285858719
51.60382187370731
51.71225057020685
51.81748064671145
51.91901538016669
52.01668376690423
52.11095653183857
52.20092011506999
52.28669384898817
52.36827000881419
52.44511524037081
52.51722887424732
52.58493741689303
52.64739718716212
52.70508238086117
52.75857172520368
77.41669333889809
79.31022354250473
81.02697826149456
82.59237608706432
84.0504718101605
85.4017772087144
86.5887010253518
87.62049335189484
88.47785768731427
89.1813842427722
89.76963176029636
90.24774256241466
90.64355962010477
90.9917534307827
91.31675212242347
91.6570883206948
92.16030556696091
92.90628278794667
94.34511623259571
97.48437071265954
104.5782748578658
113.1311611066143
109.2292379695365
110.0517513560149
110.8952085127168
111.7572499476708
112.6347356750254
113.5182146190099
114.4021376766854
115.2806878621558
116.1472093806921
116.9989586069164
117.83345321571
118.6505657709088
119.4513286333962
120.2364409238253
121.0127168546117
121.7836284219638
122.5515360438042
123.3227693055047
124.0948009087198
124.868536667946
125.6489789149462
126.433924980909
127.2230614507265
128.0190293941204
128.8191460687271
129.6225049478704
130.4302308511061
131.2399277271255
132.050395513368
132.8617946807595
133.6687671375346
134.4706075063209
135.2676314826982
136.0529543367277
136.8255398646167
137.584729190552
138.3191351715379
139.0305798867058
139.7216964443591
140.3791661877442
141.0116029620552
141.6207274646837
142.1843021904497
142.7129445922265
143.2044702008269
143.6349781592112
144.0204813748446
144.3585937407047
144.6637886264972
144.953428144402
145.2384305648306
145.5374722019842
145.8790360303018
146.2902994049479
146.8133940109042
147.5470492988584
148.5543026391794
150.0103283149547
152.1699495439685
155.7123901917085
161.3474894649454
0.5798106932054174
-0.1901969213235078
-0.21544320505889425
-0.21339645475384272
-0.19856928284655867
-0.1840157526119819
-0.17124239736638863
-0.1584927004254572
-0.14245016028813962
-0.11962449407909653
-0.07023803574522991
-0.06336431223878886
0.28468097913077783
-0.8468730161606917
0.6436836289865411
-0.8804819450674977
0.7367947347278184
-0.7595174578404186
0.7182313387781425
-0.24705039295640435
-0.25926937860289445
0.7497582796639075
-0.525371482277685
0.5946869365358467
0.6195690678337584
-0.36251460934787905
0.8438736673331868
-0.23130460462273145
0.8793424228263313
-0.12328247868396836
0.9095335312690854
-0.00951339349838548
0.9573927578162498
0.17761559136131438
0.8371166755081441
0.4880434107038888
0.7086459433864849
1.0959158622152287
-10.742049691365763
-1.0517804375079156
-0.9592051131725482
-0.9175853869857702
-0.9094206827287821
-0.9123256495167464
-0.8692925509060863
-0.7945503263416744
-0.6461859599070892
-0.477221742235192
-0.2349508714200589
-0.15097303329463002
-0.0804997322984996
-0.02005880762678769
0.033350739959539105
0.08469606404465321
0.10918726296377002
0.12446042139000496
-0.00023785662641417904
-0.5044897435138631
-1.8040010407753921
-1.480346272744653
0.0
-1.064871008766479
-0.9270970544377994
-0.4896644275016103
-0.5627521119713382
-0.5756346988231844
-0.5858423268769796
-0.5924431873136655
-0.5934423144392138
-0.5900821545514192
-0.5824347798110592
-0.5711545271124778
-0.5567122442405106
-0.540157158668295
-0.5256592201631818
-0.5120817819793771
-0.4986424023887147
-0.4898299626960965
-0.4790333442410739
-0.4695620476030644
-0.4654857938843681
-0.46102707227048634
-0.4572025718289868
-0.4567541938778724
-0.45654983359155277
-0.4574596755977616
-0.46069935533606143
-0.4664481302903763
-0.47418420172537473
-0.48578144891581065
-0.4967526625571842
-0.507834679267157
-0.5221324860200925
-0.5339677669488643
-0.5478272193860909
-0.5682179661781728
-0.579744575789978
-0.5891853373786191
-0.5998844405906043
-0.5956787021945117
-0.5927021272629487
-0.5875226118132706
-0.5556683410656238
-0.5215151100619584
-0.47660481123822684
-0.3785908367060761
-0.2450636108227806
-0.13679240606584128
0.015223231323035408
0.0007578566278083898
-0.0005034890360456068
-0.0006550887333111044
-0.0008168388550537919
-0.001024893432734375
-0.0011777713195875728
-0.0013054290180330996
-0.0013452191492234755
-0.001228677378644516
-0.0007994148071970297
-7.138004288198552e-05
0.0012313709360562974
0.0
0.1629174367591616
-0.6177055874570304
-0.652371365642662
-0.6581525990012026
-0.6463631060405143
-0.6320346760972423
-0.61653806524648
-0.5976916041539515
-0.5741616855151075
-0.5425904672364613
-0.4843938654496213
-0.4692332535491536
-0.1132554250830456
-1.240330686280803
0.2529449017768494
-1.269698113924737
0.3458929558199149
-1.150823878422536
0.3260611618600535
-0.642619772335352
-0.6571215314717634
0.3497822086466816
-0.9288101051662943
0.1891455173962888
0.21238432807529
-0.771912787725987
0.4334764957767026
-0.6420925142251042
0.4680824400315198
-0.5322987705740893
0.5031184528171716
-0.413487269717353
0.5593496288408732
-0.2139715875220911
0.4523193998024046
0.1158076440889809
0.3480481598565717
0.7456214633148305
-11.07529010646493
-1.372332820816547
-1.267941605072352
-1.203234844536054
-1.177364592208341
-1.161456806486078
-1.087496737789003
-0.9899437309694148
-0.8175591771281507
-0.6319106407751796
-0.3817554873690403
-0.2954273231588254
-0.2320698392116074
-0.1931814084408855
-0.1750992747537558
-0.180435929296245
-0.2626680127463721
-0.3860688076972592
-0.7382286242201253
-1.599099924521103
-3.599497189144316
-4.336512415493816
0.0
-1.481764265212735
-1.354605720571322
-0.926592588085378
-1.007508256218698
-1.02342852201714
-1.03386125036224
-1.037738855193757
-1.032641218167708
-1.021793679778387
-1.005400752968424
-0.9853103568168693
-0.9625811855508754
-0.9380935628821184
-0.9191168902832931
-0.9028205091890688
-0.887858571245954
-0.880731741604
-0.8703397648231913
-0.8617322245211534
-0.8610551732633157
-0.8588792251393553
-0.8571786428462127
-0.8601928167664816
-0.8620912527311106
-0.86464441535623
-0.8700975337141694
-0.8768453018468605
-0.8849721113277474
-0.8970414317106222
-0.9057689544473051
-0.9142497577190708
-0.9261063622390601
-0.9320108959242409
-0.9394143982694965
-0.9530152418839123
-0.9519803424048858
-0.9497831209085323
-0.9501788394910026
-0.9289191172936784
-0.9132545105715801
-0.8962591037130744
-0.8413177986159075
-0.7894590195415173
-0.7257359682075584
-0.5967950235889928
-0.440457015450521
-0.3081656232869029
-0.1394656672169522
-0.146046759321173
-0.144957778900241
-0.1522251956464189
-0.1739394396691516
-0.2094749081460293
-0.2663097646604858
-0.3731607047281752
-0.5118744482364876
-0.7392194449723556
-1.095409595814437
-1.795567528411806
-2.854934771813107
0.0
0.4168932564462559
0.4275086661335226
0.4369281605837677
0.4447561442473599
0.4477938231939556
0.4480189234852604
0.4452956678800914
0.4391989037284943
0.4317115252269679
0.4229659731573648
0.4141558297043914
0.4058689413103647
0.3979364042138234
0.3934576701201113
0.3907387272096916
0.3892161688572393
0.3909017789079035
0.3913064205821174
0.392170176918089
0.3955693793789476
0.397852152868869
0.3999760710172259
0.4034386228886092
0.4055414191395579
0.4071847397584685
0.409398178378108
0.4103971715564842
0.4107879096023727
0.4112599827948116
0.4090162918901209
0.4064150784519138
0.4039738762189675
0.3980431289753766
0.3915871788834055
0.3847972757057395
0.3722357666149079
0.3605977835299132
0.3502943989003983
0.3332404150991667
0.3205523833086314
0.3087364918998038
0.2856494575502837
0.267943909479559
0.2491311569693315
0.2182041868829168
0.1953934046277404
0.1713732172210616
0.1546888985399876
0.1468046159489814
0.1444542898641954
0.1515701069131078
0.1731226008140978
0.2084500147132949
0.2651319933408982
0.3718552757101421
0.5105292290872642
0.7379907675937111
1.09461018100724
1.795496148368924
2.856166142749163
0.0
0.4168932564462559
0.4275086661335226
0.4369281605837677
0.4447561442473599
0.4477938231939556
0.4480189234852604
0.4452956678800914
0.4391989037284943
0.4317115252269679
0.4229659731573648
0.4141558297043914
0.4058689413103647
0.3979364042138234
0.3934576701201113
0.3907387272096916
0.3892161688572393
0.3909017789079035
0.3913064205821174
0.392170176918089
0.3955693793789476
0.397852152868869
0.3999760710172259
0.4034386228886092
0.4055414191395579
0.4071847397584685
0.409398178378108
0.4103971715564842
0.4107879096023727
0.4112599827948116
0.4090162918901209
0.4064150784519138
0.4039738762189675
0.3980431289753766
0.3915871788834055
0.3847972757057395
0.3722357666149079
0.3605977835299132
0.3502943989003983
0.3332404150991667
0.3205523833086314
0.3087364918998038
0.2856494575502837
0.267943909479559
0.2491311569693315
0.2182041868829168
0.1953934046277404
0.1713732172210616
0.1546888985399876
0.1468046159489814
0.1444542898641954
0.1515701069131078
0.1731226008140978
0.2084500147132949
0.2651319933408982
0.3718552757101421
0.5105292290872642
0.7379907675937111
1.09461018100724
1.795496148368924
2.856166142749163
0.0
1.0
1.0
1.0
1.0
1.0
1.0
1.0
1.0
1.0
1.0
1.0
1.0
1.0
1.0
1.0
1.0
1.0
1.0
1.0
1.0
1.0
1.0
1.0
1.0
1.0
1.0
1.0
1.0
1.0
1.0
1.0
1.0
1.0
1.0
1.0
1.0
1.0
1.0
0.0
0.0
1.0
1.0
0.0
1.0
1.0
1.0
1.0
1.0
1.0
0.0
0.0
0.0
0.0
0.0
0.0
0.0
0.0
0.0
0.0
0.0
0.0
1.0
1.0
1.0
1.0
1.0
1.0
1.0
1.0
1.0
1.0
1.0
1.0
1.0
1.0
1.0
1.0
1.0
1.0
1.0
1.0
1.0
1.0
1.0
1.0
1.0
1.0
1.0
1.0
1.0
1.0
1.0
1.0
1.0
1.0
1.0
1.0
1.0
1.0
0.0
0.0
0.0
0.0
0.0
0.0
0.0
0.0
0.0
0.0
0.0
0.0
0.0
0.0
0.0
0.0
0.0
0.0
0.0
0.0
0.0
0.0
0.0
1.0
1.0
1.0
1.0
1.0
1.0
1.0
1.0
1.0
1.0
1.0
1.0
1.0
1.0
1.0
1.0
0.7015986081859769
0.7015986081859769
0.7015986081859769
0.7015986081859769
0.7015986081859769
0.7015986081859769
0.7015986081859769
0.7015986081859769
0.7015986081859769
0.7015986081859769
0.7015986081859769
0.7015986081859769
0.7015986081859769
0.7015986081859769
0.7015986081859769
0.7015986081859769
0.7015986081859769
0.7015986081859769
0.7015986081859769
0.7015986081859769
0.7015986081859769
0.7015986081859769
0.7015986081859769
0.7015986081859769
0.7015986081859769
0.7015986081859769
0.7015986081859769
0.7015986081859769
0.7015986081859769
1.0
1.0
1.0
1.0
1.0
1.0
1.0
1.0
1.0
1.0
1.0
1.0
1.0
1.0
1.0
1.0
1.0
1.0
1.0
1.0
1.0
1.0
1.0
1.0
1.0
1.0
1.0
1.0
1.0
0.012713954004375586
0.012522643316805774
0.012241180006835217
0.011870308005544427
0.01135040266031158
0.010807615946805646
0.010242417305406388
0.009627244491207885
0.008979260998492836
0.008306093871310167
0.007603293920370283
0.0069122527476502965
0.006252357025018315
0.005701225607961229
0.0052255857915459785
0.004805950185013031
0.004468973961144485
0.004131997737275937
0.0038109840341600974
0.0035305558891282635
0.00325012774409643
0.0029850657439348524
0.0027512965008038796
0.0025175272576729076
0.00229981876900209
0.0021087215835990263
0.0019176243981959642
0.0017410619733969394
0.0015842915630374572
0.0014275211526779757
0.0012836469802999441
0.001154287935352099
0.0010249288904042534
0.0009090354256542688
0.0008056959447637976
0.0007023564638733273
0.0006122852173578464
0.0005324474494826503
0.00045260968160745426
0.0003851992836228362
0.0003256805706096482
0.0002661618575964602
0.0002166170653874699
0.00017224112879281296
0.00012786519219815638
9.253792268836469e-05
6.333616885667669e-05
4.20429840806223e-05
2.7624225201019283e-05
1.7049318260112626e-05
1.0628768167837769e-05
6.782626702029576e-06
4.202743077801144e-06
2.924316786566879e-06
2.568634166351592e-06
2.3954756135574008e-06
2.4150621409845113e-06
2.474259716154873e-06
2.722521816921607e-06
3.959857006500464e-06
0.0004
0.0004
0.0004
0.0004
0.0004
0.0004
0.0004
0.0004
0.0004
0.0004
0.0004
0.0004
0.0004
0.0004
0.0004
0.0004
0.0004
0.0004
0.0004
0.0004
0.0004
0.0004
0.0004
0.0004
0.0004
0.0004
0.0004
0.0004
0.0004
0.0004
0.0004
0.0004
0.0004
0.0004
0.0004
0.0004
0.0004
0.0004
0.0004
0.0004
0.0004
0.0004
0.0004
0.0004
0.0004
0.0004
0.0004
0.0004
0.0004
0.0004
0.0004
0.0004
0.0004
0.0004
0.0004
0.0004
0.0004
0.0004
0.0004
0.0004
1.162045634587232e-08
1.820430393861804e-08
2.3397995420096767e-08
2.725212375375048e-08
2.960057246018744e-08
3.1556832458202534e-08
3.319749498422714e-08
3.464152348962763e-08
3.592600138599948e-08
3.705020883204817e-08
3.780025092524557e-08
3.837559316289666e-08
3.8829381782503677e-08
3.913902643840657e-08
3.937410144042347e-08
3.955735715982691e-08
3.967034486289783e-08
3.978333256596876e-08
3.9893025990365636e-08
3.999434353600619e-08
4.009566108164673e-08
4.022175415018773e-08
4.0398301931018384e-08
4.0574849711849056e-08
4.077639849341144e-08
4.101937180544153e-08
4.126234511747164e-08
4.152830315333734e-08
4.182555953655365e-08
4.2122815919769966e-08
4.2490072217123994e-08
4.2936115651879853e-08
4.338215908663571e-08
4.392681279327238e-08
4.456340102804553e-08
4.519998926281867e-08
4.592997988028456e-08
4.6732009569508185e-08
4.753403925873179e-08
4.8485534159784347e-08
4.9531943139707e-08
5.057835211962966e-08
5.2002938603837294e-08
5.362351069436888e-08
5.5244082784900455e-08
5.751180313026143e-08
6.028929328200166e-08
6.387341799947444e-08
6.840970116114401e-08
7.370642590357204e-08
8.017592488363205e-08
9.04862884477832e-08
1.0938081657783701e-07
1.4422883304751184e-07
3.6525748107579245e-07
6.672230955892941e-07
1.5515058449280014e-06
3.6506609890247675e-06
7.375069553347444e-06
2.758957962742941e-06
0.0
0.0
0.0
0.0
0.0
0.0
0.0
0.0
0.0
0.0
0.0
0.0
0.0
0.0
0.0
0.0
0.0
0.0
0.0
0.0
0.0
0.0
0.0
0.0
0.0
0.0
0.0
0.0
0.0
0.0
0.0
0.0
0.0
0.0
0.0
0.0
0.0
0.0
0.0
0.0
0.0
0.0
0.0
0.0
0.0
0.0
0.0
0.0
0.0
0.0
0.0
0.0
0.0
0.0
0.0
0.0
0.0
0.0
0.0
0.0
0.0
0.0
0.0
0.0
0.0
0.0
0.0
0.0
0.0
0.0
0.0
0.0
0.0
0.0
0.0
0.0
0.0
0.0
0.0
0.0
0.0
0.0
0.0
0.0
0.0
0.0
0.0
0.0
0.0
0.0
0.0
0.0
0.0
0.0
0.0
0.0
0.0
0.0
0.0
0.0
0.0
0.0
0.0
0.0
0.0
0.0
0.0
0.0
0.0
0.0
0.0
0.0
0.0
0.0
0.0
0.0
0.0
0.0
0.0
0.0
0.0
0.0
0.0
0.0
0.0
0.0
0.0
0.0
0.0
0.0
0.0
0.0
0.0
0.0
0.0
0.0
0.0
0.0
0.0
0.0
0.0
0.0
0.0
0.0
0.0
0.0
0.0
0.0
0.0
0.0
0.0
0.0
0.0
0.0
0.0
0.0
0.0
0.0
0.0
0.0
0.0
0.0
0.0
0.0
0.0
0.0
0.0
0.0
0.0
0.0
0.0
0.0
0.0
0.0
0.0
0.0
0.0
0.0
0.0
0.0
0.0
0.0
0.0
0.0
0.0
0.0
0.0
0.0
0.0
0.0
0.0
0.0
0.0
0.0
0.0
0.0
0.0
0.0
0.0
0.0
0.0
0.0
0.0
0.0
0.0
0.0
0.0
0.0
0.0
0.0
0.0
0.0
0.0
0.0
0.0
0.0
0.0
0.0
0.0
0.0
0.0
0.0
0.0
0.0
0.0
0.0
0.0
0.0
0.0
0.0
0.0
0.0
0.0
0.0
0.0
0.0
0.0
0.0
0.0
0.0
0.0
0.0
0.0
0.0
0.0
0.0
0.0
0.0
0.0
0.0
0.0
0.0
0.0
0.0
0.0
0.0
0.0
0.0
0.0
0.0
0.0
0.0
0.0
0.0
0.0
0.0
0.0
0.0
0.0
0.0
0.0
0.0
0.0
0.0
0.0
0.0
0.0
0.0
0.0
0.0
0.0
0.0
0.0
0.0
0.0
0.0
0.0
0.0
0.0
0.0
0.0
0.0
0.0
0.0
0.0
0.0
0.0
0.0
0.0
0.0
0.003570119022669338
0.0034996041578075655
0.003409540347023282
0.003299771279415631
0.003151251770058267
0.0029839708546992886
0.0028011180721289387
0.002604291313674109
0.0024083964683669027
0.0022150455849895105
0.0020336640534813193
0.0018666491438649583
0.0017126801861556545
0.001583721655396795
0.0014696337966006803
0.001366684215309443
0.0012803628962826381
0.0011940415772558322
0.0011119462292084807
0.0010405956371620795
0.0009692450451156782
0.0009009175021233207
0.0008387463204264312
0.0007765751387295417
0.0007168764676946636
0.0006612745364002989
0.0006056726051059345
0.0005525506983162698
0.0005028058461713033
0.00045306099402633686
0.0004067486529023704
0.000364299712480764
0.00032185077205915737
0.00028328669611704324
0.00024834448609198
0.00021340227606691685
0.00018270909280556347
0.00015529308444175237
0.00012787707607794126
0.00010572038238966507
8.690348263609823e-05
6.808658288253137e-05
5.376356942586015e-05
4.17694544908324e-05
2.9775339555804754e-05
2.1103949537266697e-05
1.4453040429115102e-05
9.93672573768964e-06
6.927207350205891e-06
4.764876598171457e-06
3.525337907350755e-06
2.8814058790235313e-06
2.5001055366884254e-06
2.35643836583194e-06
2.312563767431987e-06
2.298500334632782e-06
2.429364117616755e-06
2.7212248126938336e-06
3.176123844993294e-06
4.107939098779703e-06
0.0004
0.0004
0.0004
0.0004
0.0004
0.0004
0.0004
0.0004
0.0004
0.0004
0.0004
0.0004
0.0004
0.0004
0.0004
0.0004
0.0004
0.0004
0.0004
0.0004
0.0004
0.0004
0.0004
0.0004
0.0004
0.0004
0.0004
0.0004
0.0004
0.0004
0.0004
0.0004
0.0004
0.0004
0.0004
0.0004
0.0004
0.0004
0.0004
0.0004
0.0004
0.0004
0.0004
0.0004
0.0004
0.0004
0.0004
0.0004
0.0004
0.0004
0.0004
0.0004
0.0004
0.0004
0.0004
0.0004
0.0004
0.0004
0.0004
0.0004
1.530423069415213e-08
1.6826539649258388e-08
1.808721999581265e-08
1.9096758113918802e-08
1.9842467105754935e-08
2.052806856901885e-08
2.1163789892716428e-08
2.1754826211472416e-08
2.232117428905451e-08
2.2864743870556376e-08
2.3362715353827973e-08
2.3835625440069187e-08
2.429093676573531e-08
2.4724873785834516e-08
2.5152500193879194e-08
2.5580282996960746e-08
2.6016884610834346e-08
2.645348622470795e-08
2.6897815907637448e-08
2.7361794617209027e-08
2.7825773326780614e-08
2.830593906361297e-08
2.8819069263256004e-08
2.933219946289905e-08
2.9860472421681895e-08
3.041383564361395e-08
3.0967198865545996e-08
3.1551824608466535e-08
3.217902059273311e-08
3.280621657699968e-08
3.354295970468272e-08
3.4403001638466414e-08
3.526304357225011e-08
3.64703563005798e-08
3.8001430195198023e-08
3.9532504089816245e-08
4.2062446211803566e-08
4.536279201979365e-08
4.8663137827783724e-08
5.5497766277502105e-08
6.457675097106768e-08
7.365573566463323e-08
8.992625995249775e-08
1.099237067352801e-07
1.299211535180623e-07
1.5591366465459985e-07
1.8534955496373646e-07
2.1795727292589614e-07
2.5520913026591375e-07
2.989581120925996e-07
3.5573084478974945e-07
4.5121005984659787e-07
5.904474839433308e-07
8.009882108699423e-07
1.2359227430857984e-06
1.7346680040168692e-06
2.5195929471898077e-06
3.6181427137168562e-06
5.093409992380401e-06
2.5854019949177616e-06
0.0
0.0
0.0
0.0
0.0
0.0
0.0
0.0
0.0
0.0
0.0
0.0
0.0
0.0
0.0
0.0
0.0
0.0
0.0
0.0
0.0
0.0
0.0
0.0
0.0
0.0
0.0
0.0
0.0
0.0
0.0
0.0
0.0
0.0
0.0
0.0
0.0
0.0
0.0
0.0
0.0
0.0
0.0
0.0
0.0
0.0
0.0
0.0
0.0
0.0
0.0
0.0
0.0
0.0
0.0
0.0
0.0
0.0
0.0
0.0
0.0
0.0
0.0
0.0
0.0
0.0
0.0
0.0
0.0
0.0
0.0
0.0
0.0
0.0
0.0
0.0
0.0
0.0
0.0
0.0
0.0
0.0
0.0
0.0
0.0
0.0
0.0
0.0
0.0
0.0
0.0
0.0
0.0
0.0
0.0
0.0
0.0
0.0
0.0
0.0
0.0
0.0
0.0
0.0
0.0
0.0
0.0
0.0
0.0
0.0
0.0
0.0
0.0
0.0
0.0
0.0
0.0
0.0
0.0
0.0
0.0
0.0
0.0
0.0
0.0
0.0
0.0
0.0
0.0
0.0
0.0
0.0
0.0
0.0
0.0
0.0
0.0
0.0
0.0
0.0
0.0
0.0
0.0
0.0
0.0
0.0
0.0
0.0
0.0
0.0
0.0
0.0
0.0
0.0
0.0
0.0
0.0
0.0
0.0
0.0
0.0
0.0
0.0
0.0
0.0
0.0
0.0
0.0
0.0
0.0
0.0
0.0
0.0
0.0
0.0
0.0
0.0
0.0
0.0
0.0
0.0
0.0
0.0
0.0
0.0
0.0
0.0
0.0
0.0
0.0
0.0
0.0
0.0
0.0
0.0
0.0
0.0
0.0
0.0
0.0
0.0
0.0
0.0
0.0
0.0
0.0
0.0
0.0
0.0
0.0
0.0
0.0
0.0
0.0
0.0
0.0
0.0
0.0
0.0
0.0
0.0
0.0
0.0
0.0
0.0
0.0
0.0
0.0
0.0
0.0
0.0
0.0
0.0
0.0
0.0
0.0
0.0
0.0
0.0
0.0
0.0
0.0
0.0
0.0
0.0
0.0
0.0
0.0
0.0
0.0
0.0
0.0
0.0
0.0
0.0
0.0
0.0
0.0
0.0
0.0
0.0
0.0
0.0
0.0
0.0
0.0
0.0
0.0
0.0
0.0
0.0
0.0
0.0
0.0
0.0
0.0
0.0
0.0
0.0
0.0
0.0
0.0
0.0
0.0
0.0
0.0
0.0
0.0
0.0
0.0
0.0
0.0
0.0
0.0
0.0
0.0
0.0
0.0
0.0
0.0
2
2
2
2
1
1
248.14537785629673
247.22727065391476
3.495032972112398
-0.1482857390871004
0.0
0.0
0.6475337667635586
3.365700977107622
48.0
37.0
6.265115300673023
5.601050757580543
1.0
1.0
2.0
2.0
3.0
3.0
4.0
4.0
5.0
5.0
6.0
6.0
7.0
7.0
8.0
8.0
9.0
9.0
10.0
10.0
11.0
11.0
12.0
12.0
13.0
13.0
14.0
14.0
15.0
15.0
16.0
16.0
17.0
17.0
18.0
18.0
19.0
19.0
20.0
20.0
21.0
21.0
22.0
22.0
23.0
23.0
24.0
24.0
25.0
25.0
26.0
26.0
27.0
27.0
28.0
28.0
29.0
29.0
30.0
30.0
31.0
31.0
32.0
32.0
33.0
33.0
34.0
34.0
35.0
35.0
36.0
36.0
37.0
37.0
38.0
38.0
39.0
39.0
40.0
40.0
41.0
41.0
42.0
42.0
43.0
43.0
44.0
44.0
45.0
45.0
46.0
46.0
47.0
47.0
48.0
48.0
49.0
49.0
50.0
50.0
51.0
51.0
52.0
52.0
53.0
53.0
54.0
54.0
55.0
55.0
56.0
56.0
57.0
57.0
58.0
58.0
59.0
59.0
60.0
60.0
0.0
0.0
0.0
0.0
0.0
0.0
0.0
0.0
0.0
0.0
0.0
0.0
0.0
0.0
0.0
0.0
0.0
0.0
0.0
0.0
0.0
0.0
0.0
0.0
0.0
0.0
0.0
0.0
0.0
0.0
0.0
0.0
0.0
0.0
0.0
0.0
0.0
0.0
0.0
0.0
0.0
0.0
0.0
0.0
0.0
0.0
0.0
0.0
0.0
0.0
0.0
0.0
0.0
0.0
0.0
0.0
0.0
0.0
0.0
0.0
0.0
0.0
0.0
0.0
0.0
0.0
0.0
0.0
0.0
0.0
0.0
0.0
0.0
0.0
0.0
0.0
0.99
0.0
0.0
0.0
0.0
0.0
0.0
0.0
0.0
0.0
0.0
0.0
0.0
0.0
0.0
0.0
0.0
0.0
0.0
0.0
0.0
0.0
0.0
0.0
0.0
0.0
0.0
0.0
0.0
0.0
0.0
0.0
0.0
0.0
0.0
0.0
0.0
0.0
0.0
0.0
0.0
0.0
0.0
0.0
0.0
0.0
0.0
0.0
0.0
0.0
0.0
0.0
0.0
0.0
0.0
0.0
0.0
0.0
0.0
0.0
0.0
0.0
0.0
0.0
0.0
0.0
0.0
0.0
0.0
0.0
0.0
0.0
0.0
0.0
0.0
0.0
0.0
0.0
0.0
0.0
0.0
0.0
0.0
0.0
0.0
0.0
0.0
0.0
0.0
0.0
0.0
0.0
0.0
0.0
0.0
0.0
0.0
0.0
0.0
0.0
0.0
0.0
0.0
0.0
0.0
0.0
0.0
0.0
0.0
0.0
0.0
0.0
0.0
0.0
0.0
0.0
0.0
0.0
0.0
0.0
220.0
0.0
0.0
0.0
0.0
0.0
0.0
0.0
0.0
0.0
0.0
0.0
0.0
0.0
0.0
0.0
0.0
0.0
0.0
0.0
0.0
0.0
0.0
0.0
0.0
0.0
0.0
0.0
0.0
0.0
0.0
0.0
0.0
0.0
0.0
0.0
0.0
0.0
0.0
0.0
0.0
0.0
0.0
0.0
0.0
0.0
0.0
0.0
0.0
0.0
0.0
0.0
0.0
0.0
0.0
0.0
0.0
0.0
0.0
0.0
0.0
0.0
0.0
0.0
0.0
0.0
0.0
0.0
0.0
0.0
0.0
0.0
0.0
0.0
0.0
0.0
0.0
0.0
0.0
0.0
0.0
0.0
0.0
0.0
0.0
0.0
0.0
0.0
0.0
0.0
0.0
0.0
0.0
0.0
0.0
0.0
0.0
0.0
0.0
0.0
0.0
0.0
0.0
0.0
0.0
0.0
0.0
0.0
0.0
0.0
0.0
0.0
0.0
0.0
0.0
0.0
0.0
0.0
0.0
0.0
0.5
0.0
0.0
0.0
0.0
0.0
0.0
0.0
0.0
0.0
0.0
0.0
0.0
0.0
0.0
0.0
0.0
0.0
0.0
0.0
0.0
0.0
0.0
0.0
0.0
0.0
0.0
0.0
0.0
0.0
0.0
0.0
0.0
0.0
0.0
0.0
0.0
0.0
0.0
0.0
0.0
0.0
0.0
0.0
14.999999999999998
60.0
