9.81
6.022e+23
0
0
0
3
0
1
295.0
2
2
0
0
1
1
0
1
60
7
1000.0
1.0


3
3
0
72.38857731909356
0
6.7
150.0
1000.0
287.04
9.81
79000.0
40.0
20000.0
0.0
0.0
0.0
0.0
0.0280134
0.04401
0.0319988
0.039948
0.01604
0.01801528
0.048
99000.0
2.1153802199668344e+29
0.8
1e-06
1000000.0
0.6
3.0
0.0001
300
49
22.354208223104912
0
1
6
1.0
1
0
1
1
0.1
1000000000000.0
1
294.45922306484306
293.55917917221444
292.5964549205087
291.6085699714178
290.6082184460083
289.5854655743378
288.5436468371183
287.4839579904184
286.4066533331093
285.310445497975
284.1970847610449
283.0641685726291
281.9100781157868
280.73318307568235
279.5337817191532
278.31055166091664
277.0614336941153
275.7874712364559
274.4874138697439
273.159240175699
271.80267764592327
270.41791137373457
269.00478530825563
267.5593135592165
266.0825437341156
264.5738218075958
263.0309535805657
261.450212018069
259.83105066655986
258.17047494907746
256.46549272869606
254.7134905033342
252.9113777568898
251.05463984315642
249.13878977580373
247.16135857258615
245.11768501161168
243.0027415283479
240.81254453749582
238.54566341358887
236.2092394097271
234.30428735497858
230.22819095274863
227.52275020232557
224.65281909500658
221.62026157907383
218.41687292255605
215.01610676631486
211.3808874920561
207.56967204295282
205.20301185631791
202.9899692261943
201.23272606209446
200.30671633298093
201.65811610082923
205.29745550348312
212.36040940005893
222.12200974795164
236.03549512905906
244.22331918110092
991.675
975.0250000000001
958.375
941.7249999999999
925.075
908.425
891.7750000000001
875.125
858.4749999999999
841.825
825.175
808.5250000000001
791.875
775.225
758.575
741.925
725.2750000000001
708.625
691.975
675.325
658.675
642.0250000000001
625.375
608.725
592.075
575.425
558.7750000000001
542.125
525.4750000000001
508.82500000000005
492.17500000000007
475.52500000000003
458.87500000000006
442.2250000000001
425.57500000000005
408.925
392.27500000000003
375.62500000000006
358.9750000000001
342.32500000000005
325.675
309.02500000000003
292.37500000000006
275.7250000000001
259.0750000000001
242.42500000000007
225.77500000000003
209.12500000000006
192.47500000000008
175.8250000000001
159.17500000000007
142.52500000000003
125.87500000000006
109.22500000000008
92.5750000000001
75.92500000000013
59.27500000000009
42.62500000000006
25.97500000000008
9.325000000000045
73.33943220823708
221.04773984006079
370.8448273123789
522.7954385696664
676.9685268070234
833.4351185875728
992.2715020902392
1153.5587684164102
1317.3824745706934
1483.8334507601116
1653.0078768221101
1825.0067165570656
1999.9363623185732
2177.9097223752146
2359.046887435257
2543.4750029473407
2731.329743799465
2922.7563864995823
3117.909657964994
3316.9550486131193
3520.070736879333
3727.448964889005
3939.2958912618906
4155.83367271208
4377.303645369953
4603.967185596439
4836.1067765483895
5074.029428845277
5318.070148455337
5568.594493538454
5826.002980832916
6090.736017667316
6363.278769631503
6644.167271581628
6933.99778022606
7233.4366508909825
7543.2309185364775
7864.223431807199
8197.37362804757
8543.789081485138
8905.152433186198
9281.6547523607
9674.471265847034
10086.69997468625
10520.608108684311
10978.941915057281
11465.041996668218
11983.006941812571
12538.072877216322
13139.616061633413
13800.492440296377
14536.739525958466
15372.752771626252
16349.947974933462
17539.068130303254
19070.27005839562
21212.216266275755
24694.997206363805
33287.970227296806
56560.69457252452
3.521179111399233e+23
3.521179111399233e+23
3.521179111399257e+23
3.521179111399233e+23
3.521179111399233e+23
3.521179111399233e+23
3.521179111399233e+23
3.521179111399257e+23
3.521179111399233e+23
3.521179111399233e+23
3.521179111399233e+23
3.521179111399233e+23
3.521179111399257e+23
3.5211791113992086e+23
3.521179111399257e+23
3.521179111399233e+23
3.521179111399233e+23
3.521179111399257e+23
3.5211791113992086e+23
3.521179111399257e+23
3.521179111399233e+23
3.521179111399233e+23
3.521179111399257e+23
3.5211791113992086e+23
3.521179111399257e+23
3.521179111399233e+23
3.521179111399233e+23
3.521179111399233e+23
3.521179111399233e+23
3.521179111399244e+23
3.521179111399244e+23
3.521179111399233e+23
3.521179111399233e+23
3.521179111399233e+23
3.521179111399257e+23
3.521179111399233e+23
3.521179111399233e+23
3.521179111399233e+23
3.521179111399233e+23
3.521179111399257e+23
3.521179111399233e+23
3.521179111399233e+23
3.521179111399233e+23
3.521179111399233e+23
3.521179111399233e+23
3.521179111399257e+23
3.521179111399233e+23
3.521179111399233e+23
3.521179111399233e+23
3.521179111399233e+23
3.521179111399257e+23
3.521179111399233e+23
3.521179111399233e+23
3.521179111399233e+23
3.521179111399233e+23
3.521179111399233e+23
3.521179111399257e+23
3.521179111399233e+23
3.521179111399233e+23
3.521179111399257e+23
-2.2510490897318993
-1.8780905794613434
-1.70777488182148
-1.5821352388299232
-1.4464027199076424
-1.339952889142287
-1.2467742419654748
-1.1596277441230858
-1.0750688119955663
-0.995923145120091
-0.9122226445211978
-0.831152310530163
-0.7564836600210965
-0.6918533129655566
-0.6326710742631667
-0.5808950612395556
-0.5413143594302998
-0.505532196864833
-0.47443650322082953
-0.45183285281902497
-0.4338800827782616
-0.41445054821963745
-0.3884367753334793
-0.36624677070937317
-0.33677802387297395
-0.2954690790153708
-0.2435737087189367
-0.188043856525138
-0.12181112675631134
-0.047145392401048314
0.03466829114466852
0.12503373018847497
0.22461730854096773
0.3295761969230383
0.4378620912083109
0.5577820529054736
0.6907690302848184
0.8393954023516463
1.0138410776517368
1.239045260966807
1.5916544908392052
44.58848452175906
-1.8497575092361074
-1.6148303675656406
-1.4599780483594709
-1.3010907316279918
-1.0789262971997635
-0.789799620644978
-0.44229399567854866
0.049186847936898925
0.0964748334647853
0.11168275492679125
0.12339429372004007
0.12449886049260708
0.1147788974306943
0.1030126792029446
0.06569601854910008
0.029874807768118156
0.01818467717793497
0.020598683316015727
-3.7407008211195745
-3.3429296745241786
-3.1478120638108535
-2.997366769504957
-2.8368314942472423
-2.7055788758611996
-2.587597393932377
-2.4756481843718774
-2.3662866502155566
-2.2623383165642537
-2.153835324004291
-2.047962531431736
-1.9484911146115849
-1.859058388571711
-1.775073637861155
-1.698495363588009
-1.6341112112640843
-1.5735263744735732
-1.5176305786363145
-1.4702226564653387
-1.427467750327267
-1.3832340167131605
-1.332421511192365
-1.285425828953592
-1.2311557407791582
-1.1650441672312581
-1.088346359887808
-1.008013959340559
-0.9169786807773761
-0.8175104906661375
-0.7108942477753857
-0.595726244633525
-0.4713400926721931
-0.34157866463084474
-0.20849018683404097
-0.06376798077572232
0.09401948866128862
0.26745097924967354
0.4667023254215792
0.7167074094108443
1.0941184532841532
44.11869426519169
-2.297047584128727
-2.0370975189301177
-1.8572264959118954
-1.6730864283027458
-1.425664274835981
-1.111154751100429
-0.737856089016077
-0.22331899025235202
-0.15500785940109552
-0.11512400848049253
-0.07933799575053513
-0.05384685058533023
-0.03868532315280504
-0.025550761874185923
-0.03695389102009017
-0.04655357034410201
-0.034071450827170224
-0.006418857804206368
1.4896357129761322
1.4648332783550797
1.4400308437340272
1.4152284091129743
1.3904259744919218
1.3656235398708694
1.3408211052498167
1.3160186706287642
1.291216236007711
1.2664138013866588
1.2416113667656064
1.2168089321445537
1.192006497523501
1.1672040629024485
1.142401628281396
1.117599193660343
1.0927967590392906
1.0679943244182382
1.0431918897971852
1.018389455176133
0.9935870205550803
0.9687845859340276
0.943982151312975
0.9191797166919223
0.8943772820708699
0.8695748474498172
0.8447724128287646
0.819969978207712
0.7951675435866594
0.770365108965607
0.7455626743445543
0.7207602397235016
0.6959578051024491
0.6711553704813965
0.6463529358603439
0.6215505012392912
0.5967480666182385
0.5719456319971861
0.5471431973761335
0.5223407627550809
0.4975383281340282
0.4727358935129756
0.447933458891923
0.42313102427087046
0.3983285896498179
0.37352615502876535
0.3487237204077126
0.32392128578665996
0.29911885116560744
0.2743164165445549
0.24951398192350233
0.22471154730244958
0.199909112681397
0.17510667806034444
0.15030424343929188
0.1255018088182393
0.10069937419718673
0.075896939576134
0.05109450495508143
0.026292070334028868
-16.649999999999977
-16.649999999999977
-16.65000000000009
-16.649999999999977
-16.649999999999977
-16.649999999999977
-16.649999999999977
-16.65000000000009
-16.649999999999977
-16.649999999999977
-16.649999999999977
-16.649999999999977
-16.65000000000009
-16.649999999999864
-16.65000000000009
-16.649999999999977
-16.649999999999977
-16.65000000000009
-16.649999999999864
-16.65000000000009
-16.649999999999977
-16.649999999999977
-16.65000000000009
-16.649999999999864
-16.65000000000009
-16.649999999999977
-16.649999999999977
-16.649999999999977
-16.649999999999977
-16.650000000000034
-16.650000000000034
-16.649999999999977
-16.649999999999977
-16.649999999999977
-16.65000000000009
-16.649999999999977
-16.649999999999977
-16.649999999999977
-16.649999999999977
-16.65000000000009
-16.649999999999977
-16.649999999999977
-16.649999999999977
-16.649999999999977
-16.649999999999977
-16.65000000000009
-16.649999999999977
-16.649999999999977
-16.649999999999977
-16.649999999999977
-16.65000000000009
-16.649999999999977
-16.649999999999977
-16.649999999999977
-16.649999999999977
-16.649999999999977
-16.65000000000009
-16.649999999999977
-16.649999999999977
-16.65000000000009
295.0
294.0172516084096
293.0207086777335
292.0099706362805
290.98457048688584
289.9440512538999
288.88791815702643
287.81564371496415
286.7266687882558
285.6204060524968
284.4962257073176
283.35346874326603
282.19144125486923
281.00941149006184
279.80659823011024
278.5821734782573
277.3352614822483
276.0649199508388
274.7701444700667
273.4498661132023
272.10293623538183
270.728115890435
269.32406798005223
267.88936707703834
266.4224617086197
264.92166944342284
263.38517026958476
261.8109989246667
260.19700672880646
258.5408532818919
256.8399805046927
255.0915795521461
253.29255781111172
251.439506675826
249.52865188498006
247.55577785999063
245.5161710180701
243.404534673541
241.21487134024247
238.94032204392005
236.57290426417904
234.09805313112582
232.26616289820117
229.5727015613694
226.74229819975568
223.75833256579534
220.6006251943579
217.24459147220878
213.65989492942356
209.80670793779854
206.3688606195334
204.07197168426143
202.08369818135264
200.7406699824931
200.95444066525897
203.45237018824923
208.80926772534247
217.2300265747671
229.07318206751904
240.12497466491652
248.31211431868144
1000.0
983.35
966.7
950.05
933.4
916.75
900.1
883.45
866.8
850.15
833.5
816.85
800.2
783.55
766.9000000000001
750.25
733.6
716.95
700.3
683.6500000000001
667.0
650.35
633.7
617.05
600.4000000000001
583.75
567.1
550.45
533.8000000000001
517.1500000000001
500.50000000000006
483.85
467.20000000000005
450.55000000000007
433.9000000000001
417.25
400.6
383.95000000000005
367.30000000000007
350.6500000000001
334.0
317.35
300.70000000000005
284.05000000000007
267.4000000000001
250.7500000000001
234.10000000000002
217.45000000000005
200.80000000000007
184.1500000000001
167.5000000000001
150.85000000000002
134.20000000000005
117.55000000000007
100.90000000000009
84.25000000000011
67.60000000000014
50.950000000000045
34.30000000000007
17.65000000000009
1.0
0.0
146.67886441647417
295.4166152636474
446.27303936111053
599.3178377782223
754.6192158358247
912.2510213393208
1072.2919828411577
1234.8255539916627
1399.9393951497239
1567.7275063704997
1738.2882472737206
1911.7251858404106
2088.1475387967357
2267.6719059536936
2450.42186891682
2636.528136977862
2826.131350621068
3019.3814223780964
3216.437893551892
3417.472203674346
3622.66927008432
3832.2286596936897
4046.363122830092
4265.304222594068
4489.303068145838
4718.631303047041
4953.582250049738
5194.476607640816
5441.663689269858
5695.525297807051
5956.480663858781
6224.991371475852
6501.566167787154
6786.768375376102
7081.227185076019
7385.646116705947
7700.815720367009
8027.631143247389
8367.11611284775
8720.462050122525
9089.842816249871
9473.46668847153
9875.47584322254
10297.92410614996
10743.292111218665
11214.591718895897
11715.49227444054
12250.521609184603
12825.62414524804
13453.607978018783
14147.376902573971
14926.102149342962
15819.403393909543
16880.492555957382
18197.643704649123
19942.89641214212
22481.53612040939
26908.458292318217
39667.482162275395
52426.50603223266
432.0589662568367
429.7150130127452
426.78701251567236
423.59195623257125
420.2525053893329
416.85201561770094
413.393964780891
409.88695460402664
406.3720454203574
402.8666936079574
399.3847245123333
395.93891657587807
392.5269983749397
389.15202808830446
385.8049323195634
382.4819630808024
379.177429310982
375.87713780255393
372.5998335167383
369.3406976777982
366.09100666615745
362.8619680256025
359.6594511845011
356.48902996153214
353.3560079100859
350.2669714135024
347.2379660533002
344.26235331392627
341.34384431807865
338.48382842738584
335.6820419081111
332.9374479007731
330.25017615255416
327.61910540997906
325.0362642631977
322.49695580641855
320.01096589984417
317.56831453185845
315.1627669237268
312.8074536239416
310.5043817230101
308.26670927745596
489.74766730517604
488.5135720455149
487.1472476600819
485.7648463248601
484.41316799165384
483.1204484747451
481.8962059256951
480.73560945316046
479.71819345998387
479.0437299784768
478.51365973401835
478.1445424304479
478.00167976354913
478.2013405301461
478.752899373115
479.6061835581099
480.63470944248104
481.54441710255037
482.7157499598102
429.430175842788
427.0401124489395
424.0652302766231
420.8226856569226
417.4352126538361
413.986170189526
410.4791497453512
406.9228287440042
403.3582816771587
399.8029861247318
396.2707952353307
392.774517408301
389.311924665715
385.8861112690092
382.488039986179
379.1139919295511
375.7583005765659
372.4068012986575
369.0782473864468
365.7678328240927
362.4668461058373
359.1864978569262
355.9326600075869
352.7109085891396
349.5265501938369
346.3861713425593
343.3058171160524
340.2788539272704
337.3089966648546
334.3976382570826
331.5445185287371
328.7486048852344
326.0100309886236
323.327678104081
320.6935792232837
318.1030408242758
315.5658495011898
313.0720279772301
310.6153432805808
308.2089257505176
305.8547828799318
303.5660726326134
166.7713360898018
165.6600408406269
164.2818607675258
162.8000975178711
161.2859252088832
159.7828025476304
158.3123775932674
156.8800121191271
155.5705285565141
154.5879213480167
153.7377099883465
153.0406246737134
152.5675662300307
152.4785414949676
152.8079517320586
153.6965596138798
155.4009712528489
158.0302837778311
159.4135991379346
2.628790414048712
2.674900563805706
2.721782239049251
2.769270575648652
2.817292735496765
2.865845428174975
2.914815035539817
2.964125860022418
3.013763743198698
3.063707483225656
3.113929277002635
3.164399167577073
3.215073709224696
3.26591681929528
3.316892333384435
3.367971151251323
3.41912873441613
3.470336503896435
3.521586130291511
3.572864853705486
3.624160560320131
3.675470168676291
3.726791176914195
3.778121372392568
3.829457716248996
3.880800070943112
3.932148937247785
3.983499386655855
4.034847653224038
4.086190170303252
4.137523379374014
4.188843015538764
4.240145163930531
4.291427305898059
4.342685039914016
4.393914982142767
4.445116398654346
4.496286554628337
4.547423643145983
4.598527873424028
4.649598843078315
4.700636644842563
322.9763312153742
322.853531204888
322.8653868925561
322.964748806989
323.1272427827706
323.3376459271147
323.5838283324277
323.8555973340334
324.1476649034698
324.4558086304601
324.7759497456718
325.1039177567345
325.4341135335184
325.7227990351785
325.9449476410564
325.9096239442301
325.2337381896321
323.5141333247193
323.3021508218756
388.68800806887276
382.6033540036617
376.33242383206465
369.98955548515266
363.65273787240926
357.41541660653024
351.251786893859
345.1571793230623
339.1666219550211
333.29498349240555
327.5506760802174
321.9510328197577
316.4911520873876
311.1676906861409
305.961536528828
300.8634936522059
295.8604645187974
290.92606179910536
286.07523113881615
281.2984647212397
276.5785510531336
271.9220446622514
267.3362938044368
262.83345107027543
258.41500318987556
254.09481095251306
249.90076142507965
245.8368023258178
241.91027937062964
238.13328479915958
234.5139877892186
231.05849953410538
227.7755015412527
224.67309070600544
221.74867089459315
219.00087225098008
216.45111436362993
214.1024824843055
211.96438585542342
210.07577488105994
208.48941038953927
207.34585639726927
432.94550869018093
429.41436584639126
426.0109439420282
422.7713161108944
419.7465513493852
417.0281675576407
414.6927702574902
412.7943176959395
411.5535827125107
410.7241113716024
410.0789171186634
409.6304618193425
409.43375230185836
409.5947277453026
410.12073582639727
410.93706612037204
411.9190384343991
412.7946746436413
413.9595886430969
355.4121801321082
349.1762125583611
342.7496702823041
336.2483243731792
329.7514981600376
323.3548098253818
317.032281630875
310.7791961780595
304.6317471566023
298.6057356343791
292.7103128820326
286.9634903877579
281.360367080414
275.8975771030994
270.555639150265
265.324997091009
260.1921860013033
255.1299757710326
250.1533959300589
245.2527215829998
240.4102968517715
235.6327668371701
230.9276428803937
226.3073129219062
221.7733644114945
217.3401029293719
213.0360678368099
208.8652497568668
204.8351087222558
200.957850532329
197.2417343513128
193.6927920613766
190.3195982559454
187.130246471597
184.1217646570334
181.2924685636051
178.6638030595964
176.2384506192445
174.0255412780641
172.0640559780407
170.4065508966141
169.1934457535162
51.24823138395033
46.30560040415854
41.53165908982436
36.97840982287038
32.70631564923453
28.81999310011191
25.39408367730982
22.46652115836764
20.25869329281788
18.52823610585484
17.06081001766406
15.86090690539258
14.96089800521066
14.39946597720966
14.09365542493477
13.62165941876111
12.0432316119785
6.983032905862624
0.0
33.27582793676457
33.42714144530063
33.58275354976055
33.74123111197352
33.90123971237168
34.06060678114847
34.21950526298401
34.37798314500275
34.53487479841884
34.68924785802648
34.8403631981848
34.98754243199984
35.13078500697364
35.27011358304144
35.40589737856298
35.53849656119692
35.66827851749411
35.79608602807272
35.92183520875724
36.04574313823989
36.16825420136208
36.28927782508129
36.40865092404314
36.52613814836925
36.64163877838108
36.75470802314115
36.86469358826975
36.97155256895102
37.07517064837384
37.17543426683059
37.27225343790578
37.36570747272878
37.4559032853073
37.54284423440846
37.62690623755976
37.70840368737498
37.78731130403352
37.864031865061
37.93884457735931
38.01171890301925
38.08285949292516
38.15241064375308
381.6972773062306
383.1087654422327
384.4792848522038
385.792906288024
387.0402357001507
388.2081744575288
389.2986865801804
390.3277965375719
391.2948894196928
392.1958752657476
393.0181071009994
393.7695549139499
394.4728542966477
395.1952617680929
396.0270804014625
397.3154067016109
399.8758068224206
405.8116417377787
413.9595886430969
-43.370958187963964
-47.11165900908354
-50.45458868360772
-53.60240074741857
-56.59976751692353
-59.43659901117077
-62.14217788703197
-64.72977528096435
-67.20542346533622
-69.57171011555178
-71.83404843211603
-73.98788375612033
-76.03584628755206
-77.98433740216365
-79.84339579073536
-81.61846942859651
-83.31696479218452
-84.9510760034486
-86.52460237792218
-88.0422329565585
-89.51245561302383
-90.9399233633511
-92.32315738006426
-93.65557889125662
-94.94100472021022
-96.17216046098937
-97.33720462822063
-98.42555098810844
-99.433564947449
-100.35054362822638
-101.16805411889251
-101.8789483666679
-102.47467461130142
-102.94601470397362
-103.28759336860446
-103.4960835554385
-103.55985153621423
-103.46583204755294
-103.19838106830326
-102.73167874288168
-102.01497133347084
-100.92085288018669
-56.802158614994994
-59.09920619912372
-61.13630371805384
-62.993530213965734
-64.66661664226848
-66.09228091710446
-67.20343566820489
-67.94129175722097
-68.16461074747332
-68.31961860687441
-68.4347426153549
-68.51408061110544
-68.56792746169077
-68.60661278484358
-68.63216354671776
-68.66911743773785
-68.71567100808196
-68.74974245890913
-68.75616131671333
74.01799571067983
77.86389989057847
81.31555999431902
84.57436128374344
87.68371449379845
90.63136036414426
93.44686811447616
96.14363256594469
98.72653452055636
101.1972504903526
103.5604823532982
105.8110270205431
107.951557585301
109.9885341659098
111.9324008359139
113.7889948385421
115.5661145752625
117.2768255276249
118.9248514563879
120.5151112410929
122.0565492540658
123.5537310197561
125.0050171271932
126.4035956672333
127.7531857823423
129.0460684131874
130.2697492792426
131.4136041704036
132.4738879425988
133.4397877247537
134.3027841774243
135.0558128238579
135.6904327326782
136.197431632484
136.5718145662502
136.8105722606707
136.9020464415934
136.8335773579856
136.5898020025166
136.1448697724769
135.4482319833177
134.3726268790972
115.5231047058515
119.3544404364684
122.7502016777015
125.8216876950007
128.5796095596486
130.9628094475185
132.9182939159576
134.4134909607595
135.3118352636963
136.0596852421619
136.6768999706825
137.1797177683208
137.60666822482
138.0790755177579
138.7142963071238
140.0749001951187
143.3577396408704
151.0472508719686
159.4135991379346
30.64703752271586
30.75224088149493
30.8609713107113
30.97196053632487
31.08394697687492
31.19476135297349
31.30469022744419
31.41385728498034
31.52111105522014
31.62554037480082
31.72643392118216
31.82314326442277
31.91571129774894
32.00419676374616
32.08900504517854
32.17052540994559
32.24914978307798
32.32574952417629
32.40024907846573
32.4728782845344
32.54409364104196
32.613807656405
32.68185974712894
32.74801677597668
32.81218106213208
32.87390795219804
32.93254465102196
32.98805318229516
33.04032299514979
33.08924409652733
33.13473005853177
33.17686445719001
33.21575812137677
33.2514169285104
33.28422119764574
33.31448870523221
33.34219490537917
33.36774531043267
33.39142093421333
33.41319102959523
33.43326064984685
33.45177399891052
58.7209460908565
60.25523423734467
61.61389795964766
62.82815748103497
63.91299291738011
64.87052853041405
65.71485824775272
66.47219920353854
67.14722451622299
67.74006663528748
68.2421573553276
68.66563715721537
69.03874076312923
69.47246273291432
70.08213276040603
71.40578275738083
74.64206863278844
82.29750841305948
90.65743782122127
-1.894763596700825
-1.6932773504492122
-1.5944426761006392
-1.51823650747025
-1.4369200961987485
-1.3704362932478253
-1.310674750078241
-1.2539691314445403
-1.198574551086984
-1.1459221737434444
-1.0909629068053068
-1.037335915380165
-0.9869514280743396
-0.9416517632615626
-0.8991115666407771
-0.8603228873104656
-0.8277106844689549
-0.7970229930455622
-0.7687103933915811
-0.7446970563897991
-0.7230406640334356
-0.7006352443551553
-0.674897518523638
-0.6510931794290563
-0.6236042381591451
-0.5901173738671514
-0.5512682205460769
-0.51057805257998
-0.4644665340391766
-0.4140834755813782
-0.3600796495398353
-0.3017440198782983
-0.23873907059253263
-0.1730112334643453
-0.105598027285809
-0.0322919348921422
0.0476323033509912
0.1354808797447472
0.2364081146128153
0.3630439742983466
0.5542154956129446
22.355700292192502
-1.1630484612858876
-1.0314303480033844
-0.9403651820640739
-0.8471328373404992
-0.7218452078390853
-0.5625709816600872
-0.3735096563953377
-0.11290459356862564
-0.07832869224227518
-0.05815493249890502
-0.040053017173446726
-0.027156849578478
-0.019457751099371284
-0.01274875900236
-0.01829811850192009
-0.022553327815814983
-0.014827369212032426
-0.0005966405560489108
0.0
-1.948086219227698
-1.748387678689444
-1.650697881738807
-1.57499715434388
-1.493086678861418
-1.426154056884203
-1.366006384627987
-1.308331010869811
-1.251504849637933
-1.197060355561268
-1.139980313324335
-1.084254287154514
-1.031800538951046
-0.9846370826511086
-0.9404303960885624
-0.9001738751363858
-0.8665354817724213
-0.83478330467343
-0.8055227136879273
-0.7807927630025844
-0.7583754116040237
-0.7351276406811847
-0.7084293973313837
-0.6836150309181893
-0.654890688486809
-0.6198375519479277
-0.5794028779795726
-0.537071156343435
-0.4892623338370851
-0.4371381651880824
-0.381435589703008
-0.3214573845292578
-0.2568128387175385
-0.1896381708613489
-0.1209391998547581
-0.0463349014783404
0.0346820076580819
0.123480822288448
0.2253738796616225
0.3528716300181404
0.5448319518241604
9.547948328160011
-1.940706785431731
-1.720072931720331
-1.55581608458297
-1.396984773127905
-1.207174865013543
-0.990521907641634
-0.7573700804176874
-0.4550430990506301
-0.378812411581433
-0.3126410463421949
-0.2546949628858217
-0.2162654766456018
-0.2392909688299064
-0.3217617517353994
-0.6891938956472864
-1.662874056413543
-3.895008861685618
-4.237850710731321
0.0
0.053322622526873
0.0551103282402317
0.0562552056381677
0.0567606468736301
0.0561665826626695
0.0557177636363777
0.0553316345497462
0.0543618794252708
0.052930298550949
0.0511381818178236
0.049017406519028
0.0469183717743492
0.0448491108767065
0.042985319389546
0.0413188294477853
0.0398509878259202
0.0388247973034664
0.0377603116278678
0.0368123202963462
0.0360957066127853
0.0353347475705881
0.0344923963260294
0.0335318788077457
0.032521851489133
0.0312864503276639
0.0297201780807763
0.0281346574334956
0.026493103763455
0.0247957997979085
0.0230546896067042
0.0213559401631727
0.0197133646509595
0.0180737681250059
0.0166269373970036
0.0153411725689491
0.0140429665861982
0.0129502956929093
0.0120000574562992
0.0110342349511928
0.0101723442802062
0.0093835437887841
12.80775196403249
0.7776583241458436
0.6886425837169465
0.6154509025188961
0.5498519357874059
0.4853296571744577
0.4279509259815467
0.3838604240223497
0.3421385054820045
0.3004837193391578
0.2544861138432899
0.214641945712375
0.1891086270671238
0.2198332177305351
0.3090129927330394
0.6708957771453663
1.640320728597728
3.880181492473586
4.237254070175272
0.0
1.0
1.0
1.0
1.0
1.0
1.0
1.0
1.0
1.0
1.0
1.0
1.0
1.0
1.0
1.0
1.0
1.0
1.0
1.0
1.0
1.0
1.0
1.0
1.0
1.0
1.0
1.0
1.0
1.0
1.0
1.0
1.0
1.0
1.0
1.0
1.0
1.0
1.0
1.0
1.0
1.0
1.0
1.0
1.0
1.0
1.0
1.0
1.0
1.0
1.0
0.0
0.0
0.0
0.0
0.0
0.0
0.0
0.0
0.0
0.0
0.0
1.0
1.0
1.0
1.0
1.0
1.0
1.0
1.0
1.0
1.0
1.0
1.0
1.0
1.0
1.0
1.0
0.920954420531807
0.920954420531807
0.920954420531807
0.920954420531807
0.920954420531807
0.920954420531807
0.920954420531807
0.920954420531807
0.920954420531807
0.920954420531807
0.920954420531807
0.920954420531807
0.920954420531807
0.920954420531807
0.920954420531807
0.920954420531807
0.920954420531807
0.920954420531807
0.920954420531807
0.920954420531807
0.920954420531807
0.920954420531807
0.920954420531807
0.920954420531807
0.920954420531807
0.920954420531807
0.920954420531807
0.920954420531807
0.920954420531807
1.0
1.0
1.0
1.0
1.0
1.0
1.0
1.0
1.0
1.0
1.0
1.0
1.0
1.0
1.0
1.0
1.0
1.0
1.0
1.0
1.0
1.0
1.0
1.0
1.0
1.0
1.0
1.0
1.0
0.013509746998944071
0.013442887533457154
0.013145113562041425
0.012648694605452995
0.011902328496142638
0.011198516959375017
0.010519481730345222
0.009755946002648494
0.008966951371888677
0.008178014615145413
0.007397519416962491
0.006683455375083721
0.0060333291516558776
0.005464433394243081
0.004966186130316209
0.004528998020388872
0.004169079981328847
0.003828905013285731
0.0035182945303673437
0.0032494411155849917
0.0029938537824885625
0.0027483927807529607
0.002510692510542224
0.002286754576588003
0.0020645175813532634
0.0018395374043762458
0.0016321659524528246
0.0014413768986563744
0.0012663963963334994
0.0011068510321472272
0.0009656285197930121
0.000841197971074889
0.0007283698187871355
0.0006342554787377009
0.000554962239548555
0.00048217226643949964
0.00042268360803704615
0.00037194051706597746
0.00032399798114675956
0.0002824565919264523
0.00024480501495005537
0.00020888599406938412
0.00018869349434555755
0.00015476010785460585
0.0001243945532656369
9.727658096731075e-05
7.41507033996594e-05
5.529581304306434e-05
4.063248228050799e-05
2.8761888479171146e-05
2.136512513448164e-05
1.8452660417473887e-05
1.648214635430178e-05
1.59238694149996e-05
1.3075196072119464e-05
1.0171123652658411e-05
8.288080144918362e-06
9.513379598608013e-06
6.633044037166935e-06
2.592059374234313e-07
0.0004
0.0004
0.0004
0.0004
0.0004
0.0004
0.0004
0.0004
0.0004
0.0004
0.0004
0.0004
0.0004
0.0004
0.0004
0.0004
0.0004
0.0004
0.0004
0.0004
0.0004
0.0004
0.0004
0.0004
0.0004
0.0004
0.0004
0.0004
0.0004
0.0004
0.0004
0.0004
0.0004
0.0004
0.0004
0.0004
0.0004
0.0004
0.0004
0.0004
0.0004
0.0004
0.0004
0.0004
0.0004
0.0004
0.0004
0.0004
0.0004
0.0004
0.0004
0.0004
0.0004
0.0004
0.0004
0.0004
0.0004
0.0004
0.0004
0.0004
8.60451419224123e-09
1.578021977514803e-08
2.1892415260555535e-08
2.6925828092092847e-08
2.971401735545372e-08
3.191536891169426e-08
3.3615820560817765e-08
3.4746051764151937e-08
3.5661340336177934e-08
3.6398811651530586e-08
3.6864029565337865e-08
3.7202242046694526e-08
3.743385508154835e-08
3.7482031518220545e-08
3.74258526023047e-08
3.730742951458454e-08
3.7124070818281054e-08
3.694071212197757e-08
3.678655663276213e-08
3.670665185093012e-08
3.662674706909812e-08
3.66023509716688e-08
3.6690996875910616e-08
3.6779642780152424e-08
3.6903178538193995e-08
3.7084523814632495e-08
3.726586909107099e-08
3.747683636083778e-08
3.7728139961945275e-08
3.797944356305276e-08
3.8298642947284706e-08
3.8694261202309925e-08
3.9089879457335157e-08
3.957872216284235e-08
4.015447818582019e-08
4.073023420879802e-08
4.1342697689445876e-08
4.198347277308391e-08
4.262424785672194e-08
4.3230986919605434e-08
4.381611227372829e-08
4.440123762785115e-08
4.5133689117812545e-08
4.594249047452311e-08
4.6751291831233675e-08
4.796747172172955e-08
4.949951687407961e-08
5.152241095280844e-08
5.3986620437539895e-08
5.680107822856821e-08
6.015331959489829e-08
6.559586769304933e-08
7.569057461390363e-08
9.442662951156912e-08
2.539995051245074e-07
4.925296956825388e-07
1.3900175836980765e-06
3.720822161311321e-06
7.931814761427643e-06
2.7860567514510038e-06
0.0
0.0
0.0
0.0
0.0
0.0
0.0
0.0
0.0
0.0
0.0
0.0
0.0
0.0
0.0
0.0
0.0
0.0
0.0
0.0
0.0
0.0
0.0
0.0
0.0
0.0
0.0
0.0
0.0
0.0
0.0
0.0
0.0
0.0
0.0
0.0
0.0
0.0
0.0
0.0
0.0
0.0
0.0
0.0
0.0
0.0
0.0
0.0
0.0
0.0
0.0
0.0
0.0
0.0
0.0
0.0
0.0
0.0
0.0
0.0
0.0
0.0
0.0
0.0
0.0
0.0
0.0
0.0
0.0
0.0
0.0
0.0
0.0
0.0
0.0
0.0
0.0
0.0
0.0
0.0
0.0
0.0
0.0
0.0
0.0
0.0
0.0
0.0
0.0
0.0
0.0
0.0
0.0
0.0
0.0
0.0
0.0
0.0
0.0
0.0
0.0
0.0
0.0
0.0
0.0
0.0
0.0
0.0
0.0
0.0
0.0
0.0
0.0
0.0
0.0
0.0
0.0
0.0
0.0
0.0
0.0
0.0
0.0
0.0
0.0
0.0
0.0
0.0
0.0
0.0
0.0
0.0
0.0
0.0
0.0
0.0
0.0
0.0
0.0
0.0
0.0
0.0
0.0
0.0
0.0
0.0
0.0
0.0
0.0
0.0
0.0
0.0
0.0
0.0
0.0
0.0
0.0
0.0
0.0
0.0
0.0
0.0
0.0
0.0
0.0
0.0
0.0
0.0
0.0
0.0
0.0
0.0
0.0
0.0
0.0
0.0
0.0
0.0
0.0
0.0
0.0
0.0
0.0
0.0
0.0
0.0
0.0
0.0
0.0
0.0
0.0
0.0
0.0
0.0
0.0
0.0
0.0
0.0
0.0
0.0
0.0
0.0
0.0
0.0
0.0
0.0
0.0
0.0
0.0
0.0
0.0
0.0
0.0
0.0
0.0
0.0
0.0
0.0
0.0
0.0
0.0
0.0
0.0
0.0
0.0
0.0
0.0
0.0
0.0
0.0
0.0
0.0
0.0
0.0
0.0
0.0
0.0
0.0
0.0
0.0
0.0
0.0
0.0
0.0
0.0
0.0
0.0
0.0
0.0
0.0
0.0
0.0
0.0
0.0
0.0
0.0
0.0
0.0
0.0
0.0
0.0
0.0
0.0
0.0
0.0
0.0
0.0
0.0
0.0
0.0
0.0
0.0
0.0
0.0
0.0
0.0
0.0
0.0
0.0
0.0
0.0
0.0
0.0
0.0
0.0
0.0
0.0
0.0
0.0
0.0
0.0
0.0
0.0
0.0
0.0
0.0
0.0
0.0
0.0
0.0
2
2
1
295.0
-68.75616131671333
0.0
0.0
49.0
6.7
1.0
2.0
3.0
4.0
5.0
6.0
7.0
8.0
9.0
10.0
11.0
12.0
13.0
14.0
15.0
16.0
17.0
18.0
19.0
20.0
21.0
22.0
23.0
24.0
25.0
26.0
27.0
28.0
29.0
30.0
31.0
32.0
33.0
34.0
35.0
36.0
37.0
38.0
39.0
40.0
41.0
42.0
43.0
44.0
45.0
46.0
47.0
48.0
49.0
50.0
51.0
52.0
53.0
54.0
55.0
56.0
57.0
58.0
59.0
60.0
0.0
0.0
0.0
0.0
0.0
0.0
0.0
0.0
0.0
0.0
0.0
0.0
0.0
0.0
0.0
0.0
0.0
0.0
0.0
0.0
0.0
0.0
0.0
0.0
0.0
0.0
0.0
0.0
0.0
0.0
0.0
0.0
0.0
0.0
0.0
0.0
0.0
0.0
0.0
0.0
0.0
0.99
0.0
0.0
0.0
0.0
0.0
0.0
0.0
0.0
0.0
0.0
0.0
0.0
0.0
0.0
0.0
0.0
0.0
0.0
0.0
0.0
0.0
0.0
0.0
0.0
0.0
0.0
0.0
0.0
0.0
0.0
0.0
0.0
0.0
0.0
0.0
0.0
0.0
0.0
0.0
0.0
0.0
0.0
0.0
0.0
0.0
0.0
0.0
0.0
0.0
0.0
0.0
0.0
0.0
0.0
0.0
0.0
0.0
0.0
0.0
220.0
0.0
0.0
0.0
0.0
0.0
0.0
0.0
0.0
0.0
0.0
0.0
0.0
0.0
0.0
0.0
0.0
0.0
0.0
0.0
0.0
0.0
0.0
0.0
0.0
0.0
0.0
0.0
0.0
0.0
0.0
0.0
0.0
0.0
0.0
0.0
0.0
0.0
0.0
0.0
0.0
0.0
0.0
0.0
0.0
0.0
0.0
0.0
0.0
0.0
0.0
0.0
0.0
0.0
0.0
0.0
0.0
0.0
0.0
0.0
0.01
0.0
0.0
0.0
0.0
0.0
0.0
0.0
0.0
0.0
0.0
0.0
0.0
0.0
0.0
0.0
0.0
0.0
0.0
0.0
