9.81
6.022e+23
0
0
0
3
0
1
269.029436052937
2
2
0
0
1
1
0
1
60
7
1000.0
1.0


3
3
0
80.10220330563587
0
5.601050757580543
150.0
350.0
287.04
9.81
79000.0
40.0
20000.0
0.0
0.0
0.0
0.0
0.0280134
0.04401
0.0319988
0.039948
0.01604
0.01801528
0.048
99000.0
2.1153802199668344e+29
0.8
1e-06
1000000.0
0.6
3.0
0.0001
400
45
1.68608972313443
0
1
6
1.0
1
0
1
1
0.02
1000000000000.0
2
286.986662976914
286.0825183245558
285.16548350191687
284.23514257522055
283.29105842724675
282.3327712683331
281.3597970129896
280.37162550722235
279.3677185893684
278.3475079651712
277.31039287526994
276.2557375301056
275.18286828364404
274.09107051310656
272.9795851669598
271.8476049376106
270.6942700083931
269.51866331631237
268.3198052623464
267.09664778957415
265.8480677355653
264.5728593488153
263.26972583886595
261.9372698052692
260.5739823606497
259.17823072640095
257.7482440342096
256.2820970102878
254.77769114880851
253.23273289249445
251.64470822613433
250.01085294562824
248.32811768098165
246.59312651271628
244.80212770834925
242.9509346920887
241.0348548085734
239.0486026954115
236.98619405916938
234.84081423617005
232.60465393313646
230.26870170688156
227.8224786232669
225.25369443820617
222.54779542514962
219.68735970555767
216.65563337633117
213.4339423803935
209.97981194090093
206.24191523058198
203.55119831617563
202.73133055027807
203.91102073719642
206.21900637284205
210.22947337939087
214.86190002482203
221.37360264205904
229.61570531693704
239.20703773908767
242.21929764488442
270.029436052937
269.2731980323747
268.5059793494181
267.7273196007547
266.9369450143935
266.13740944550904
265.3218983534396
264.6917853970357
265.1661826739692
264.3017382325638
264.15400356979853
263.8859626555303
262.97230775233635
262.410175005181
263.0887040766774
262.1214709539462
261.135547293434
260.13012063428613
259.10432307758106
258.0572258226113
256.9878331550302
255.89507566728915
254.77780259693978
253.63477322411993
252.46464708970484
251.2659728332724
250.0371754087854
248.7765413846054
247.48220197030713
246.15211333200784
244.78403365554615
243.37549628607633
241.92377810428587
240.42586208084236
238.8783926642537
237.2776222783717
235.61934669911784
233.8988263949494
232.11068997791887
230.24881461166382
228.30617639269346
226.27466110575565
224.14482187575354
221.90557142254843
219.54241954833697
217.0359459584418
214.3578305261959
212.49132016616494
212.8510927388399
213.60836110069692
214.3707365522688
215.12147500807623
215.85526292670573
216.6082604349763
217.67867317591276
218.56805569104483
219.70131630386197
221.29319874294345
224.1209159527974
226.81018102182767
991.675
975.0250000000001
958.375
941.7249999999999
925.075
908.425
891.7750000000001
875.125
858.4749999999999
841.825
825.175
808.5250000000001
791.875
775.225
758.575
741.925
725.2750000000001
708.625
691.975
675.325
658.675
642.0250000000001
625.375
608.725
592.075
575.425
558.7750000000001
542.125
525.4750000000001
508.82500000000005
492.17500000000007
475.52500000000003
458.87500000000006
442.2250000000001
425.57500000000005
408.925
392.27500000000003
375.62500000000006
358.9750000000001
342.32500000000005
325.675
309.02500000000003
292.37500000000006
275.7250000000001
259.0750000000001
242.42500000000007
225.77500000000003
209.12500000000006
192.47500000000008
175.8250000000001
159.17500000000007
142.52500000000003
125.87500000000006
109.22500000000008
92.5750000000001
75.92500000000013
59.27500000000009
42.62500000000006
25.97500000000008
9.325000000000045
991.675
975.0250000000001
958.375
941.7249999999999
925.075
908.425
891.7750000000001
875.125
858.4749999999999
841.825
825.175
808.5250000000001
791.875
775.225
758.575
741.925
725.2750000000001
708.625
691.975
675.325
658.675
642.0250000000001
625.375
608.725
592.075
575.425
558.7750000000001
542.125
525.4750000000001
508.82500000000005
492.17500000000007
475.52500000000003
458.87500000000006
442.2250000000001
425.57500000000005
408.925
392.27500000000003
375.62500000000006
358.9750000000001
342.32500000000005
325.675
309.02500000000003
292.37500000000006
275.7250000000001
259.0750000000001
242.42500000000007
225.77500000000003
209.12500000000006
192.47500000000008
175.8250000000001
159.17500000000007
142.52500000000003
125.87500000000006
109.22500000000008
92.5750000000001
75.92500000000013
59.27500000000009
42.62500000000006
25.97500000000008
9.325000000000045
71.6507956135311
215.96492376071402
362.3365033133524
510.83192311773337
661.5209531939036
814.476982400693
969.7772775507267
1127.5032663543345
1287.740846937425
1450.580727009159
1616.1187961632645
1784.45653530289
1955.7014677538996
2129.967657303547
2307.3762591895115
2488.0561309913282
2672.144511470707
2859.787776703908
3051.1422843914524
3246.3753190717325
3445.6661531725413
3649.2072414926565
3857.2055699207685
4069.8841831066447
4287.483920572451
4510.265396613096
4738.511266571422
4972.528831062904
5212.653040958562
5459.24998006806
5712.720920369753
5973.507067486723
6242.0951435059815
6519.023992377923
6804.892443063042
7100.368731593864
7406.201871378133
7723.235480152825
8052.424734821541
8394.857350988854
8751.779801050288
9124.6304373353
9515.081844247456
9925.095716583499
10356.995032589042
10813.560567669403
11298.162413252823
11814.943237343092
12369.065379949043
12968.136151995835
13626.382276682565
14367.173576645455
15221.494015944967
16234.398713000683
17476.73045180182
19075.58742660002
21297.232504539425
24852.31363683234
33422.44951981826
56560.69457252452
66.77209314325296
201.7892628303553
338.76689723551425
477.787195812453
618.899037245338
761.6464615214636
907.2461226146436
1056.1623481348042
1207.880118922359
1362.335409125079
1519.815262753886
1679.9859852498962
1843.1080390819243
2010.0432613594085
2180.0519049535087
2352.739703117476
2528.764471180475
2708.2712642205297
2891.4150351132885
3078.3616100131085
3269.2887616968856
3464.3874199731254
3663.8630395856107
3867.9371360884634
4076.849032277125
4290.857851034953
4510.244797818809
4735.315785164146
4966.404463042399
5203.875733321305
5448.129844857453
5699.607189097458
5958.793946122589
6226.228770100253
6502.510754243012
6788.308983033476
7084.3740699298105
7391.552201075981
7710.802372949615
8043.217744071748
8390.052347622011
8752.754878783388
9133.011963067005
9532.803100502148
9954.715340989012
10402.215943711257
10880.361125420477
11397.24740271625
11962.557878270134
12586.548396243354
13282.268010701242
14067.647104349895
14968.433431337306
16024.273455124632
17298.271344154564
18902.35636976082
21069.83665937506
24436.227012071253
32462.76178510573
56560.69457252452
3.521179111399233e+23
3.521179111399233e+23
3.521179111399257e+23
3.521179111399233e+23
3.521179111399233e+23
3.521179111399233e+23
3.521179111399233e+23
3.521179111399257e+23
3.521179111399233e+23
3.521179111399233e+23
3.521179111399233e+23
3.521179111399233e+23
3.521179111399257e+23
3.5211791113992086e+23
3.521179111399257e+23
3.521179111399233e+23
3.521179111399233e+23
3.521179111399257e+23
3.5211791113992086e+23
3.521179111399257e+23
3.521179111399233e+23
3.521179111399233e+23
3.521179111399257e+23
3.5211791113992086e+23
3.521179111399257e+23
3.521179111399233e+23
3.521179111399233e+23
3.521179111399233e+23
3.521179111399233e+23
3.521179111399244e+23
3.521179111399244e+23
3.521179111399233e+23
3.521179111399233e+23
3.521179111399233e+23
3.521179111399257e+23
3.521179111399233e+23
3.521179111399233e+23
3.521179111399233e+23
3.521179111399233e+23
3.521179111399257e+23
3.521179111399233e+23
3.521179111399233e+23
3.521179111399233e+23
3.521179111399233e+23
3.521179111399233e+23
3.521179111399257e+23
3.521179111399233e+23
3.521179111399233e+23
3.521179111399233e+23
3.521179111399233e+23
3.521179111399257e+23
3.521179111399233e+23
3.521179111399233e+23
3.521179111399233e+23
3.521179111399233e+23
3.521179111399233e+23
3.521179111399257e+23
3.521179111399233e+23
3.521179111399233e+23
3.521179111399257e+23
3.521179111399233e+23
3.521179111399233e+23
3.521179111399257e+23
3.521179111399233e+23
3.521179111399233e+23
3.521179111399233e+23
3.521179111399233e+23
3.521179111399257e+23
3.521179111399233e+23
3.521179111399233e+23
3.521179111399233e+23
3.521179111399233e+23
3.521179111399257e+23
3.5211791113992086e+23
3.521179111399257e+23
3.521179111399233e+23
3.521179111399233e+23
3.521179111399257e+23
3.5211791113992086e+23
3.521179111399257e+23
3.521179111399233e+23
3.521179111399233e+23
3.521179111399257e+23
3.5211791113992086e+23
3.521179111399257e+23
3.521179111399233e+23
3.521179111399233e+23
3.521179111399233e+23
3.521179111399233e+23
3.521179111399244e+23
3.521179111399244e+23
3.521179111399233e+23
3.521179111399233e+23
3.521179111399233e+23
3.521179111399257e+23
3.521179111399233e+23
3.521179111399233e+23
3.521179111399233e+23
3.521179111399233e+23
3.521179111399257e+23
3.521179111399233e+23
3.521179111399233e+23
3.521179111399233e+23
3.521179111399233e+23
3.521179111399233e+23
3.521179111399257e+23
3.521179111399233e+23
3.521179111399233e+23
3.521179111399233e+23
3.521179111399233e+23
3.521179111399257e+23
3.521179111399233e+23
3.521179111399233e+23
3.521179111399233e+23
3.521179111399233e+23
3.521179111399233e+23
3.521179111399257e+23
3.521179111399233e+23
3.521179111399233e+23
3.521179111399257e+23
-1.1894081595310242
-3.336145440092521
-3.3319186572214923
-3.2673119978137066
-3.1744278151783343
-3.086802789547294
-3.015919258351107
-2.951813990852191
-2.902741606267729
-2.8642603087173963
-2.8190052250408177
-2.7680822243287864
-2.711831311150399
-2.6734328849342095
-2.652598208757605
-2.6370822932209954
-2.647229797328717
-2.649411936910978
-2.645617991600715
-2.6522150201501518
-2.651442510261206
-2.6362985853492678
-2.625770359160245
-2.6017756119079287
-2.56498756243261
-2.5304515849174205
-2.4935533362039513
-2.4507275188871986
-2.426315439568051
-2.3924954541170766
-2.3639389988373223
-2.342080183805006
-2.3155132324722674
-2.2956231270642444
-2.293924234311773
-2.2837158021751094
-2.2847521991443935
-2.312442503419719
-2.321279985441481
-2.3473672160016186
-2.383816815722089
-2.381966929197537
-2.4078344964338987
-2.4422541410301832
-2.3770659338408047
-2.2600623056003943
-1.9833235520599384
-1.6126457702517845
-1.2031618424293498
-0.6160938003416996
-0.14211921061436678
-0.031716329883039046
-0.006706166801166646
-0.003207452870101768
-0.0015493639845398088
8.984129359765336e-05
0.0024784990036394866
0.005838586077766911
0.00782075879652077
0.00180213774799428
0.4510951707193056
-2.570755678905865
2.220342627095533
-2.2150517615414786
2.3057647535970522
-1.94854975026679
-2.1575048497525
-0.16572818667502998
-2.395307953294486
-0.6582230793057116
-0.14016351590584164
0.18596897082830766
-0.1931733315831201
-3.1317308677037787
0.3251233823090991
-0.7666326904906444
-0.53585884837248
-0.5236638750132974
-0.5222275875674456
-0.5630168016585835
-0.5822684944486372
-0.6185744911339695
-0.6546384583598159
-0.6875337963463366
-0.7181116976230549
-0.754117272177638
-0.7967756432860437
-0.8413940457801138
-0.8928294965372144
-0.93910928152657
-0.9867445791527035
-1.0383938189450332
-1.0858633537545876
-1.1385632387131053
-1.2109796874891623
-1.2519280566324031
-1.287299735464627
-1.325581711538776
-1.3116880739646801
-1.3031274853873733
-1.2895831145884515
-1.205417940011432
-1.1231380247741418
-1.0032813271319823
-0.7157372980077661
-0.39302743316744976
-0.07420982054451714
0.05720516294774225
0.004713101833715483
-0.0012605203472056403
-0.001253836031743727
-0.0006310646006935372
-0.0004928775029645616
-0.0005237362485714658
-0.000865010972682323
-0.0013343136015580015
-0.0015887474903887172
-0.0020431441005163836
-0.0020223220763653862
0.0003539810277877753
-4.256622865850005
-2.3951063234524668
-2.1563425528862297
-2.020433409468808
-1.8968605565862902
-1.7964983889193036
-1.7190173993730014
-1.6650150506193881
-1.623944508211082
-1.5996244831006265
-1.5715104498188452
-1.5408915925572444
-1.499620448776426
-1.4842127919792176
-1.4822245810821641
-1.4906905189685915
-1.52736262068251
-1.5559896485240756
-1.5758409820058148
-1.6089360057596025
-1.6319162258770348
-1.645031949523684
-1.66061006220923
-1.662334348495591
-1.652817488103068
-1.6458470720345986
-1.6381029244384422
-1.6226787172745958
-1.6267267095911677
-1.6187181822523655
-1.6181263143021738
-1.6232873647227564
-1.62354249390458
-1.632353803479333
-1.655725405153504
-1.6716816713482956
-1.7003446088176872
-1.7560117367190173
-1.7913837354189752
-1.844693323746725
-1.9081018990782184
-1.9339711714168573
-1.987128987135435
-2.0484112934579457
-2.0083140825245493
-1.9175849129945846
-1.6653985015597073
-1.3191791908541575
-0.940041617863443
-0.4047828982316162
0.10716006799390243
0.29691955837233763
0.23739523817820896
0.20362089907666814
0.17463473640620464
0.1471617477191387
0.12093478708476368
0.09364291713430362
0.06459357308301605
0.03165041619809017
-2.0906946079297057
0.9565718555015224
-3.5588047011024173
0.9341764668294701
-3.4970789701352487
0.3222974544949153
-3.7737021393267014
-1.9324568993251034
-2.7384075048154983
-1.5829241989598017
-2.064184087333601
-2.633718483406298
-0.8328256093257949
-1.847742427047507
-4.026256709432602
-1.2834761937012047
-1.7220228994560927
-1.7421880330666966
-1.7340211269041106
-1.734425111275101
-1.7300807075873905
-1.7255101443629002
-1.7294270778537992
-1.7312296049183118
-1.7327460593082975
-1.7393716266054895
-1.7542223446738063
-1.771363437649697
-1.794955677297608
-1.813198038447993
-1.8320703957859052
-1.8569277066668803
-1.8765824587006108
-1.9026619220227872
-1.9481370401599918
-1.9617410409378238
-1.9693754074959884
-1.9812322746385007
-1.9396168460702086
-1.9045179716531209
-1.8639768363575797
-1.7520937393871066
-1.6438842472344675
-1.4986878133838104
-1.1876668776969268
-0.8636786961383791
-0.49591585038808716
-0.22280156184703515
-0.270275929329614
-0.2669663996410918
-0.24796109866215943
-0.2242759863154049
-0.19910019216362684
-0.17314075290488518
-0.14659651774618965
-0.12047330764141861
-0.09429867501410172
-0.0688469965207048
-0.04405963426660264
-0.024707338606390294
-1.5983735143909543
-1.5717605953763452
-1.5451476763617356
-1.5185347573471262
-1.4919218383325168
-1.4653089193179072
-1.438696000303298
-1.4120830812886886
-1.385470162274079
-1.3588572432594697
-1.3322443242448605
-1.3056314052302511
-1.2790184862156417
-1.2524055672010321
-1.2257926481864232
-1.1991797291718136
-1.1725668101572042
-1.145953891142595
-1.1193409721279852
-1.092728053113376
-1.0661151340987667
-1.039502215084157
-1.012889296069548
-0.9862763770549384
-0.959663458040329
-0.9330505390257197
-0.9064376200111103
-0.8798247009965008
-0.8532117819818915
-0.8265988629672822
-0.7999859439526728
-0.7733730249380633
-0.746760105923454
-0.7201471869088446
-0.6935342678942351
-0.6669213488796257
-0.6403084298650163
-0.6136955108504071
-0.5870825918357976
-0.5604696728211883
-0.5338567538065787
-0.5072438347919694
-0.48063091577736006
-0.45401799676275073
-0.42740507774814135
-0.400792158733532
-0.3741792397189225
-0.3475663207043131
-0.32095340168970377
-0.2943404826750944
-0.26772756366048506
-0.24111464464587548
-0.21450172563126613
-0.1878888066166568
-0.16127588760204742
-0.13466296858743812
-0.10805004957282872
-0.08143713055821919
-0.05482421154360984
-0.028211292529000488
1.597101136765026
1.5705094028378885
1.5439176689107508
1.517325934983613
1.4907342010564755
1.4641424671293377
1.4375507332022
1.4109589992750624
1.3843672653479244
1.3577755314207869
1.3311837974936493
1.3045920635665118
1.2780003296393738
1.251408595712236
1.2248168617850985
1.1982251278579608
1.171633393930823
1.1450416600036855
1.1184499260765477
1.0918581921494102
1.0652664582222724
1.0386747242951346
1.012082990367997
0.9854912564408593
0.9588995225137217
0.9323077885865839
0.9057160546594464
0.8791243207323086
0.8525325868051711
0.8259408528780334
0.7993491189508956
0.7727573850237578
0.7461656510966203
0.7195739171694826
0.6929821832423448
0.6663904493152072
0.6397987153880694
0.6132069814609319
0.5866152475337942
0.5600235136066565
0.5334317796795188
0.5068400457523811
0.48024831182524336
0.45365657789810576
0.4270648439709681
0.4004731100438305
0.37388137611669264
0.34728964218955494
0.32069790826241734
0.2941061743352797
0.26751444040814204
0.2409227064810042
0.21433097255386657
0.18773923862672895
0.16114750469959127
0.13455577077245362
0.10796403684531598
0.08137230291817814
0.054780568991040494
0.02818883506390285
-16.649999999999977
-16.649999999999977
-16.65000000000009
-16.649999999999977
-16.649999999999977
-16.649999999999977
-16.649999999999977
-16.65000000000009
-16.649999999999977
-16.649999999999977
-16.649999999999977
-16.649999999999977
-16.65000000000009
-16.649999999999864
-16.65000000000009
-16.649999999999977
-16.649999999999977
-16.65000000000009
-16.649999999999864
-16.65000000000009
-16.649999999999977
-16.649999999999977
-16.65000000000009
-16.649999999999864
-16.65000000000009
-16.649999999999977
-16.649999999999977
-16.649999999999977
-16.649999999999977
-16.650000000000034
-16.650000000000034
-16.649999999999977
-16.649999999999977
-16.649999999999977
-16.65000000000009
-16.649999999999977
-16.649999999999977
-16.649999999999977
-16.649999999999977
-16.65000000000009
-16.649999999999977
-16.649999999999977
-16.649999999999977
-16.649999999999977
-16.649999999999977
-16.65000000000009
-16.649999999999977
-16.649999999999977
-16.649999999999977
-16.649999999999977
-16.65000000000009
-16.649999999999977
-16.649999999999977
-16.649999999999977
-16.649999999999977
-16.649999999999977
-16.65000000000009
-16.649999999999977
-16.649999999999977
-16.65000000000009
-16.649999999999977
-16.649999999999977
-16.65000000000009
-16.649999999999977
-16.649999999999977
-16.649999999999977
-16.649999999999977
-16.65000000000009
-16.649999999999977
-16.649999999999977
-16.649999999999977
-16.649999999999977
-16.65000000000009
-16.649999999999864
-16.65000000000009
-16.649999999999977
-16.649999999999977
-16.65000000000009
-16.649999999999864
-16.65000000000009
-16.649999999999977
-16.649999999999977
-16.65000000000009
-16.649999999999864
-16.65000000000009
-16.649999999999977
-16.649999999999977
-16.649999999999977
-16.649999999999977
-16.650000000000034
-16.650000000000034
-16.649999999999977
-16.649999999999977
-16.649999999999977
-16.65000000000009
-16.649999999999977
-16.649999999999977
-16.649999999999977
-16.649999999999977
-16.65000000000009
-16.649999999999977
-16.649999999999977
-16.649999999999977
-16.649999999999977
-16.649999999999977
-16.65000000000009
-16.649999999999977
-16.649999999999977
-16.649999999999977
-16.649999999999977
-16.65000000000009
-16.649999999999977
-16.649999999999977
-16.649999999999977
-16.649999999999977
-16.649999999999977
-16.65000000000009
-16.649999999999977
-16.649999999999977
-16.65000000000009
287.986662976914
287.0888619851065
286.17837367219755
285.25479233982867
284.317691818805
283.3666240438811
282.40111750097765
281.6016485197972
280.60918460771154
279.6007745965188
278.5758369726293
277.5337566626682
276.4738823536833
275.3955235374772
274.29794724401506
273.1803744235143
272.04197593054045
270.8818680559863
269.6991075439842
268.4926860202702
267.26152374592345
266.00446259526785
264.72025813844857
263.40757068703886
262.064955134028
260.6908493864637
259.2835611482758
257.8412527603449
256.3619237419729
254.84339059902135
253.28326336434054
251.67891820936262
250.02746530324893
248.32571088596598
246.57011224782036
244.75672394752905
242.8811331216142
240.93838109363065
238.92286761538884
236.82823286501088
234.6472106400684
232.37144379190454
229.9912494974214
227.4953168973638
224.8703120343394
222.1003533770641
219.16630290367988
216.04478787836234
212.7068771606472
209.11086358574147
205.54611424785134
203.23292527494414
203.23748028115892
205.02076927172962
208.19010069491566
212.5155972712448
218.08906016747795
225.46718703039934
234.38784099605806
240.69900424329938
243.72437303448618
270.029436052937
269.2814482871665
268.51696001181233
267.74701092125326
266.95964051448544
266.16626174853076
265.3605693767165
264.5352395643919
264.9289840355025
264.7339604532665
264.2278709011812
264.0199831126644
263.11632889285477
262.32593794284526
262.7494395409292
261.7940131873677
260.8176313060712
259.82216586634325
258.80677798777543
257.77057075293317
256.712583477836
255.63178541777094
254.52706850235387
253.39723927707223
252.24100975671413
251.05698700824206
249.84366124384925
248.59939215926806
247.32239319548924
246.0107133306715
244.6622159188907
243.2745539777481
241.84514117995104
240.3711176141672
238.849309133064
237.27617878098985
235.64776836129997
233.9596276224821
232.2067277529631
230.38335478842103
228.48297702045303
226.4980783504803
224.4199464465774
222.23839989047607
219.94144554016722
217.51209614205317
214.92849836037686
213.1298815189724
212.67120645250242
213.2297269197684
213.98954882648286
214.7461057801725
215.48836896739098
216.23176168084103
217.14346680544452
218.1233644334788
219.1346859974534
220.4972575234027
222.70705734787043
225.46554848731253
228.15481355634282
1000.0
983.35
966.7
950.05
933.4
916.75
900.1
883.45
866.8
850.15
833.5
816.85
800.2
783.55
766.9000000000001
750.25
733.6
716.95
700.3
683.6500000000001
667.0
650.35
633.7
617.05
600.4000000000001
583.75
567.1
550.45
533.8000000000001
517.1500000000001
500.50000000000006
483.85
467.20000000000005
450.55000000000007
433.9000000000001
417.25
400.6
383.95000000000005
367.30000000000007
350.6500000000001
334.0
317.35
300.70000000000005
284.05000000000007
267.4000000000001
250.7500000000001
234.10000000000002
217.45000000000005
200.80000000000007
184.1500000000001
167.5000000000001
150.85000000000002
134.20000000000005
117.55000000000007
100.90000000000009
84.25000000000011
67.60000000000014
50.950000000000045
34.30000000000007
17.65000000000009
1.0
1000.0
983.35
966.7
950.05
933.4
916.75
900.1
883.45
866.8
850.15
833.5
816.85
800.2
783.55
766.9000000000001
750.25
733.6
716.95
700.3
683.6500000000001
667.0
650.35
633.7
617.05
600.4000000000001
583.75
567.1
550.45
533.8000000000001
517.1500000000001
500.50000000000006
483.85
467.20000000000005
450.55000000000007
433.9000000000001
417.25
400.6
383.95000000000005
367.30000000000007
350.6500000000001
334.0
317.35
300.70000000000005
284.05000000000007
267.4000000000001
250.7500000000001
234.10000000000002
217.45000000000005
200.80000000000007
184.1500000000001
167.5000000000001
150.85000000000002
134.20000000000005
117.55000000000007
100.90000000000009
84.25000000000011
67.60000000000014
50.950000000000045
34.30000000000007
17.65000000000009
1.0
0.0
143.3015912270622
288.6282562943658
436.04475033233894
585.6190959031278
737.4228104846794
891.5311543167066
1048.0234007847469
1206.9831319239222
1368.4985619509275
1532.6628920673907
1699.5747002591384
1869.3383703466416
2042.0645651611578
2217.870749445937
2396.8817689330863
2579.23049304957
2765.058529891844
2954.5170235159717
3147.7675452669328
3344.983092876532
3546.349213468551
3752.065269516762
3962.3458703247757
4177.422495888513
4397.54534525639
4622.9854479698015
4854.037085173043
5091.020576952765
5334.2855049643595
5584.214455171759
5841.227385567746
6105.7867494057
6378.403537606264
6659.644447149582
6950.140438976502
7250.597024211227
7561.806718545039
7884.664241760611
8220.185227882472
8569.529474095236
8934.030128005343
9315.230746665256
9714.932941829653
10135.258491337347
10578.731573840738
11048.389561498067
11547.935265007582
12081.951209678602
12656.179550219482
13280.09275377219
13972.671799592941
14761.675353697969
15681.312678191965
16787.4847478094
18165.976155794237
19985.198697405805
22609.266311673044
27095.360961991635
39749.53807764489
52403.71519329823
0.0
133.54418628650592
270.0343393742047
407.4994550968238
548.0749365280822
689.7231379625939
833.5697850803332
980.9224601489541
1131.4022361206542
1284.3580017240643
1440.3128165260937
1599.3177089816782
1760.6542615181143
1925.561816645734
2094.5247060730826
2265.5791038339344
2439.900302401017
2617.628639959933
2798.913888481126
2983.9161817454515
3172.807038280765
3365.770485113006
3563.0043548332446
3764.721724337977
3971.1525478389503
4182.5455167152995
4399.170185354606
4621.319410283013
4849.312160045279
5083.496766039519
5324.254700603091
5572.004989111815
5827.2093890831
6090.378503162076
6362.079037038429
6642.942471447595
6933.675494619356
7235.072645240266
7548.031756911696
7873.572988987535
8212.86249915596
8567.242196088062
8938.267561478715
9327.756364655297
9737.849836349
10171.580845629025
10632.851041793489
11127.871209047467
11666.623596385032
12258.492160155234
12914.604632331475
13649.93138907101
14485.362819628781
15451.50404304583
16597.042867203436
17999.499821105688
19805.21291841595
22334.460400334177
26537.99362380833
38387.529946403134
50237.06626899802
421.46637327740893
421.3680015258823
419.36457203704373
417.10129445603644
414.70138269646424
412.2184133504466
409.67478751137884
407.0946243999883
404.50186990564964
401.90559969972304
399.3251422108672
396.77398541847026
394.25705286035924
391.7791478470027
389.3309300786234
386.9039163210154
384.49535770564904
382.0919978529872
379.7058031764852
377.33870626620677
374.99027389153173
372.6677084860247
370.3707495630615
368.09411402516537
365.8494664797669
363.63500260017975
361.4446765481091
359.2873320500092
357.1607802220095
355.06497089858584
353.00763938900667
350.9892599294983
349.00828958696314
347.07221205262056
345.1804826312731
343.3318796048991
341.53887466814876
339.7968547759038
338.1029120537935
336.47370493658724
334.9021845828977
333.38996404484794
331.9600814770335
330.6076233368229
329.3382653876738
328.18210086655216
327.1285504032853
326.1890625803022
325.35239158367756
324.59028825143884
323.90427739088284
323.44129556301664
323.4730736713263
323.89321530469215
324.5800541916363
325.39032584044173
326.28474514713645
327.2226737086437
328.2140458487843
329.2161429036279
330.4487861976368
343.853637843125
342.29620532721657
339.866641612572
339.61767928177267
337.1007995466197
336.7441985758113
334.2206309928698
347.7981354986355
349.24104566190346
349.52034453119325
348.4718808664753
347.69654670380555
346.9188975708482
346.04399020521726
345.30876326980786
345.0902740090023
343.17524276525296
341.7097937331389
340.28716426442924
338.8710243748006
337.4525153238874
336.03567049234414
334.62316233050535
333.2140497610722
331.8135633440569
330.4256325749816
329.0494224562118
327.68747814402104
326.34126734749896
325.013506867338
323.7111487840196
322.4339294031414
321.1823793265949
319.96066466815046
318.7693955012034
317.6166008767306
316.5086523517333
315.44180513347817
314.4119090529545
313.43128412096496
312.49152473010724
311.59142586587086
310.744554226344
309.92935791415476
309.14744933152565
308.41940463780486
307.7492699163332
307.27954336678613
307.08727302193915
307.2006235257444
307.4626872948925
307.78622102268275
308.12763359073267
308.4657062737108
308.79649372428617
309.09946661700167
309.368121167435
309.6269221894975
309.9326762885163
310.3669388244094
311.26835529336086
390.0271296460008
389.4384296864492
386.9370097722058
384.1688578360066
381.2575096927722
378.2563313029354
375.1881302674982
372.0773217383888
368.9479436306896
365.8091823593389
362.6804550206492
359.5753405085914
356.4990063176518
353.4565348377722
350.439131712653
347.4386822977679
344.4527011248939
341.4682414039189
338.4972529795578
335.5417436504148
332.6014019775142
329.6833941485438
326.7874797158619
323.9084507067477
321.0579291118482
318.2341265476936
315.4310758170047
312.657598482954
309.9115034948086
307.1927585068332
304.5090447789309
301.860836065597
299.2465951566867
296.6737679098141
294.1418205040001
291.6495392666587
289.2093522461364
286.8166648267313
284.4685892434998
282.1817552382316
279.9491516457997
277.772413111839
275.6745691007325
273.6507840405562
271.7067776845976
269.8726613865974
268.1380186610547
266.5144050609526
264.9907576708928
263.5390571438762
262.1610121985205
261.0038274692834
260.339796065621
260.0635437055423
260.0551587668722
260.1881425849008
260.4305205605979
260.7930847476885
261.3829705799453
262.2507112361306
262.8729746129856
301.4756191432229
299.6675244807799
296.9812956897119
296.4696312794846
293.6841469641862
293.0525800663267
290.2477414704808
287.969944828038
289.1962084394036
289.2363689448814
287.9299608087933
286.880887747316
285.8158393353563
284.6413493460697
283.5959872314717
283.0579489699224
280.814641563647
279.0129649748001
277.2463251065139
275.4787017674075
273.7016162520658
271.9191429773071
270.1340546450382
268.3455664297421
266.5588865955117
264.7779679958572
263.0020254305454
261.2335714629409
259.4740554878809
257.7261850230696
255.9968136922841
254.2856544131909
252.5932127271125
250.9235455732276
249.2772204163027
247.6622165567969
246.0847503071852
244.5410810685334
243.0270233783518
241.5547159742681
240.1159517917933
238.7095670664513
237.3489184797012
236.0129170437816
234.7032808823411
233.4403246162794
232.2284253711722
231.2101200534777
230.4624695977689
230.0137768809412
229.7073765398055
229.4568331721927
229.2215963359354
228.9838074281545
228.7451550259747
228.5005907538825
228.2485240370724
228.0337636402769
227.9309059734627
228.0328794674865
228.3059733047978
31.43924363140816
31.92957183943307
32.42756226483796
32.93243662002981
33.44387300369201
33.96208204751123
34.48665724388063
35.01730266159948
35.55392627496003
36.09641734038414
36.64468719021802
37.19864490987887
37.75804654270746
38.32261300923052
38.89179836597036
39.46523402324747
40.04265658075512
40.6237564490683
41.20855019692739
41.79696261579197
42.38887191401753
42.98431433748092
43.58326984719961
44.18566331841765
44.79153736791871
45.40087605248614
46.01360073110445
46.6297335670552
47.24927672720094
47.87221239175266
48.49859461007577
49.1284238639013
49.76169443027646
50.39844414280646
51.03866212727297
51.6823403382404
52.32952242201234
52.98018994917248
53.63432281029366
54.29194969835565
54.95303293709798
55.61755093300897
56.28551237630096
56.95683929626672
57.63148770307619
58.30943947995479
58.99053174223062
59.67465751934963
60.36163391278479
61.05123110756261
61.74326519236232
62.43746809373325
63.1332776057053
63.82967159914982
64.52489542476411
65.20218325554096
65.85422458653854
66.4295889609552
66.83107526883897
66.96543166749726
67.57581158465122
42.37801869990209
42.62868084643669
42.88534592286011
43.14804800228806
43.41665258243353
43.69161850948463
43.97288952238905
59.82819067059748
60.04483722249986
60.28397558631183
60.54192005768202
60.81565895648953
61.10305823549187
61.40264085914754
61.71277603833611
62.03232503907994
62.36060120160593
62.69682875833875
63.04083915791536
63.39232260739312
63.75089907182163
64.11652751503705
64.48910768546718
64.86848333133007
65.25467674854522
65.64766457912441
66.04739702566641
66.45390668108011
66.86721185961804
67.28732184426838
67.7143350917355
68.14827498995047
68.5891665994824
69.03711909492283
69.4921750849007
69.95438431993374
70.42390204454807
70.90072406494478
71.38488567460273
71.87656814669685
72.37557293831398
72.88185879941956
73.39563574664281
73.91644087037317
74.44416844918456
74.97908002152542
75.52084454516105
76.06942331330842
76.6248034241703
77.18684664480317
77.75531075508698
78.32938785049005
78.90603725479727
79.4818988455563
80.05133869831145
80.59887586311913
81.1195971303626
81.5931585492206
82.00177031505358
82.33405935692288
82.96238198856307
578.3217291752201
573.9667345578434
569.5681987455525
565.1485786116588
560.7282334426178
556.348403540014
552.0082793120268
547.7090988012633
543.4513292563053
539.2311145421675
535.0510325702112
530.9283653279954
526.870541177327
522.8930157151941
518.9605851548355
515.0513468161454
511.1520976818103
507.22137520846616
503.2791908834399
499.3362529911558
495.3788846107211
491.42440297933706
487.48241210685023
483.54516650674486
479.6381846128508
475.77090324516064
471.9347301210554
468.139282698517
464.3900521532427
460.6675161202279
456.99146642839617
453.3549606545858
449.75070294732797
446.1910829190806
442.66699969425383
439.1626712627264
435.6979846546276
432.255620153565
428.8056656947357
425.38507484211055
421.96886116467437
418.5485387275464
415.1846849883151
411.84509786096896
408.5273286183617
405.3628500147158
402.39171463845435
399.7868283139116
397.63097812643275
395.9288331763306
394.838039417543
394.4822176576707
394.8109153243526
395.46845219589665
396.3589119819175
397.3438183671292
398.38539942154296
399.4442627701349
400.5292778274099
401.59596845533645
402.8602621655435
352.46167556316857
348.8135484393305
347.34055658018735
343.5327895482856
341.9500862799621
338.0964063390185
335.895136210572
345.6989385770109
345.2093918409538
342.7502832054281
340.1188953417503
337.279377091747
333.86800947538325
332.16027650042645
329.57730713796957
325.33256116773157
322.1340537302809
318.94658179871067
315.7817642969344
312.6316032804018
309.47866911821336
306.3317435790828
303.193725272881
300.0551856255941
296.9234696036606
293.802792775277
290.68721102990173
287.571044373037
284.45347013886504
281.3307539814066
278.2151978596403
275.1059080829762
271.99743029976275
268.8991331826178
265.8052020936479
262.70427042901514
259.6345808630799
256.5983582373289
253.58722988216672
250.666988104107
247.8227107415962
245.05863504100216
242.45966966208815
240.0005891026645
237.7199927066515
235.8042811352338
234.27046771762386
233.30482531768862
232.88975341099473
232.73282798547027
232.72792535497734
232.8034979841053
232.92063456583983
233.0596070566544
233.21725375432482
233.3736301292941
233.52181137208615
233.68631371913466
233.92322082163267
234.31342372325912
235.1901328536042
304.9370026781662
298.5405469955066
292.0320081951004
285.4389467057405
278.7888742185798
272.1424142870872
265.5028187410801
258.8766889464935
252.2768906251118
245.7124574169484
239.2005598062523
232.7765715422114
226.4595113715278
220.2729700012595
214.1679035666331
208.1122860478778
202.0847448573004
196.0239744328879
189.9546185288087
183.8848771044435
177.790278381318
171.6940122796271
165.6063376892079
159.5115185400148
153.4435003337304
147.4124260086554
141.4000551075287
135.4224870676128
129.4855979381075
123.5639970771172
117.6898989212706
111.8574337777526
106.0566619843578
100.3120455662004
94.61231915102152
88.93803647502223
83.329401289869
77.76664631915466
72.21606986465547
66.73787011643499
61.29640753256977
55.87662597339714
50.56076329742328
45.30368268162855
40.118367492697
35.20205424625628
30.59919349165127
26.5098391784072
23.00425102476174
20.05580333446632
17.82105535675433
16.40020087784545
15.70961928856306
15.37199598325726
15.25807261879522
15.13180399336159
14.89717445936447
14.21778808803215
12.39253660505935
7.45655887311046
0.0
210.2535595016063
205.6941956186042
203.2865165836993
198.5235873354783
195.965098197146
191.1230095347753
187.9215110663611
180.431901727613
178.8010593247514
175.2055452471531
171.4478197618822
167.4910592643162
162.9706661317993
160.1630670264101
156.4829841046901
151.1393266493193
146.8379474442437
142.5375246117222
138.2520864575801
133.9726998860041
129.6771158830205
125.3762128293325
121.073166678653
116.7559463835824
112.4344658604462
108.1138127900541
103.7869332236102
99.45043328150003
95.10472018150605
90.7459608377388
86.39179157012067
82.04207553688049
77.69099844765049
73.35454622329596
69.0278987355447
64.70033884574276
60.42157653759212
56.19211148872113
52.00088125116193
47.92680824037578
43.94621512804012
40.06150212286566
36.37987387525235
32.86605750661131
29.56100782550839
26.67470432933159
24.20770282934157
22.34843799868911
21.06484410795162
20.04766407330857
19.18018355578624
18.37270547594399
17.56016912774715
16.69826882595767
15.74618180084463
14.59766041470579
13.18659701737125
11.37883588635626
8.990241397430959
5.429725448523622
0.0
273.3847264970539
275.4261875623368
277.5361905504521
279.7096319059183
281.939359224038
284.2059892529268
286.5054605709468
288.8324098547698
291.1744386311934
293.5186571252191
295.8504727639589
298.151793785784
300.4110298057992
302.6200457139346
304.7926815882024
306.9390607682676
309.0673528245099
311.1974007755782
313.3245723546312
315.4513758867123
317.5886062294031
319.73039069971
321.8760744176423
324.0336479667301
326.1946842791204
328.3584772365053
330.5346750135267
332.7167956309042
334.9044542151352
337.1035190431107
339.3015675071256
341.4975268768332
343.6940409629702
345.8790373528802
348.0546805432323
350.2246347877042
352.3685833647586
354.4889738344104
356.5895958300802
358.6472047256756
360.6724536321046
362.6719127541492
364.6239216908918
366.5414151793404
368.4089611256647
370.1607957684595
371.7925211468031
373.2769891355044
374.626727101671
375.8730298418643
377.0169840607886
378.0820167798252
379.1012960357896
380.0964562126394
381.1008393631223
382.2120143737676
383.4882249621785
385.2264746821028
388.1367412223505
394.139409582226
402.8602621655435
142.2081160615623
143.1193528207263
144.0540399964881
145.0092022128073
145.9849880828161
146.9733968042432
147.9736251442109
165.2670368493979
166.4083325162024
167.544737958275
168.6710755798681
169.7883178274308
170.8973433435839
171.9972094740164
173.0943230332795
174.1932345184123
175.2961062860372
176.4090571869885
177.5296778393543
178.6589033943977
179.8015532351929
180.9555307497503
182.120558594228
183.2992392420117
184.4890037432144
185.6889799852229
186.9002778062915
188.120611091537
189.348749957359
190.5847931436678
191.8234062895196
193.0638325460957
194.3064318521123
195.5445869593218
196.7773033581032
198.0039315832724
199.2130043254878
200.4062467486078
201.5863486310048
202.7401798637312
203.8764956135561
204.9971329181365
206.0797957868358
207.1345315960532
208.1589848811431
209.1295768059022
210.0627648882823
210.9563873189995
211.8249093030431
212.6851639121617
213.5477417991911
214.4307925081613
215.3604654380927
216.3613382306967
217.4710719534802
218.7759697145883
220.3352143547149
222.3074778327784
224.9329794242017
228.8836982747355
235.1901328536042
156.8553558978111
152.5987330319611
150.20362670850864
148.0472841556224
146.0268507461536
144.1299901895673
142.333491800648
140.614474401275
138.94945935065562
137.32551484244453
135.7258903593439
134.15437990952506
132.61348831696782
131.1138678681914
129.62965507621217
128.14743049513
126.65673997616142
125.12937735547891
123.57338770695483
121.99754672494902
120.38861071918942
118.75669449331238
117.1116625437887
115.45105248157947
113.78871813308388
112.13590064498081
110.49005357294621
108.85195064850777
107.22927193123317
105.602545221642
103.98382703938964
102.36570072508746
100.74241336036471
99.11887086646013
97.4865170629808
95.83079165782729
94.159109986479
92.45876537766131
90.70275364094229
88.91136990552332
87.06667658177659
85.15857468269837
83.22460351128152
81.23747452414608
79.18906323068813
77.18074914816359
75.263164235169
73.5977657336093
72.27858654275514
71.33854492489169
70.93376202666008
71.04092209465398
71.33784165302632
71.57523689120453
71.7788577902812
71.9534925266874
72.10065427440654
72.2215890614913
72.3152319786256
72.37982555170862
72.41147596790671
8.60803772004357
6.517343112113863
7.473914967615386
3.9151102665129685
4.8492867333424385
1.3522077632071898
1.6745052177021051
-2.0991969216245963
-4.0316538209497
-6.770061325765198
-8.352985524725
-10.4171696120586
-13.050888095464899
-13.883713704790694
-15.7314561318382
-19.757712841270802
-21.041189034972007
-22.7632119344281
-24.505399967494796
-26.239421094398907
-27.973846205674008
-29.703926913261398
-31.4294370576243
-33.1588641354781
-34.89009374039641
-36.62283979970471
-38.362211426310196
-40.116433770984
-41.8877972086337
-43.68275288593131
-45.4959509243793
-47.328021320165206
-49.184949026832086
-51.0615314855327
-52.964193407555484
-54.912330447715476
-56.8740714886533
-58.84344689614929
-60.82467917078779
-62.764296016858
-64.66881398851112
-66.5327908248687
-68.2848845642558
-69.92876881149027
-71.42745662487408
-72.61512350257101
-73.47880219870939
-73.97471804909748
-74.19751961094451
-74.46779554027412
-74.73476193991522
-74.98272303857738
-75.20699902489278
-75.40609921705641
-75.5792399699613
-75.72583648770748
-75.8463097953489
-75.940608470363
-76.00945546688371
-76.05351510115031
-76.0782224397567
85.09012696783458
90.8978826909426
94.90500157710547
98.72991113026609
102.4686354741923
106.1139170158482
109.6853115264181
113.2006327918953
116.6710530055778
120.0967249423905
123.479895214397
126.79876896638
130.039494946124
133.1835648365127
136.2712281460198
139.3263962498901
142.3679562675934
145.444266971031
148.5426344507491
151.6568665459713
154.8111235961962
157.9893818689167
161.181142026654
164.3969321667329
167.6144287781177
170.8217005390383
174.031020709476
177.2351114153412
180.4259055567011
183.628761429716
186.8191458576603
190.0034022878444
193.189933172329
196.3617223436136
199.5295013529785
202.7115027916365
205.8799509562673
209.0500185075766
212.2525193788443
215.4438851217966
218.65274411323
221.8957871384419
225.1138058033093
228.3471013589276
231.5884101919005
234.6706071403411
237.5388251694035
240.0045658825454
241.9865066461311
243.4832538094099
244.3399568417662
244.603626591438
244.630176777058
244.6915477222851
244.797086148077
245.0563385915392
245.5333461012335
246.5752966596564
248.9904339748859
254.7941523630202
262.8729746129856
91.2220596416166
93.97332886217573
93.69477910601262
97.94604394400633
97.71904876704016
101.9295705315514
102.3262304041197
107.538043100425
110.3951491146522
114.0308236977284
116.4821410469111
119.3898284829999
122.8451732035569
124.4782823196596
127.1130031267816
131.9186223206031
133.9766941194033
136.4754403630779
138.9942386489337
141.5060018814035
144.0245003690453
146.5429301479746
149.0608879663852
151.5896200461597
154.1244207350655
156.6641552058032
159.2150922069352
161.7831381814409
164.3693353063747
166.9802241853307
169.6050221221634
172.2435788763104
174.902214279462
177.5689993499316
180.249321680758
182.9618777110541
185.663173769593
188.3489695798123
191.0261421271898
193.6279077338923
196.1697366637532
198.6480649435856
200.9690446044488
203.1468595371703
205.1422730568327
206.7656202869478
208.0207225418306
208.8616820547886
209.3976254898173
209.9661128076326
210.5271929840193
211.0841276962487
211.6614272081883
212.2855386021968
212.99897322513
213.9029303391767
215.0619270197012
216.6549277539207
218.9406645760317
222.6031540189629
228.3059733047978
241.9454828656457
243.4966157229037
245.1086282856141
246.7771952858885
248.4954862203459
250.2439072054155
252.0188033270661
253.8151071931703
255.6205123562334
257.422239784835
259.2057855737409
260.9531488759051
262.6529832630918
264.2974327047041
265.900883222232
267.4738267450201
269.0246962437548
270.5736443265099
272.1160221577039
273.6544132709203
275.1997343153856
276.7460763622291
278.2928045704427
279.8479846483124
281.4031469112016
282.9576011840191
284.5210742824222
286.087062063849
287.6551774879343
289.231306651358
290.8029728970499
292.3691030129319
293.9323465326937
295.4805932100737
297.0160184159593
298.5422944494638
300.0390609427463
301.5087838852379
302.9552730197866
304.3552550273199
305.7194206950066
307.0543618211403
308.3384093145908
309.5845758830737
310.7774734225886
311.8513562885047
312.8019894045725
313.6023316161547
314.2650931888862
314.8217987343016
315.2737188684263
315.644548686092
315.9680184300843
316.2667846134896
316.5759439383582
317.0098311182266
317.63400037564
318.7968857211477
321.3056659535115
327.1739779147288
335.2844505808923
99.83009736166017
100.4906719742896
101.168694073628
101.8611542105193
102.5683355003826
103.2817782947586
104.0007356218218
105.4388461788004
106.3634952937025
107.2607623719632
108.1291555221861
108.9726588709413
109.794285108092
110.5945686148689
111.3815469949434
112.1609094793323
112.9355050844313
113.7122284286498
114.4888386814389
115.2665807870046
116.0506541633713
116.8390032347132
117.6314509087609
118.4307559106816
119.2343269946691
120.0413154060985
120.852880780625
121.6667044104569
122.481538097741
123.2974712993994
124.1090711977841
124.9155575561452
125.7172652526299
126.5074678643989
127.2851282732025
128.0495472633386
128.7891022809397
129.505522683663
130.201462956402
130.8636117170343
131.5009226752421
132.1152741187169
132.684160040193
133.21809072568
133.7148164319586
134.1504967843768
134.5419203431212
134.8869640056911
135.2001058788728
135.4983172673585
135.7924310441041
136.1014046576713
136.4544281832955
136.8794393851404
137.4197332551687
138.1770938514692
139.2156172243523
140.7143192835577
142.931209109148
146.5496389178126
152.2277508650411
-2.607019148051034
-1.68608972313443
-1.5864763038496954
-1.5353589948396382
-1.484853255735226
-1.4446318098129183
-1.051723865688147
-1.2892292947904003
-1.280441376426955
-1.273547615784687
-1.2535946257454065
-1.2250984970876917
-1.1869563998557675
-1.165128217035492
-1.152528386825069
-1.1480515172128032
-1.164575515518517
-1.175805371974712
-1.183267676905463
-1.2003327067409926
-1.2103230249302657
-1.215084817804516
-1.2237811958715252
-1.2224833079567803
-1.215571978118374
-1.214289723040121
-1.2104962115013285
-1.2032490817382009
-1.2088014825770683
-1.20468060256037
-1.204168367738901
-1.2077425375302666
-1.2061067244543409
-1.2104324872460297
-1.224348100531357
-1.2300852642480253
-1.2426313863119773
-1.269440420006306
-1.280927408782139
-1.3023774676291588
-1.331329982902991
-1.3416985906141332
-1.3671540361040047
-1.3900704937875827
-1.340415719723676
-1.2544595261966942
-1.0740983417943524
-0.8452061032136027
-0.6070059771348555
-0.2848779188479227
0.0230461223115018
0.1654823749060512
0.1843315901301971
0.220390551460769
0.252549865208428
0.2847573933054389
0.2318366778397778
-0.09971536673252501
-1.1057767509415668
-1.2142413953091418
0.0
-1.0588008471395858
0.48475271904819695
-1.8024403050381255
0.4734179238241109
-1.7711673803702244
0.16348334560904
-1.9110566578850539
-0.9785640041000343
-1.3868151293991462
-0.801531217979392
-1.0453142427563296
-1.3338104648874007
-0.4216014340287667
-0.9356968516856199
-2.0391936510271913
-0.6498800193289851
-0.8720187298708808
-0.882233117742984
-0.8780959320720172
-0.8782985538889274
-0.8760966023046289
-0.8737801491686159
-0.875762036662111
-0.8766737255299593
-0.877440778016522
-0.8807954082832221
-0.8883171040628035
-0.8969993519498678
-0.9089493049302434
-0.918191080831052
-0.927752219806401
-0.9403448426651297
-0.9503043218377267
-0.9635184733985747
-0.986557430787334
-0.9934562330523313
-0.9973306557036323
-1.0033430810010122
-0.9822741281605372
-0.9645031967225279
-0.943974971589842
-0.8873166715471023
-0.8325158444209546
-0.7589805401828258
-0.6014568431483861
-0.4373594470728539
-0.25108931263493517
-0.11275741571762499
-0.13680959984042507
-0.1351345074511344
-0.1255029328435726
-0.11349159913619752
-0.1007163106997491
-0.08753032981378078
-0.07401580712468914
-0.060694194464438134
-0.047289687081928156
-0.03416944941015698
-0.021168709440289035
-0.010712026205400793
0.0
-2.94183327498443
-2.029747158481375
-1.937451699719918
-1.893795849091027
-1.846463771412003
-1.809037382114382
-1.780634304210571
-1.757890336566383
-1.735223754814298
-1.713695161373055
-1.681126704452911
-1.641542099366313
-1.59258237835669
-1.564010454109763
-1.54755048544412
-1.540657509464482
-1.558259958413056
-1.569432494155668
-1.577468481895191
-1.597742534398441
-1.609900000783819
-1.616739182132176
-1.628911216394621
-1.629775604345908
-1.624596356670551
-1.625633948395477
-1.622985040000678
-1.616249860738736
-1.622359553575018
-1.616042326431741
-1.61293827926114
-1.614090370647588
-1.606623172561258
-1.604591883998834
-1.611796046456762
-1.604930834760788
-1.605751111274221
-1.622179732659316
-1.616539397121589
-1.625400344951135
-1.642715764682485
-1.63004004286213
-1.637778327268774
-1.641837335100208
-1.5612415492788
-1.452853673620113
-1.248984706526678
-1.003922954983437
-0.7581552701420557
-0.4339503256547591
-0.1335580351812832
-0.0134486061807298
-0.031086550019301
-0.0534589379420304
-0.1313205136647968
-0.2416211409947299
-0.5277847364449316
-1.223352299293446
-2.939788222311001
-4.09220863457979
0.0
-1.393614974072982
0.141095283701252
-2.153415700908348
0.1149810695727222
-2.132777896047001
-0.2009222266924236
-2.639967096407478
-1.447225045876017
-1.841597507786489
-1.24167876356776
-1.472846321463834
-1.750254067166022
-0.8272274125296892
-1.334579088759891
-2.434215749646242
-1.042486011580664
-1.26570317276542
-1.27586023992394
-1.272296737061745
-1.275708381546376
-1.275673578158182
-1.275434513496276
-1.280892057185207
-1.283966021919087
-1.286465156568699
-1.292139633638578
-1.300805932562153
-1.310000130950403
-1.322507375928193
-1.329552804702423
-1.33652213132864
-1.346692675782451
-1.350820769944644
-1.357677870151379
-1.374005376712739
-1.368301803565094
-1.360450380665876
-1.356082393654022
-1.317886116499987
-1.287526074044504
-1.255360753369336
-1.175658123795099
-1.103140135585724
-1.010747381495451
-0.8222826727035104
-0.6357535944962727
-0.4259756773672608
-0.2714742674874593
-0.2879588928476254
-0.2842069142579708
-0.2821070903363576
-0.2924225802229785
-0.3161344508492472
-0.3613798192165802
-0.4578861859979139
-0.5870727287646069
-0.8069111013666376
-1.157806381971078
-1.855180180809723
-2.888679265476049
0.0
0.3348141269333962
0.343657435346945
0.3509753958702227
0.3584368542513887
0.3616105156767767
0.3644055723014636
0.7289104385224241
0.4686610417759826
0.4547823783873428
0.440147545588368
0.4275320787075046
0.4164436022786213
0.4056259785009225
0.398882237074271
0.3950220986190508
0.3926059922516789
0.3936844428945392
0.3936271221809561
0.3942008049897279
0.3974098276574485
0.3995769758535531
0.40165436432766
0.4051300205230958
0.4072922963891276
0.4090243785521771
0.4113442253553558
0.4124888284993495
0.4130007790005352
0.4135580709979495
0.4113617238713709
0.4087699115222389
0.4063478331173213
0.4005164481069173
0.3941593967528043
0.3874479459254049
0.3748455705127627
0.3631197249622438
0.3527393126530098
0.3356119883394499
0.3230228773219761
0.311385781779494
0.2883414522479967
0.2706242911647694
0.2517668413126253
0.2208258295551243
0.1983941474234188
0.1748863647323256
0.1587168517698343
0.1511492930072003
0.1490724068068364
0.156604157492785
0.178930981086781
0.2154181401494981
0.2738494894027994
0.3838703788732248
0.5263785343001688
0.7596214142847094
1.123636932560921
1.834011471369434
2.877967239270648
0.0
0.3348141269333962
0.343657435346945
0.3509753958702227
0.3584368542513887
0.3616105156767767
0.3644055723014636
0.7289104385224241
0.4686610417759826
0.4547823783873428
0.440147545588368
0.4275320787075046
0.4164436022786213
0.4056259785009225
0.398882237074271
0.3950220986190508
0.3926059922516789
0.3936844428945392
0.3936271221809561
0.3942008049897279
0.3974098276574485
0.3995769758535531
0.40165436432766
0.4051300205230958
0.4072922963891276
0.4090243785521771
0.4113442253553558
0.4124888284993495
0.4130007790005352
0.4135580709979495
0.4113617238713709
0.4087699115222389
0.4063478331173213
0.4005164481069173
0.3941593967528043
0.3874479459254049
0.3748455705127627
0.3631197249622438
0.3527393126530098
0.3356119883394499
0.3230228773219761
0.311385781779494
0.2883414522479967
0.2706242911647694
0.2517668413126253
0.2208258295551243
0.1983941474234188
0.1748863647323256
0.1587168517698343
0.1511492930072003
0.1490724068068364
0.156604157492785
0.178930981086781
0.2154181401494981
0.2738494894027994
0.3838703788732248
0.5263785343001688
0.7596214142847094
1.123636932560921
1.834011471369434
2.877967239270648
0.0
1.0
1.0
1.0
1.0
1.0
1.0
1.0
0.0
1.0
1.0
0.0
0.0
1.0
0.0
1.0
1.0
0.0
0.0
0.0
0.0
1.0
0.0
0.0
1.0
1.0
1.0
0.0
0.0
1.0
1.0
1.0
0.0
1.0
1.0
1.0
1.0
1.0
1.0
0.0
1.0
0.0
1.0
0.0
0.0
1.0
1.0
0.0
0.0
0.0
0.0
0.0
0.0
0.0
0.0
0.0
0.0
0.0
0.0
0.0
0.0
0.0
1.0
1.0
1.0
1.0
1.0
1.0
1.0
1.0
0.0
0.0
0.0
0.0
1.0
0.0
0.0
1.0
0.0
1.0
1.0
1.0
1.0
0.0
1.0
1.0
0.0
0.0
0.0
1.0
1.0
1.0
0.0
1.0
1.0
1.0
1.0
1.0
1.0
1.0
0.0
1.0
1.0
1.0
0.0
1.0
1.0
0.0
1.0
0.0
0.0
0.0
0.0
0.0
0.0
0.0
0.0
0.0
0.0
0.0
0.0
0.0
0.0
1.0
1.0
1.0
1.0
1.0
1.0
1.0
1.0
1.0
1.0
1.0
1.0
1.0
1.0
1.0
1.0
0.7015986081859769
0.7015986081859769
0.7015986081859769
0.7015986081859769
0.7015986081859769
0.7015986081859769
0.7015986081859769
0.7015986081859769
0.7015986081859769
0.7015986081859769
0.7015986081859769
0.7015986081859769
0.7015986081859769
0.7015986081859769
0.7015986081859769
0.7015986081859769
0.7015986081859769
0.7015986081859769
0.7015986081859769
0.7015986081859769
0.7015986081859769
0.7015986081859769
0.7015986081859769
0.7015986081859769
0.7015986081859769
0.7015986081859769
0.7015986081859769
0.7015986081859769
0.7015986081859769
1.0
1.0
1.0
1.0
1.0
1.0
1.0
1.0
1.0
1.0
1.0
1.0
1.0
1.0
1.0
1.0
1.0
1.0
1.0
1.0
1.0
1.0
1.0
1.0
1.0
1.0
1.0
1.0
1.0
0.012713954004375586
0.012522643316805774
0.012241180006835217
0.011870308005544427
0.01135040266031158
0.010807615946805646
0.010242417305406388
0.009627244491207885
0.008979260998492836
0.008306093871310167
0.007603293920370283
0.0069122527476502965
0.006252357025018315
0.005701225607961229
0.0052255857915459785
0.004805950185013031
0.004468973961144485
0.004131997737275937
0.0038109840341600974
0.0035305558891282635
0.00325012774409643
0.0029850657439348524
0.0027512965008038796
0.0025175272576729076
0.00229981876900209
0.0021087215835990263
0.0019176243981959642
0.0017410619733969394
0.0015842915630374572
0.0014275211526779757
0.0012836469802999441
0.001154287935352099
0.0010249288904042534
0.0009090354256542688
0.0008056959447637976
0.0007023564638733273
0.0006122852173578464
0.0005324474494826503
0.00045260968160745426
0.0003851992836228362
0.0003256805706096482
0.0002661618575964602
0.0002166170653874699
0.00017224112879281296
0.00012786519219815638
9.253792268836469e-05
6.333616885667669e-05
4.20429840806223e-05
2.7624225201019283e-05
1.7049318260112626e-05
1.0628768167837769e-05
6.782626702029576e-06
4.202743077801144e-06
2.924316786566879e-06
2.568634166351592e-06
2.3954756135574008e-06
2.4150621409845113e-06
2.474259716154873e-06
2.722521816921607e-06
3.959857006500464e-06
0.0004
0.0004
0.0004
0.0004
0.0004
0.0004
0.0004
0.0004
0.0004
0.0004
0.0004
0.0004
0.0004
0.0004
0.0004
0.0004
0.0004
0.0004
0.0004
0.0004
0.0004
0.0004
0.0004
0.0004
0.0004
0.0004
0.0004
0.0004
0.0004
0.0004
0.0004
0.0004
0.0004
0.0004
0.0004
0.0004
0.0004
0.0004
0.0004
0.0004
0.0004
0.0004
0.0004
0.0004
0.0004
0.0004
0.0004
0.0004
0.0004
0.0004
0.0004
0.0004
0.0004
0.0004
0.0004
0.0004
0.0004
0.0004
0.0004
0.0004
1.162045634587232e-08
1.820430393861804e-08
2.3397995420096767e-08
2.725212375375048e-08
2.960057246018744e-08
3.1556832458202534e-08
3.319749498422714e-08
3.464152348962763e-08
3.592600138599948e-08
3.705020883204817e-08
3.780025092524557e-08
3.837559316289666e-08
3.8829381782503677e-08
3.913902643840657e-08
3.937410144042347e-08
3.955735715982691e-08
3.967034486289783e-08
3.978333256596876e-08
3.9893025990365636e-08
3.999434353600619e-08
4.009566108164673e-08
4.022175415018773e-08
4.0398301931018384e-08
4.0574849711849056e-08
4.077639849341144e-08
4.101937180544153e-08
4.126234511747164e-08
4.152830315333734e-08
4.182555953655365e-08
4.2122815919769966e-08
4.2490072217123994e-08
4.2936115651879853e-08
4.338215908663571e-08
4.392681279327238e-08
4.456340102804553e-08
4.519998926281867e-08
4.592997988028456e-08
4.6732009569508185e-08
4.753403925873179e-08
4.8485534159784347e-08
4.9531943139707e-08
5.057835211962966e-08
5.2002938603837294e-08
5.362351069436888e-08
5.5244082784900455e-08
5.751180313026143e-08
6.028929328200166e-08
6.387341799947444e-08
6.840970116114401e-08
7.370642590357204e-08
8.017592488363205e-08
9.04862884477832e-08
1.0938081657783701e-07
1.4422883304751184e-07
3.6525748107579245e-07
6.672230955892941e-07
1.5515058449280014e-06
3.6506609890247675e-06
7.375069553347444e-06
2.758957962742941e-06
0.0
0.0
0.0
0.0
0.0
0.0
0.0
0.0
0.0
0.0
0.0
0.0
0.0
0.0
0.0
0.0
0.0
0.0
0.0
0.0
0.0
0.0
0.0
0.0
0.0
0.0
0.0
0.0
0.0
0.0
0.0
0.0
0.0
0.0
0.0
0.0
0.0
0.0
0.0
0.0
0.0
0.0
0.0
0.0
0.0
0.0
0.0
0.0
0.0
0.0
0.0
0.0
0.0
0.0
0.0
0.0
0.0
0.0
0.0
0.0
0.0
0.0
0.0
0.0
0.0
0.0
0.0
0.0
0.0
0.0
0.0
0.0
0.0
0.0
0.0
0.0
0.0
0.0
0.0
0.0
0.0
0.0
0.0
0.0
0.0
0.0
0.0
0.0
0.0
0.0
0.0
0.0
0.0
0.0
0.0
0.0
0.0
0.0
0.0
0.0
0.0
0.0
0.0
0.0
0.0
0.0
0.0
0.0
0.0
0.0
0.0
0.0
0.0
0.0
0.0
0.0
0.0
0.0
0.0
0.0
0.0
0.0
0.0
0.0
0.0
0.0
0.0
0.0
0.0
0.0
0.0
0.0
0.0
0.0
0.0
0.0
0.0
0.0
0.0
0.0
0.0
0.0
0.0
0.0
0.0
0.0
0.0
0.0
0.0
0.0
0.0
0.0
0.0
0.0
0.0
0.0
0.0
0.0
0.0
0.0
0.0
0.0
0.0
0.0
0.0
0.0
0.0
0.0
0.0
0.0
0.0
0.0
0.0
0.0
0.0
0.0
0.0
0.0
0.0
0.0
0.0
0.0
0.0
0.0
0.0
0.0
0.0
0.0
0.0
0.0
0.0
0.0
0.0
0.0
0.0
0.0
0.0
0.0
0.0
0.0
0.0
0.0
0.0
0.0
0.0
0.0
0.0
0.0
0.0
0.0
0.0
0.0
0.0
0.0
0.0
0.0
0.0
0.0
0.0
0.0
0.0
0.0
0.0
0.0
0.0
0.0
0.0
0.0
0.0
0.0
0.0
0.0
0.0
0.0
0.0
0.0
0.0
0.0
0.0
0.0
0.0
0.0
0.0
0.0
0.0
0.0
0.0
0.0
0.0
0.0
0.0
0.0
0.0
0.0
0.0
0.0
0.0
0.0
0.0
0.0
0.0
0.0
0.0
0.0
0.0
0.0
0.0
0.0
0.0
0.0
0.0
0.0
0.0
0.0
0.0
0.0
0.0
0.0
0.0
0.0
0.0
0.0
0.0
0.0
0.0
0.0
0.0
0.0
0.0
0.0
0.0
0.0
0.0
0.0
0.0
0.0
0.0
0.0
0.0
0.0
0.003570119022669338
0.0034996041578075655
0.003409540347023282
0.003299771279415631
0.003151251770058267
0.0029839708546992886
0.0028011180721289387
0.002604291313674109
0.0024083964683669027
0.0022150455849895105
0.0020336640534813193
0.0018666491438649583
0.0017126801861556545
0.001583721655396795
0.0014696337966006803
0.001366684215309443
0.0012803628962826381
0.0011940415772558322
0.0011119462292084807
0.0010405956371620795
0.0009692450451156782
0.0009009175021233207
0.0008387463204264312
0.0007765751387295417
0.0007168764676946636
0.0006612745364002989
0.0006056726051059345
0.0005525506983162698
0.0005028058461713033
0.00045306099402633686
0.0004067486529023704
0.000364299712480764
0.00032185077205915737
0.00028328669611704324
0.00024834448609198
0.00021340227606691685
0.00018270909280556347
0.00015529308444175237
0.00012787707607794126
0.00010572038238966507
8.690348263609823e-05
6.808658288253137e-05
5.376356942586015e-05
4.17694544908324e-05
2.9775339555804754e-05
2.1103949537266697e-05
1.4453040429115102e-05
9.93672573768964e-06
6.927207350205891e-06
4.764876598171457e-06
3.525337907350755e-06
2.8814058790235313e-06
2.5001055366884254e-06
2.35643836583194e-06
2.312563767431987e-06
2.298500334632782e-06
2.429364117616755e-06
2.7212248126938336e-06
3.176123844993294e-06
4.107939098779703e-06
0.0004
0.0004
0.0004
0.0004
0.0004
0.0004
0.0004
0.0004
0.0004
0.0004
0.0004
0.0004
0.0004
0.0004
0.0004
0.0004
0.0004
0.0004
0.0004
0.0004
0.0004
0.0004
0.0004
0.0004
0.0004
0.0004
0.0004
0.0004
0.0004
0.0004
0.0004
0.0004
0.0004
0.0004
0.0004
0.0004
0.0004
0.0004
0.0004
0.0004
0.0004
0.0004
0.0004
0.0004
0.0004
0.0004
0.0004
0.0004
0.0004
0.0004
0.0004
0.0004
0.0004
0.0004
0.0004
0.0004
0.0004
0.0004
0.0004
0.0004
1.530423069415213e-08
1.6826539649258388e-08
1.808721999581265e-08
1.9096758113918802e-08
1.9842467105754935e-08
2.052806856901885e-08
2.1163789892716428e-08
2.1754826211472416e-08
2.232117428905451e-08
2.2864743870556376e-08
2.3362715353827973e-08
2.3835625440069187e-08
2.429093676573531e-08
2.4724873785834516e-08
2.5152500193879194e-08
2.5580282996960746e-08
2.6016884610834346e-08
2.645348622470795e-08
2.6897815907637448e-08
2.7361794617209027e-08
2.7825773326780614e-08
2.830593906361297e-08
2.8819069263256004e-08
2.933219946289905e-08
2.9860472421681895e-08
3.041383564361395e-08
3.0967198865545996e-08
3.1551824608466535e-08
3.217902059273311e-08
3.280621657699968e-08
3.354295970468272e-08
3.4403001638466414e-08
3.526304357225011e-08
3.64703563005798e-08
3.8001430195198023e-08
3.9532504089816245e-08
4.2062446211803566e-08
4.536279201979365e-08
4.8663137827783724e-08
5.5497766277502105e-08
6.457675097106768e-08
7.365573566463323e-08
8.992625995249775e-08
1.099237067352801e-07
1.299211535180623e-07
1.5591366465459985e-07
1.8534955496373646e-07
2.1795727292589614e-07
2.5520913026591375e-07
2.989581120925996e-07
3.5573084478974945e-07
4.5121005984659787e-07
5.904474839433308e-07
8.009882108699423e-07
1.2359227430857984e-06
1.7346680040168692e-06
2.5195929471898077e-06
3.6181427137168562e-06
5.093409992380401e-06
2.5854019949177616e-06
0.0
0.0
0.0
0.0
0.0
0.0
0.0
0.0
0.0
0.0
0.0
0.0
0.0
0.0
0.0
0.0
0.0
0.0
0.0
0.0
0.0
0.0
0.0
0.0
0.0
0.0
0.0
0.0
0.0
0.0
0.0
0.0
0.0
0.0
0.0
0.0
0.0
0.0
0.0
0.0
0.0
0.0
0.0
0.0
0.0
0.0
0.0
0.0
0.0
0.0
0.0
0.0
0.0
0.0
0.0
0.0
0.0
0.0
0.0
0.0
0.0
0.0
0.0
0.0
0.0
0.0
0.0
0.0
0.0
0.0
0.0
0.0
0.0
0.0
0.0
0.0
0.0
0.0
0.0
0.0
0.0
0.0
0.0
0.0
0.0
0.0
0.0
0.0
0.0
0.0
0.0
0.0
0.0
0.0
0.0
0.0
0.0
0.0
0.0
0.0
0.0
0.0
0.0
0.0
0.0
0.0
0.0
0.0
0.0
0.0
0.0
0.0
0.0
0.0
0.0
0.0
0.0
0.0
0.0
0.0
0.0
0.0
0.0
0.0
0.0
0.0
0.0
0.0
0.0
0.0
0.0
0.0
0.0
0.0
0.0
0.0
0.0
0.0
0.0
0.0
0.0
0.0
0.0
0.0
0.0
0.0
0.0
0.0
0.0
0.0
0.0
0.0
0.0
0.0
0.0
0.0
0.0
0.0
0.0
0.0
0.0
0.0
0.0
0.0
0.0
0.0
0.0
0.0
0.0
0.0
0.0
0.0
0.0
0.0
0.0
0.0
0.0
0.0
0.0
0.0
0.0
0.0
0.0
0.0
0.0
0.0
0.0
0.0
0.0
0.0
0.0
0.0
0.0
0.0
0.0
0.0
0.0
0.0
0.0
0.0
0.0
0.0
0.0
0.0
0.0
0.0
0.0
0.0
0.0
0.0
0.0
0.0
0.0
0.0
0.0
0.0
0.0
0.0
0.0
0.0
0.0
0.0
0.0
0.0
0.0
0.0
0.0
0.0
0.0
0.0
0.0
0.0
0.0
0.0
0.0
0.0
0.0
0.0
0.0
0.0
0.0
0.0
0.0
0.0
0.0
0.0
0.0
0.0
0.0
0.0
0.0
0.0
0.0
0.0
0.0
0.0
0.0
0.0
0.0
0.0
0.0
0.0
0.0
0.0
0.0
0.0
0.0
0.0
0.0
0.0
0.0
0.0
0.0
0.0
0.0
0.0
0.0
0.0
0.0
0.0
0.0
0.0
0.0
0.0
0.0
0.0
0.0
0.0
0.0
0.0
0.0
0.0
0.0
0.0
0.0
0.0
0.0
0.0
0.0
0.0
2
2
2
2
1
1
287.986662976914
270.029436052937
72.41147596790671
-76.0782224397567
0.0
0.0
-75.25792540210409
71.22965479176014
45.0
46.0
6.265115300673023
5.601050757580543
1.0
1.0
2.0
2.0
3.0
3.0
4.0
4.0
5.0
5.0
6.0
6.0
7.0
7.0
8.0
8.0
9.0
9.0
10.0
10.0
11.0
11.0
12.0
12.0
13.0
13.0
14.0
14.0
15.0
15.0
16.0
16.0
17.0
17.0
18.0
18.0
19.0
19.0
20.0
20.0
21.0
21.0
22.0
22.0
23.0
23.0
24.0
24.0
25.0
25.0
26.0
26.0
27.0
27.0
28.0
28.0
29.0
29.0
30.0
30.0
31.0
31.0
32.0
32.0
33.0
33.0
34.0
34.0
35.0
35.0
36.0
36.0
37.0
37.0
38.0
38.0
39.0
39.0
40.0
40.0
41.0
41.0
42.0
42.0
43.0
43.0
44.0
44.0
45.0
45.0
46.0
46.0
47.0
47.0
48.0
48.0
49.0
49.0
50.0
50.0
51.0
51.0
52.0
52.0
53.0
53.0
54.0
54.0
55.0
55.0
56.0
56.0
57.0
57.0
58.0
58.0
59.0
59.0
60.0
60.0
0.0
0.0
0.0
0.0
0.0
0.0
0.0
0.0
0.0
0.0
0.0
0.0
0.0
0.99
0.0
0.0
0.0
0.0
0.0
0.0
0.0
0.0
0.0
0.0
0.0
0.0
0.0
0.0
0.0
0.0
0.0
0.0
0.0
0.0
0.0
0.0
0.0
0.0
0.0
0.0
0.0
0.0
0.0
0.0
0.0
0.0
0.0
0.0
0.0
0.0
0.0
0.0
0.0
0.0
0.0
0.0
0.0
0.0
0.0
0.0
0.0
0.0
0.0
0.0
0.0
0.0
0.0
0.0
0.0
0.0
0.0
0.0
0.0
0.0
0.0
0.0
0.0
0.0
0.0
0.0
0.0
0.0
0.0
0.0
0.0
0.0
0.0
0.0
0.0
0.0
0.0
0.0
0.0
0.0
0.0
0.0
0.0
0.0
0.0
0.0
0.0
0.0
0.0
0.0
0.0
0.0
0.0
0.0
0.0
0.0
0.0
0.0
0.0
0.0
0.0
0.0
0.0
0.0
0.0
0.0
0.0
0.0
0.0
0.0
0.0
0.0
0.0
0.0
0.0
0.0
0.0
0.0
0.0
0.8
0.0
0.0
0.0
0.0
0.0
0.0
0.0
0.0
0.0
0.0
0.0
0.0
0.0
0.0
0.0
0.0
0.0
0.0
0.0
0.0
0.0
0.0
0.0
0.0
0.0
0.0
0.0
0.0
0.0
0.0
0.0
0.0
0.0
0.0
0.0
0.0
0.0
0.0
0.0
0.0
0.0
0.0
0.0
0.0
0.0
0.0
0.0
0.0
0.0
0.0
0.0
0.0
0.0
0.0
0.0
0.0
0.0
0.0
0.0
0.0
0.0
0.0
0.0
0.0
0.0
0.0
0.0
0.0
0.0
0.0
0.0
0.0
0.0
0.0
0.0
0.0
0.0
0.0
0.0
0.0
0.0
0.0
0.0
0.0
0.0
0.0
0.0
0.0
0.0
0.0
0.0
0.0
0.0
0.0
0.0
0.0
0.0
0.0
0.0
0.0
0.0
0.0
0.0
0.0
0.0
0.0
0.0
0.0
0.0
0.0
0.0
0.0
0.0
0.0
0.0
0.0
0.0
0.0
0.0
0.5
0.0
0.0
0.0
0.0
0.0
0.0
0.0
0.0
0.0
0.0
0.0
0.0
0.0
0.0
0.0
0.0
0.0
0.0
0.0
0.0
0.0
0.0
0.0
0.0
0.0
0.0
0.0
0.0
0.0
0.0
0.0
0.0
0.0
0.0
0.0
0.0
0.0
0.0
0.0
0.0
0.0
0.0
0.0
0.0
0.0
0.0
0.0
0.0
0.0
0.0
0.0
0.0
0.0
0.0
0.0
0.0
0.0
0.0
0.0
0.0
0.0
0.0
0.0
0.0
0.0
0.0
0.0
0.0
0.0
0.0
0.0
0.0
0.0
0.0
0.0
0.0
0.0
0.0
0.0
0.0
0.0
0.0
0.0
0.0
0.0
0.0
0.0
0.0
0.0
0.0
0.0
0.0
0.0
0.0
0.0
0.0
0.0
0.0
0.0
0.0
0.0
0.0
0.0
0.0
0.0
0.0
14.999999999999998
60.0
