9.81
6.022e+23
0
0
0
3
0
1
289.0515005933802
2
2
0
0
1
1
0
1
100
7
1014.8
1.607


3
3
0
77.072922555375
0
5.783625987995279
150.0
1000.0
287.04
9.81
79000.0
40.0
20000.0
0.0
0.0
0.0
0.0
0.0280134
0.04401
0.0319988
0.039948
0.01604
0.01801528
0.048
99000.0
2.1153802199668344e+29
0.8
1e-06
1000000.0
0.6
3.0
0.0001
500
91
3.4468843674011884
0
1
7
1.0
1
0
1
1
0.06
1000000000000.0
1
288.6843093555162
288.23455976391875
287.7609140583667
287.2748488529868
286.78032879471357
286.27873051732934
285.77065510877634
285.2561876128165
284.73614216667056
284.2106503589691
283.6795119580515
283.1424332670277
282.5992421417238
282.0513145013082
281.4966007884891
280.93654812820813
280.37010815804484
279.7979180269577
279.2191065499014
278.6339574384611
278.0428476191228
277.4444922133861
276.83999288978333
276.22846405994625
275.60957568991233
274.9837066324345
274.34931550423505
273.70583904762924
273.04838655387164
272.34474429688277
270.9163457235131
271.00205253854017
270.3743559754908
269.6965428781175
269.00184888727915
268.2944046473447
267.5766690438825
266.84887934605297
266.1102981385267
265.3614929243302
264.6021744951774
263.8321157304662
263.05121783138867
262.2585164345838
261.454027885498
260.63755603574276
259.80870865172693
258.96707913433175
258.1117991290715
257.2429451151455
256.3598381934254
255.46211656045134
254.54900904191183
253.62010166885204
252.67448030656254
251.71123746306085
250.72989254447077
249.72966771954844
248.70990740805928
247.6691181093402
246.6068634389984
245.52163980499222
244.4122540285177
243.27758752867203
242.11619682409153
240.92700744359396
239.70778937099624
238.45736418102894
237.17407222871867
235.85513185090687
234.49833273387284
233.10213563678147
231.66348826872584
230.17994122522546
228.6479990506651
227.06283621987552
225.42232277220754
223.72178477712205
221.95640597807574
220.1191957943918
218.20253473338207
216.1989673942595
214.09938778405797
211.8929970120856
209.56733524744038
207.10920791716447
204.50075960570513
201.72106861682317
198.7461706146186
195.54435902936385
192.08961435366487
188.19113608962587
186.6460665147716
187.0783052711041
189.85613338398247
195.56181905724773
203.88563949477282
214.2544415085555
227.82087124232524
251.8438236495103
1009.734035
999.6021049999999
989.4701749999999
979.3382449999999
969.2063149999999
959.0743849999999
948.942455
938.810525
928.678595
918.546665
908.414735
898.2828049999999
888.1508749999999
878.0189449999999
867.887015
857.755085
847.623155
837.491225
827.359295
817.227365
807.095435
796.9635049999999
786.8315749999999
776.6996449999999
766.5677149999999
756.4357849999999
746.3038549999999
736.1719249999999
726.0399949999999
715.9080649999999
705.776135
695.6442049999999
685.5122749999999
675.3803449999999
665.248415
655.116485
644.984555
634.852625
624.720695
614.588765
604.456835
594.324905
584.1929749999999
574.0610449999999
563.9291149999999
553.7971849999999
543.6652549999999
533.5333249999999
523.4013949999999
513.2694649999999
503.13753499999996
493.00560499999995
482.87367499999993
472.7417449999999
462.6098149999999
452.4778849999999
442.3459549999999
432.2140249999999
422.0820949999999
411.95016499999997
401.81823499999996
391.68630499999995
381.55437499999994
371.4224449999999
361.2905149999999
351.1585849999999
341.0266549999999
330.8947249999999
320.76279499999987
310.6308649999999
300.49893499999996
290.36700499999995
280.23507499999994
270.1031449999999
259.9712149999999
249.8392849999999
239.7073549999999
229.57542499999988
219.44349499999987
209.31156499999992
199.17963499999996
189.04770499999995
178.91577499999994
168.78384499999993
158.65191499999992
148.5199849999999
138.3880549999999
128.25612499999988
118.12419499999987
107.99226499999986
97.8603349999999
87.72840499999995
77.59647499999994
67.46454499999993
57.33261499999992
47.20068499999991
37.068754999999896
26.936824999999885
16.804894999999874
6.672964999999934
42.74221152829483
128.59334986183717
215.18362510661075
302.5252371518189
390.6315910501422
479.51682613689303
569.1956446664849
659.683370657847
750.9959833789774
843.1499823212557
936.1623422410337
1030.0505371251534
1124.8328458186809
1220.528067201843
1317.155562922263
1414.7354499593184
1513.2885012660104
1612.8362050109395
1713.4007387100867
1815.0052327797741
1917.673522077316
2021.4303258272441
2126.301363451831
2232.313134682423
2339.4932085594546
2447.8700355617416
2557.472815334264
2668.330847862765
2780.4670004404625
2893.755926563555
3008.4013563609233
3124.6115461772915
3242.2678049441856
3361.399089664167
3482.0440345804577
3604.2445839122674
3728.045293616695
3853.492749912193
3980.635787586246
4109.525745133878
4240.216436112365
4372.764368196367
4507.228742905909
4643.671681111577
4782.158634004823
4922.758520768142
5065.543931292288
5210.591271177225
5357.981204838701
5507.799047764845
5660.135014568351
5815.084579430293
5972.748955596629
6133.235517487917
6296.658155434159
6463.138055561612
6632.804405355992
6805.795094160105
6982.25729966204
7162.348499636773
7346.2375135172115
7534.105424416046
7726.147005082251
7922.572164728737
8123.607719473201
8329.498976305076
8540.511964720921
8756.936260814016
8979.087247455538
9207.309295260584
9441.980366379485
9683.51634005022
9932.37612996781
10189.068012422538
10454.156104115513
10728.270498220882
11012.118714923738
11306.497972333236
11612.310537226735
11930.58262156184
12262.490007725606
12609.389855600126
12972.86024939181
13354.752194543802
13757.25960203191
14183.010881067323
14635.193391773219
15117.731229702411
15635.537089090889
16194.90332269311
16803.84237402671
17478.35451405483
18245.90892206102
19147.75953843408
20252.694677266547
21682.044052103767
23676.243415543824
26864.626901434574
34468.08469371898
56844.184464672966
2.111473334242361e+23
2.111473334242361e+23
2.111473334242361e+23
2.111473334242361e+23
2.111473334242361e+23
2.1114733342423378e+23
2.111473334242361e+23
2.111473334242361e+23
2.111473334242361e+23
2.111473334242361e+23
2.111473334242361e+23
2.111473334242361e+23
2.111473334242361e+23
2.111473334242361e+23
2.1114733342423378e+23
2.111473334242361e+23
2.111473334242361e+23
2.111473334242361e+23
2.111473334242361e+23
2.111473334242361e+23
2.111473334242361e+23
2.111473334242361e+23
2.111473334242361e+23
2.111473334242361e+23
2.111473334242361e+23
2.111473334242361e+23
2.111473334242361e+23
2.111473334242361e+23
2.111473334242361e+23
2.1114733342423378e+23
2.111473334242361e+23
2.111473334242361e+23
2.111473334242361e+23
2.111473334242361e+23
2.1114733342423378e+23
2.111473334242361e+23
2.111473334242361e+23
2.111473334242361e+23
2.111473334242361e+23
2.111473334242361e+23
2.111473334242361e+23
2.111473334242361e+23
2.111473334242361e+23
2.111473334242361e+23
2.111473334242361e+23
2.111473334242361e+23
2.111473334242361e+23
2.111473334242361e+23
2.111473334242361e+23
2.111473334242349e+23
2.111473334242349e+23
2.111473334242361e+23
2.111473334242361e+23
2.111473334242361e+23
2.111473334242361e+23
2.111473334242361e+23
2.111473334242361e+23
2.111473334242361e+23
2.1114733342423378e+23
2.111473334242361e+23
2.111473334242361e+23
2.111473334242361e+23
2.111473334242361e+23
2.111473334242361e+23
2.111473334242361e+23
2.111473334242361e+23
2.111473334242361e+23
2.111473334242361e+23
2.111473334242361e+23
2.1114733342423378e+23
2.111473334242361e+23
2.111473334242361e+23
2.111473334242361e+23
2.111473334242361e+23
2.111473334242361e+23
2.111473334242361e+23
2.111473334242361e+23
2.111473334242361e+23
2.111473334242361e+23
2.1114733342423378e+23
2.111473334242361e+23
2.111473334242361e+23
2.111473334242361e+23
2.111473334242361e+23
2.111473334242361e+23
2.111473334242361e+23
2.111473334242361e+23
2.111473334242361e+23
2.111473334242361e+23
2.111473334242361e+23
2.1114733342423378e+23
2.111473334242361e+23
2.111473334242361e+23
2.111473334242361e+23
2.111473334242361e+23
2.111473334242361e+23
2.111473334242361e+23
2.111473334242361e+23
2.111473334242361e+23
2.1114733342423314e+23
-1.5431035327617995
-1.3456373263384056
-1.2309320754016035
-1.150360065355583
-1.0868052316647587
-1.0341263966257894
-0.989399554646782
-0.9519133741016574
-0.9178260930148797
-0.8862022664553467
-0.8574530056106757
-0.8323812422838323
-0.8113099566859682
-0.7879350415061306
-0.7704423940176551
-0.7522141343572996
-0.7372282890069528
-0.7221939796906953
-0.710326023113922
-0.6997941457586938
-0.688444649024317
-0.6811372072904655
-0.6725354883879172
-0.6657801894499482
-0.6615455037528973
-0.6575618795756369
-0.6596449893226053
-0.6693955552438201
-0.7070027217439777
-0.9114125517275162
-4.142515717116267
-0.9431453156177038
-0.7202975115799402
-0.6729826865687043
-0.6600447651126246
-0.662908024445983
-0.6701608707276339
-0.6796404882179962
-0.6933116923264925
-0.7074651082524448
-0.72203680275591
-0.736602660698345
-0.7501509956138064
-0.7651999017377207
-0.7801075219510482
-0.794013679046147
-0.806795913752858
-0.8183128036562969
-0.8302827569183698
-0.8402691920113023
-0.8489287954457322
-0.8554727161364978
-0.8609050797640236
-0.8637392983252626
-0.8656166425740369
-0.867247733645147
-0.8674994403740988
-0.8662821882354458
-0.8627632304235031
-0.8594108047693094
-0.85396386831447
-0.8483346856455497
-0.8426490035658689
-0.8369713889190041
-0.8313629906020442
-0.8245674247708101
-0.8195288098854371
-0.8140547679793878
-0.8075271592617324
-0.8032604465250583
-0.8013582272039258
-0.7981716917090695
-0.7953530460745841
-0.7908733660711623
-0.7856814451595973
-0.7847844856285413
-0.7798886375161923
-0.7712772110738978
-0.7572042273117843
-0.7422186408400094
-0.7296898341197605
-0.7179912109080948
-0.707028370714146
-0.6973954784086763
-0.6875769659252335
-0.669611543750599
-0.6408959551895063
-0.5939511808430693
-0.5099952896429272
-0.36926251879291117
-0.08595964783949654
-0.07508210316073916
0.020447004837216662
0.03756655990466337
0.05049929140052335
0.05592897950366655
0.05266373154265002
0.04630783979940393
0.0465199832837739
0.06021625992161262
-1.543241697254274
-1.3457463416789608
-1.2310846748313509
-1.1505087151036832
-1.0869538575647084
-1.0342632221394013
-0.9895402577120365
-0.9520517833959019
-0.9179706512121726
-0.8863384839384025
-0.8575861250898953
-0.8325268051017076
-0.8114409511870946
-0.7880609309275002
-0.7705664910472052
-0.7523572109660961
-0.7373516966361109
-0.7223354729958942
-0.7104448730133868
-0.699917408364712
-0.6885798713094999
-0.6812529993179908
-0.6726579722107147
-0.6658863957443941
-0.66165841771479
-0.6576800016486004
-0.6597453595884133
-0.6695169619364947
-0.7070832717877948
-0.9114994700848058
-4.142453213162597
-0.943197106359321
-0.7203636951200991
-0.6730893416466728
-0.6601219100835181
-0.6629991915895914
-0.6702527678021966
-0.6797435078791239
-0.6933921436733783
-0.7075493833155804
-0.7221222274999377
-0.7366897846513609
-0.7502236611654496
-0.7652782832632852
-0.7801865657333735
-0.7940938195464184
-0.8068835309371707
-0.8184066664140346
-0.8303595714267828
-0.8403362837931354
-0.8490001559567588
-0.8555474578155042
-0.8607625474613201
-0.8637713579238948
-0.8656522458670963
-0.867277387892301
-0.8675213873741825
-0.8663012083225397
-0.8627909276051753
-0.8594505276356017
-0.8540003069959994
-0.8483664935272088
-0.8428306116482815
-0.83698968294172
-0.8313995356767805
-0.824606690893205
-0.8195299932893079
-0.8140739294543096
-0.807544413226907
-0.8032763369426732
-0.8013723792923031
-0.7981763947768172
-0.7953690414925632
-0.790880554083202
-0.7856937956268268
-0.7847957945751887
-0.7799033963894146
-0.7712830673028748
-0.7572372149473097
-0.7422211635806093
-0.7296933086931006
-0.7179907287958827
-0.7070245336754226
-0.6971888871001966
-0.687517331146779
-0.6695363518037141
-0.6408012693436831
-0.5938237229918002
-0.5098222801049417
-0.3690141565873546
-0.08560947617002057
-0.07443020214148532
0.02015746333430002
0.0370343131253037
0.0496721571941805
0.05512034925939702
0.051963592823994986
0.04569469750299504
0.04575914076033882
0.0571584472542952
0.00018169597145424634
0.00017988188901035942
0.0001780678065664725
0.00017625372412258565
0.00017443964167869873
0.00017262555923481181
0.00017081147679092495
0.00016899739434703804
0.00016718331190315118
0.00016536922945926426
0.0001635551470153774
0.00016174106457149048
0.00015992698212760357
0.00015811289968371668
0.0001562988172398298
0.0001544847347959429
0.000152670652352056
0.0001508565699081691
0.0001490424874642822
0.0001472284050203953
0.0001454143225765084
0.00014360024013262152
0.00014178615768873463
0.00013997207524484771
0.00013815799280096083
0.00013634391035707394
0.00013452982791318702
0.00013271574546930013
0.00013090166302541322
0.00012908758058152633
0.00012727349813763947
0.00012545941569375255
0.00012364533324986564
0.00012183125080597875
0.00012001716836209185
0.00011820308591820497
0.0001163890034743181
0.0001145749210304312
0.00011276083858654429
0.00011094675614265739
0.0001091326736987705
0.00010731859125488359
0.0001055045088109967
0.0001036904263671098
0.00010187634392322291
0.00010006226147933599
9.82481790354491e-05
9.64340965915622e-05
9.46200141476753e-05
9.28059317037884e-05
9.099184925990152e-05
8.917776681601463e-05
8.736368437212773e-05
8.554960192824083e-05
8.373551948435394e-05
8.192143704046704e-05
8.010735459658015e-05
7.829327215269323e-05
7.647918970880635e-05
7.466510726491946e-05
7.285102482103257e-05
7.103694237714568e-05
6.922285993325878e-05
6.740877748937188e-05
6.559469504548498e-05
6.378061260159807e-05
6.196653015771118e-05
6.0152447713824276e-05
5.833836526993739e-05
5.652428282605049e-05
5.4710200382163604e-05
5.289611793827671e-05
5.1082035494389806e-05
4.926795305050291e-05
4.745387060661601e-05
4.563978816272913e-05
4.382570571884222e-05
4.201162327495532e-05
4.019754083106842e-05
3.8383458387181526e-05
3.656937594329465e-05
3.4755293499407756e-05
3.2941211055520854e-05
3.112712861163396e-05
2.931304616774706e-05
2.749896372386016e-05
2.5684881279973263e-05
2.3870798836086368e-05
2.2056716392199466e-05
2.0242633948312567e-05
1.8428551504425668e-05
1.6614469060538793e-05
1.4800386616651893e-05
1.2986304172764996e-05
1.1172221728878097e-05
9.358139284991199e-06
7.544056841104301e-06
5.729974397217402e-06
3.915891953330505e-06
2.1018095094436064e-06
-10.131930000000011
-10.131930000000011
-10.131930000000011
-10.131930000000011
-10.131930000000011
-10.131929999999898
-10.131930000000011
-10.131930000000011
-10.131930000000011
-10.131930000000011
-10.131930000000011
-10.131930000000011
-10.131930000000011
-10.131930000000011
-10.131929999999898
-10.131930000000011
-10.131930000000011
-10.131930000000011
-10.131930000000011
-10.131930000000011
-10.131930000000011
-10.131930000000011
-10.131930000000011
-10.131930000000011
-10.131930000000011
-10.131930000000011
-10.131930000000011
-10.131930000000011
-10.131930000000011
-10.131929999999898
-10.131930000000011
-10.131930000000011
-10.131930000000011
-10.131930000000011
-10.131929999999898
-10.131930000000011
-10.131930000000011
-10.131930000000011
-10.131930000000011
-10.131930000000011
-10.131930000000011
-10.131930000000011
-10.131930000000011
-10.131930000000011
-10.131930000000011
-10.131930000000011
-10.131930000000011
-10.131930000000011
-10.131930000000011
-10.131929999999954
-10.131929999999954
-10.131930000000011
-10.131930000000011
-10.131930000000011
-10.131930000000011
-10.131930000000011
-10.131930000000011
-10.131930000000011
-10.131929999999898
-10.131930000000011
-10.131930000000011
-10.131930000000011
-10.131930000000011
-10.131930000000011
-10.131930000000011
-10.131930000000011
-10.131930000000011
-10.131930000000011
-10.131930000000011
-10.131929999999898
-10.131930000000011
-10.131930000000011
-10.131930000000011
-10.131930000000011
-10.131930000000011
-10.131930000000011
-10.131930000000011
-10.131930000000011
-10.131930000000011
-10.131929999999898
-10.131930000000011
-10.131930000000011
-10.131930000000011
-10.131930000000011
-10.131930000000011
-10.131930000000011
-10.131930000000011
-10.131930000000011
-10.131930000000011
-10.131930000000011
-10.131929999999898
-10.131930000000011
-10.131930000000011
-10.131930000000011
-10.131930000000011
-10.131930000000011
-10.131930000000011
-10.131930000000011
-10.131930000000011
-10.131929999999869
289.0498233997975
288.5554134690386
288.0567616502678
287.55380193661193
287.04645921575167
286.5346535403843
286.01830130455807
285.4973160495433
284.97160697728157
284.44108004961197
283.90563845092106
283.36518264553837
282.87247593751033
282.32691139235453
281.7755870298257
281.2182029764141
280.6549536471267
280.0856354444251
279.51013110232054
278.92814562211487
278.34001504181435
277.7452784484143
277.14384643573123
276.5358280482095
275.92061509891505
275.29823453890293
274.6680996635517
274.0306100345131
273.385776867732
272.73350290202876
272.0753353131768
271.4073703276669
270.7311027653932
270.04641073595786
269.3530811768137
268.65088025848166
267.9395566310882
267.21884625452407
266.4884742943711
265.74815070075545
264.99757167824293
264.236418547291
263.46435634893083
262.68103524323175
261.88608650236137
261.07912176372844
260.25973218437434
259.4274869417004
258.58193305547815
257.7225904403136
256.84895231585205
255.9604819272913
255.05661165552388
254.13673836053795
253.20022315536693
252.24638752883266
251.27450820165492
250.28381410891453
249.2734813147576
248.2426313136346
247.19032102599135
246.11554075446315
245.0172055624216
243.89414740102964
242.7451062463665
241.56871848316737
240.36351019893883
239.12787807595453
237.8600758323036
236.55820163675713
235.22017389886605
233.8437022256492
232.42626643015043
230.96507832898038
229.45704674560525
227.89873757653325
226.28629647874249
224.61539373099575
222.8811374317818
221.0779827354487
219.19960403535393
217.238726367
215.18692608455657
213.0343727361991
210.76948572738232
208.37846813158146
205.84471340367944
203.14795909111032
200.2630766444028
197.15836824091946
193.8180369253016
190.1413903921864
187.41671295271993
186.85540909470615
188.45694729537155
192.6965625356346
199.71104461050214
209.0584725976344
221.02682372219644
239.8201574666083
263.8404100753771
1014.8
1004.66807
994.5361399999999
984.4042099999999
974.2722799999999
964.1403499999999
954.00842
943.87649
933.74456
923.61263
913.4807
903.34877
893.2168399999999
883.0849099999999
872.9529799999999
862.82105
852.68912
842.55719
832.42526
822.29333
812.1614
802.02947
791.8975399999999
781.7656099999999
771.6336799999999
761.5017499999999
751.3698199999999
741.2378899999999
731.1059599999999
720.9740299999999
710.8421
700.71017
690.5782399999999
680.4463099999999
670.3143799999999
660.18245
650.05052
639.91859
629.78666
619.65473
609.5228
599.39087
589.2589399999999
579.1270099999999
568.9950799999999
558.8631499999999
548.7312199999999
538.5992899999999
528.4673599999999
518.3354299999999
508.2034999999999
498.07156999999995
487.93963999999994
477.80770999999993
467.6757799999999
457.5438499999999
447.4119199999999
437.2799899999999
427.1480599999999
417.01613
406.88419999999996
396.75226999999995
386.62033999999994
376.48840999999993
366.3564799999999
356.2245499999999
346.0926199999999
335.9606899999999
325.8287599999999
315.69682999999986
305.56489999999997
295.43296999999995
285.30103999999994
275.16910999999993
265.0371799999999
254.9052499999999
244.7733199999999
234.6413899999999
224.50945999999988
214.37752999999987
204.24559999999997
194.11366999999996
183.98173999999995
173.84980999999993
163.71787999999992
153.5859499999999
143.4540199999999
133.3220899999999
123.19015999999988
113.05822999999987
102.92629999999986
92.79436999999996
82.66243999999995
72.53050999999994
62.398579999999924
52.26664999999991
42.1347199999999
32.00278999999989
21.87085999999988
11.738929999999868
1.607
0.0
85.48442305658966
171.70227666708467
258.6649735461368
346.38550075750095
434.8776813427835
524.1559709310026
614.2353184019673
705.1314229137267
796.8605438442279
889.4394207982837
982.8852636837838
1077.2158105665228
1172.449881070839
1268.6062533328468
1365.7048725116795
1463.7660274069576
1562.8109751250634
1662.8614348968158
1763.9400425233575
1866.0704230361907
1969.2766211184412
2073.584030536047
2179.0186963676147
2285.607572997231
2393.378844121679
2502.3612270018043
2612.584403666723
2724.0772920588074
2836.856708822117
2950.655144304993
3066.1475684168536
3183.0755239377295
3301.4600859506418
3421.3380933776925
3542.749975783223
3665.739192041312
3790.3513951920772
3916.634104632309
4044.637470540183
4174.414019727573
4306.018852497158
4439.5098838955755
4574.947601916241
4712.395760306913
4851.921507702735
4993.595533833551
5137.4923287510255
5283.690213603424
5432.272196073977
5583.325899455714
5736.944129680988
5893.225029179598
6052.272882013659
6214.198152962174
6379.118157906145
6547.15795321708
6718.450857494902
6893.139330825306
7071.375268498775
7253.321730774772
7439.153296259651
7629.05755257244
7823.236457592062
8021.907871865414
8225.307567080989
8433.690385529162
8647.333543912679
8866.538977715354
9091.635517195722
9322.983073325448
9560.977659433524
9806.055020666918
10058.697239268702
10319.438785576374
10588.873422654651
10867.66757378711
11156.569856060363
11456.426088606111
11768.194985847358
12092.97025727632
12432.009758174892
12786.76995302536
13158.95054575826
13550.553843329346
13963.965360734475
14402.056401400172
14868.330382146265
15367.132077258555
15903.942100923223
16485.864544463
17121.820203590418
17834.888824519243
18656.929019602794
19638.590057265363
20866.79929726773
22497.288806939803
24855.19802414785
28874.0557787213
40062.11360871666
51250.17143871187
448.6361730628628
447.73396392119406
446.62059300008275
445.397251795481
444.0959889641494
442.74060114475765
441.3383182059913
439.9047003738242
438.4391784633608
436.950222021965
435.43648238075303
433.90526561550877
432.4166325905641
430.8613070669688
429.2899107296581
427.7074164031245
426.1118322356214
424.50365982726714
422.88789290692307
421.2617413237553
419.6297806242293
417.98893137828304
416.3416296194378
414.68872988129624
413.02921016744983
411.3678662874206
409.7009771925588
408.03052554655096
406.35701321226486
404.67448334683
402.9616758686427
440.4311061099458
439.1310069474552
437.5650853276495
435.9364657125301
434.2828920456933
432.6199566750892
430.95368911820265
429.2859302552306
427.61794448684157
425.950958828512
424.28804835011687
422.6275497142314
420.97090063532664
419.31902803571774
417.670716428711
416.02723686545363
414.3889388865313
412.7553958048697
411.12734091917025
409.5053787827468
407.8899952205959
406.2816225087423
404.6808988354494
403.087573782714
401.500461963724
399.9205238319396
398.3491516714035
396.7858070789774
395.2322432761996
393.6880403329943
392.1539732450437
390.6310220150349
389.1179631006029
387.6148125335064
386.1230041327998
384.6437602697285
383.17737907915046
381.7243558069957
380.28520735972245
378.85741233334943
377.44198185788196
376.0410698702372
374.6568873172358
373.2908920426518
371.943403661273
370.6045350364114
369.28001816732626
367.97188924902366
366.6828288082806
365.4096640696768
364.1461711664293
362.8970661704668
361.6663231775409
360.4584123597254
359.27858113930813
358.1313199534767
357.02201395518466
355.955160388496
354.9336645697336
353.96108511623174
353.0381282579212
352.3483449635443
351.9387290139106
351.7982992650192
351.8804757515877
352.1412316916928
352.5316588058172
353.0696190656823
354.1261706033067
356.3308560118008
395.8207206568356
394.7963570610733
393.5573431572134
392.2052138416892
390.7722623281777
389.2824808823471
387.7432542869303
386.1702683772407
384.5630575328478
382.9301781311869
381.2703549620494
379.5909568372172
377.9520984348628
376.2445499237113
374.5189730881897
372.7803752963157
371.0267817848548
369.2587039651666
367.4811580676488
365.6913727610123
363.8939426687888
362.0858097340727
360.2694233330843
358.4456484082115
356.6134691513925
354.7776855681334
352.9345786518274
351.0861303256838
349.2328408403357
347.3687469315054
345.4725810558118
339.2852468201006
337.8951000791283
336.2236611448297
334.4762636202558
332.6922922117154
330.8885995008826
329.0722097158753
327.2457686180083
325.4112033285377
323.570288812336
321.7265627046203
319.878756557656
318.0286485445777
316.1775004128671
314.3244065063837
312.4708589368867
310.6174184521336
308.7639289465671
306.9112673919769
305.0601685239235
303.2112353309249
301.3650049971275
299.5222124201761
297.6826886662455
295.8453952497996
294.0113472526875
292.182016307447
290.3569203091561
288.537863833671
286.7244746406592
284.9175717774664
283.1181759496105
281.325137527123
279.5385314523918
277.7598209376304
275.9902558819909
274.2301601274182
272.4800533452288
270.7404758425785
269.0090130663655
267.2867327366762
265.575800409046
263.878437172318
262.1961100839487
260.5291505428446
258.8681306113894
257.218758100102
255.5830396421408
253.9636271857113
252.3577491124108
250.7599034502216
249.1746389108266
247.6057680787755
246.0574036008675
244.5345179642168
243.0415341230725
241.5835918868931
240.1649555818643
238.788662509651
237.4583270958607
236.1752585688298
235.1190028067443
234.3453413823688
233.8488325715961
233.5943364310786
233.5605035110877
233.7402108390517
234.2186084894085
235.4438343476386
238.0133770107361
52.81545240602718
52.93760686012073
53.06324984286934
53.19203795379176
53.32372663597171
53.45812026241052
53.59506391906098
53.73443199658349
53.87612093051304
54.02004389077807
54.16612741870363
54.31430877829155
54.46453415570129
54.61675714325745
54.77093764146843
54.92704110680881
55.08505045076663
55.24495586210055
55.40673483927428
55.57036856274301
55.73583795544049
55.90312164421031
56.07220628635351
56.24308147308472
56.41574101605735
56.59018071928719
56.76639854073141
56.94439522086714
57.12417237192912
57.30573641532462
57.48909481283091
101.1458592898452
101.2359068683269
101.3414241828198
101.4602020922743
101.5905998339779
101.7313571742066
101.8814794023273
102.0401616372223
102.2067411583039
102.380670016176
102.5614856454966
102.7487931565754
102.9422520907489
103.1415276228506
103.3463099223273
103.5563779285669
103.7715204343977
103.9914668583026
104.2160735271934
104.4452102588233
104.678759889671
104.9166175116148
105.1586864152733
105.4048851164685
105.6550667139244
105.9091765792521
106.1671353639565
106.4288867698213
106.6943794425286
106.9635656923351
107.2364014675773
107.5128460654244
107.7928255734799
108.0762810811146
108.3631831951694
108.6535043877376
108.9472189517323
109.2443024617669
109.5447315171439
109.8483992669839
110.1552491212058
110.4652694611912
110.7784501449178
111.0947819587031
111.4142531184284
111.736404425022
112.0612600672243
112.3888496068829
112.7192016225693
113.051914957266
113.3862677162077
113.7224272596402
114.0605550987654
114.4010087588579
114.7440631750913
115.0897858304042
115.4384220682916
115.7902048066317
116.1450020600826
116.502758020371
116.8628696890914
117.2293421568
117.5933876315418
117.9494666934231
118.2861393205091
118.5807281806051
118.7914479667655
118.8510105762738
118.6823362556681
118.3174790010647
473.41064259274026
470.96519175381707
468.5060744910269
466.0516486115938
463.5998770651586
461.15753538820206
458.7209892272963
456.29783113741723
453.880257443558
451.4733303509499
449.0732522257994
446.68444933546533
444.36328950541895
441.9965230306366
439.6370657623985
437.2840049448176
434.93606356634825
432.5905394613581
430.252437068018
427.91584061183687
425.58396250394617
423.2545333866903
420.9259786285272
418.6004209181749
416.2750148085841
413.9520125108401
411.62744341432983
409.2972464087334
406.95421711251083
404.5646039752883
401.9402970270163
435.2672740551567
433.0239777863067
430.7376924713811
428.4359835146147
426.1222879376945
423.7963533755007
421.459833050812
419.1123306799609
416.7509527678983
414.3764177262533
411.9913850203583
409.59419659982154
407.18732385975113
404.77017297687894
402.3416748041388
399.9041014213351
397.4589199114756
395.0069701634
392.54855570627376
390.0862572860573
387.62187356794936
385.15795339828037
382.6964671775262
380.23937076686695
377.7866067020097
375.3393911823331
372.9004976344226
370.4708518336742
368.0544971032913
365.6508436324503
363.2627762375038
360.8914585139677
358.5355689878873
356.1954287378492
353.8722208014658
351.5683702475013
349.282459063634
347.0153618620248
344.7686690015246
342.53759763820915
340.3207947834493
338.1217064010276
335.9421548065337
333.7852789778665
331.6520968008608
329.52843238142407
327.4240121159495
325.344600130344
323.29830247465367
321.28291657246945
319.28973036052867
317.32263463577027
315.38486710916897
313.4797674042534
311.6124188526892
309.7956213150541
308.0455140474184
306.3848367577379
304.8535186588705
303.5119250487812
302.5033587143008
301.7391452177824
301.3496867314828
301.246291295717
301.3781399394795
301.69401622884413
302.1364069357923
302.7200618931605
303.8223725715453
306.0842164272937
309.3874989141722
306.4455190207702
303.4882130761477
300.5339133741633
297.5806127331132
294.6350643239816
291.6936123997552
288.7638283601384
285.8378884526068
282.9208338217825
280.008845602157
277.1063275056666
274.2696235423019
271.3854575152302
268.5067151838804
265.6324500065365
262.7614221932329
259.8909860362662
257.0260935197441
254.160767906929
251.298119617716
248.4357150535534
245.5718340400302
242.7084286034782
239.8424691584824
236.9759759253529
234.1046875789272
231.2241849000459
228.3267968278925
225.3781979920566
222.1895140831104
209.7301129298136
206.6744891899409
203.570888180999
200.4470144857478
197.3064229385963
194.1489650449951
190.976381417864
187.7883296579301
184.5819388953735
181.3579487105106
178.1190109932401
174.8634297382776
171.5936076514214
168.3085094492115
165.0064047045895
161.6893400711209
158.3584438996379
155.0137192935289
151.6552328616996
148.2853174985104
144.9055395451321
141.5182431688384
138.1252303622516
134.728280226334
131.3263643162689
127.9206215383284
124.5137549199978
121.1066987651207
117.7035734094641
114.3039322478625
110.9108818270243
107.5259028589083
104.1473038770832
100.7752216990208
97.41129743095152
94.05854611910345
90.71629913505949
87.38632886798801
84.07126441228078
80.76596650657886
77.46931903850229
74.18572267635194
70.91799798937674
67.67037339987452
64.44495975087455
61.22309325614127
58.01551516007558
54.82964719032593
51.67568309498201
48.54984304875335
45.43751623795158
42.34407708398816
39.2733600559962
36.23000621380576
33.21895634493754
30.24978803019753
27.33699681419394
24.50460076454199
21.79295163413539
19.26662098721216
17.0543683162299
15.3037230238477
13.9357400389349
12.8484188320682
11.96041442109847
11.14587820051492
10.19792098554515
8.856866518876581
6.943385372343705
0.0
164.023143678568
164.5196727330469
165.0178614148792
165.5177352374305
166.0192643320454
166.5224710642204
167.0273768275411
167.5340027772788
168.0423689909512
168.5524965291674
169.0644066236424
169.5781218297987
170.0936659631171
170.6110655154064
171.1303505785181
171.6515549382811
172.1746413731154
172.6995534250919
173.2263435482739
173.7550727049079
174.2858428862302
174.8188183331369
175.354144588497
175.8919923146967
176.4325456501017
176.9760365854872
177.5227558354026
178.0730615086875
178.6274202846183
179.1864059832317
179.7507829439059
225.5371611253431
226.3494885963658
227.1668042903821
227.9889690288669
228.8158649990982
229.6473883305056
230.483451632948
231.3240010220308
232.1690138725248
233.0184690157427
233.8723740271182
234.7307668615439
235.5937162083297
236.4616635276674
237.3352700995493
238.2147613502142
239.1004760118377
239.9932508698711
240.8933228445742
241.8009397875469
242.7163340228173
243.639710229442
244.5712368152746
245.511090540533
246.4602423857408
247.4187696440047
248.3867427144248
249.3641530685535
250.3509236938272
251.3469113845878
252.3518944104795
253.3655556550594
254.3882651108041
255.4202070388284
256.4609233705143
257.5098241283979
258.5661599285745
259.6290329940368
260.6974045892438
261.7716311316303
262.851475744947
263.9359837246757
265.024156817157
266.114905577992
267.2071370499863
268.3053391252828
269.4084969558739
270.5149529400181
271.6226193796717
272.7330735237161
273.8522141225771
274.9785575517821
276.1115070531728
277.2497611904476
278.3934625077517
279.5458332848566
280.7085172332245
281.8802359931959
283.0605670247351
284.2453040615691
285.4489903980709
286.4354221939347
287.4139466925479
288.3978724636488
289.4177255183811
290.5481380283292
291.9384859502472
293.8631953742839
296.8789871992016
306.0842164272937
24.774469529877393
23.23122783262312
21.88548149094416
20.654396816112808
19.503888101009125
18.416934243444416
17.382671021305015
16.39313076359298
15.441078980197076
14.523108328984904
13.636769845046501
12.779183719956606
11.946656914854898
11.135215963667804
10.347155032740304
9.576588541693098
8.824231330727002
8.086879634090891
7.364544161094997
6.6540992880816106
5.954181879716899
5.265602008407399
4.584349009089408
3.9116910368786932
3.245804641134299
2.584146223419509
1.9264662217709088
1.2667208621824955
0.5972039002460008
-0.10987937154179406
-1.0213788416265999
-5.1638320547891965
-6.1070291611485175
-6.827392856268617
-7.500482197915289
-8.160604107998807
-8.823603299588399
-9.493856067390595
-10.17359957526972
-10.866991718943098
-11.574541102258678
-12.296663329758616
-13.033353114409977
-13.783576775575426
-14.548855058838711
-15.329041624572085
-16.123135444118503
-16.930018975055674
-17.74842564146971
-18.57878521289649
-19.419121496689627
-20.268121652646386
-21.12366911046189
-21.98443165792321
-22.848203015847105
-23.7138552617142
-24.581132649606502
-25.448654036980685
-26.314955245303224
-27.1777461729084
-28.037196700544
-28.89119700754
-29.73956350106721
-30.58239411271549
-31.41938379565721
-32.25078333133399
-33.0753900222272
-33.894920015516504
-34.708993944970814
-35.51653835819772
-36.319814695140394
-37.1211870744327
-37.919363469209515
-38.71473251070208
-39.50561306478528
-40.29130686041211
-41.076102654987295
-41.85600605137671
-42.627289118679585
-43.384526333626894
-44.126747497207504
-44.856440805900604
-45.57443153469649
-46.28145606837191
-46.978644955472106
-47.666162286618885
-48.3356986384226
-48.97649990776628
-49.57032363075808
-50.080145910863024
-50.44916006745038
-50.5347695436204
-50.609199745761885
-50.589042282427584
-50.55200796930228
-50.5023358121081
-50.4472154628487
-50.39525187002471
-50.34955717252171
-50.303798031761374
-50.24663958450708
86.4332217426634
88.35083804030307
90.06913008106574
91.6713004675259
93.19164959506458
94.64741655836548
96.04964188717508
97.40644001710233
98.72516908024102
100.0093443094044
101.2615093598923
102.4846293315505
103.6824748925609
104.8590924084812
106.0122579043093
107.1479252897792
108.2653595916218
109.3677179289004
110.4550645479046
111.5306048540833
112.5958230510728
113.6500946805193
114.6975892930541
115.7372198047333
116.7709999929101
117.8017096427806
118.8298910729002
119.8619454256379
120.9060440124432
121.9905489394489
123.2830669727015
129.5551338902871
131.2206108891874
132.6527729638308
134.0292491345079
135.3858692731191
136.7396344558874
138.0958282980113
139.4574389600782
140.8292644331641
142.2123401018254
143.6075517113802
145.0153268193785
146.4350408931562
147.8689909636555
149.3180018017942
150.7815188657658
152.2589745524957
153.7502096530382
155.2560345302773
156.7748510254131
158.3056957857927
159.8467618282891
161.3969820579245
162.9544084399115
164.5190309335306
166.0907257143592
167.6682613874491
169.2502215440354
170.8342904242069
172.4205423927967
174.0066899504421
175.5922730907022
177.1778336500398
178.763309753371
180.3485235066789
181.9317097628875
183.5138609923587
185.0937244772408
186.6692114302977
188.2430465597867
189.8174136981739
191.390077732694
192.9604391829413
194.5257366840742
196.08419079197
197.6450373552481
199.2032429400264
200.7533924518148
202.2879440907293
203.8079060636575
205.32238721227
206.8305618268384
208.3324080227793
209.8273973870618
211.3155616192793
212.7917460928749
214.2465950726992
215.6603548173223
216.9957108755156
218.1917061086486
219.1208902525999
219.8152797828966
220.4096013434338
221.0004137395279
221.6339220099802
222.4146253105728
223.5422898535065
225.3617419705319
228.5004489752949
238.0133770107361
111.2076912725408
111.5820658729262
111.9546115720099
112.3256972836387
112.6955376960737
113.0643508018099
113.4323129084801
113.7995707806953
114.1662480604381
114.5324526383893
114.8982792049388
115.2638130515071
115.6291318074158
115.994308372149
116.3594129370496
116.7245138314723
117.0895909223488
117.4545975629913
117.8196087089996
118.1847041421649
118.5500049307897
118.9156966889267
119.2819383021435
119.648910841612
120.0168046340444
120.3858558662001
120.7563572946711
121.1286662878204
121.5032479126892
121.8806695679071
122.2616881310749
124.3913018354979
125.1135817280389
125.8253801075622
126.5287669365926
127.2252651651203
127.916031156299
128.6019722306207
129.2838393848085
129.962272714221
130.6377989995667
131.3108883816216
131.9819737049685
132.6514641175808
133.3201359048168
133.9889601772221
134.6583834216473
135.32895557744
136.0017840115685
136.6772493173808
137.3557295287235
138.0375741331463
138.7230927178272
139.4125504000013
140.1062054240644
140.8051756718164
141.5095930647527
142.2196073504684
142.9352662987322
143.6565442512985
144.3833456922527
145.1154929429021
145.852709589635
146.5954395373243
147.3439259577138
148.0977401753449
148.8563197406603
149.6189409768422
150.38473053227
151.1526730721
151.9232318646463
152.6962266237412
153.4707142634845
154.2457066722392
155.0201236192889
155.7928839315579
156.5689347002608
157.3472368886497
158.1261033331352
158.9034177571024
159.68115856645
160.4659464063694
161.2561302921419
162.0509519544074
162.8487524315897
163.6493993326604
164.4560474544523
165.2700951649329
166.0900311865642
166.9155649646526
167.7425460411982
168.5861207089795
169.2060800371347
169.8205590610062
170.4484057702256
171.1315861978721
171.9674098477241
173.1470379834818
175.0121847980102
178.1966509435335
187.766737426229
-1.593095002994631
-1.4334814317538311
-1.0248065147162242
-0.9574311038085521
-0.9045287760373766
-0.8606697005263075
-0.8234428098962592
-0.7925390744728489
-0.7638690273817939
-0.7375386867725751
-0.7136054389977307
-0.6927462218183776
-0.6754944868885155
-0.6557329994754422
-0.6411706402712744
-0.6260132621961016
-0.6135227286354522
-0.6010232296414362
-0.5914253980177792
-0.5823622484143465
-0.57292462301703
-0.5668253647863245
-0.5596703717408537
-0.5543353418354227
-0.5505129342764858
-0.5472003161196454
-0.5489182887704791
-0.5570506183430973
-0.5886289416124025
-0.7584723384915542
-3.4467263967594057
-0.7846251923527439
-0.5991459219416752
-0.5603783886892587
-0.5490111069908888
-0.5514100554523794
-0.5574512116489077
-0.5653540706806532
-0.5772749099203599
-0.5885039805981124
-0.6006360661204323
-0.6127634561536358
-0.624030132578927
-0.6365621484643648
-0.649521181674249
-0.66054767291264
-0.6711930394492306
-0.6807833553207168
-0.690731152099768
-0.6995911343173908
-0.706243222612127
-0.7116906926434938
-0.7160290495727429
-0.7185307252336172
-0.7206670165673279
-0.7214418183931887
-0.7216411145390932
-0.7206215968059017
-0.7176958172238169
-0.7155086352606127
-0.7103711127406444
-0.7056780797444009
-0.7010662628545441
-0.6962003596734735
-0.6921628156287745
-0.6858858954682897
-0.6816573048011446
-0.6771135242477115
-0.6716768935108365
-0.668755442864283
-0.6665358577977523
-0.6638745061658125
-0.6615373233924895
-0.657801500674365
-0.6534851733145084
-0.653373024621633
-0.6486614768752085
-0.6414855359016768
-0.6297948326778502
-0.6172951899798981
-0.6075069793412087
-0.5971173220388717
-0.5879859113527434
-0.579796697607677
-0.5717441628987824
-0.5574354462314184
-0.5328486201793333
-0.4937405303917134
-0.42381396813887884
-0.3066043821098834
-0.07138025876293541
-0.06153375332367583
0.017197235517308784
0.0312546127649031
0.04181200344927838
0.04576426026893943
0.044057243304919
0.03930553805302006
0.040257023865163166
0.05409143963205221
0.0
-1.596222704072821
-1.430305307202994
-1.333645708898437
-1.265537739996084
-1.211779583600883
-1.167211557821523
-1.129397983579511
-1.097709314263552
-1.068946722721127
-1.042301468388383
-1.018124361463156
-0.9970859565655303
-0.9794157440325103
-0.9598942959860974
-0.945328878980326
-0.9301516706477667
-0.9176024464090686
-0.9051067007449429
-0.8952791327342247
-0.8866870149774357
-0.8775750984457833
-0.8719339134633257
-0.8653878404307283
-0.8605180345096091
-0.8579621201881494
-0.8558576315204817
-0.8590814500819747
-0.869107063597859
-0.9027412779585086
-1.075891268050241
-5.220864897548718
-1.386342096710379
-1.192130887848433
-1.145777973390451
-1.129249823710349
-1.126873360107463
-1.128894974759314
-1.133403932566724
-1.141906735388347
-1.151271391719632
-1.161373341944654
-1.171831190828581
-1.181769179081966
-1.193619214571314
-1.206155788898655
-1.218230762945104
-1.229833264518336
-1.241303240656747
-1.253447762394033
-1.264261977664745
-1.274274298740916
-1.282782488100556
-1.290402428213971
-1.296400825290027
-1.302390864476902
-1.308277832285468
-1.313139787647036
-1.316822725166524
-1.31857802546694
-1.320395227011713
-1.320308315401615
-1.319838494694404
-1.319819698347563
-1.319749397216341
-1.319531017207722
-1.317843329787469
-1.316981774126163
-1.315077456844999
-1.311434434268931
-1.310059457280277
-1.310502301181469
-1.309084638501279
-1.307167968675923
-1.302952740343429
-1.297256303745843
-1.299247782231119
-1.297049433245661
-1.290343562718873
-1.277359902302883
-1.265215472720816
-1.260653237710353
-1.255403682396521
-1.250135910367992
-1.244428287636274
-1.238747051627837
-1.228775107436011
-1.211015454682471
-1.176812798915694
-1.111549615391192
-0.9955457447037547
-0.7734523474092732
-0.5780094459430339
-0.494712925425825
-0.4917918989600621
-0.5273319202379025
-0.6498569787316204
-0.938667317452535
-1.514510896545858
-2.612657906903451
-7.918555829481014
0.0
0.0031277010781901
-0.003176124550837
0.3088391941822129
0.308106636187532
0.3072508075635063
0.3065418572952154
0.3059551736832518
0.305170239790703
0.3050776953393331
0.3047627816158079
0.3045189224654254
0.3043397347471527
0.3039212571439948
0.3041612965106552
0.3041582387090517
0.304138408451665
0.3040797177736164
0.3040834711035067
0.3038537347164455
0.3043247665630893
0.3046504754287533
0.3051085486770012
0.3057174686898746
0.3061826926741864
0.3074491859116636
0.3086573154008363
0.3101631613114955
0.3120564452547617
0.314112336346106
0.3174189295586869
1.774138500789312
0.6017169043576351
0.5929849659067578
0.5853995847011922
0.5802387167194601
0.5754633046550836
0.5714437631104063
0.5680498618860708
0.5646318254679871
0.5627674111215196
0.5607372758242216
0.5590677346749452
0.557739046503039
0.5570570661069493
0.5566346072244059
0.5576830900324639
0.5586402250691055
0.5605198853360303
0.562716610294265
0.5646708433473542
0.5680310761287889
0.5710917954570622
0.5743733786412281
0.5778701000564098
0.5817238479095741
0.5868360138922794
0.5914986731079429
0.5962011283606224
0.600882208243123
0.6048865917511003
0.6099372026609707
0.6141604149500031
0.6187534354930189
0.6235490375428675
0.6273682015789475
0.6319574343191793
0.6353244693250183
0.6379639325972875
0.6397575407580945
0.641304014415994
0.6439664433837167
0.6452101323354666
0.6456306452834335
0.6451512396690638
0.6437711304313347
0.645874757609486
0.6483879563704525
0.6488580268171963
0.6475650696250328
0.647920282740918
0.6531462583691443
0.6582863603576492
0.6621499990152487
0.664631590028597
0.6670028887290546
0.6713396612045925
0.6781668345031376
0.6830722685239806
0.6877356472523131
0.6889413625938713
0.7020720886463377
0.5164756926193581
0.5119101609431338
0.5230465117249652
0.5691439236871809
0.6956212390005598
0.982724560757454
1.553816434598878
2.652914930768614
7.972647269113066
0.0
1.0
1.0
1.0
1.0
1.0
1.0
1.0
1.0
1.0
1.0
1.0
1.0
1.0
1.0
1.0
1.0
1.0
1.0
1.0
1.0
1.0
1.0
1.0
1.0
1.0
1.0
1.0
1.0
1.0
1.0
1.0
1.0
1.0
1.0
1.0
1.0
1.0
1.0
1.0
1.0
1.0
1.0
1.0
1.0
1.0
1.0
1.0
1.0
1.0
1.0
1.0
1.0
1.0
1.0
1.0
1.0
1.0
1.0
1.0
1.0
1.0
1.0
1.0
1.0
1.0
1.0
1.0
1.0
1.0
1.0
1.0
1.0
1.0
1.0
1.0
1.0
1.0
1.0
1.0
1.0
1.0
1.0
1.0
1.0
1.0
1.0
1.0
1.0
1.0
1.0
1.0
1.0
0.0
0.0
0.0
0.0
0.0
0.0
0.0
0.0
0.0
1.0
1.0
1.0
1.0
1.0
1.0
1.0
1.0
1.0
1.0
1.0
1.0
1.0
1.0
1.0
1.0
0.6775249999999999
0.6775249999999999
0.6775249999999999
0.6775249999999999
0.6775249999999999
0.6775249999999999
0.6775249999999999
0.6775249999999999
0.6775249999999999
0.6775249999999999
0.6775249999999999
0.6775249999999999
0.6775249999999999
0.6775249999999999
0.6775249999999999
0.6775249999999999
0.6775249999999999
0.6775249999999999
0.6775249999999999
0.6775249999999999
0.6775249999999999
0.6775249999999999
0.6775249999999999
0.6775249999999999
0.6775249999999999
0.6775249999999999
0.6775249999999999
0.6775249999999999
0.6775249999999999
1.0
1.0
1.0
1.0
1.0
1.0
1.0
1.0
1.0
1.0
1.0
1.0
1.0
1.0
1.0
1.0
1.0
1.0
1.0
1.0
1.0
1.0
1.0
1.0
1.0
1.0
1.0
1.0
1.0
0.009856645595230718
0.009700116660690532
0.00954451692225049
0.009389850294034588
0.0092361207471989
0.009083332311365681
0.008931489076109038
0.008780595192494548
0.008630654874675427
0.00848167240154793
0.008333652118468872
0.008186598439038326
0.008040515846950704
0.007895408897917684
0.007751282221666607
0.007608140524018227
0.007465988589047951
0.007324831281334918
0.007184673548303639
0.007045520422663149
0.006907377024948992
0.00677024856617374
0.006634140350592071
0.006499057778586933
0.006365006349683715
0.006231991665699863
0.006100019434037931
0.0059690954711306195
0.005839225706046978
0.005710416184269709
0.005582673071654146
0.005456002658580433
0.00533041136431123
0.005205905741568316
0.005082492481342507
0.004960178417952508
0.004838970534369626
0.004718875967826676
0.004599902015731003
0.004482056141903315
0.004365345983165898
0.00424977935630593
0.004135364265441999
0.004022108909824539
0.00391002169210378
0.0037991112271021366
0.003689386351131535
0.0035808561319002636
0.0034735298790584982
0.0033674171554367756
0.003262527789037433
0.003158871885845587
0.0030564598435335326
0.002955302366140832
0.00285541047982182
0.002756795549763109
0.0026594692983859703
0.0025634438249626805
0.0024687316267921863
0.0023753456220991856
0.0022832991748424564
0.002192606121643452
0.0021032808010755166
0.0020153380855884
0.0019287934163830169
0.0018436628415988555
0.0017599630582326186
0.001677711458273495
0.001596926179620269
0.0015176261624413518
0.0014398312117545624
0.0013635620671440802
0.0012888404807037477
0.001215689304507157
0.00114413258916656
0.0010741956953690332
0.001005905420688788
0.0009392901444951333
0.0008743799944420791
0.0008112070388872852
0.0007498055107143668
0.0006902120695221365
0.0006324661111398653
0.0005766101361390026
0.0005226901927536698
0.0004707564148762994
0.00042086368331572366
0.0003730724495062736
0.0003274497773470999
0.00028407068426962147
0.00024301990309149964
0.0002043942530781303
0.00016830592412939315
0.0001348871884248991
0.00010429746309833603
7.673451188136541e-05
5.245360765502722e-05
3.1804035480828036e-05
1.531134806151829e-05
3.93211115599184e-06
0.0004
0.0004
0.0004
0.0004
0.0004
0.0004
0.0004
0.0004
0.0004
0.0004
0.0004
0.0004
0.0004
0.0004
0.0004
0.0004
0.0004
0.0004
0.0004
0.0004
0.0004
0.0004
0.0004
0.0004
0.0004
0.0004
0.0004
0.0004
0.0004
0.0004
0.0004
0.0004
0.0004
0.0004
0.0004
0.0004
0.0004
0.0004
0.0004
0.0004
0.0004
0.0004
0.0004
0.0004
0.0004
0.0004
0.0004
0.0004
0.0004
0.0004
0.0004
0.0004
0.0004
0.0004
0.0004
0.0004
0.0004
0.0004
0.0004
0.0004
0.0004
0.0004
0.0004
0.0004
0.0004
0.0004
0.0004
0.0004
0.0004
0.0004
0.0004
0.0004
0.0004
0.0004
0.0004
0.0004
0.0004
0.0004
0.0004
0.0004
0.0004
0.0004
0.0004
0.0004
0.0004
0.0004
0.0004
0.0004
0.0004
0.0004
0.0004
0.0004
0.0004
0.0004
0.0004
0.0004
0.0004
0.0004
0.0004
0.0004
1.7322297340509496e-42
4.1938663513526324e-42
1.0152825661371859e-41
2.4576597869801284e-41
5.948648592062906e-41
1.4397125187342174e-40
3.4841218692634965e-40
8.430826108841685e-40
2.0398831182834675e-39
4.9351219064693545e-39
1.1938423932019386e-38
2.887697177734698e-38
6.984106246875111e-38
1.688976187622717e-37
4.0840273563713104e-37
9.874271728639634e-37
2.387105821885825e-36
5.770151871410587e-36
1.3946028737420175e-35
3.3702361083884804e-35
8.143577445120726e-35
1.967496139552248e-34
4.7528583507427e-34
1.1479862660725436e-33
2.772412248563225e-33
6.694476415899044e-33
1.6162608160306225e-32
3.9015803608703607e-32
9.416773918979203e-32
2.272449922433491e-31
5.482960595947378e-31
1.3227035045672308e-30
3.19032054735692e-30
7.693577647010611e-30
1.854992810413511e-29
4.471709151312355e-29
1.0777542401946255e-28
2.597036965467653e-28
6.2567084633927355e-28
1.5070239858603887e-27
3.6290903732284034e-27
8.737265557553344e-27
2.1030520259435822e-26
5.060782156632239e-26
1.2175159068588613e-25
2.9283099488837713e-25
7.041102177778124e-25
1.6925481280732736e-24
4.0673683316538e-24
9.771317444546665e-24
2.346684151140823e-23
5.63394357584912e-23
1.3521372454445198e-22
3.243942972306727e-22
7.779704780823348e-22
1.8650194879458336e-21
4.469164948443862e-21
1.0704934774946363e-20
2.5629941025518158e-20
6.133492098190255e-20
1.4670828136543546e-19
3.507335430409406e-19
8.380390014073332e-19
2.00125712945029e-18
4.7761695929624555e-18
1.1391478249474543e-17
2.71511338528591e-17
6.466749142641618e-17
1.5390588852861173e-16
3.659947534651081e-16
8.696050884211555e-16
2.064294967996154e-15
4.895489843840511e-15
1.1597503451017652e-14
2.7443695892724602e-14
6.486227669397645e-14
1.5309831091070322e-13
3.608518263358168e-13
8.492058731684937e-13
1.9950800865770103e-12
4.67842398008085e-12
1.0948344498346594e-11
2.556297899780953e-11
5.953561714611594e-11
1.382651581914704e-10
3.200825208310689e-10
7.383037364389986e-10
1.6959029826380168e-09
3.876803889089394e-09
8.812393331232568e-09
1.9897565737927054e-08
4.456431009204747e-08
9.881897424579279e-08
2.163830647018953e-07
4.6610603046432306e-07
9.819527479310701e-07
2.0038031137476247e-06
3.891304670470438e-06
6.920981621273131e-06
1.006795183648084e-05
3.06e-07
3.06e-07
3.06e-07
3.06e-07
3.06e-07
3.06e-07
3.06e-07
3.06e-07
3.06e-07
3.06e-07
3.06e-07
3.06e-07
3.06e-07
3.06e-07
3.06e-07
3.06e-07
3.06e-07
3.06e-07
3.06e-07
3.06e-07
3.06e-07
3.06e-07
3.06e-07
3.06e-07
3.06e-07
3.06e-07
3.06e-07
3.06e-07
3.06e-07
3.06e-07
3.06e-07
3.06e-07
3.06e-07
3.06e-07
3.06e-07
3.06e-07
3.06e-07
3.06e-07
3.06e-07
3.06e-07
3.06e-07
3.06e-07
3.06e-07
3.06e-07
3.06e-07
3.06e-07
3.06e-07
3.06e-07
3.06e-07
3.06e-07
3.06e-07
3.06e-07
3.06e-07
3.06e-07
3.06e-07
3.06e-07
3.06e-07
3.06e-07
3.06e-07
3.06e-07
3.06e-07
3.06e-07
3.06e-07
3.06e-07
3.06e-07
3.06e-07
3.06e-07
3.06e-07
3.06e-07
3.06e-07
3.06e-07
3.06e-07
3.06e-07
3.06e-07
3.06e-07
3.06e-07
3.06e-07
3.06e-07
3.06e-07
3.06e-07
3.06e-07
3.06e-07
3.06e-07
3.06e-07
3.06e-07
3.06e-07
3.06e-07
3.06e-07
3.06e-07
3.06e-07
3.06e-07
3.06e-07
3.06e-07
3.06e-07
3.06e-07
3.06e-07
3.06e-07
3.06e-07
3.06e-07
3.06e-07
0.0
0.0
0.0
0.0
0.0
0.0
0.0
0.0
0.0
0.0
0.0
0.0
0.0
0.0
0.0
0.0
0.0
0.0
0.0
0.0
0.0
0.0
0.0
0.0
0.0
0.0
0.0
0.0
0.0
0.0
0.0
0.0
0.0
0.0
0.0
0.0
0.0
0.0
0.0
0.0
0.0
0.0
0.0
0.0
0.0
0.0
0.0
0.0
0.0
0.0
0.0
0.0
0.0
0.0
0.0
0.0
0.0
0.0
0.0
0.0
0.0
0.0
0.0
0.0
0.0
0.0
0.0
0.0
0.0
0.0
0.0
0.0
0.0
0.0
0.0
0.0
0.0
0.0
0.0
0.0
0.0
0.0
0.0
0.0
0.0
0.0
0.0
0.0
0.0
0.0
0.0
0.0
0.0
0.0
0.0
0.0
0.0
0.0
0.0
0.0
1.65e-06
1.65e-06
1.65e-06
1.65e-06
1.65e-06
1.65e-06
1.65e-06
1.65e-06
1.65e-06
1.65e-06
1.65e-06
1.65e-06
1.65e-06
1.65e-06
1.65e-06
1.65e-06
1.65e-06
1.65e-06
1.65e-06
1.65e-06
1.65e-06
1.65e-06
1.65e-06
1.65e-06
1.65e-06
1.65e-06
1.65e-06
1.65e-06
1.65e-06
1.65e-06
1.65e-06
1.65e-06
1.65e-06
1.65e-06
1.65e-06
1.65e-06
1.65e-06
1.65e-06
1.65e-06
1.65e-06
1.65e-06
1.65e-06
1.65e-06
1.65e-06
1.65e-06
1.65e-06
1.65e-06
1.65e-06
1.65e-06
1.65e-06
1.65e-06
1.65e-06
1.65e-06
1.65e-06
1.65e-06
1.65e-06
1.65e-06
1.65e-06
1.65e-06
1.65e-06
1.65e-06
1.65e-06
1.65e-06
1.65e-06
1.65e-06
1.65e-06
1.65e-06
1.65e-06
1.65e-06
1.65e-06
1.65e-06
1.65e-06
1.65e-06
1.65e-06
1.65e-06
1.65e-06
1.65e-06
1.65e-06
1.65e-06
1.65e-06
1.65e-06
1.65e-06
1.65e-06
1.65e-06
1.65e-06
1.65e-06
1.65e-06
1.65e-06
1.65e-06
1.65e-06
1.65e-06
1.65e-06
1.65e-06
1.65e-06
1.65e-06
1.65e-06
1.65e-06
1.65e-06
1.65e-06
1.65e-06
0.0
0.0
0.0
0.0
0.0
0.0
0.0
0.0
0.0
0.0
0.0
0.0
0.0
0.0
0.0
0.0
0.0
0.0
0.0
0.0
0.0
0.0
0.0
0.0
0.0
0.0
0.0
0.0
0.0
0.0
0.0
0.0
0.0
0.0
0.0
0.0
0.0
0.0
0.0
0.0
0.0
0.0
0.0
0.0
0.0
0.0
0.0
0.0
0.0
0.0
0.0
0.0
0.0
0.0
0.0
0.0
0.0
0.0
0.0
0.0
0.0
0.0
0.0
0.0
0.0
0.0
0.0
0.0
0.0
0.0
0.0
0.0
0.0
0.0
0.0
0.0
0.0
0.0
0.0
0.0
0.0
0.0
0.0
0.0
0.0
0.0
0.0
0.0
0.0
0.0
0.0
0.0
0.0
0.0
0.0
0.0
0.0
0.0
0.0
0.0
0.0
0.0
0.0
0.0
0.0
0.0
0.0
0.0
0.0
0.0
0.0
0.0
0.0
0.0
0.0
0.0
0.0
0.0
0.0
0.0
0.0
0.0
0.0
0.0
0.0
0.0
0.0
0.0
0.0
0.0
0.0
0.0
0.0
0.0
0.0
0.0
0.0
0.0
0.0
0.0
0.0
0.0
0.0
0.0
0.0
0.0
0.0
0.0
0.0
0.0
0.0
0.0
0.0
0.0
0.0
0.0
0.0
0.0
0.0
0.0
0.0
0.0
0.0
0.0
0.0
0.0
0.0
0.0
0.0
0.0
0.0
0.0
0.0
0.0
0.0
0.0
0.0
0.0
0.0
0.0
0.0
0.0
0.0
0.0
0.0
0.0
0.0
0.0
0.0
0.0
0.0
0.0
0.0
0.0
0.0
0.0
0.0
0.0
0.0
0.0
2
2
1
289.0498233997975
-0.013377010736093098
0.0
0.0
91.0
5.783625987995279
1.0
2.0
3.0
4.0
5.0
6.0
7.0
8.0
9.0
10.0
11.0
12.0
13.0
14.0
15.0
16.0
17.0
18.0
19.0
20.0
21.0
22.0
23.0
24.0
25.0
26.0
27.0
28.0
29.0
30.0
31.0
32.0
33.0
34.0
35.0
36.0
37.0
38.0
39.0
40.0
41.0
42.0
43.0
44.0
45.0
46.0
47.0
48.0
49.0
50.0
51.0
52.0
53.0
54.0
55.0
56.0
57.0
58.0
59.0
60.0
61.0
62.0
63.0
64.0
65.0
66.0
67.0
68.0
69.0
70.0
71.0
72.0
73.0
74.0
75.0
76.0
77.0
78.0
79.0
80.0
81.0
82.0
83.0
84.0
85.0
86.0
87.0
88.0
89.0
90.0
91.0
92.0
93.0
94.0
95.0
96.0
97.0
98.0
99.0
100.0
0.0
0.0
0.0
0.0
0.0
0.0
0.0
0.0
0.0
0.0
0.0
0.0
0.0
0.0
0.0
0.0
0.0
0.0
0.0
0.0
0.0
0.0
0.0
0.0
0.0
0.0
0.0
0.0
0.0
0.0
0.0
0.0
0.0
0.0
0.0
0.0
0.0
0.0
0.0
0.0
0.0
0.0
0.0
0.0
0.0
0.0
0.0
0.0
0.0
0.0
0.0
0.5
0.0
0.0
0.0
0.0
0.0
0.0
0.0
0.0
0.0
0.0
0.0
0.0
0.0
0.0
0.0
0.0
0.0
0.0
0.0
0.0
0.0
0.0
0.0
0.0
0.0
0.0
0.0
0.0
0.0
0.0
0.0
0.0
0.0
0.0
0.0
0.0
0.0
0.0
0.0
0.0
0.0
0.0
0.0
0.0
0.0
0.0
0.0
0.0
0.0
0.0
0.0
0.0
0.0
0.0
0.0
0.0
0.0
0.0
0.0
0.0
0.0
0.0
0.0
0.0
0.0
0.0
0.0
0.0
0.0
0.0
0.0
0.0
0.0
0.0
0.0
0.0
0.0
0.0
0.0
0.0
0.0
0.0
0.0
0.0
0.0
0.0
0.0
0.0
0.0
0.0
0.0
0.0
0.0
0.0
0.0
0.0
0.0
0.0
0.0
3.0
0.0
0.0
0.0
0.0
0.0
0.0
0.0
0.0
0.0
0.0
0.0
0.0
0.0
0.0
0.0
0.0
0.0
0.0
0.0
0.0
0.0
0.0
0.0
0.0
0.0
0.0
0.0
0.0
0.0
0.0
0.0
0.0
0.0
0.0
0.0
0.0
0.0
0.0
0.0
0.0
0.0
0.0
0.0
0.0
0.0
0.0
0.0
0.0
0.0
0.0
0.0
0.0
0.0
0.0
0.0
0.0
0.0
0.0
0.0
0.0
0.0
0.0
0.0
0.0
0.0
0.0
0.0
0.0
0.0
0.0
0.0
0.0
0.0
0.0
0.0
0.0
0.0
0.0
0.0
0.0
0.0
0.0
0.0
0.0
0.0
0.0
0.0
0.0
0.0
0.0
0.0
0.0
0.0
0.0
0.0
0.0
0.0
0.0
0.0
0.5
0.0
0.0
0.0
0.0
0.0
0.0
0.0
0.0
0.0
0.0
0.0
0.0
0.0
0.0
0.0
0.0
0.0
0.0
0.0
0.0
0.0
0.0
0.0
0.0
0.0
0.0
0.0
0.0
0.0
0.0
0.0
0.0
0.0
0.0
0.0
0.0
0.0
0.0
0.0
0.0
0.0
0.0
0.0
0.0
0.0
0.0
0.0
0.0
45.0
