9.81
6.022e+23
0
0
0
3
0
1
287.8469425841376
2
2
0
0
1
1
0
1
60
7
1000.0
1.0


3
3
0
72.38857731909356
0
6.7
150.0
1000.0
287.04
9.81
79000.0
40.0
20000.0
0.0
0.0
0.0
0.0
0.0280134
0.04401
0.0319988
0.039948
0.01604
0.01801528
0.048
99000.0
2.1153802199668344e+29
0.8
1e-06
1000000.0
0.6
3.0
0.0001
1000
48
1.7754586629403404
0
1
6
1.0
1
0
1
1
0.02
1000000000000.0
1
286.9416565867109
286.0400740469007
285.10925457052366
284.1735372620103
283.232839268632
282.2732198523825
281.2909209449459
280.2864153047176
279.2550748354554
278.1950366997209
277.1162713540409
276.01321477885284
274.8854337161962
273.73322134782313
272.5553645079239
271.3526542833097
270.12320000013494
268.8687393809109
267.58766879464946
266.27737866646424
264.93948279910455
263.5729785920103
262.1773027111626
260.75468254651975
259.30325239723453
257.8213296410858
256.3067581149019
254.7571409785982
253.1671529392674
251.53716377812614
249.86393171666052
248.1423405546816
246.37117362939102
244.54301187194974
242.65241560342014
240.70599336878635
238.69193776452198
236.5977489144933
234.42716614628543
232.16531212206036
229.8036861635389
227.34577008024058
224.7738476417775
222.07831976043803
219.265067649525
216.30883518516202
213.19122463184584
209.88697339053192
206.34994806910046
203.6612882562539
203.08667267767655
203.70690028802656
205.57676941374726
208.2368391161727
212.1267216214297
216.85468206696171
224.3010856045251
234.05015748846256
244.66737421579913
245.68807131841234
991.675
975.0250000000001
958.375
941.7249999999999
925.075
908.425
891.7750000000001
875.125
858.4749999999999
841.825
825.175
808.5250000000001
791.875
775.225
758.575
741.925
725.2750000000001
708.625
691.975
675.325
658.675
642.0250000000001
625.375
608.725
592.075
575.425
558.7750000000001
542.125
525.4750000000001
508.82500000000005
492.17500000000007
475.52500000000003
458.87500000000006
442.2250000000001
425.57500000000005
408.925
392.27500000000003
375.62500000000006
358.9750000000001
342.32500000000005
325.675
309.02500000000003
292.37500000000006
275.7250000000001
259.0750000000001
242.42500000000007
225.77500000000003
209.12500000000006
192.47500000000008
175.8250000000001
159.17500000000007
142.52500000000003
125.87500000000006
109.22500000000008
92.5750000000001
75.92500000000013
59.27500000000009
42.62500000000006
25.97500000000008
9.325000000000045
71.46104778321235
215.38806162157022
361.3591826156189
509.44477330291454
659.7152673441667
812.2402541151357
967.092356210158
1124.3471981578514
1284.0830005710222
1446.3850753080937
1611.3452253986316
1779.059173337816
1949.6287060866262
2123.1619401799207
2299.774070494483
2479.5877675223137
2662.734207417566
2849.3539634450403
3039.596379080377
3233.62164368504
3431.602473705675
3633.724607515929
3840.1895048435854
4051.215521863822
4267.038228235629
4487.912309918385
4714.113568403785
4945.940086949162
5183.716473546883
5427.798339629078
5678.573821334721
5936.469331411736
6201.953883555224
6475.543351273297
6757.816268802286
7049.420040792764
7351.070991720451
7663.577452976126
7987.855103636415
8324.939900852862
8676.027637952338
9042.501302946293
9425.964541440044
9828.318628186793
10251.825286391862
10699.185636029426
11173.675108552034
11679.300838457719
12222.600680984347
12815.534428432422
13474.464006846576
14220.4254866835
15082.628927418966
16105.165045150789
17359.03008012901
18976.494066308107
21235.754226443394
24867.702880345532
33580.004732803
56560.69457252452
3.521179111399233e+23
3.521179111399233e+23
3.521179111399257e+23
3.521179111399233e+23
3.521179111399233e+23
3.521179111399233e+23
3.521179111399233e+23
3.521179111399257e+23
3.521179111399233e+23
3.521179111399233e+23
3.521179111399233e+23
3.521179111399233e+23
3.521179111399257e+23
3.5211791113992086e+23
3.521179111399257e+23
3.521179111399233e+23
3.521179111399233e+23
3.521179111399257e+23
3.5211791113992086e+23
3.521179111399257e+23
3.521179111399233e+23
3.521179111399233e+23
3.521179111399257e+23
3.5211791113992086e+23
3.521179111399257e+23
3.521179111399233e+23
3.521179111399233e+23
3.521179111399233e+23
3.521179111399233e+23
3.521179111399244e+23
3.521179111399244e+23
3.521179111399233e+23
3.521179111399233e+23
3.521179111399233e+23
3.521179111399257e+23
3.521179111399233e+23
3.521179111399233e+23
3.521179111399233e+23
3.521179111399233e+23
3.521179111399257e+23
3.521179111399233e+23
3.521179111399233e+23
3.521179111399233e+23
3.521179111399233e+23
3.521179111399233e+23
3.521179111399257e+23
3.521179111399233e+23
3.521179111399233e+23
3.521179111399233e+23
3.521179111399233e+23
3.521179111399257e+23
3.521179111399233e+23
3.521179111399233e+23
3.521179111399233e+23
3.521179111399233e+23
3.521179111399233e+23
3.521179111399257e+23
3.521179111399233e+23
3.521179111399233e+23
3.521179111399257e+23
-3.7666275313715842
-3.505514297446144
-3.309101498408458
-3.074058588096045
-2.798881800136879
-2.5396059742718635
-2.3097133334466387
-2.105368066822908
-1.9434599122260379
-1.8294939720345775
-1.719309544075894
-1.6334445169275522
-1.5708554609388876
-1.5273030607823188
-1.5047020103301687
-1.496175421268298
-1.5060534205985434
-1.5231524626367852
-1.5499842183385228
-1.5929444308520457
-1.6404922692361814
-1.6916381532264284
-1.7431016053194621
-1.7794896916841316
-1.802039742732731
-1.8106572170019768
-1.8065889603610306
-1.7915134708704483
-1.7785582495434888
-1.7562488800369325
-1.7272679266245914
-1.701007369254912
-1.6694559553698454
-1.6491087959435116
-1.6464664613023192
-1.6160052129711857
-1.5868413819228657
-1.5884879345659488
-1.5798393407576055
-1.593939419870103
-1.6328078747707708
-1.6433950392859595
-1.6547157159674546
-1.653706373456488
-1.5528056612115828
-1.3818170847372702
-1.1259774408285719
-0.7787026996939339
-0.3497846906084719
0.007902107166713185
0.014309930113864232
0.019705879168819242
0.02271489221258259
0.02318005982843763
0.02147890636160967
0.01816218646058513
0.013218638985901303
0.008933681227114531
0.005833261400446457
0.005261265131612388
-3.766792698968999
-3.5056819615566894
-3.3092623791657445
-3.074260106384486
-2.7990557109409337
-2.539736754082952
-2.309920841797492
-2.1055310436915704
-1.9436503352574022
-1.8296535362411106
-1.7194783496089912
-1.6336154260526001
-1.5710294907249107
-1.527484939570897
-1.5048189341532066
-1.4963174489372904
-1.5061920748359086
-1.5232891292571935
-1.5501187233325027
-1.5930757314725952
-1.640625853931823
-1.6917624044730815
-1.743211800967316
-1.779612851932285
-1.8021617938175893
-1.8107596685690055
-1.8066897465373017
-1.7916157051313917
-1.7786511649310057
-1.756339353293896
-1.7273495415387004
-1.701085794427911
-1.6695322651704885
-1.6491837605097146
-1.6465483473398876
-1.616062650715918
-1.5868975935941876
-1.5885405583065904
-1.5798894489321356
-1.5939796342110526
-1.6328460063359387
-1.6434257262773713
-1.6547389316496321
-1.653717648779093
-1.552804694250284
-1.3817978240189177
-1.1259299231948887
-0.7786025880691056
-0.3495134530753887
0.007761368301601124
0.014082980419800606
0.019413934452700232
0.022405870766078806
0.0228887550096033
0.021183854967318894
0.01791986274420765
0.013001346926898805
0.008779884699805507
0.005706313824987319
0.005110040389183723
0.00021778707737368563
0.00021416092253541378
0.0002105347676971419
0.00020690861285887002
0.00020328245802059814
0.0001996563031823263
0.00019603014834405444
0.0001924039935057826
0.00018877783866751068
0.0001851516838292388
0.00018152552899096698
0.0001778993741526951
0.00017427321931442325
0.00017064706447615137
0.00016702090963787954
0.00016339475479960764
0.00015976859996133579
0.00015614244512306393
0.00015251629028479203
0.0001488901354465202
0.00014526398060824832
0.00014163782576997645
0.0001380116709317046
0.00013438551609343271
0.00013075936125516086
0.00012713320641688898
0.00012350705157861713
0.00011988089674034525
0.00011625474190207339
0.00011262858706380154
0.00010900243222552967
0.00010537627738725779
0.00010175012254898594
9.812396771071407e-05
9.449781287244221e-05
9.087165803417033e-05
8.724550319589846e-05
8.361934835762661e-05
7.999319351935475e-05
7.636703868108287e-05
7.2740883842811e-05
6.911472900453914e-05
6.548857416626727e-05
6.186241932799542e-05
5.8236264489723555e-05
5.4610109651451704e-05
5.098395481317981e-05
4.7357799974907946e-05
4.373164513663609e-05
4.010549029836423e-05
3.647933546009237e-05
3.285318062182048e-05
2.9227025783548622e-05
2.560087094527676e-05
2.19747161070049e-05
1.834856126873304e-05
1.4722406430461176e-05
1.1096251592189292e-05
7.470096753917431e-06
3.843941915645571e-06
-16.649999999999977
-16.649999999999977
-16.65000000000009
-16.649999999999977
-16.649999999999977
-16.649999999999977
-16.649999999999977
-16.65000000000009
-16.649999999999977
-16.649999999999977
-16.649999999999977
-16.649999999999977
-16.65000000000009
-16.649999999999864
-16.65000000000009
-16.649999999999977
-16.649999999999977
-16.65000000000009
-16.649999999999864
-16.65000000000009
-16.649999999999977
-16.649999999999977
-16.65000000000009
-16.649999999999864
-16.65000000000009
-16.649999999999977
-16.649999999999977
-16.649999999999977
-16.649999999999977
-16.650000000000034
-16.650000000000034
-16.649999999999977
-16.649999999999977
-16.649999999999977
-16.65000000000009
-16.649999999999977
-16.649999999999977
-16.649999999999977
-16.649999999999977
-16.65000000000009
-16.649999999999977
-16.649999999999977
-16.649999999999977
-16.649999999999977
-16.649999999999977
-16.65000000000009
-16.649999999999977
-16.649999999999977
-16.649999999999977
-16.649999999999977
-16.65000000000009
-16.649999999999977
-16.649999999999977
-16.649999999999977
-16.649999999999977
-16.649999999999977
-16.65000000000009
-16.649999999999977
-16.649999999999977
-16.65000000000009
287.8465405156871
286.888962475392
285.9179185302531
284.9329494540718
283.9335716150433
282.919324833919
281.88973679231236
280.84430666584575
279.7825219102133
278.70384691350927
277.60767410873655
276.49338090229605
275.3603072063515
274.20774916346204
273.0349618695014
271.8411466172469
270.62545832932847
269.38698432265056
268.1247535985603
266.83773595313704
265.52481505285783
264.18479283086054
262.81637845980043
261.41816320667
259.98862983172927
258.52613894128774
257.0289171371803
255.49504207758338
253.92244178867227
252.3088384971739
250.65174478317084
248.9484470423183
247.19594494813884
245.39095404359554
243.52984608071668
241.6084969487071
239.62235553604427
237.5663742062761
235.43476895521823
233.22105368742822
230.91783267251785
228.51647801029523
226.06011503207787
223.43110008495805
220.67198896976154
217.78723995423584
214.7503096690398
211.53936581713867
208.11870725376485
205.0047982391326
203.37134750944546
203.39275467106444
204.63680414589007
206.90135701747886
210.17648076338307
214.4859999560918
220.5741656848666
229.17300214425603
239.35702358352395
245.1764221740167
246.19726337888176
1000.0
983.35
966.7
950.05
933.4
916.75
900.1
883.45
866.8
850.15
833.5
816.85
800.2
783.55
766.9000000000001
750.25
733.6
716.95
700.3
683.6500000000001
667.0
650.35
633.7
617.05
600.4000000000001
583.75
567.1
550.45
533.8000000000001
517.1500000000001
500.50000000000006
483.85
467.20000000000005
450.55000000000007
433.9000000000001
417.25
400.6
383.95000000000005
367.30000000000007
350.6500000000001
334.0
317.35
300.70000000000005
284.05000000000007
267.4000000000001
250.7500000000001
234.10000000000002
217.45000000000005
200.80000000000007
184.1500000000001
167.5000000000001
150.85000000000002
134.20000000000005
117.55000000000007
100.90000000000009
84.25000000000011
67.60000000000014
50.950000000000045
34.30000000000007
17.65000000000009
1.0
0.0
142.9220955664247
287.85402767671576
434.8643375545221
584.025209051307
735.4053256370265
889.0751825932449
1045.109529827071
1203.5848664886316
1364.5811346534128
1528.1890159627746
1694.5014348344882
1863.6169118411437
2035.6405003321088
2210.6833800277327
2388.8647609612335
2570.3107740833943
2755.1576407517377
2943.550286138343
3135.6424720224118
3331.6008153476682
3531.604132063682
3735.845082968177
3944.533926718994
4157.89711700865
4376.1793394626075
4599.645280374162
4828.581856433409
5063.298317464915
5304.134629628851
5551.462049629306
5805.685593040135
6067.253069783335
6336.654697327112
6614.432005219482
6901.200532385089
7197.6395492004385
7504.502434240464
7822.652471711788
8153.057735561042
8496.822066144681
8855.233209759996
9229.769396132593
9622.159686747493
10034.477569626091
10469.173003157634
10929.198268901218
11418.15194820285
11940.449728712587
12504.751633256108
13126.317223608736
13822.610790084416
14618.240183282585
15547.017671555348
16663.312418746227
18054.747741511794
19898.240391104417
22573.26806178237
27162.137698908697
39997.8717666973
52833.605834486
402.6186002896512
407.71428448168797
412.2615145896054
417.05450097566626
421.72731661510954
425.7178027578314
428.7796362909609
430.7384692958685
431.66464487881774
431.33519059532887
429.79603078694055
427.966620125233
425.82132880247025
423.3970245415663
420.87136545910624
418.2350115490611
415.5579201371437
412.94753129598024
410.42071493716935
407.98353613683236
405.62965352408617
403.3701167769976
401.2168206972857
399.17392995347075
397.433676837051
396.0720092592989
395.1075204220568
394.5771175098776
394.35422159027917
394.0899247438868
393.7835075309075
393.42088358745457
392.98879977997774
392.478347147314
391.8599435440425
391.1071584888581
390.458466920508
389.99438913000324
389.7067944337167
389.6259279835224
389.740540709108
390.057797320294
390.77695474734844
391.9654717536829
393.6682726381144
395.9473877197729
398.7524072401941
401.238085710944
403.2384437927859
404.7441582076625
405.952176605712
406.98763555498306
407.7107365148104
408.3716080879258
409.13643040978957
409.9719308778008
410.9243512388965
411.9138606605329
412.8074843966291
413.2537457657179
413.9694386205499
389.2721281180026
386.5845603346852
383.5670275483408
380.3476581735678
377.0129251634907
373.6256399377349
370.201627401272
366.7533292566562
363.2948680922778
359.8393846541017
356.3868336822687
352.9316761968066
349.4826624054173
346.0469933512847
342.6184719004078
339.199077096792
335.7860546833058
332.3704213631944
328.9673040121153
325.5811584494743
322.2035273710533
318.8420206765349
315.5049935816333
312.1924763008471
308.9108614343398
305.6638999602841
302.4451805714371
299.2611450370853
296.1143043553318
293.0176369156523
289.9816662689217
287.006848625655
284.096481158454
281.258724939113
278.4834881782152
275.7642102505827
273.1227091387312
270.5431601180524
268.0129273607751
265.5554396522704
263.1544698758516
260.8112774744942
258.5586393912491
256.3611424530614
254.2447462471944
252.2621280123007
250.3839062435684
248.6603954921823
247.0792944328926
245.6614688598763
244.6043787399318
244.006236183262
243.7374424542273
243.7387127854918
243.9455498898587
244.2802561130839
244.7749304105093
245.4768554908258
246.5077431021499
247.7746084237834
248.2787622931822
13.34647217164858
21.12972414700279
28.69448704126461
36.70684280209846
44.71439145161885
52.09216282009654
58.57800888968893
63.98514003921236
68.36977678653994
71.49580594122715
73.40919710467188
75.03494392842643
76.33866639705296
77.35003119028158
78.25289355869842
79.03593445226907
79.77186545383792
80.57710993278583
81.45341092505406
82.40237768735805
83.42612615303283
84.52809610046268
85.71182711565238
86.98145365262369
88.52281540271123
90.40810929901484
92.66233985061967
95.3159724727923
98.23991723494734
101.0722878282345
103.8018412619858
106.4140349617996
108.8923186215237
111.219622208201
113.3764553658273
115.3429482382754
117.3357577817768
119.4512290119508
121.6938670729416
124.070488331252
126.5860708332564
129.2465198457998
132.2183153560994
135.6043293006215
139.42352639092
143.6852597074722
148.3685009966257
152.5776902187617
156.1591493598933
159.0826893477862
161.3477978657802
162.9813993717211
163.9732940605831
164.632895302434
165.1908805199309
165.6916747647169
166.1494208283872
166.4370051697071
166.2997412944792
165.4791373419345
165.6906763273677
490.9933417530599
492.3222332461278
493.36378139248836
494.84750539938375
496.44606093244244
497.63749136422337
498.15958814326996
497.8085003063801
496.6291448456376
494.3560402268914
490.987226882262
487.4383378709454
483.65943112213006
479.6640973705012
475.61095334847016
471.4697805042718
467.2963716434173
463.17979072741787
459.1296852393498
455.1423877156801
451.1954293714614
447.2952667704411
443.4502082862561
439.6641057414739
436.1442397731218
432.98041040155226
430.20516189574096
427.8680692370245
425.8535576122946
423.81060960097125
421.7478530346981
419.6578795497064
417.5247099478017
415.34472504996745
413.07713768618635
410.6778042836621
408.41305006459595
406.362074680497
404.4859394259038
402.82518352677744
401.345816618152
400.0302272230022
399.10595892377916
398.63973699846395
398.68882023411646
399.4151306215246
400.83835231792693
402.1981008654818
403.4198563592546
404.57605732105577
405.791837087407
406.84137901709784
407.5838939113778
408.26717135525945
409.05488243213273
409.9115667551113
410.8819069789513
411.8844177475145
412.7868213683105
413.23878905122416
413.9595919464456
322.0506549981257
314.7376139026302
307.2175770255638
299.5552087765507
291.8910631641306
284.3612266616731
276.988893263613
269.7846310336385
262.7638202756298
255.9366415228475
249.2813422817585
242.7633125475186
236.3700999474041
230.0870456542434
223.8781092263958
217.721594698333
211.5936714462265
205.4515545777654
199.3031693695555
193.1388278753047
186.9250728886715
180.6639841487257
174.3577767505078
168.0010273226766
161.603851706414
155.1723739385886
148.6991140266925
142.1960596154318
135.6803587069237
129.1852552128789
122.7456607706218
116.377414496414
110.0896528828667
103.9175222022445
97.8425383029165
91.84064292288068
85.97276281672666
80.20247183820139
74.47210143541886
68.84137314213
63.25450828905671
57.67488157205291
52.16780666435957
46.66798888422825
41.21549639827685
36.03088236903692
31.1583065512147
26.88334605927071
23.30665205660149
20.51137875042181
18.63781046087637
17.42282794013166
16.7232814683971
16.41015567875505
16.33464608921005
16.28437936902557
16.21101045539039
15.70064865278938
13.80816739163499
8.029781856402861
0.0
168.9426867549342
177.5846193434976
186.1462043669246
195.292296622833
204.5549977683118
213.2762647025503
221.1706948796569
228.0238692727416
233.8653245700078
238.4193987040439
241.7058846005035
244.6750253234268
247.289331174726
249.5770517162578
251.7328441220744
253.7481858059388
255.7027001971908
257.7282361496525
259.8265158697943
262.0035598403754
264.2703564827899
266.6312826217154
269.0924315357483
271.6630784187973
274.5403880667078
277.8080364629636
281.5060478690485
285.6720096215927
290.1731989053709
294.6253543880924
299.0021922640763
303.2804650532924
307.435057064935
311.4272028477229
315.2345993832698
318.8371613607814
322.4402872478693
326.1596028422956
330.0138379904849
333.9838103846474
338.0913083290953
342.3553456509493
346.9381522594196
351.9717481142357
357.4733238358396
363.3842482524877
369.6800457667122
375.3147548062111
380.1132043026531
384.064678570634
387.1540266265306
389.4185510769662
390.8606124429807
391.8570156765044
392.7202363429227
393.6271873860858
394.6708965235609
396.1837690947251
398.9786539766755
405.2090071948213
413.9595919464456
88.37474146340878
84.60794876443978
81.1022668028831
77.79300442371735
74.71874431733286
71.91968860639193
69.37995185230898
67.07003101051149
64.96449996681991
63.02084963156251
61.1911960953214
59.47171774571241
57.83810231965981
56.2670728289349
54.739587889364
53.2347689552108
51.738451506273506
50.2322594314376
48.708970302180404
47.1588515788479
45.565775847375306
43.92514999344348
42.2333875889704
40.490175788003086
38.7105629360708
36.90840114225321
35.097641473684206
33.290951727146904
31.499336022015513
29.720684857084507
27.96434550379061
26.23699596225191
24.535910167824
22.86637790265351
21.217194142143796
19.57064579480391
17.95458314408799
16.367685550493803
14.779144992187213
13.199255543255077
11.605275909044025
9.972429902708086
8.329004176430715
6.674265244781083
5.02054759600199
3.4677429017517056
2.085945077732788
0.9600151545378992
0.18141256646879356
-0.16810088660659517
-0.16033951830499404
-0.14625653788519344
-0.1268426034324932
-0.1044367326664144
-0.0815479776568111
-0.060364122689492206
-0.04244425994528456
-0.029442913018385752
-0.020663028318580245
-0.014956714493592926
-0.009846674104409203
67.22147311987692
71.846946432055
76.34945052277692
80.79244939701715
85.12186199936014
89.26441327606187
93.21273413765903
96.96869822301773
100.531047816648
103.9027431312543
107.1054914005102
110.168363649288
113.1125624580132
115.9599476970413
118.740362674012
121.4774823984589
124.1923832370794
126.918866785429
129.6641346425598
132.4423305741695
135.2784544823818
138.1780365278092
141.1472168311255
144.1914489781705
147.3070097279258
150.4915260216956
153.7460665447446
157.0650854216535
160.4339456484081
163.8323817027734
167.2360054982999
170.629434129241
174.0068282755873
177.3412027368685
180.6409498752987
183.9235673277021
187.1499463220045
190.340688279851
193.5408259253562
196.7140665101404
199.8999615867949
203.1363959024413
206.3908327268895
209.6931535688331
213.0292498489176
216.2312456432638
219.2255996923537
221.7770494329116
223.772642376291
225.1500901094544
225.9665682790554
226.5834082431303
227.0141609858301
227.3285571067368
227.6109038006486
227.9958767440584
228.563919955119
229.7762068380364
232.6995757105149
239.7448265673805
248.2787622931822
155.5962145832857
156.4548951964948
157.45171732566
158.5854538207345
159.840606316693
161.1841018824538
162.592685989968
164.0387292335292
165.4955477834679
166.9235927628168
168.2966874958316
169.6400813950004
170.950664777673
172.2270205259762
173.479950563376
174.7122513536697
175.9308347433529
177.1511262168666
178.3731049447402
179.6011821530174
180.8442303297571
182.1031865212527
183.3806044200959
184.6816247661736
186.0175726639966
187.3999271639488
188.8437080184288
190.3560371488004
191.9332816704236
193.5530665598579
195.2003510020905
196.8664300914929
198.5427384434113
200.207580639522
201.8581440174425
203.494213122506
205.1045294660925
206.7083738303448
208.3199709175434
209.9133220533955
211.5052374958389
213.1088258051494
214.7198369033202
216.3674188136142
218.0497974449196
219.6989885450155
221.3115447700865
222.7370645874495
223.9540549427598
224.9819892228478
225.8062287607504
226.4371517052451
226.8873183823976
227.2241203740704
227.5293558229918
227.9355126213689
228.5214756951737
229.746763925018
232.6789126821963
239.7298698528869
248.2689156190778
-1.9077407833389701
-1.7754351106638304
-1.6758981811525502
-1.556822678656606
-1.4173938844591145
-1.2860190102188251
-1.1695972433045774
-1.0660631742930433
-0.9840740186234807
-0.9263480658071543
-0.8705498764806568
-0.8270676940675648
-0.795376577832688
-0.7733271645966181
-0.7618525837122443
-0.7575506373956985
-0.7625519415557548
-0.7712116673131001
-0.784799867136
-0.8065543539423772
-0.8306351177147333
-0.8565317229659501
-0.8825851632673642
-0.901012489040485
-0.9124195873850943
-0.9167552081863074
-0.9146718811691528
-0.9070157329080428
-0.9004352267691892
-0.8891247739954212
-0.8744344427292164
-0.861127679410498
-0.8451483442055133
-0.8348456426467902
-0.8335153155808811
-0.8180814120801752
-0.8033103363939462
-0.8041400940979747
-0.7997637959275185
-0.8069014280360652
-0.8265849106388528
-0.8319415550867434
-0.8376604796947322
-0.8371321139984824
-0.7860266793873112
-0.699417297030236
-0.5698705680276476
-0.3940032324580125
-0.1767144753686155
0.004193148401681723
0.0073338794254019235
0.009976795755288814
0.011456317582794112
0.011690891383024898
0.010859347412706694
0.009263118524066971
0.006974737557861266
0.0053784400487157935
0.005129516170352844
0.00530003262166634
0.0
-2.342965501833463
-2.280677250618051
-2.250535758064474
-2.193000301998522
-2.098348444760122
-1.999963883595603
-1.902528386652183
-1.804455812418427
-1.707882690408649
-1.622305048472945
-1.551452906779454
-1.491340620476746
-1.442301130115308
-1.408378328477714
-1.386447754845457
-1.375193104895702
-1.381060156218199
-1.390575071661326
-1.407254303674852
-1.436596868556435
-1.46874065499107
-1.503994629279908
-1.542011037296452
-1.57814149231484
-1.613069909339854
-1.648539653173853
-1.681200215350443
-1.706446618339269
-1.721427818986951
-1.724055593001109
-1.718891382271301
-1.710769349841434
-1.688978360853987
-1.67143839956026
-1.662761608946723
-1.634274844822585
-1.616223427947191
-1.6209826753939
-1.607358364730496
-1.613768311539012
-1.639368220014412
-1.648487126172186
-1.67274207123599
-1.689850522854328
-1.621923893370435
-1.516746020093108
-1.292399354256367
-1.010838265941425
-0.6977258977764639
-0.4135750128183821
-0.3124512149220729
-0.2181914688187065
-0.1592527327430948
-0.1430185666946482
-0.1950023845502698
-0.2877339371003541
-0.614066097305699
-1.480789522516072
-3.56866824113744
-4.322739674613293
0.0
0.435224718494493
0.5052421399542206
0.5746375769119239
0.6361776233419157
0.6809545603010076
0.7139448733767779
0.7329311433476056
0.7383926381253837
0.7238086717851684
0.6959569826657908
0.6809030302987972
0.6642729264091813
0.6469245522826199
0.635051163881096
0.6245951711332127
0.6176424675000035
0.6185082146624442
0.619363404348226
0.6224544365388519
0.6300425146140578
0.6381055372763367
0.6474629063139579
0.6594258740290877
0.677129003274355
0.7006503219547596
0.7317844449875456
0.7665283341812903
0.7994308854312262
0.8209925922177618
0.8349308190056878
0.8444569395420846
0.8496416704309361
0.8438300166484737
0.8365927569134698
0.8292462933658419
0.8161934327424099
0.8129130915532448
0.8168425812959254
0.8075945688029776
0.8068668835029468
0.8127833093755592
0.8165455710854427
0.8350815915412577
0.8527184088558455
0.8358972139831238
0.817328723062872
0.7225287862287194
0.6168350334834125
0.5210114224078484
0.4177681612200638
0.3197850943474748
0.2281682645739953
0.1707090503258889
0.1547094580776731
0.2058617319629765
0.2969970556244211
0.6210408348635603
1.486167962564788
3.573797757307793
4.328039707234959
0.0
1.0
1.0
1.0
1.0
1.0
1.0
1.0
1.0
1.0
1.0
1.0
1.0
1.0
1.0
1.0
1.0
1.0
1.0
1.0
1.0
1.0
1.0
1.0
1.0
1.0
1.0
1.0
1.0
1.0
1.0
1.0
1.0
1.0
1.0
1.0
1.0
1.0
1.0
1.0
1.0
1.0
1.0
1.0
1.0
1.0
1.0
1.0
1.0
1.0
0.0
0.0
0.0
0.0
0.0
0.0
0.0
0.0
0.0
0.0
0.0
0.0
1.0
1.0
1.0
1.0
1.0
1.0
1.0
1.0
1.0
1.0
1.0
1.0
1.0
1.0
1.0
1.0
0.920954420531807
0.920954420531807
0.920954420531807
0.920954420531807
0.920954420531807
0.920954420531807
0.920954420531807
0.920954420531807
0.920954420531807
0.920954420531807
0.920954420531807
0.920954420531807
0.920954420531807
0.920954420531807
0.920954420531807
0.920954420531807
0.920954420531807
0.920954420531807
0.920954420531807
0.920954420531807
0.920954420531807
0.920954420531807
0.920954420531807
0.920954420531807
0.920954420531807
0.920954420531807
0.920954420531807
0.920954420531807
0.920954420531807
1.0
1.0
1.0
1.0
1.0
1.0
1.0
1.0
1.0
1.0
1.0
1.0
1.0
1.0
1.0
1.0
1.0
1.0
1.0
1.0
1.0
1.0
1.0
1.0
1.0
1.0
1.0
1.0
1.0
0.016428266785110578
0.016183511718147955
0.0157973984546413
0.015276431664851663
0.01462990928977748
0.013979350982099348
0.013320743685458528
0.012613888156220035
0.011883359184328703
0.011139307430137092
0.010402156387916181
0.009710993302984848
0.009057338821208398
0.008465401644747132
0.007922756096170018
0.007422223578046602
0.006993691725021574
0.00656515987199654
0.006153299276293584
0.005783826239100995
0.005414353201908407
0.005053391373840622
0.0047097624032610315
0.004366133432681442
0.004035789976741098
0.003727459487875888
0.0034191289990106797
0.003120667298251123
0.0028356439472524576
0.0025506205962537933
0.0022817712911057404
0.0020311263907555055
0.0017804814904052693
0.0015594798029767332
0.0013661145345583692
0.001172749266140007
0.0010108103794133824
0.0008731099253745354
0.0007354094713356885
0.0006233181887092625
0.000527489358632785
0.00043166052855630755
0.00034963386168253215
0.0002747599875931357
0.00019988611350373975
0.0001409827624656342
9.316738853219045e-05
6.02406848140796e-05
3.8857020906184794e-05
2.3552399580322037e-05
1.4240414043718155e-05
8.536184692243027e-06
4.669493909029069e-06
2.7585374431471037e-06
2.4021671070193325e-06
2.3439392066089975e-06
2.495075911942513e-06
2.552513353420346e-06
2.7550066196589275e-06
3.918070554768376e-06
0.0004
0.0004
0.0004
0.0004
0.0004
0.0004
0.0004
0.0004
0.0004
0.0004
0.0004
0.0004
0.0004
0.0004
0.0004
0.0004
0.0004
0.0004
0.0004
0.0004
0.0004
0.0004
0.0004
0.0004
0.0004
0.0004
0.0004
0.0004
0.0004
0.0004
0.0004
0.0004
0.0004
0.0004
0.0004
0.0004
0.0004
0.0004
0.0004
0.0004
0.0004
0.0004
0.0004
0.0004
0.0004
0.0004
0.0004
0.0004
0.0004
0.0004
0.0004
0.0004
0.0004
0.0004
0.0004
0.0004
0.0004
0.0004
0.0004
0.0004
8.60451419224123e-09
1.578021977514803e-08
2.1892415260555535e-08
2.6925828092092847e-08
2.971401735545372e-08
3.191536891169426e-08
3.3615820560817765e-08
3.4746051764151937e-08
3.5661340336177934e-08
3.6398811651530586e-08
3.6864029565337865e-08
3.7202242046694526e-08
3.743385508154835e-08
3.7482031518220545e-08
3.74258526023047e-08
3.730742951458454e-08
3.7124070818281054e-08
3.694071212197757e-08
3.678655663276213e-08
3.670665185093012e-08
3.662674706909812e-08
3.66023509716688e-08
3.6690996875910616e-08
3.6779642780152424e-08
3.6903178538193995e-08
3.7084523814632495e-08
3.726586909107099e-08
3.747683636083778e-08
3.7728139961945275e-08
3.797944356305276e-08
3.8298642947284706e-08
3.8694261202309925e-08
3.9089879457335157e-08
3.957872216284235e-08
4.015447818582019e-08
4.073023420879802e-08
4.1342697689445876e-08
4.198347277308391e-08
4.262424785672194e-08
4.3230986919605434e-08
4.381611227372829e-08
4.440123762785115e-08
4.5133689117812545e-08
4.594249047452311e-08
4.6751291831233675e-08
4.796747172172955e-08
4.949951687407961e-08
5.152241095280844e-08
5.3986620437539895e-08
5.680107822856821e-08
6.015331959489829e-08
6.559586769304933e-08
7.569057461390363e-08
9.442662951156912e-08
2.539995051245074e-07
4.925296956825388e-07
1.3900175836980765e-06
3.720822161311321e-06
7.931814761427643e-06
2.7860567514510038e-06
0.0
0.0
0.0
0.0
0.0
0.0
0.0
0.0
0.0
0.0
0.0
0.0
0.0
0.0
0.0
0.0
0.0
0.0
0.0
0.0
0.0
0.0
0.0
0.0
0.0
0.0
0.0
0.0
0.0
0.0
0.0
0.0
0.0
0.0
0.0
0.0
0.0
0.0
0.0
0.0
0.0
0.0
0.0
0.0
0.0
0.0
0.0
0.0
0.0
0.0
0.0
0.0
0.0
0.0
0.0
0.0
0.0
0.0
0.0
0.0
0.0
0.0
0.0
0.0
0.0
0.0
0.0
0.0
0.0
0.0
0.0
0.0
0.0
0.0
0.0
0.0
0.0
0.0
0.0
0.0
0.0
0.0
0.0
0.0
0.0
0.0
0.0
0.0
0.0
0.0
0.0
0.0
0.0
0.0
0.0
0.0
0.0
0.0
0.0
0.0
0.0
0.0
0.0
0.0
0.0
0.0
0.0
0.0
0.0
0.0
0.0
0.0
0.0
0.0
0.0
0.0
0.0
0.0
0.0
0.0
0.0
0.0
0.0
0.0
0.0
0.0
0.0
0.0
0.0
0.0
0.0
0.0
0.0
0.0
0.0
0.0
0.0
0.0
0.0
0.0
0.0
0.0
0.0
0.0
0.0
0.0
0.0
0.0
0.0
0.0
0.0
0.0
0.0
0.0
0.0
0.0
0.0
0.0
0.0
0.0
0.0
0.0
0.0
0.0
0.0
0.0
0.0
0.0
0.0
0.0
0.0
0.0
0.0
0.0
0.0
0.0
0.0
0.0
0.0
0.0
0.0
0.0
0.0
0.0
0.0
0.0
0.0
0.0
0.0
0.0
0.0
0.0
0.0
0.0
0.0
0.0
0.0
0.0
0.0
0.0
0.0
0.0
0.0
0.0
0.0
0.0
0.0
0.0
0.0
0.0
0.0
0.0
0.0
0.0
0.0
0.0
0.0
0.0
0.0
0.0
0.0
0.0
0.0
0.0
0.0
0.0
0.0
0.0
0.0
0.0
0.0
0.0
0.0
0.0
0.0
0.0
0.0
0.0
0.0
0.0
0.0
0.0
0.0
0.0
0.0
0.0
0.0
0.0
0.0
0.0
0.0
0.0
0.0
0.0
0.0
0.0
0.0
0.0
0.0
0.0
0.0
0.0
0.0
0.0
0.0
0.0
0.0
0.0
0.0
0.0
0.0
0.0
0.0
0.0
0.0
0.0
0.0
0.0
0.0
0.0
0.0
0.0
0.0
0.0
0.0
0.0
0.0
0.0
0.0
0.0
0.0
0.0
0.0
0.0
0.0
0.0
0.0
0.0
0.0
0.0
2
2
1
287.8465405156871
-0.009846674104409203
0.0
0.0
48.0
6.7
1.0
2.0
3.0
4.0
5.0
6.0
7.0
8.0
9.0
10.0
11.0
12.0
13.0
14.0
15.0
16.0
17.0
18.0
19.0
20.0
21.0
22.0
23.0
24.0
25.0
26.0
27.0
28.0
29.0
30.0
31.0
32.0
33.0
34.0
35.0
36.0
37.0
38.0
39.0
40.0
41.0
42.0
43.0
44.0
45.0
46.0
47.0
48.0
49.0
50.0
51.0
52.0
53.0
54.0
55.0
56.0
57.0
58.0
59.0
60.0
0.0982309635640605
0.0982309635640605
0.0982309635640605
0.09472516958587038
0.08840917076151289
0.08199763818655723
0.0735679232891663
0.06021256361136713
0.046644754343905664
0.03410260567685326
0.027436040236456176
0.0206571152448378
0.014658811967222421
0.012048361107875025
0.00939110514323702
0.00794073447226424
0.008484802757218479
0.009039307495745963
0.00969309589643392
0.01143732260086649
0.012228235555167454
0.01303590623662541
0.013861166094845643
0.018187722821164272
0.023865502029945442
0.02698010534346189
0.03239366131516199
0.03591625998701443
0.0338973708329517
0.03182406782598368
0.02969295580810074
0.02750028085796825
0.02524193357439565
0.022913374486388922
0.02050944352354183
0.019958040014653858
0.020387683844573977
0.020833131002989988
0.0212957369096574
0.021777047060631757
0.02227886445764252
0.024207111283407624
0.027153809878023738
0.030250156913570695
0.03351455059645565
0.03696916137505402
0.034410316290475695
0.03055032833470086
0.026379956969404185
0.021617915225800942
0.015543319704286056
0.008602122762672193
0.0039295689964310805
0.0011915084587638186
0.0003654400079249829
0.0003654400079249829
0.0003654400079249829
0.0003654400079249829
0.0003654400079249829
0.0003654400079249829
1.8345569870481322
1.8345569870481322
1.8345569870481322
1.6804971800163229
1.4029447721603456
1.12119419656441
0.8579273004804271
0.6475292351845907
0.433784275180097
0.24577815469333983
0.19727547452570193
0.14795532103909798
0.10456536325913601
0.08680452912714752
0.068725245134814
0.05952258195411096
0.06497322588785345
0.07052842543333057
0.07617405265871356
0.08192538509829053
0.08779543654526409
0.09378986162907213
0.09991483125882925
0.12339998722380088
0.1536153062127735
0.18454817188343264
0.21623830036293698
0.2359537023240784
0.22069115351300908
0.20501724279814534
0.18890630321072893
0.17232995557625835
0.15525713333710256
0.13765351866185258
0.11948010206537382
0.11666368880641136
0.1220110039912112
0.1275550062282891
0.13331256497121502
0.13930291534906641
0.14554849738740563
0.16160707264430643
0.18472221078763457
0.2090112539891082
0.23461852548676326
0.26171793956482053
0.23892005440796937
0.205236832810407
0.16884512784892897
0.12922472847185879
0.0868787263864029
0.038491646271505
0.011199130301591689
0.0028876160751974333
0.00038004563010714633
0.00038004563010714633
0.00038004563010714633
0.00038004563010714633
0.00038004563010714633
0.00038004563010714633
0.5
0.5
0.5
0.5
0.5
0.5
0.5
0.5
0.5
0.5
0.5
0.5
0.5
0.5
0.5
0.5
0.5
0.5
0.5
0.5
0.5
0.5
0.5
0.5
0.5
0.5
0.5
0.5
0.5
0.5
0.5
0.5
0.5
0.5
0.5
0.5
0.5
0.5
0.5
0.5
0.5
0.5
0.5
0.5
0.5
0.5
0.5
0.5
0.5
0.5
0.5
0.5
0.5
0.5
0.5
0.5
0.5
0.5
0.5
0.5
0.0
