9.81
6.022e+23
0
0
0
3
0
1
276.7167620007463
2
2
0
0
1
1
0
1
60
7
1000.0
1.0


3
3.0
0
77.072922555375
0
5.783625987995279
150.0
1000.0
287.04
9.81
79000.0
40.0
20000.0
0.0
0.0
0.0
0.0
0.0280134
0.04401
0.0319988
0.039948
0.01604
0.01801528
0.048
99000.0
2.1153802199668344e+29
0.8
1e-06
1000000.0
0.6
3.0
0.0001
5000
48
5.5616028875651065
0
2
6.0
1.0
1.0
0.0
1
1
0.0001
1000000000000.0
1
259.9824565703408
259.2696972072682
258.51268102122174
257.7313139740392
256.93781921650657
256.1333287622749
255.31987482417867
254.50036510891493
253.67075763314224
252.82993490412042
251.97595008566262
251.10787700898433
250.2251029275291
249.32472294972052
248.4064573795787
247.46997187326863
246.51211303772592
245.53470307635644
244.53680288535605
243.51624239331426
242.47414157326503
241.40932013363073
240.31991131122396
239.20609149534232
238.06604046272906
236.89790690658248
235.69977370900423
234.47117219340655
233.20933206469408
231.9138783552122
230.58229193468753
229.21211272942062
227.80062554632002
226.3455983493956
224.844693701745
223.29504294388477
221.6960320582062
220.0455325413455
218.3501473033206
216.90863654333646
216.71915954623228
220.07490800668913
217.4060712625576
215.18753565004783
212.8375125003446
210.3630924693251
207.75988014394497
205.01971304734724
202.076462623323
205.95218760376767
209.33335115599928
210.18191713598617
211.1472895541234
212.20538414449956
213.87967528106302
215.55085665559605
217.92078085720294
221.2919581731297
225.52276131026935
235.32296917529214
276.23209219423927
275.47217405129715
274.6673154518277
273.8374001294924
272.99462786911624
272.1401061003365
271.27584114637637
270.4047134230943
269.5226521504457
268.62850941843686
267.7203062271515
266.7970823590791
265.858188981271
264.90068290949245
263.92424376225694
262.92849391044433
261.9102338459061
260.8712365708713
259.8105104079904
258.7258290193389
257.6182520584532
256.48653445583983
255.3287397540213
254.14496921271487
252.93332145384238
251.6918573174749
250.4185643635418
249.11287023818352
247.77189159107058
246.3951298353385
244.97993027587628
243.52368371089264
242.02351035191106
240.47699584626133
238.88160003437451
237.23422790928748
235.5340115943264
233.77853648590295
231.97408134926437
230.41903700723273
230.1111393771612
233.3430905287453
230.54451072867897
228.18961803392227
225.69583168686418
223.0692931929182
220.30445828848298
217.39134547358577
214.31779128489228
211.0320081876195
209.33335115599928
210.18191713598617
211.1472895541234
212.20538414449956
213.87967528106302
215.55085665559605
217.92078085720294
221.2919581731297
225.52276131026935
235.32296917529214
991.675
975.0250000000001
958.375
941.7249999999999
925.075
908.425
891.7750000000001
875.125
858.4749999999999
841.825
825.175
808.5250000000001
791.875
775.225
758.575
741.925
725.2750000000001
708.625
691.975
675.325
658.675
642.0250000000001
625.375
608.725
592.075
575.425
558.7750000000001
542.125
525.4750000000001
508.82500000000005
492.17500000000007
475.52500000000003
458.87500000000006
442.2250000000001
425.57500000000005
408.925
392.27500000000003
375.62500000000006
358.9750000000001
342.32500000000005
325.675
309.02500000000003
292.37500000000006
275.7250000000001
259.0750000000001
242.42500000000007
225.77500000000003
209.12500000000006
192.47500000000008
175.8250000000001
159.17500000000007
142.52500000000003
125.87500000000006
109.22500000000008
92.5750000000001
75.92500000000013
59.27500000000009
42.62500000000006
25.97500000000008
9.325000000000045
991.675
975.0250000000001
958.375
941.7249999999999
925.075
908.425
891.7750000000001
875.125
858.4749999999999
841.825
825.175
808.5250000000001
791.875
775.225
758.575
741.925
725.2750000000001
708.625
691.975
675.325
658.675
642.0250000000001
625.375
608.725
592.075
575.425
558.7750000000001
542.125
525.4750000000001
508.82500000000005
492.17500000000007
475.52500000000003
458.87500000000006
442.2250000000001
425.57500000000005
408.925
392.27500000000003
375.62500000000006
358.9750000000001
342.32500000000005
325.675
309.02500000000003
292.37500000000006
275.7250000000001
259.0750000000001
242.42500000000007
225.77500000000003
209.12500000000006
192.47500000000008
175.8250000000001
159.17500000000007
142.52500000000003
125.87500000000006
109.22500000000008
92.5750000000001
75.92500000000013
59.27500000000009
42.62500000000006
25.97500000000008
9.325000000000045
64.77294826908525
195.25174558176815
327.6230337575156
461.9448511072702
598.2819229010854
736.703426253576
877.2838156256867
1020.1015004033202
1165.2380276868048
1312.778935182935
1462.814139219679
1615.4387035348927
1770.7526532957133
1928.8615283114668
2089.8776987033375
2253.920020616174
2421.1152016948704
2591.5992884538073
2765.5171595496336
2943.024180499274
3124.2876239166126
3309.4867809243497
3498.8148087446457
3692.4802678402366
3890.7080454885167
4093.7412327596403
4301.843951679481
4515.303567243578
4734.433762051272
4959.578130750198
5191.113269722094
5429.453383406048
5675.055982705946
5928.428750087989
6190.137185633808
6460.815321058026
6741.178055757195
7032.040793615697
7334.552420311784
7650.993941188681
7986.563353699329
8341.16688032174
8712.4035608562
9102.626096036802
9514.114545534247
9949.640131648033
10412.599726387212
10907.147104204141
11448.214672632308
12053.88936882186
12733.457858936095
13501.283922166993
14383.14028199908
15419.164887527586
16673.48643354547
18260.57422847466
20420.730223750055
23800.25961534951
32062.312775403017
56560.69457252452
68.82078805095091
207.45342863902675
348.0967616396439
490.8126686579788
635.6699149834343
782.7419283536826
932.1076395929608
1083.850176725418
1238.0560658564286
1394.81610389414
1554.2257683368798
1716.3860100123884
1881.4030934940522
2049.3891794651086
2220.4636726486633
2394.7529132982054
2572.3915824449327
2753.5242335808016
2938.304835429094
3126.8984820946416
3319.482875547887
3516.248507137139
3717.4005843606456
3923.160657729357
4133.767646344569
4349.479831250239
4570.577815858222
4797.366891162732
5030.180287229416
5269.382972703836
5515.374983387544
5768.5963082520575
6029.532917058287
6298.724015175271
6576.770153821593
6864.3445006242155
7162.205847697804
7471.219066202986
7792.5890870691055
8128.660781522776
8484.705387108319
8860.713705314694
9254.383208477055
9668.182144090524
10104.527525494226
10566.354684918982
11057.259132833413
11581.709156267198
12145.30649493634
12758.018804489158
13437.587294603394
14205.413357834292
15087.269717666379
16123.294323194885
17377.615869212772
18964.703664141958
21124.859659417358
24504.38905101681
32766.442211070316
56560.69457252452
3.521179111399233e+23
3.521179111399233e+23
3.521179111399257e+23
3.521179111399233e+23
3.521179111399233e+23
3.521179111399233e+23
3.521179111399233e+23
3.521179111399257e+23
3.521179111399233e+23
3.521179111399233e+23
3.521179111399233e+23
3.521179111399233e+23
3.521179111399257e+23
3.5211791113992086e+23
3.521179111399257e+23
3.521179111399233e+23
3.521179111399233e+23
3.521179111399257e+23
3.5211791113992086e+23
3.521179111399257e+23
3.521179111399233e+23
3.521179111399233e+23
3.521179111399257e+23
3.5211791113992086e+23
3.521179111399257e+23
3.521179111399233e+23
3.521179111399233e+23
3.521179111399233e+23
3.521179111399233e+23
3.521179111399244e+23
3.521179111399244e+23
3.521179111399233e+23
3.521179111399233e+23
3.521179111399233e+23
3.521179111399257e+23
3.521179111399233e+23
3.521179111399233e+23
3.521179111399233e+23
3.521179111399233e+23
3.521179111399257e+23
3.521179111399233e+23
3.521179111399233e+23
3.521179111399233e+23
3.521179111399233e+23
3.521179111399233e+23
3.521179111399257e+23
3.521179111399233e+23
3.521179111399233e+23
3.521179111399233e+23
3.521179111399233e+23
3.521179111399257e+23
3.521179111399233e+23
3.521179111399233e+23
3.521179111399233e+23
3.521179111399233e+23
3.521179111399233e+23
3.521179111399257e+23
3.521179111399233e+23
3.521179111399233e+23
3.521179111399257e+23
3.521179111399233e+23
3.521179111399233e+23
3.521179111399257e+23
3.521179111399233e+23
3.521179111399233e+23
3.521179111399233e+23
3.521179111399233e+23
3.521179111399257e+23
3.521179111399233e+23
3.521179111399233e+23
3.521179111399233e+23
3.521179111399233e+23
3.521179111399257e+23
3.5211791113992086e+23
3.521179111399257e+23
3.521179111399233e+23
3.521179111399233e+23
3.521179111399257e+23
3.5211791113992086e+23
3.521179111399257e+23
3.521179111399233e+23
3.521179111399233e+23
3.521179111399257e+23
3.5211791113992086e+23
3.521179111399257e+23
3.521179111399233e+23
3.521179111399233e+23
3.521179111399233e+23
3.521179111399233e+23
3.521179111399244e+23
3.521179111399244e+23
3.521179111399233e+23
3.521179111399233e+23
3.521179111399233e+23
3.521179111399257e+23
3.521179111399233e+23
3.521179111399233e+23
3.521179111399233e+23
3.521179111399233e+23
3.521179111399257e+23
3.521179111399233e+23
3.521179111399233e+23
3.521179111399233e+23
3.521179111399233e+23
3.521179111399233e+23
3.521179111399257e+23
3.521179111399233e+23
3.521179111399233e+23
3.521179111399233e+23
3.521179111399233e+23
3.521179111399257e+23
3.521179111399233e+23
3.521179111399233e+23
3.521179111399233e+23
3.521179111399233e+23
3.521179111399233e+23
3.521179111399257e+23
3.521179111399233e+23
3.521179111399233e+23
3.521179111399257e+23
-2.0093257367256157
-1.8554134768472463
-1.801043359647208
-1.7849783264196017
-1.769167015522039
-1.7505543729877582
-1.7233217584231322
-1.6777514575039358
-1.6247838451803214
-1.5621532773638216
-1.4974871325349293
-1.432608830145298
-1.365515608718608
-1.3054580897600196
-1.2512875071293146
-1.1991019448191842
-1.1591062267701127
-1.126623009945296
-1.0911697982338815
-1.0600550569551948
-1.0288975347301068
-0.9979070540502866
-0.9698335243278654
-0.9401949703231016
-0.9102405873277865
-0.8795057756059852
-0.8474990864436823
-0.8140515883171606
-0.7803562718646507
-0.7433119039669993
-0.7035687848488553
-0.6588861732968626
-0.6096747586388718
-0.5543738274836687
-0.4904544779377263
-0.41434952751308896
-0.3190762734199297
-0.19264651042565084
0.0041123832115601555
0.25172325977444954
0.28741220461056116
3.4167225861882584
-1.7174627794084472
-1.5224306006949417
-1.3084744277053146
-1.023261609655769
-0.6458812747174304
-0.13095314078292522
0.6925908740016925
0.0035440269807753486
-0.44823128850990174
-0.2820371665412562
-0.2235396746940207
-0.20151761789549982
-0.19763523666218774
-0.18449812979262203
-0.16715870824798695
-0.1257034691758216
-0.040982021909985074
0.023905136521079
-2.0255506614723315
-1.8308019587040714
-1.813828193433968
-1.8673548401789433
-1.9245590960819368
-1.9757412153662761
-2.0062167857135593
-1.9977215544449534
-1.9690382738506222
-1.927617186932493
-1.8777089723101639
-1.8206233719834537
-1.7586481779321024
-1.7016343929589708
-1.6476488027660958
-1.597653885943503
-1.5615961073094482
-1.522432466695589
-1.4914877818579733
-1.472038822335813
-1.451089197905503
-1.4296228291178088
-1.4111249885217592
-1.3885791742308426
-1.3650510080633957
-1.3447163726301714
-1.3313093939078753
-1.3150644383740309
-1.3027478210427281
-1.2840387181005652
-1.2611260400123523
-1.2367871717889762
-1.2111868860356823
-1.1800233512039964
-1.1380565490181473
-1.0822074603007155
-0.9901490335501234
-0.8523286911715964
-0.5976327515488524
-0.25170392599133595
-0.2873939234831846
-3.4167073777147254
-2.6260311314459286
-2.501670140619914
-2.4669411188519184
-2.381716319069287
-2.1399435526207577
-1.6549570451885378
-0.9293710340556105
-0.0033164271654823304
0.44853794299125055
0.2823651929884872
0.22386397272018443
0.20180245591775534
0.19788928955002622
0.18470020609518803
0.16728067868516996
0.12582782842311768
0.041024141004243085
-0.023872669018308153
-1.7084545956672343
-1.5595518272365751
-1.5101912099460861
-1.4991356791314416
-1.4883338720354118
-1.4747307342753118
-1.4525076238005568
-1.4119468263221222
-1.363988715956694
-1.3063676486413982
-1.2467110035335196
-1.1868421979464756
-1.1247584759664022
-1.069710454085822
-1.0205493570823876
-0.9733733021658821
-0.9383870740619216
-0.9109133453110019
-0.880469619942275
-0.8543643489007025
-0.8282162361894194
-0.8022349644257076
-0.7791725269134702
-0.7545422311476102
-0.7295974729380106
-0.703872181417907
-0.6768749929741062
-0.6484369940860972
-0.6197511750828681
-0.58771630569953
-0.5529826811744698
-0.5133095654986164
-0.46910764431049756
-0.41881620518500995
-0.35990634358319085
-0.28881087705991604
-0.19854709649078472
-0.0771267760943033
0.11462280161521221
0.35722342013940533
0.38790307851039074
3.512203185843788
-1.6269902570492718
-1.4369674222183164
-1.2280206029012959
-0.9478171510424147
-0.575446203398684
-0.06552725882471577
0.7530086034083183
0.0589475079686963
-0.39783841968500155
-0.23665379054392588
-0.18316564641449418
-0.1661524662529814
-0.16727963517908506
-0.15915160623643487
-0.14682007175247236
-0.11037571816950731
-0.030661833341383726
0.02921532408316807
-2.0299759641553266
-1.835153561919583
-1.8181061108160037
-1.8715590747778919
-1.9286896495433297
-1.9797980886552722
-2.0101999778299984
-2.0016310641751147
-1.972874099134799
-1.9313793256185932
-1.881397422651304
-1.8242381339533154
-1.7621892501215939
-1.705101773860065
-1.6510424757043154
-1.6009738836315819
-1.564842403525148
-1.5256050585407763
-1.4945866668204246
-1.475063976368176
-1.4540405510520031
-1.4325000036062079
-1.4139308777558028
-1.391309512798216
-1.3677078445529673
-1.3472995573189905
-1.3338188926315127
-1.3175002495663932
-1.305109939373608
-1.2863271671228063
-1.2633407760363866
-1.2389282160487198
-1.213254234995162
-1.1820170010876438
-1.1399764950162705
-1.0840536952622983
-0.9919215407257127
-0.8540274218148056
-0.5992574939412805
-0.25325625472052593
-0.2888721915271901
-3.4181117264128034
-2.627361504619387
-2.50292667935409
-2.468123747321499
-2.382824933094838
-2.1409779885762816
-1.6559172514702993
-0.9302560661633947
-0.004134348565514756
0.4477954585632915
0.28169407367201416
0.22326711789969522
0.20128005381931757
0.19744055792500603
0.1843255777471029
0.16698132601936777
0.1256007648874231
0.04087267328387156
-0.023950964040579947
-0.30087114579593904
-0.2958616412184367
-0.2908521366409343
-0.28584263206343186
-0.28083312748592953
-0.2758236229084271
-0.2708141183309248
-0.2658046137534224
-0.26079510917591997
-0.2557856045984176
-0.2507761000209152
-0.24576659544341284
-0.24075709086591043
-0.23574758628840803
-0.2307380817109057
-0.22572857713340327
-0.2207190725559009
-0.21570956797839852
-0.21070006340089611
-0.20569055882339377
-0.20068105424589136
-0.19567154966838896
-0.1906620450908866
-0.18565254051338417
-0.18064303593588182
-0.17563353135837942
-0.17062402678087707
-0.16561452220337464
-0.1606050176258723
-0.1555955130483699
-0.15058600847086753
-0.1455765038933651
-0.14056699931586275
-0.13555749473836037
-0.130547990160858
-0.12553848558335556
-0.12052898100585319
-0.11551947642835082
-0.11050997185084843
-0.10550046727334604
-0.10049096269584365
-0.09548145811834126
-0.09047195354083888
-0.0854624489633365
-0.08045294438583413
-0.07544343980833175
-0.07043393523082934
-0.06542443065332695
-0.06041492607582458
-0.055405421498322206
-0.05039591692081983
-0.04538641234331741
-0.04037690776581503
-0.035367403188312656
-0.03035789861081028
-0.0253483940333079
-0.02033888945580552
-0.015329384878303107
-0.01031988030080073
-0.005310375723298352
0.0044252802987813315
0.004351599381806622
0.004277918464831913
0.004204237547857204
0.004130556630882494
0.004056875713907785
0.003983194796933076
0.003909513879958367
0.003835832962983657
0.0037621520460089488
0.0036884711290342395
0.0036147902120595306
0.003541109295084821
0.003467428378110112
0.003393747461135403
0.0033200665441606935
0.003246385627185984
0.003172704710211276
0.0030990237932365656
0.0030253428762618572
0.0029516619592871484
0.0028779810423124387
0.00280430012533773
0.00273061920836302
0.0026569382913883117
0.002583257374413602
0.002509576457438893
0.0024358955404641834
0.002362214623489475
0.0022885337065147657
0.0022148527895400564
0.0021411718725653467
0.0020674909555906383
0.001993810038615929
0.00192012912164122
0.0018464482046665104
0.0017727672876918013
0.0016990863707170923
0.0016254054537423832
0.001551724536767674
0.0014780436197929646
0.0014043627028182553
0.0013306817858435465
0.0012570008688688376
0.0011833199518941284
0.0011096390349194195
0.0010359581179447098
0.0009622772009700006
0.0008885962839952915
0.0008149153670205825
0.0007412344500458735
0.0006675535330711638
0.0005938726160964548
0.0005201916991217458
0.0004465107821470367
0.0003728298651723277
0.00029914894819761857
0.00022546803122290901
0.00015178711424819995
7.810619727349088e-05
-16.649999999999977
-16.649999999999977
-16.65000000000009
-16.649999999999977
-16.649999999999977
-16.649999999999977
-16.649999999999977
-16.65000000000009
-16.649999999999977
-16.649999999999977
-16.649999999999977
-16.649999999999977
-16.65000000000009
-16.649999999999864
-16.65000000000009
-16.649999999999977
-16.649999999999977
-16.65000000000009
-16.649999999999864
-16.65000000000009
-16.649999999999977
-16.649999999999977
-16.65000000000009
-16.649999999999864
-16.65000000000009
-16.649999999999977
-16.649999999999977
-16.649999999999977
-16.649999999999977
-16.650000000000034
-16.650000000000034
-16.649999999999977
-16.649999999999977
-16.649999999999977
-16.65000000000009
-16.649999999999977
-16.649999999999977
-16.649999999999977
-16.649999999999977
-16.65000000000009
-16.649999999999977
-16.649999999999977
-16.649999999999977
-16.649999999999977
-16.649999999999977
-16.65000000000009
-16.649999999999977
-16.649999999999977
-16.649999999999977
-16.649999999999977
-16.65000000000009
-16.649999999999977
-16.649999999999977
-16.649999999999977
-16.649999999999977
-16.649999999999977
-16.65000000000009
-16.649999999999977
-16.649999999999977
-16.65000000000009
-16.649999999999977
-16.649999999999977
-16.65000000000009
-16.649999999999977
-16.649999999999977
-16.649999999999977
-16.649999999999977
-16.65000000000009
-16.649999999999977
-16.649999999999977
-16.649999999999977
-16.649999999999977
-16.65000000000009
-16.649999999999864
-16.65000000000009
-16.649999999999977
-16.649999999999977
-16.65000000000009
-16.649999999999864
-16.65000000000009
-16.649999999999977
-16.649999999999977
-16.65000000000009
-16.649999999999864
-16.65000000000009
-16.649999999999977
-16.649999999999977
-16.649999999999977
-16.649999999999977
-16.650000000000034
-16.650000000000034
-16.649999999999977
-16.649999999999977
-16.649999999999977
-16.65000000000009
-16.649999999999977
-16.649999999999977
-16.649999999999977
-16.649999999999977
-16.65000000000009
-16.649999999999977
-16.649999999999977
-16.649999999999977
-16.649999999999977
-16.649999999999977
-16.65000000000009
-16.649999999999977
-16.649999999999977
-16.649999999999977
-16.649999999999977
-16.65000000000009
-16.649999999999977
-16.649999999999977
-16.649999999999977
-16.649999999999977
-16.649999999999977
-16.65000000000009
-16.649999999999977
-16.649999999999977
-16.65000000000009
260.46712637684783
259.71788136299153
258.95784525080785
258.1867093182762
257.40411094365027
256.6096640551684
255.80295453547657
254.98353526841836
254.1509463890261
253.3047044864101
252.44430353525206
251.56920947604792
250.6788567420922
249.77491290003206
248.86559012204998
247.93821458124637
246.99104240822413
246.02340800458026
245.03575292248735
244.02652257221905
242.9951918970654
241.9417307077275
240.8646157723291
239.76300150853587
238.63606591672573
237.4819736444536
236.2988402711039
235.08547291454587
233.840252091755
232.5616051730313
231.24808510698307
229.8972022915085
228.50636909572862
227.07311190344737
225.59514597805344
224.0698682710136
222.49553744272436
220.87078222870053
219.19783981812077
217.6293907465115
216.8138958473969
218.39703182340932
218.7404878028964
216.54146964733732
214.22668541175253
211.7816790667907
209.18885121518338
206.42650877974017
203.54808564177733
204.01431061391804
207.64273784172713
209.75759667621372
210.66456491008663
211.67630088027542
213.04249788254083
214.7152390617085
216.7357995393092
219.60635493993792
223.40734989779435
230.42286074715685
240.2230698927807
276.7167620007463
275.92069460417474
275.1131633149671
274.29383773261344
273.462332457504
272.61823746381873
271.76111342023404
270.89048664534096
270.0058692577468
269.10674826958086
268.1925863979987
267.26281651356356
266.3276356335031
265.37943590678896
264.41246329327504
263.4263687911734
262.4193638309021
261.3907351559278
260.340873431062
259.2681696465486
258.1720404526718
257.0523931114261
255.9076371548323
254.73685458862076
253.53914527096862
252.31258934545644
251.05521080381885
249.76571726420315
248.44238087733174
247.08351067628269
245.6875300176406
244.25180695283888
242.77359698926014
241.25025305467574
239.67929789280106
238.05791392002973
236.38411969348581
234.65627396903935
232.8763088133714
231.19655800143153
230.2650859948095
231.72711299990186
231.9437987969852
229.61191134955638
227.1572822413475
224.56459437430004
221.8152111189254
218.8861789291393
215.85456618568128
212.6748852366286
210.18264813365303
209.75759667621372
210.66456491008663
211.67630088027542
213.04249788254083
214.7152390617085
216.7357995393092
219.60635493993792
223.40734989779435
230.42286074715685
240.2230698927807
1000.0
983.35
966.7
950.05
933.4
916.75
900.1
883.45
866.8
850.15
833.5
816.85
800.2
783.55
766.9000000000001
750.25
733.6
716.95
700.3
683.6500000000001
667.0
650.35
633.7
617.05
600.4000000000001
583.75
567.1
550.45
533.8000000000001
517.1500000000001
500.50000000000006
483.85
467.20000000000005
450.55000000000007
433.9000000000001
417.25
400.6
383.95000000000005
367.30000000000007
350.6500000000001
334.0
317.35
300.70000000000005
284.05000000000007
267.4000000000001
250.7500000000001
234.10000000000002
217.45000000000005
200.80000000000007
184.1500000000001
167.5000000000001
150.85000000000002
134.20000000000005
117.55000000000007
100.90000000000009
84.25000000000011
67.60000000000014
50.950000000000045
34.30000000000007
17.65000000000009
1.0
1000.0
983.35
966.7
950.05
933.4
916.75
900.1
883.45
866.8
850.15
833.5
816.85
800.2
783.55
766.9000000000001
750.25
733.6
716.95
700.3
683.6500000000001
667.0
650.35
633.7
617.05
600.4000000000001
583.75
567.1
550.45
533.8000000000001
517.1500000000001
500.50000000000006
483.85
467.20000000000005
450.55000000000007
433.9000000000001
417.25
400.6
383.95000000000005
367.30000000000007
350.6500000000001
334.0
317.35
300.70000000000005
284.05000000000007
267.4000000000001
250.7500000000001
234.10000000000002
217.45000000000005
200.80000000000007
184.1500000000001
167.5000000000001
150.85000000000002
134.20000000000005
117.55000000000007
100.90000000000009
84.25000000000011
67.60000000000014
50.950000000000045
34.30000000000007
17.65000000000009
1.0
0.0
129.5458965381705
260.9575946253658
394.2884728896654
529.601229324875
666.9626164772959
806.4442360298563
948.123395221517
1092.0796055851235
1238.396449788486
1387.1614205773838
1538.466857861974
1692.4105492078118
1849.094757383615
2008.628299239319
2171.127098167356
2336.7129430649916
2505.517460324749
2677.681116582866
2853.3532025164013
3032.6951584821463
3215.880089351079
3403.0934724976205
3594.536144991671
3790.4243906888028
3990.9917002882307
4196.49076523105
4407.197138127912
4623.409996359243
4845.457527743302
5073.698733757094
5308.527805687094
5550.378961125001
5799.733004286892
6057.124495889086
6323.14987537853
6598.480766737523
6883.875344776867
7180.206242454528
7488.898598169038
7813.089284208323
8160.037423190335
8522.296337453143
8902.510784259257
9302.741407814348
9725.487683254145
10173.792580041923
10651.406872732501
11162.88733567578
11733.542009588835
12374.236728054884
13092.678989817307
13909.888854516681
14856.391709481477
15981.938065573697
17365.034801517246
19156.113655432073
21685.34679206804
25915.17243863098
38209.453112175055
50503.73378571921
0.0
137.64157610190182
277.2652811761517
418.9282421031361
562.6970952128215
708.6427347540471
856.8411219533183
1007.3741572326035
1160.3261962182323
1315.785935494625
1473.8462722936551
1634.6052643801045
1798.166755644672
1964.6394313434323
2134.1389275867846
2306.7884177105416
2482.7174088858696
2662.065756003996
2844.982711157608
3031.6269597005808
3222.170004488703
3416.795746607071
3615.7012676672066
3819.0999010540845
4027.221414404629
4240.313878284509
4458.645784215968
4682.509847500476
4912.223934824987
5148.136639633845
5390.629305773825
5640.120661001262
5897.071955502854
6161.993878613721
6435.454151736822
6718.086155906366
7010.602845342065
7313.808850053542
7628.629282352429
7956.548891785781
8300.772671259772
8668.638102956864
9052.789307672527
9455.977109281583
9880.387178899466
10328.667872088987
10804.041497748978
11310.476767917848
11852.941544616548
12437.671445256134
13078.366163722183
13796.808425484605
14614.01829018398
15560.521145148776
16686.067501240996
18069.164237184545
19860.24309109937
22389.47622773534
26619.30187429828
38913.58254784235
51207.863221386506
283.0789535552045
282.5236491570606
281.7300686073276
280.8143944486387
279.820353951428
278.7844732081714
277.72675791052035
276.66136498642607
275.6034947669347
274.55368572839177
273.5143198189382
272.48453432732026
271.4644331971247
270.45420834822363
269.4512551596629
268.4504280341561
267.4494011082059
266.447092391762
265.4509708872444
264.4583214820303
263.46577964955543
262.47717415941224
261.49235767135883
260.51046184967913
259.5338681924999
258.5628291886979
257.5972454094764
256.6392239403445
255.6899714545717
254.74943436976162
253.81973610278644
252.90114972268128
251.99383433246504
251.09962708892527
250.21990685781756
249.3559588647689
248.51035865566678
247.68470086212784
246.8811989740295
246.1246381435741
245.54020315463495
245.47278135690155
287.1748339649596
286.73950223042533
286.264006963399
285.76701794493636
285.2807976715352
284.8246779282579
284.4133842626855
284.28291805180163
284.98625679134784
285.77828454937753
286.3502362684417
286.9085570449438
287.4800836341543
288.0684360666286
288.6538881040941
289.2659859458431
289.895645942928
290.66536647324904
292.1978430746964
361.8938817914632
361.04858528454344
359.84993005399366
358.4834719868958
357.01267148089335
355.4933028804709
353.9528153681109
352.4108949868801
350.8885825266827
349.3850881545013
347.9016751211271
346.4361617150262
344.9950647750787
343.5711175361892
342.15153177874686
340.73619800388127
339.3230929763813
337.9052900939204
336.4900041297243
335.0746593401973
333.65556300320094
332.2394059486014
330.82856041704827
329.42211751030925
328.02511098362254
326.63716506099
325.2581671628339
323.88677870427193
322.52415872196633
321.1724588402166
319.83706781486615
318.5188683094432
317.21878922153417
315.9344708782457
314.6694687654952
313.4281095064882
312.21971165340665
311.0470563711305
309.9085574672149
308.8414535094733
308.0438948964482
308.04775977308753
308.79752864189777
307.87674683033435
306.8680749523238
305.83822417201736
304.8412012960714
303.90951875892705
303.08211049548447
302.3386702313025
301.7490532117894
301.53653722857723
301.6979569663911
301.9559089401348
302.26434121296126
302.59041777067097
302.93290849296505
303.32953104971205
303.81904513098135
304.61050163915945
306.2884613019651
260.991303620714
260.2177177279918
259.2016646681102
258.0600960828015
256.8370546094519
255.5687061254373
254.2750749573043
252.9704011504077
251.669956174629
250.3746325137401
249.0871166172011
247.806871055152
246.5342543356547
245.2696553052115
244.0106913120646
242.7523503906825
241.4923908104915
240.2298233477059
238.9721120861768
237.7165571639621
236.4598182061887
235.2056997107773
233.9540378775732
232.703951975423
231.457787630818
230.2157659879474
228.97775671291
227.7458244640309
226.5211336346703
225.3035847914886
224.0952417487808
222.8963231179522
221.7069286355891
220.5288230510261
219.3633175489344
218.2116212334822
217.0762140361106
215.9586111417736
214.8609327883932
213.8078393208717
212.9244764465049
212.5556654501016
176.1048036623602
175.278582347138
174.3767823703869
173.4291669594085
172.4738899385379
171.5344754445204
170.6287191278764
169.9957419504372
170.1921775903201
170.4749170864575
170.538586887934
170.5947434276337
170.6797364418555
170.8295994603255
171.0342337735676
171.3774178589268
171.9218797862138
172.812470499453
173.9319061107378
332.4711257153602
331.2100793109501
329.5907266528592
327.7986321277692
325.8971552024655
323.9411251359766
321.9577337225139
319.9665593116951
317.9885681436042
316.023402130484
314.0727128432302
312.1347567089725
310.2164022752556
308.3106659728424
306.4050837604215
304.4997151563368
302.5926466055645
300.6770880851843
298.760215250584
296.8394612978495
294.9111725270363
292.981969311515
291.0541708802847
289.1268248568482
287.2048818520037
285.2878962498009
283.3756914910179
281.4668487561743
279.5624495786673
277.6645672695753
275.7784912237155
273.9050219658637
272.0450056034653
270.19598715554
268.3614416352542
266.5456087545016
264.7577041096656
263.0004474820319
261.2721912472692
259.6100796436232
258.2123450206764
257.610954492883
257.7506223695974
256.2148763797742
254.5860188258494
252.9307200624209
251.3034226595106
249.7368820586202
248.2703798485319
246.883849389471
245.6472951725781
244.7843206167089
244.2934976405359
243.8999138674656
243.561873850288
243.262051805644
243.0041427899115
242.8528191118508
242.8823569774065
243.309383946996
244.3149173516172
22.08764993449054
22.30593142906884
22.52840393921742
22.75429836583719
22.98329934197608
23.21576708273411
23.45168295321604
23.69096383601835
23.9335385923057
24.17905321465165
24.42720320173709
24.6776632721683
24.93017886147003
25.18455304301215
25.4405638475983
25.69807764347362
25.9570102977144
26.21726904405613
26.4788588010676
26.74176431806823
27.00596144336677
27.27147444863495
27.53831979378561
27.80650987425613
28.07608056168191
28.34706320075049
28.61948869656639
28.89339947631357
29.1688378199014
29.44584957827304
29.72449435400563
30.0048266047291
30.28690569687595
30.57080403789916
30.85658930888317
31.14433763128671
31.43414461955619
31.72608972035425
32.02026618563631
32.3167988227024
32.61572670813004
32.91711590679994
111.0700303025994
111.4609198832873
111.8872245930121
112.3378509855279
112.8069077329973
113.2902024837375
113.7846651348091
114.2871761013644
114.7940792010277
115.30336746292
115.8116493805077
116.3138136173101
116.8003471922988
117.2388366063031
117.6196543305265
117.8885680869163
117.9737661567142
117.852895973796
118.2659369639586
29.42275607610301
29.83850597359333
30.25920340113446
30.68483985912655
31.11551627842784
31.55217774449425
31.99508164559698
32.444335675185
32.90001438307848
33.3616860240173
33.82896227789691
34.30140500605368
34.77866249982308
35.2604515633468
35.74644801832536
36.23648284754451
36.73044637081684
37.22820200873608
37.72978887914029
38.2351980423478
38.74439047616463
39.25743663708641
39.77438953676361
40.29529265346103
40.82022913161882
41.34926881118912
41.88247567181598
42.41992994809765
42.961709143299
43.50789157064133
44.05857659115065
44.61384634357948
45.17378361806887
45.73848372270565
46.30802713024098
46.88250075198665
47.46200754374101
48.04660888909858
48.63636621994572
49.2313738658501
49.83154987577178
50.43680528020449
51.04690627230037
51.66187045056019
52.28205612647442
52.90750410959647
53.53777863656081
54.17263670030684
54.81173064695257
55.4548208418315
56.10175803921124
56.75221661186834
57.40445932585517
58.05599507266916
58.70246736267327
59.32836596502694
59.92876570305357
60.47671193786121
60.93668815357484
61.30111769216342
61.97354395034793
334.22136094548057
331.9576019516695
329.6044695746998
327.1786042060648
324.68542802972274
322.1612134144307
319.6287673825043
317.1108668346095
314.64104978879595
312.22725203429627
309.8815184762013
307.6050219810499
305.3980786529079
303.2630953280405
301.19043168539395
299.1690552028047
297.19465497468855
295.2539591841828
293.3469243343542
291.473805309198
289.6268991278223
287.8100774014895
286.0230259490106
284.2619576004174
282.53082171209047
280.83018523535037
279.1607292747111
277.52583281260513
275.9281433327463
274.3678550728531
272.85044050017854
271.3788714388989
269.958246483184
268.59493159533395
267.296395159041
266.0725408224092
264.93812973624716
263.91392484621747
263.0332961820246
262.39135815318457
262.16414658438487
262.484627865162
307.6988836590636
305.6365616674801
303.7240989782355
301.99908935687154
300.565051932428
299.533485985752
299.05666506135475
299.67920745387926
300.441493701394
300.8356830397389
301.17098096825913
301.5461360983466
301.95151022130426
302.37258301859947
302.79888344982857
303.26416121982516
303.7834454987405
304.5225041957201
306.0841961212508
437.5978178917113
434.72254542063615
431.6887366281668
428.5041724502529
425.1618128694725
421.7137546195068
418.1934690184915
414.64134865943083
411.11740513505833
407.6410366637421
404.22624430474934
400.8793334759972
397.6139984020963
394.42786191308517
391.3031743817828
388.2367981312129
385.2227192200814
382.2400739340951
379.2991829113584
376.3892514550111
373.4950911416464
370.624893535995
367.7815480008356
364.9611742163406
362.1728581768558
359.4172044096705
356.69090695419527
353.9856996030019
351.3055793711297
348.64876955000636
346.0270513575332
343.4455110760738
340.906503772116
338.40893119383236
335.9619120799942
333.580576325971
331.2881247776271
329.1235479546252
327.1310216288949
325.46466017721207
324.41384530946647
324.1288379945785
321.4604951369759
317.9123518207931
314.4007532634285
310.9027787358005
307.5229309267598
304.45027040103923
301.96694488612627
300.29324855578096
299.69949718770215
299.93477666305336
300.37789047453936
300.85910956618255
301.3688218928286
301.8923390084632
302.4191553085043
302.98275919127076
303.59787403742746
304.4302032188894
306.0842119176545
175.3174050080501
172.3813663119283
169.3360466863232
166.1992882694284
162.9780687685619
159.7201031840786
156.4559975698386
153.2162861008667
150.0436082000612
146.9481620021219
143.9436150467513
141.0300426411729
138.2065486503596
135.4743452377713
132.8196373146049
130.2288024675465
127.6957304502915
125.2036608207564
122.7531482884182
120.3436327528421
117.9655212079687
115.623176091654
113.3161009264605
111.0396946263091
108.7983733106117
106.5926697195816
104.4228828587281
102.2924907931631
100.2039849813752
98.1573349704637
96.15850609694714
94.21041157159858
92.3180906026724
90.48817547264375
88.72825754279918
87.04845263513702
85.46401807012796
83.99608099045336
82.6780636905986
81.60505593586048
80.94923446707577
80.83426266551308
32.53442516401577
29.42568897414913
26.5037887111434
23.80583403300474
21.44217455204678
19.53512151073497
18.23467886543186
18.06594314370858
18.02362912916012
17.57586138849268
17.02341133147733
16.44920681685365
15.79947123180675
14.96223331503715
13.85914724578828
12.29427889920121
9.849236683924579
5.72184103838701
0.0
225.9233143143041
221.5717508035356
217.0085602708657
212.2443170288692
207.2752220587869
202.1807940884067
197.0119486790353
191.8266012621795
186.7060023604396
181.673965547479
176.7480173030234
171.9319028754929
167.2365848176232
162.656477835562
158.1632726624386
153.7482969310998
149.4010063430236
145.0906126221858
140.8293360945693
136.6039198608583
132.392580902033
128.2050407432096
124.0437242112669
119.9023129913333
115.7916311720462
111.7124800721063
107.660526877456
103.6279679239171
99.6186484420111
95.63034154536356
91.67729948435866
87.7652261842781
83.89715245642665
80.07363584284786
76.30566599801882
72.61125456216168
69.01785536513708
65.56919576912186
62.31246907189623
59.40442947248977
57.12083185183378
55.56829505247171
51.42111473967839
46.21820905140993
41.07389404550239
35.97062571775266
31.05017966679774
26.54055057374561
22.762406309499
19.93265695801766
18.31321845863195
17.57586138849268
17.02341133147733
16.44920681685365
15.79947123180675
14.96223331503715
13.85914724578828
12.29427889920121
9.849236683924579
5.72184103838701
0.0
158.9039559374305
159.5762356397412
160.2684228883766
160.9793159366364
161.7073592611608
162.4411102303521
163.1727698126657
163.8945807337428
164.5974415887348
165.2790900321744
165.93790342945
166.574979339877
167.1915300025483
167.7887500902692
168.370794370789
168.9402527352582
169.498924524397
170.0502983634264
170.593776045936
171.1301725563559
171.6613779198536
172.1869013098355
172.7069250225501
173.2222629741083
173.7324484014788
174.2375155157688
174.737846415983
175.233342019442
175.7241583513711
176.2105201023894
176.6919344032314
177.1684598673003
177.6401558805116
178.1067561226902
178.5681376162418
179.0240881872722
179.4741116661192
179.9178438557641
180.355232491426
180.7863022173241
181.2149121173091
181.6503651996489
275.1644584950478
276.210872693331
277.2203102670921
278.1932553238668
279.1228773803812
279.998364475017
280.8219861959229
281.6132643101707
282.4178645722339
283.2598216512462
284.1475696367818
285.096929281493
286.1520389894975
287.4103497035623
288.9397362040403
290.9698823206239
293.9342088148159
298.8006631573331
306.0841961212508
211.6745035774072
213.1507946171006
214.6801763573011
216.2598554213837
217.8865908106856
219.5329605311001
221.1815203394562
222.8147473972513
224.4114027746187
225.9670711162631
227.4782270017259
228.9474306005043
230.3774135844731
231.7713840775232
233.1399017193442
234.4885012001131
235.8217128770578
237.1494613119093
238.4698468167891
239.7853315941528
241.1025102396134
242.4198527927854
243.7378237895687
245.0588612250073
246.3812270048096
247.7047243375642
249.0303800767393
250.3577316790848
251.6869309291186
253.0184280046428
254.3497518731745
255.6802848917957
257.0093513156894
258.3352953509845
259.6562460819754
260.9693217638093
262.27026941249
263.5543521855034
264.8185525569987
266.0602307047223
267.2930134576327
268.5605429421068
270.0393803972975
271.6941427693832
273.3268592179261
274.9321530180478
276.472751259962
277.9097198272936
279.2045385766273
280.3605915977633
281.3862787290702
282.3589152745607
283.354479143062
284.4099027493289
285.5693506610218
286.930105693426
288.560008062716
290.6884802920695
293.7486373535029
298.7083621805024
306.0842119176545
51.142407390276034
49.4339527946088
47.874400967372225
46.36420975742614
44.8650740782947
43.376740206259285
41.90200947198397
40.44950184818342
39.037555021861294
37.6735663059046
36.3671986572632
35.12048765372968
33.93364545578321
32.808886979816805
31.739176525730983
30.718627168648595
29.745253866482713
28.80686679242079
27.89595344710979
27.015483827167515
26.161119478266812
25.332903242077393
24.530668277651685
23.751495750738215
22.996953519590605
22.267356046652594
21.563483865234687
20.88660887226058
20.238171878174484
19.618420703091616
19.030704397392086
18.477721716217616
17.964412150719
17.4953045064085
17.076488301223492
16.7165819576403
16.427771080580385
16.2292239840896
16.152097207995297
16.26672000961051
16.623943429749914
17.011846508260305
20.524049694104093
18.89705943705482
17.460092014836505
16.23207141193521
15.284254260892794
14.70880805749411
14.643280798669394
15.396289402077713
15.455236910046409
15.057398490361408
14.820744699817482
14.637579053402987
14.471426587150006
14.304146951970921
14.144995345734486
13.998175273982014
13.887799555812506
13.857137722471123
13.88635304655429
75.70393610024811
73.67396013609279
71.8388065741732
70.0207004633572
68.14914138857931
66.22045173903598
64.24065365038071
62.23045367255071
60.228822608375594
58.255948509240795
56.3245691836222
54.4431717609709
52.61893362701758
50.85674437689599
49.151642603035924
47.50060012733161
45.89962624370003
44.33478384017488
42.8091787816341
41.31459211481368
39.8395281384455
38.3854875873935
36.95298758378729
35.53905670603149
34.14774719323327
32.780039348680305
31.432739791361314
30.0989208987298
28.781420649163408
27.4763107097898
26.189983542666994
24.926642766630607
23.687714550581887
22.474460315586725
21.29244331449908
20.15246681948281
19.068413124220513
18.0764915834948
17.222464161679994
16.623206667738714
16.369950413018188
16.081078221490998
12.662966495078194
10.035604990458808
7.532678311104718
5.0645545637832186
2.6817296306883804
0.5407516421120988
-1.1151656093582005
-2.0454216755215953
-2.04955602408711
-1.6017605655238185
-1.3200664918518044
-1.0967993739521091
-0.8955193201327916
-0.6980787622077855
-0.5137531844606826
-0.34677185844131486
-0.22117109355389175
-0.1802984202700202
-0.20424938431060013
85.67389861266388
87.8363514160635
89.86561798178698
91.86080781337306
93.85898584089
95.8486029413587
97.81907738746574
99.75411504954099
101.6263479745678
103.4264705116182
105.1435015704497
106.776828413979
108.3277056852951
109.7953100674402
111.1910539974597
112.523547923136
113.7966603602
115.0261625269495
116.2189637977586
117.3729244111201
118.49429699822
119.5825236191232
120.6379369511127
121.6642573491139
122.6594143202063
123.6230962683658
124.5548738541819
125.4533336708678
126.3171486532951
127.1462498210248
127.9367356518337
128.6859115463536
129.3888380329167
130.0406475783825
130.6350600061352
131.1631685983452
131.6121959659826
131.9625301513202
132.1828690977945
132.2027833850112
131.9752419794291
131.7214027845886
143.5703784983444
145.8528933729889
147.8729936592435
149.6233329264038
151.0317153864911
151.9993539337854
152.3940402624445
151.9297988067286
152.1685484611599
152.8990556979648
153.5151755564567
154.14553661078
154.8802652100487
155.8673661452883
157.1750865277793
159.0831389597255
162.0726431022892
167.090629461066
173.9319061107378
106.5478114010561
109.6383285074145
112.5821663819935
115.5543150988999
118.6219331436785
121.7603310475699
124.9457850434785
128.1399580495156
131.2825657831646
134.349436583005
137.3246955402068
140.2028538334797
142.9798174576324
145.6541881372804
148.2418110979829
150.751418225237
153.1916402625409
155.5864754629984
157.9308791560147
160.2355414369912
162.5185916250033
164.7769285683054
167.0104466690178
169.2245118655148
171.4132506799575
173.5754161776947
175.715164613562
177.8388808322573
179.9438011366562
182.0342257242117
184.1011917393568
186.1397957815856
188.1478531470386
190.1223513126922
192.0557756372353
193.9343541923399
195.7398487445285
197.4312517129101
198.959722175373
200.2056501711335
201.0915131688427
202.0426594404113
206.329507629919
209.9966673283642
213.512124780347
216.9600943446682
220.2532429927128
223.1963314848746
225.5079735390329
226.9511924314534
227.3340767139461
227.2084592282162
227.2700863090586
227.4507070506119
227.7624026184813
228.2998184906069
229.1449955441232
230.5585402126496
233.0331202934819
237.587542908609
244.3149173516172
136.8163060029399
137.2703042106723
137.7400189491592
138.2250175707992
138.7240599191847
139.225343147618
139.7210868594497
140.2036168977244
140.6639029964291
141.1000368175228
141.5107002277129
141.8973160677087
142.2613511410783
142.604197047257
142.9302305231907
143.2421750917846
143.5419142266827
143.8330293193703
144.1149172448684
144.3884082382876
144.6554164764868
144.9154268612006
145.1686052287644
145.4157530998521
145.6563678397969
145.8904523150184
146.1183577194166
146.3399425431284
146.5553205314696
146.7646705241164
146.9674400492258
147.1636332625712
147.3532501836357
147.535952084791
147.7115483073587
147.8797505559855
148.039967046563
148.1917541354098
148.3349663057898
148.4695033946217
148.599185409179
148.7332492928489
164.0944281924485
164.7499528100437
165.33308567408
165.855404338339
166.3159696473839
166.7081619912795
167.0373210611139
167.3260882088063
167.6237853712063
167.9564541883262
168.3359202562742
168.783115664183
169.3516917971987
170.1715130972592
171.3200818735138
173.0813142337075
175.9604426581017
180.9477671835371
187.8182591572921
182.2517475013042
183.3122886435073
184.4209729561667
185.5750155622571
186.7710745322578
187.9807827866059
189.1864386938592
190.3704117220663
191.5113883915402
192.6053850922458
193.649264723829
194.6460255944506
195.59875108465
196.5109325141764
197.3934537010188
198.2520183525686
199.0912665062409
199.9212593031733
200.7400579376488
201.5501335518049
202.3581197634488
203.1624161556989
203.9634342528051
204.7635685715463
205.5609978731908
206.355455526375
207.1479044049233
207.9378017309871
208.7252217858196
209.5105364340015
210.2911752820238
211.0664385482162
211.8355676976205
212.5968116282789
213.3482189517344
214.0868210118227
214.808261868749
215.5077432964049
216.182186337053
216.8288568388722
217.4614635818609
218.1237376619023
218.9924741249972
220.032272318823
221.0448030914517
222.0246489084514
222.9349726234012
223.7370831269867
224.3928079296747
224.9057707559318
225.284520689859
225.6066986626924
225.9500198172068
226.3539076766598
226.8668832983485
227.6017397283991
228.6312423596625
230.2117683542083
232.811949199928
237.407244488339
244.1106679673066
-0.5578203713407346
-0.4659553374801736
-0.42570428837841445
-0.4059218011798357
-0.39466721073677535
-0.38702472429398516
-0.3800647714426427
-0.3700447823422569
-0.35733025668848284
-0.3406434694821703
-0.32212660826996786
-0.3026824478455882
-0.2810516629458145
-0.25968518604616625
-0.23978926451532961
-0.21950106655122525
-0.20210202925649806
-0.18918552317685222
-0.17393264692270255
-0.15848468095843166
-0.14356527458500173
-0.12860579875818123
-0.11431714636099144
-0.09990281626252645
-0.08546579464644749
-0.07032326211939693
-0.05473989766570053
-0.038446678216749186
-0.021930037117056878
-0.0047399485789233475
0.013460363316693369
0.03377822635728134
0.0556741157238696
0.0797620694166502
0.10685691823197241
0.13821614509332952
0.1770775262115642
0.23023392536119408
0.31767949929634065
0.43589628606515485
0.4642540190013884
-5.5616028875651065
-0.6291496709196114
-0.5100479894557787
-0.3899709743092308
-0.25199525695052716
-0.08359108270929311
0.13243342988823092
0.49515135593643816
0.07103535721229871
-0.20673087611199517
-0.1380731494157203
-0.11458841060183747
-0.11216281256494809
-0.1275373882210159
-0.14060018776069572
-0.16540179756585993
-0.19638029165999304
-0.212648688165884
-0.0676987911494038
0.0
-1.0279176994543155
-0.9292179878069177
-0.9205684483312185
-0.9476309188451187
-0.9765652371509362
-1.002454752421817
-1.017861267916781
-1.0135344643956934
-0.9989829652686282
-0.9779803127333404
-0.9526776774259429
-0.9237384637568743
-0.8923213888743015
-0.8634139858419689
-0.8360386506675357
-0.8106832755202661
-0.7923843445681418
-0.7725127991024047
-0.7568036588526894
-0.7469153905301273
-0.7362674552465145
-0.7253574486695741
-0.7159518116246054
-0.7044941507799405
-0.692540016387687
-0.6822031364316902
-0.6753755141874253
-0.6671103321320837
-0.6608348712505889
-0.6513222189380854
-0.6396805075258196
-0.6273166321009813
-0.6143143584520534
-0.5984947205349005
-0.5772037866463533
-0.5488823642430081
-0.5022211492310462
-0.4323808617035271
-0.30333971971639623
-0.1280823449719583
-0.1461136531185968
-1.731118369768737
-1.3305211491456563
-1.2674991767745278
-1.2498806425032556
-1.2066958593255341
-1.0842262089000663
-0.8385723094729305
-0.4710446396241165
-0.0019739195418077837
0.22692651520507282
0.1427970148608585
0.1132209326776349
0.10211834999089708
0.10024396915750439
0.09369433514521824
0.0850838396620135
0.06444692131391916
0.022162710791350015
-0.0100033029724238
0.0
-1.095358674834203
-1.027895144264777
-1.010634075589086
-1.012147702304925
-1.00781129057277
-0.9981148604442382
-0.9801648784902175
-0.9483520623036324
-0.9118256054527196
-0.8697368387851128
-0.827337699156627
-0.7855740805387939
-0.7433934228206391
-0.7069935673003283
-0.6749552075119539
-0.6448763874915571
-0.6227862462289763
-0.6041959469727985
-0.584521782984259
-0.5680147973958724
-0.5512251955362703
-0.5346041064631982
-0.519867508480419
-0.504082132749521
-0.4881389226336545
-0.4719782369516468
-0.4551016108419753
-0.4375527794021325
-0.4199690069351999
-0.40040897574678
-0.3794840348649369
-0.3560570772305935
-0.330164542247229
-0.3010908761313438
-0.2675056430467397
-0.2274482114043766
-0.1774566309133912
-0.1116094538780485
-0.0100872894065431
0.1152577536473737
0.1285785121619134
-6.001924442262027
-1.156174351851471
-1.023252100163927
-0.8866086220114633
-0.713395428892475
-0.4901430797548328
-0.1999225570405775
0.2351546840405604
-0.1209351273164724
-0.3700277007689823
-0.3120864560260785
-0.3193001243982049
-0.3721659698618728
-0.5000014662293957
-0.6624065334360532
-0.9664959069095248
-1.514289371246354
-2.541787214798255
-3.465348105344932
0.0
-1.565456002947784
-1.491157794591521
-1.50549823554189
-1.553856819970208
-1.589709316986931
-1.61354488857207
-1.617961374964356
-1.591841744357069
-1.553478314032865
-1.507073682036283
-1.457888768312602
-1.40663009645008
-1.354663148749126
-1.310722367096131
-1.27120459366416
-1.236058596460598
-1.21306856154062
-1.187523222898351
-1.167392794914246
-1.156445506967568
-1.143927376197783
-1.131355756374591
-1.121502173744033
-1.108673467266935
-1.095213144374894
-1.08385811126394
-1.0757372273637
-1.066216433317467
-1.058873841068732
-1.046991246105942
-1.03262490570745
-1.017151935688856
-1.000153016423152
-0.9793476660828945
-0.9515663479250653
-0.9145467207407142
-0.8567553063560016
-0.7742242409427696
-0.63110650841928
-0.4487208773897395
-0.4817891599580718
-2.171439924465657
-1.857545830077516
-1.780703287482676
-1.746518290205488
-1.668096031267482
-1.490778205945606
-1.170928296401739
-0.7310413115199943
-0.1939444040705789
0.0636296905480857
-0.0312162917494997
-0.0914907811187325
-0.1578848073060276
-0.2722201088508754
-0.4281120105301392
-0.7160102696816514
-1.253462158272442
-2.306975815841021
-3.407652617167952
0.0
0.5375383034934684
0.5619398067846034
0.5849297872106715
0.6062259011250893
0.6131440798359947
0.6110901361502531
0.6001001070475748
0.5783072799613755
0.5544953487642368
0.5290933693029425
0.5052110908866592
0.4828916326932057
0.4623417598748246
0.447308381254162
0.4351659429966243
0.4253753209403318
0.4206842169724782
0.4150104237959463
0.4105891360615565
0.4095301164374407
0.4076599209512685
0.405998307705017
0.4055503621194275
0.4041793164869945
0.402673127987207
0.4016549748322499
0.4003617131762748
0.3991061011853833
0.398038969818143
0.3956690271678567
0.3929443981816303
0.3898353035878748
0.3858386579710986
0.380852945547994
0.3743625612787121
0.3656643564977061
0.3545341571249554
0.3418433792392426
0.3277667887028837
0.3206385324177812
0.335675506839475
0.4403215546969199
0.5270246809318597
0.5132041107081483
0.4966376477022325
0.4614001719419478
0.4065519970455397
0.3323559869288084
0.2599966718958778
0.1919704845287711
0.1632968246569871
0.1740133066103582
0.2047117137963674
0.2600031572969247
0.3724640780083798
0.5218063456753574
0.8010941093436649
1.317909079586361
2.329138526632371
3.397649314195528
0.0
0.5375383034934684
0.5619398067846034
0.5849297872106715
0.6062259011250893
0.6131440798359947
0.6110901361502531
0.6001001070475748
0.5783072799613755
0.5544953487642368
0.5290933693029425
0.5052110908866592
0.4828916326932057
0.4623417598748246
0.447308381254162
0.4351659429966243
0.4253753209403318
0.4206842169724782
0.4150104237959463
0.4105891360615565
0.4095301164374407
0.4076599209512685
0.405998307705017
0.4055503621194275
0.4041793164869945
0.402673127987207
0.4016549748322499
0.4003617131762748
0.3991061011853833
0.398038969818143
0.3956690271678567
0.3929443981816303
0.3898353035878748
0.3858386579710986
0.380852945547994
0.3743625612787121
0.3656643564977061
0.3545341571249554
0.3418433792392426
0.3277667887028837
0.3206385324177812
0.335675506839475
0.4403215546969199
0.5270246809318597
0.5132041107081483
0.4966376477022325
0.4614001719419478
0.4065519970455397
0.3323559869288084
0.2599966718958778
0.1919704845287711
0.1632968246569871
0.1740133066103582
0.2047117137963674
0.2600031572969247
0.3724640780083798
0.5218063456753574
0.8010941093436649
1.317909079586361
2.329138526632371
3.397649314195528
0.0
1.0
1.0
1.0
1.0
1.0
1.0
1.0
1.0
1.0
1.0
1.0
1.0
1.0
1.0
1.0
1.0
1.0
1.0
1.0
1.0
1.0
1.0
1.0
1.0
1.0
1.0
1.0
1.0
1.0
1.0
1.0
1.0
1.0
1.0
1.0
1.0
1.0
1.0
1.0
0.0
0.0
0.0
1.0
1.0
1.0
1.0
1.0
1.0
1.0
0.0
0.0
0.0
0.0
0.0
0.0
0.0
0.0
0.0
0.0
0.0
0.0
1.0
1.0
1.0
1.0
1.0
1.0
1.0
1.0
1.0
1.0
1.0
1.0
1.0
1.0
1.0
1.0
1.0
1.0
1.0
1.0
1.0
1.0
1.0
1.0
1.0
1.0
1.0
1.0
1.0
1.0
1.0
1.0
1.0
1.0
1.0
1.0
1.0
1.0
1.0
0.0
0.0
0.0
1.0
1.0
1.0
1.0
1.0
1.0
1.0
0.0
0.0
0.0
0.0
0.0
0.0
0.0
0.0
0.0
0.0
0.0
0.0
1.0
1.0
1.0
1.0
1.0
1.0
1.0
1.0
1.0
1.0
1.0
1.0
1.0
1.0
1.0
1.0
0.8605561031037754
0.8605561031037754
0.8605561031037754
0.8605561031037754
0.8605561031037754
0.8605561031037754
0.8605561031037754
0.8605561031037754
0.8605561031037754
0.8605561031037754
0.8605561031037754
0.8605561031037754
0.8605561031037754
0.8605561031037754
0.8605561031037754
0.8605561031037754
0.8605561031037754
0.8605561031037754
0.8605561031037754
0.8605561031037754
0.8605561031037754
0.8605561031037754
0.8605561031037754
0.8605561031037754
0.8605561031037754
0.8605561031037754
0.8605561031037754
0.8605561031037754
0.8605561031037754
1.0
1.0
1.0
1.0
1.0
1.0
1.0
1.0
1.0
1.0
1.0
1.0
1.0
1.0
1.0
1.0
1.0
1.0
1.0
1.0
1.0
1.0
1.0
1.0
1.0
1.0
1.0
1.0
1.0
0.0011754517998345535
0.0011602219312439657
0.0011348718859684082
0.0010997942703455297
0.0010352185665556787
0.0009562257697928995
0.0008677803031153791
0.000771605474428061
0.0006824165601174227
0.0006006523516136765
0.0005299857367916495
0.00046896377671774885
0.00041617997807038887
0.0003740123320204892
0.0003389383905940969
0.00030904178331276824
0.00028539621490204445
0.0002629340886171754
0.0002425622524411342
0.00022535018793344743
0.00020886050486577321
0.00019363713627879926
0.0001800546584142724
0.00016696376110147355
0.00015471643772384063
0.00014343117445203248
0.00013250877658661079
0.00012230655314920974
0.00011285809868921587
0.00010369109362485362
9.50879263518712e-05
8.70174303042654e-05
7.919447326687317e-05
7.178818815673861e-05
6.477432038913724e-05
5.8044590195735595e-05
5.1592355710979426e-05
4.5481533930782807e-05
3.979639710269753e-05
3.487659489890393e-05
3.331093420161179e-05
4.2745315785861054e-05
4.6072185460453834e-05
3.604099313691124e-05
2.7670815949198603e-05
1.981073885335139e-05
1.318538152451348e-05
7.750874448217946e-06
3.971737170930579e-06
2.841083700487025e-06
2.8512339161728258e-06
2.6951728938845708e-06
2.4448670608693845e-06
2.857323853012568e-06
3.33094358606154e-06
3.933858071679228e-06
4.746284511474385e-06
6.0111037352716795e-06
7.170952459374578e-06
1.6041499561459486e-07
0.004020926506781391
0.003986310334305221
0.003916608248316733
0.0038127153581568466
0.00360502430746599
0.003345110782517708
0.0030497529355140445
0.00272452452804034
0.002421304253478646
0.0021418773808299404
0.0018996948614403214
0.0016899906609901352
0.0015093508279974245
0.00136549949299691
0.0012446205683321599
0.001141643681377965
0.001060856703236105
0.0009836553989928277
0.00091348048700534
0.0008545096925233026
0.0007976273550724711
0.0007449383904528561
0.0006979699914198468
0.0006523351429638831
0.000609427927771956
0.0005697690880795185
0.0005310207186636933
0.0004946276201274963
0.00046076943028603817
0.0004275472457321317
0.0003961313071011657
0.00036642596049674364
0.00033725015214737736
0.00030932527956621913
0.00028256194967664957
0.0002564965927008085
0.00023109313787812738
0.0002066335900537747
0.00018350175041623054
0.000162918426592764
0.0001557032349770169
0.00019241466329856708
0.00020356823191681225
0.0001624202648666764
0.00012739178550557343
9.334862836990682e-05
6.372952993562243e-05
3.8527452146965795e-05
2.040122499497391e-05
9.140257510048828e-06
4.007160608785956e-06
2.6951728938845708e-06
2.4448670608693845e-06
2.857323853012568e-06
3.33094358606154e-06
3.933858071679228e-06
4.746284511474385e-06
6.0111037352716795e-06
7.170952459374578e-06
1.6041499561459486e-07
0.0004
0.0004
0.0004
0.0004
0.0004
0.0004
0.0004
0.0004
0.0004
0.0004
0.0004
0.0004
0.0004
0.0004
0.0004
0.0004
0.0004
0.0004
0.0004
0.0004
0.0004
0.0004
0.0004
0.0004
0.0004
0.0004
0.0004
0.0004
0.0004
0.0004
0.0004
0.0004
0.0004
0.0004
0.0004
0.0004
0.0004
0.0004
0.0004
0.0004
0.0004
0.0004
0.0004
0.0004
0.0004
0.0004
0.0004
0.0004
0.0004
0.0004
0.0004
0.0004
0.0004
0.0004
0.0004
0.0004
0.0004
0.0004
0.0004
0.0004
0.0004
0.0004
0.0004
0.0004
0.0004
0.0004
0.0004
0.0004
0.0004
0.0004
0.0004
0.0004
0.0004
0.0004
0.0004
0.0004
0.0004
0.0004
0.0004
0.0004
0.0004
0.0004
0.0004
0.0004
0.0004
0.0004
0.0004
0.0004
0.0004
0.0004
0.0004
0.0004
0.0004
0.0004
0.0004
0.0004
0.0004
0.0004
0.0004
0.0004
0.0004
0.0004
0.0004
0.0004
0.0004
0.0004
0.0004
0.0004
0.0004
0.0004
0.0004
0.0004
0.0004
0.0004
0.0004
0.0004
0.0004
0.0004
0.0004
0.0004
1.3065442837795994e-08
1.609813246251006e-08
1.8451320475760573e-08
2.016080036876345e-08
2.1358414023579076e-08
2.2454492528502163e-08
2.346184864599769e-08
2.435074770331274e-08
2.5168293008394306e-08
2.59248194795521e-08
2.6578860853539352e-08
2.717492227184444e-08
2.7727500794852817e-08
2.821868937946919e-08
2.867559255048391e-08
2.9106915692640655e-08
2.950022653046024e-08
2.9893537368279825e-08
3.0281774756529767e-08
3.065711262938458e-08
3.1032450502239386e-08
3.142093683129147e-08
3.1836199651687564e-08
3.225146247208365e-08
3.2701440677579656e-08
3.320893932168535e-08
3.3716437965791035e-08
3.428270566534462e-08
3.492899931274215e-08
3.557529296013967e-08
3.6371436914800125e-08
3.733624217274159e-08
3.8301047430683085e-08
3.959226158737696e-08
4.118778732859431e-08
4.278331306981166e-08
4.513146211348355e-08
4.806009189575067e-08
5.0988721678017794e-08
5.632170630050282e-08
6.318151527324084e-08
7.004132424597885e-08
8.255287402060394e-08
9.799336545699721e-08
1.1343385689339041e-07
1.3646888186188418e-07
1.6453988297575865e-07
1.9889493840858378e-07
2.3731543525971197e-07
2.78963375570315e-07
3.2556784487230723e-07
3.9737569592667986e-07
5.064205645747201e-07
6.801946019508522e-07
1.1053081705738778e-06
1.6111307341008319e-06
2.5512822486276946e-06
4.137854497676283e-06
6.1841356611202155e-06
2.780474791942962e-06
1.3065442837795994e-08
1.609813246251006e-08
1.8451320475760573e-08
2.016080036876345e-08
2.1358414023579076e-08
2.2454492528502163e-08
2.346184864599769e-08
2.435074770331274e-08
2.5168293008394306e-08
2.59248194795521e-08
2.6578860853539352e-08
2.717492227184444e-08
2.7727500794852817e-08
2.821868937946919e-08
2.867559255048391e-08
2.9106915692640655e-08
2.950022653046024e-08
2.9893537368279825e-08
3.0281774756529767e-08
3.065711262938458e-08
3.1032450502239386e-08
3.142093683129147e-08
3.1836199651687564e-08
3.225146247208365e-08
3.2701440677579656e-08
3.320893932168535e-08
3.3716437965791035e-08
3.428270566534462e-08
3.492899931274215e-08
3.557529296013967e-08
3.6371436914800125e-08
3.733624217274159e-08
3.8301047430683085e-08
3.959226158737696e-08
4.118778732859431e-08
4.278331306981166e-08
4.513146211348355e-08
4.806009189575067e-08
5.0988721678017794e-08
5.632170630050282e-08
6.318151527324084e-08
7.004132424597885e-08
8.255287402060394e-08
9.799336545699721e-08
1.1343385689339041e-07
1.3646888186188418e-07
1.6453988297575865e-07
1.9889493840858378e-07
2.3731543525971197e-07
2.78963375570315e-07
3.2556784487230723e-07
3.9737569592667986e-07
5.064205645747201e-07
6.801946019508522e-07
1.1053081705738778e-06
1.6111307341008319e-06
2.5512822486276946e-06
4.137854497676283e-06
6.1841356611202155e-06
2.780474791942962e-06
0.0
0.0
0.0
0.0
0.0
0.0
0.0
0.0
0.0
0.0
0.0
0.0
0.0
0.0
0.0
0.0
0.0
0.0
0.0
0.0
0.0
0.0
0.0
0.0
0.0
0.0
0.0
0.0
0.0
0.0
0.0
0.0
0.0
0.0
0.0
0.0
0.0
0.0
0.0
0.0
0.0
0.0
0.0
0.0
0.0
0.0
0.0
0.0
0.0
0.0
0.0
0.0
0.0
0.0
0.0
0.0
0.0
0.0
0.0
0.0
0.0
0.0
0.0
0.0
0.0
0.0
0.0
0.0
0.0
0.0
0.0
0.0
0.0
0.0
0.0
0.0
0.0
0.0
0.0
0.0
0.0
0.0
0.0
0.0
0.0
0.0
0.0
0.0
0.0
0.0
0.0
0.0
0.0
0.0
0.0
0.0
0.0
0.0
0.0
0.0
0.0
0.0
0.0
0.0
0.0
0.0
0.0
0.0
0.0
0.0
0.0
0.0
0.0
0.0
0.0
0.0
0.0
0.0
0.0
0.0
0.0
0.0
0.0
0.0
0.0
0.0
0.0
0.0
0.0
0.0
0.0
0.0
0.0
0.0
0.0
0.0
0.0
0.0
0.0
0.0
0.0
0.0
0.0
0.0
0.0
0.0
0.0
0.0
0.0
0.0
0.0
0.0
0.0
0.0
0.0
0.0
0.0
0.0
0.0
0.0
0.0
0.0
0.0
0.0
0.0
0.0
0.0
0.0
0.0
0.0
0.0
0.0
0.0
0.0
0.0
0.0
0.0
0.0
0.0
0.0
0.0
0.0
0.0
0.0
0.0
0.0
0.0
0.0
0.0
0.0
0.0
0.0
0.0
0.0
0.0
0.0
0.0
0.0
0.0
0.0
0.0
0.0
0.0
0.0
0.0
0.0
0.0
0.0
0.0
0.0
0.0
0.0
0.0
0.0
0.0
0.0
0.0
0.0
0.0
0.0
0.0
0.0
0.0
0.0
0.0
0.0
0.0
0.0
0.0
0.0
0.0
0.0
0.0
0.0
0.0
0.0
0.0
0.0
0.0
0.0
0.0
0.0
0.0
0.0
0.0
0.0
0.0
0.0
0.0
0.0
0.0
0.0
0.0
0.0
0.0
0.0
0.0
0.0
0.0
0.0
0.0
0.0
0.0
0.0
0.0
0.0
0.0
0.0
0.0
0.0
0.0
0.0
0.0
0.0
0.0
0.0
0.0
0.0
0.0
0.0
0.0
0.0
0.0
0.0
0.0
0.0
0.0
0.0
0.0
0.0
0.0
0.0
0.0
0.0
0.0
0.0
0.0
0.0
0.0
0.0
0.0
0.0
0.0
0.0
0.0
0.0
0.0
0.0
0.0
0.0
0.0
0.0
0.0
0.0
0.0
0.0
0.0
0.0
0.0
0.0
0.0
0.0
0.0
0.0
0.0
0.0
0.0
0.0
0.0
0.0
0.0
0.0
0.0
0.0
0.0
0.0
0.0
0.0
0.0
0.0
0.0
0.0
0.0
0.0
0.0
0.0
0.0
0.0
0.0
0.0
0.0
0.0
0.0
0.0
0.0
0.0
0.0
0.0
0.0
0.0
0.0
0.0
0.0
0.0
0.0
0.0
0.0
0.0
0.0
0.0
0.0
0.0
0.0
0.0
0.0
0.0
0.0
0.0
0.0
0.0
0.0
0.0
0.0
0.0
0.0
0.0
0.0
0.0
0.0
0.0
0.0
0.0
0.0
0.0
0.0
0.0
0.0
0.0
0.0
0.0
0.0
0.0
0.0
0.0
0.0
0.0
0.0
0.0
0.0
0.0
0.0
0.0
0.0
0.0
0.0
0.0
0.0
0.0
0.0
0.0
0.0
0.0
0.0
0.0
0.0
0.0
0.0
0.0
0.0
0.0
0.0
0.0
0.0
0.0
0.0
0.0
0.0
0.0
0.0
0.0
0.0
0.0
0.0
0.0
0.0
0.0
0.0
0.0
0.0
0.0
0.0
0.0
0.0
0.0
0.0
0.0
0.0
0.0
0.0
0.0
0.0
0.0
0.0
0.0
0.0
0.0
0.0
0.0
0.0
0.0
0.0
0.0
0.0
0.0
0.0
0.0
0.0
0.0
0.0
0.0
0.0
0.0
0.0
0.0
0.0
0.0
0.0
0.0
0.0
0.0
0.0
0.0
0.0
0.0
0.0
0.0
0.0
0.0
0.0
0.0
0.0
0.0
0.0
0.0
0.0
0.0
0.0
0.0
0.0
0.0
0.0
0.0
0.0
0.0
0.0
0.0
0.0
0.0
0.0
0.0
0.0
0.0
0.0
0.0
0.0
0.0
0.0
0.0
0.0
0.0
0.0
0.0
0.0
0.0
0.0
0.0
0.0
0.0
0.0
0.0
0.0
0.0
0.0
0.0
0.0
0.0
0.0
0.0
0.0
0.0
0.0
0.0
0.0
0.0
0.0
0.0
0.0
0.0
0.0
0.0
0.0
0.0
0.0
0.0
0.0
0.0
0.0
0.0
0.0
0.0
0.0
0.0
0.0
0.0
0.0
0.0
0.0
0.0
0.0
0.0
0.0
0.0
0.0
0.0
0.0
0.0
0.0
0.0
0.0
0.0
0.0
0.0
0.0
0.0
0.0
0.0
0.0
0.0
0.0
0.0
2.0
2.0
2.0
2.0
1.0
1.0
260.46712637684783
276.7167620007463
13.88635304655429
-0.20424938431060013
0.0
-0.0
0.0
0.0
48.0
48.0
5.783625987995279
5.783625987995279
1.0
1.0
2.0
2.0
3.0
3.0
4.0
4.0
5.0
5.0
6.0
6.0
7.0
7.0
8.0
8.0
9.0
9.0
10.0
10.0
11.0
11.0
12.0
12.0
13.0
13.0
14.0
14.0
15.0
15.0
16.0
16.0
17.0
17.0
18.0
18.0
19.0
19.0
20.0
20.0
21.0
21.0
22.0
22.0
23.0
23.0
24.0
24.0
25.0
25.0
26.0
26.0
27.0
27.0
28.0
28.0
29.0
29.0
30.0
30.0
31.0
31.0
32.0
32.0
33.0
33.0
34.0
34.0
35.0
35.0
36.0
36.0
37.0
37.0
38.0
38.0
39.0
39.0
40.0
40.0
41.0
41.0
42.0
42.0
43.0
43.0
44.0
44.0
45.0
45.0
46.0
46.0
47.0
47.0
48.0
48.0
49.0
49.0
50.0
50.0
51.0
51.0
52.0
52.0
53.0
53.0
54.0
54.0
55.0
55.0
56.0
56.0
57.0
57.0
58.0
58.0
59.0
59.0
60.0
60.0
0.0
0.0
0.0
0.0
0.0
0.0
0.0
0.0
0.0
0.0
0.0
0.0
0.0
0.0
0.0
0.0
0.0
0.0
0.0
0.0
0.0
0.0
0.0
0.0
0.0
0.0
0.0
0.0
0.0
0.0
0.0
0.0
0.0
0.0
0.0
0.0
0.0
0.0
0.0
0.0
0.0
0.0
0.0
0.0
0.0
0.0
0.0
0.0
0.0
0.0
0.0
0.0
0.0
0.0
0.0
0.0
0.0
0.0
0.0
0.0
0.0
0.0
0.0
0.0
0.0
0.0
0.0
0.0
0.0
0.0
0.0
0.0
0.0
0.0
0.0
0.0
0.0
0.0
0.0
0.0
0.0
0.0
0.9
0.0
0.0
0.0
0.0
0.0
0.0
0.0
0.0
0.0
0.0
0.0
0.0
0.0
0.0
0.0
0.0
0.0
0.0
0.0
0.0
0.0
0.0
0.0
0.0
0.0
0.0
0.0
0.0
0.0
0.0
0.0
0.0
0.0
0.0
0.0
0.0
0.0
0.0
0.0
0.0
0.0
0.0
0.0
0.0
0.0
0.0
0.0
0.0
0.0
0.0
0.0
0.0
0.0
0.0
0.0
0.0
0.0
0.0
0.0
0.0
0.0
0.0
0.0
0.0
0.0
0.0
0.0
0.0
0.0
0.0
0.0
0.0
0.0
0.0
0.0
0.0
0.0
0.0
0.0
0.0
0.0
0.0
0.0
0.0
0.0
0.0
0.0
0.0
0.0
0.0
0.0
0.0
0.0
0.0
0.0
0.0
0.0
0.0
0.0
0.0
0.0
0.0
0.0
0.0
0.0
0.0
0.0
0.0
0.0
0.0
0.0
0.0
0.0
0.0
0.0
0.0
0.0
0.0
0.0
41.5
0.0
0.0
0.0
0.0
0.0
0.0
0.0
0.0
0.0
0.0
0.0
0.0
0.0
0.0
0.0
0.0
0.0
0.0
0.0
0.0
0.0
0.0
0.0
0.0
0.0
0.0
0.0
0.0
0.0
0.0
0.0
0.0
0.0
0.0
0.0
0.0
0.0
0.0
0.0
0.0
0.0
0.0
0.0
0.0
0.0
0.0
0.0
0.0
0.0
0.0
0.0
0.0
0.0
0.0
0.0
0.0
0.0
0.0
0.0
0.0
0.0
0.0
0.0
0.0
0.0
0.0
0.0
0.0
0.0
0.0
0.0
0.0
0.0
0.0
0.0
0.0
0.0
0.0
0.0
0.0
0.0
0.0
0.0
0.0
0.0
0.0
0.0
0.0
0.0
0.0
0.0
0.0
0.0
0.0
0.0
0.0
0.0
0.0
0.0
0.0
0.0
0.0
0.0
0.0
0.0
0.0
0.0
0.0
0.0
0.0
0.0
0.0
0.0
0.0
0.0
0.0
0.0
0.0
0.0
0.99
0.0
0.0
0.0
0.0
0.0
0.0
0.0
0.0
0.0
0.0
0.0
0.0
0.0
0.0
0.0
0.0
0.0
0.0
0.0
0.0
0.0
0.0
0.0
0.0
0.0
0.0
0.0
0.0
0.0
0.0
0.0
0.0
0.0
0.0
0.0
0.0
0.0
45.0
