9.81
6.022e+23
0
0
0
3
0
1
293.3797538303896
2
2
0
0
1
1
0
1
60
7
1000.0
1.0


3
3
0
77.072922555375
0
5.783625987995279
150.0
1000.0
287.04
9.81
79000.0
40.0
20000.0
0.0
0.0
0.0
0.0
0.0280134
0.04401
0.0319988
0.039948
0.01604
0.01801528
0.048
99000.0
2.1153802199668344e+29
0.8
1e-06
1000000.0
0.6
3.0
0.0001
1000
49
5.7318630490173685
0
1
6
1.0
1
0
1
1
0.1
1000000000000.0
1
292.8075240403332
292.0160706716233
291.17056913091744
290.2978127485829
289.4173528195113
288.5332905899512
287.6388463473893
286.73610024657023
285.81771513296746
284.88108312033484
283.9252695998572
282.9492310377265
281.9531666195279
280.93435885046176
279.8940453683205
278.83170093482994
277.74409310086463
276.63467881829376
275.5020753681129
274.34323742747824
273.1598117638154
271.95142458575026
270.71534687217667
269.45248480746784
268.1605681998531
266.8365804555094
265.4786666798151
264.0869037022273
262.65670502952713
261.18809662915834
259.6777219473601
258.12228919155626
256.5173712803479
254.86089486655857
253.14890679041528
251.377833546645
249.54316818902828
247.6364512698932
245.65105952130938
243.5851779564852
241.4319295436808
239.17540608913805
236.8169425273626
234.34727179497276
231.73814527908098
228.99446119719738
226.11657313525654
223.119132929477
219.97221295898012
217.43620391161585
217.2493385801967
217.51699341329487
217.9351844423331
218.43261172703646
219.57860274973774
220.73504135582502
222.49900209168942
225.03839526863536
228.07198710289708
236.69429006453817
991.675
975.0250000000001
958.375
941.7249999999999
925.075
908.425
891.7750000000001
875.125
858.4749999999999
841.825
825.175
808.5250000000001
791.875
775.225
758.575
741.925
725.2750000000001
708.625
691.975
675.325
658.675
642.0250000000001
625.375
608.725
592.075
575.425
558.7750000000001
542.125
525.4750000000001
508.82500000000005
492.17500000000007
475.52500000000003
458.87500000000006
442.2250000000001
425.57500000000005
408.925
392.27500000000003
375.62500000000006
358.9750000000001
342.32500000000005
325.675
309.02500000000003
292.37500000000006
275.7250000000001
259.0750000000001
242.42500000000007
225.77500000000003
209.12500000000006
192.47500000000008
175.8250000000001
159.17500000000007
142.52500000000003
125.87500000000006
109.22500000000008
92.5750000000001
75.92500000000013
59.27500000000009
42.62500000000006
25.97500000000008
9.325000000000045
72.95488796164288
219.9171782849146
369.01468642500504
520.3146122773096
673.8940095840787
829.8333512415848
988.2164322424167
1149.1304774369978
1312.6650088352524
1478.9137107082188
1647.9754744113661
1819.9551755742043
1994.963591497868
2173.1182484700166
2354.544641533698
2539.3755940599412
2727.7533164801757
2919.830878433151
3115.770936178329
3315.7478951555295
3519.9500113978374
3728.5791446948942
3941.8527998294667
4160.005978348263
4383.291603047479
4611.982960743442
4846.37737204161
5086.797825176609
5333.596344118814
5587.158455145307
5847.906362411832
6116.30332816561
6392.8605136295355
6678.144639006383
6972.785840588383
7277.48828881605
7593.039599430338
7920.324587899519
8260.348550309542
8614.260917667714
8983.37483724196
9369.211112881905
9773.5515562832
10198.47682464336
10646.46237924463
11120.519517429533
11624.37192710544
12162.655180215726
12742.287980466926
13375.967150235538
14080.126808472747
14873.54150804305
15782.314528969306
16847.096384710214
18132.903215986713
19755.282362595364
21955.50136910838
25380.1808734425
33701.51390682649
56560.69457252452
3.521179111399233e+23
3.521179111399233e+23
3.521179111399257e+23
3.521179111399233e+23
3.521179111399233e+23
3.521179111399233e+23
3.521179111399233e+23
3.521179111399257e+23
3.521179111399233e+23
3.521179111399233e+23
3.521179111399233e+23
3.521179111399233e+23
3.521179111399257e+23
3.5211791113992086e+23
3.521179111399257e+23
3.521179111399233e+23
3.521179111399233e+23
3.521179111399257e+23
3.5211791113992086e+23
3.521179111399257e+23
3.521179111399233e+23
3.521179111399233e+23
3.521179111399257e+23
3.5211791113992086e+23
3.521179111399257e+23
3.521179111399233e+23
3.521179111399233e+23
3.521179111399233e+23
3.521179111399233e+23
3.521179111399244e+23
3.521179111399244e+23
3.521179111399233e+23
3.521179111399233e+23
3.521179111399233e+23
3.521179111399257e+23
3.521179111399233e+23
3.521179111399233e+23
3.521179111399233e+23
3.521179111399233e+23
3.521179111399257e+23
3.521179111399233e+23
3.521179111399233e+23
3.521179111399233e+23
3.521179111399233e+23
3.521179111399233e+23
3.521179111399257e+23
3.521179111399233e+23
3.521179111399233e+23
3.521179111399233e+23
3.521179111399233e+23
3.521179111399257e+23
3.521179111399233e+23
3.521179111399233e+23
3.521179111399233e+23
3.521179111399233e+23
3.521179111399233e+23
3.521179111399257e+23
3.521179111399233e+23
3.521179111399233e+23
3.521179111399257e+23
-2.366813837060289
-2.1222047669304507
-2.0528227327388753
-2.043525268102174
-2.0103871137921097
-1.9359935832867499
-1.846604731524642
-1.730740544720569
-1.6160014425212903
-1.511642726799931
-1.420979360217343
-1.343141159885405
-1.2764295627850841
-1.2274922515648994
-1.1901148426320174
-1.1624432425315292
-1.1548672668473543
-1.1486406064317634
-1.1461670064073775
-1.1555811897475197
-1.1652554404410282
-1.1723496258024402
-1.1829630671984734
-1.1877466502728886
-1.1903925334572185
-1.1964628102504442
-1.2054434852042355
-1.2103998344713411
-1.2216115872223376
-1.2306602820922998
-1.240566012916204
-1.253150783098776
-1.2759923739666474
-1.3029007982651888
-1.336006479089795
-1.3733433600105442
-1.412808157503855
-1.47036000148196
-1.5481377747050802
-1.627349313248827
-1.7043933069636241
-1.8092558765307576
-1.891182844095855
-1.9417935932266677
-2.017835086996235
-2.0256744830971134
-1.8753458583464444
-1.3947512851309902
-0.5396110216992562
11.49280819670058
0.06655905571456255
0.08846044797026059
0.10581850169183898
0.11258457474571941
0.1094652654505881
0.10074320487937047
0.08371473290066417
0.06123109172552003
0.03907177978681055
0.0603262649931081
-3.3410721206047214
-3.0812355854439915
-2.9949705997411087
-2.969132132498885
-2.920482900497305
-2.8300141341052267
-2.72392907725218
-2.5914692048300054
-2.4610202389674782
-2.3411821188730357
-2.2334644093110114
-2.139686007861968
-2.056350913764504
-1.991941330940307
-1.93828438134571
-1.894368733880981
-1.8702258353015964
-1.84778107243892
-1.8288741705393932
-1.8219825895307054
-1.8157195196576765
-1.8067812256666969
-1.8012909731294258
-1.7898192617099937
-1.7757268144616205
-1.7649910025712927
-1.7581750266129745
-1.7471833543694117
-1.7426325179952187
-1.735133136108601
-1.7284925760036742
-1.7252601899593003
-1.7315578336003057
-1.7423723979032104
-1.758988793076668
-1.7793292939810215
-1.8031927326171058
-1.8444902086892796
-1.9065892319923137
-1.969372888520212
-2.029853664922882
-2.1176370639409186
-2.184270474459794
-2.218237592403568
-2.277528164491116
-2.2692583547108143
-2.102311021051179
-1.6040995454752363
-0.7326344025325682
11.321092309663186
-0.09855427142377948
-0.06072167410601992
-0.027488967248388008
-0.004885331604185694
0.007818005414577556
0.015671586773891022
0.01487154393132073
0.009435071074705093
0.0041760231953844595
0.04071091274960281
0.9754227686738683
0.9591819795754486
0.9429411904770286
0.9267004013786087
0.9104596122801888
0.8942188231817688
0.877978034083349
0.8617372449849291
0.845496455886509
0.8292556667880892
0.8130148776896693
0.7967740885912494
0.7805332994928295
0.7642925103944095
0.7480517212959898
0.7318109321975698
0.7155701430991499
0.69932935400073
0.68308856490231
0.6668477758038903
0.6506069867054703
0.6343661976070503
0.6181254085086304
0.6018846194102104
0.5856438303117906
0.5694030412133706
0.5531622521149508
0.5369214630165309
0.520680673918111
0.5044398848196912
0.48819909572127124
0.4719583066228512
0.45571751752443135
0.43947672842601143
0.42323593932759157
0.4069951502291716
0.3907543611307517
0.3745135720323319
0.3582727829339119
0.342031993835492
0.32579120473707207
0.30955041563865215
0.29330962654023224
0.27706883744181243
0.2608280483433925
0.24458725924497263
0.22834647014655263
0.2121056810481327
0.19586489194971285
0.17962410285129293
0.16338331375287307
0.14714252465445304
0.13090173555603318
0.11466094645761331
0.0984201573591934
0.08217936826077352
0.06593857916235363
0.049697790063933635
0.03345700096551375
0.017216211867093864
-16.649999999999977
-16.649999999999977
-16.65000000000009
-16.649999999999977
-16.649999999999977
-16.649999999999977
-16.649999999999977
-16.65000000000009
-16.649999999999977
-16.649999999999977
-16.649999999999977
-16.649999999999977
-16.65000000000009
-16.649999999999864
-16.65000000000009
-16.649999999999977
-16.649999999999977
-16.65000000000009
-16.649999999999864
-16.65000000000009
-16.649999999999977
-16.649999999999977
-16.65000000000009
-16.649999999999864
-16.65000000000009
-16.649999999999977
-16.649999999999977
-16.649999999999977
-16.649999999999977
-16.650000000000034
-16.650000000000034
-16.649999999999977
-16.649999999999977
-16.649999999999977
-16.65000000000009
-16.649999999999977
-16.649999999999977
-16.649999999999977
-16.649999999999977
-16.65000000000009
-16.649999999999977
-16.649999999999977
-16.649999999999977
-16.649999999999977
-16.649999999999977
-16.65000000000009
-16.649999999999977
-16.649999999999977
-16.649999999999977
-16.649999999999977
-16.65000000000009
-16.649999999999977
-16.649999999999977
-16.649999999999977
-16.649999999999977
-16.649999999999977
-16.65000000000009
-16.649999999999977
-16.649999999999977
-16.65000000000009
293.3758513503231
292.5319637783906
291.67590150718513
290.8073153327419
289.9257771409028
289.0308237457737
288.1219874829804
287.19876673910335
286.2606541757387
285.3071216076442
284.3376135504928
283.35154158738453
282.3482810123867
281.32717514247656
280.28752120449366
279.2285703388138
278.1495350036602
277.04955775691576
275.9277254456162
274.7830697367871
273.6145415717346
272.42101240418185
271.20127581735505
269.95402229539974
268.6778430320649
267.3712212118875
266.0325124728643
264.6599219946376
263.25150851127
261.80514133873186
260.31849168146243
258.78900459316776
257.2138763489972
255.58999794313578
253.91392298601312
252.1818089219282
250.38935298966248
248.5317474006987
246.6035650600803
244.59860454962723
242.50977152942897
240.3289708340664
238.04670610762398
235.6518630411599
233.13148845753662
230.46990124948314
227.64795008913487
224.64171346805193
221.42149206595226
217.9369548139973
217.3364932919742
217.36499834147082
217.7032865384362
218.1582902659097
218.97965998058572
220.13230713424622
221.59556117209925
223.75188889829042
226.5435677899009
232.37165996876453
240.98908741853305
1000.0
983.35
966.7
950.05
933.4
916.75
900.1
883.45
866.8
850.15
833.5
816.85
800.2
783.55
766.9000000000001
750.25
733.6
716.95
700.3
683.6500000000001
667.0
650.35
633.7
617.05
600.4000000000001
583.75
567.1
550.45
533.8000000000001
517.1500000000001
500.50000000000006
483.85
467.20000000000005
450.55000000000007
433.9000000000001
417.25
400.6
383.95000000000005
367.30000000000007
350.6500000000001
334.0
317.35
300.70000000000005
284.05000000000007
267.4000000000001
250.7500000000001
234.10000000000002
217.45000000000005
200.80000000000007
184.1500000000001
167.5000000000001
150.85000000000002
134.20000000000005
117.55000000000007
100.90000000000009
84.25000000000011
67.60000000000014
50.950000000000045
34.30000000000007
17.65000000000009
1.0
0.0
145.90977592328576
293.9245806465434
444.10479220346673
596.5244323511525
751.263586817005
908.4031156661645
1068.0297488186688
1230.231206055327
1395.0988116151777
1562.72860980126
1733.2223390214724
1906.6880121269362
2083.2391708687996
2262.997326071234
2446.0919569961616
2632.6592311237205
2822.847401836631
3016.814355029671
3214.7275173269877
3416.7682729840712
3623.131749811604
3834.026539578185
4049.679060080749
4270.332896615777
4496.25030947918
4727.715612007703
4965.039132075516
5208.556518277701
5458.6361699599265
5715.6807403306875
5980.131984492975
6252.474671838245
6533.246355420826
6823.042922591941
7122.528758584825
7432.447819047276
7753.631379813399
8087.01779598564
8433.679304633442
8794.842530701986
9171.907143781933
9566.51508198188
9980.58803058452
10416.365618702197
10876.559139787061
11364.479895072005
11884.263959138872
12441.04640129258
13043.529559641272
13708.404740829805
14451.84887611569
15295.23413997041
16269.3949179682
17424.797851452226
18841.008580521197
20669.556144669532
23241.44659354723
27518.915153337774
39884.11266031521
52249.31016729273
443.0872456797216
441.2903958624665
439.052237541182
436.5925328277694
433.99359541347013
431.34565904443184
428.6755300946559
426.0150880293166
423.392531454735
420.80556994488813
418.2530504433168
415.72432972434706
413.21777814263925
410.7324983368888
408.25040788238414
405.7692587140857
403.28984500754785
400.7959741410763
398.30045086645595
395.803707378199
393.29731853536003
390.78995975582535
388.28350299142204
385.77647601153274
383.27671958753484
380.7832259318676
378.2941109016734
375.8116355266631
373.3372415907774
370.8723028590742
368.42249004839107
365.98948504393456
363.57176991722054
361.1696227105177
358.78556452155846
356.4252522415744
354.0957739885854
351.80189502832246
349.54053958205344
347.3163406347238
345.14412925025823
343.032712392323
340.97540643346474
338.99179149829234
337.08998230420247
335.28004115034634
333.57029936596876
331.9852217252647
330.5587253661949
329.285422433818
349.93599401872245
349.7465934201722
349.7095013623108
349.7241706071866
349.7536324519879
349.7690744967017
349.753180645317
349.71546331689814
349.6497138652215
349.7725941082223
351.1031255800893
420.0580473332684
417.9828530319708
415.4590741161932
412.707478949929
409.810788950866
406.8584902567443
403.8773484386453
400.8993469101986
397.9527275483366
395.0358038761513
392.147926455771
389.2790374985184
386.4279696432782
383.5941866896566
380.7600126278025
377.92343498741
375.0854080815405
372.2299386909135
369.3698311608337
366.5055651302546
363.6287614101518
360.7480448720149
357.8652525544307
354.9788875959338
352.0967200448295
349.2176804861144
346.3398283967042
343.4653505181182
340.5956120164395
337.7319075426122
334.8798027417571
332.0408857997177
329.2135544500048
326.3979691532477
323.5965378290666
320.8147933495789
318.0596740954181
315.3358183338055
312.6400175830616
309.9767297981261
307.360687603892
304.8005590419238
302.2894575466854
299.8469755371815
297.4810984534575
295.2016052699788
293.0169054182991
290.951324729419
289.0386757296021
287.2733317355185
256.1171417876074
255.4352804994358
254.8910800278397
254.3963640956162
253.9259031084004
253.4779268242879
253.0453750538436
252.6848820982725
252.4516537658683
252.5776420542222
253.4302993249298
23.02919834645318
23.30754283049567
23.5931634249888
23.88505387784039
24.18280646260409
24.48716878768755
24.79818165601062
25.11574111911802
25.43980390639836
25.76976606873683
26.10512398754579
26.44529222582869
26.78980849936109
27.13831164723216
27.49039525458167
27.8458237266757
28.20443692600735
28.56603545016275
28.93061970562222
29.29814224794442
29.6685571252082
30.0419148838105
30.41825043699132
30.79758841559891
31.17999954270535
31.56554544575325
31.95428250496915
32.34628500854492
32.74162957433794
33.14039531646197
33.54268730663396
33.94859924421682
34.35821546721575
34.77165355727
35.18902669249183
35.61045889199549
36.03609989316733
36.46607669451698
36.90052199899183
37.33961083659774
37.78344164636621
38.23215335039916
38.68594888677933
39.14481596111087
39.60888385074496
40.07843588036751
40.55339394766969
41.03389699584569
41.52004963659277
42.01209069829947
93.81885223111502
94.31131292073636
94.8184213344711
95.32780651157037
95.82772934358752
96.29114767241379
96.70780559147342
97.03058121862563
97.1980600993532
97.19495205400005
97.6728262551595
487.98660839449343
482.8486864566336
477.5292925499051
472.07461723675146
466.5065476899533
460.9381284204175
455.4379853365365
450.053614193945
444.8395884145335
439.791606665719
434.89790504527457
430.13571991699393
425.48948232742407
420.94785160790934
416.4738198224643
412.0543862728201
407.6806038324011
403.3165071306281
398.9732027835688
394.6475851247726
390.31921369240285
385.99613539321035
381.6828974031404
377.3745794501217
373.0850037644137
368.815783294285
364.56167726151943
360.32102685989616
356.0994495696412
351.8918783199428
347.70693237315095
343.54543479269057
339.4024594760174
335.2687544357143
331.1423238488518
327.0230227757911
322.9142152288213
318.817143535941
314.7112978809828
310.5805097016608
306.4389254286751
302.2976549058169
298.1227118830178
293.9548264733855
289.8347796868921
285.7473103685448
281.76831022945646
278.0809215677011
275.0503256631562
273.0443883282466
305.01605222281427
304.7280973528401
304.6302836208729
304.61746389850026
304.64204041169745
304.66530046182584
304.66507819721505
304.6422324127274
304.5859180321254
304.7129742983215
306.0842166829383
322.3089228927494
315.9279847768432
309.3106391790964
302.5044175738156
295.5334034532064
288.5366492437692
281.6008453134742
274.7918186123902
268.187238795013
261.7890674787953
255.5908194406757
249.5675501269933
243.7010332518705
237.977129639965
232.348495774195
226.7960693695993
221.3058492965313
215.8314473436906
210.384530360637
204.9586066798313
199.526881002883
194.0977849270513
188.6744559539922
183.2485491590272
177.8344567928302
172.433067260967
167.0371184797598
161.6444023771615
156.2593391369876
150.8749322061514
145.5007187000107
140.1365204080496
134.7753685033589
129.4076459746032
124.0306491795631
118.6438274951475
113.2517209105324
107.8573454403813
102.4397984107475
96.9829790159064
91.50957754642
86.03651705294624
80.527119179477
75.03662277329
69.61218978588842
64.23489793554539
59.00688399223947
54.14377953863563
50.05293976380051
47.11444637723334
23.07228391836685
21.83316872836323
20.78552989188922
19.77572744850505
18.70066416094083
17.42949153483162
15.86392732767203
13.773788531153
10.71260228420103
5.929532733113339
0.0
165.677685501744
166.9207016797904
168.2186533708087
169.5701996629359
170.9731442367469
172.4014791766483
173.8371400230623
175.2617955815548
176.6523496195205
178.0025391869237
179.3070856045989
180.5681697900006
181.7884490755536
182.9707219679443
184.1253240482693
185.2583169032208
186.3747545358698
187.4850597869375
188.5886724229318
189.6889784449413
190.7923326895199
191.8983504661591
193.0084414491482
194.1260302910945
195.2505469715835
196.382716033318
197.5245587817596
198.6766244827347
199.8401104326536
201.0169461137914
202.2062136731402
203.408914384641
204.6270909726585
205.8611084611111
207.1116746692887
208.3791952806436
209.6624943182889
210.9597980955597
212.2714994702353
213.5975306857544
214.9293478822551
216.2611378528707
217.5955927035408
218.9182037000955
220.2225899010037
221.5124124329994
222.761426237217
223.9371420290655
224.9973858993557
225.9299419510133
281.9437683044474
282.8949286244769
283.8447537289837
284.8417364499952
285.9413762507566
287.2358089269942
288.801150869543
290.8684438815744
293.8733157479244
298.7834415652082
306.0842166829383
44.899362714771826
41.558290594167104
38.47705500872311
35.482084408982004
32.51295227648312
29.592469375985814
26.762455241880588
24.038526164628408
21.447056959798402
18.986036720830924
16.64485460195789
14.411390192646877
12.271704184784909
10.215353271020405
8.223411940080098
6.285127558734388
4.390758824853407
2.5205329895518105
0.6727519171128904
-1.1561222534265028
-2.978104842957208
-4.793824362614885
-6.6006055882815815
-8.401896561411007
-10.191715823121001
-11.967442637582622
-13.732433640153914
-15.490608666766889
-17.2377920211363
-18.98042453913152
-20.71555767524012
-22.444050251243794
-24.169310441203095
-25.9008682748034
-27.64324067270661
-29.40222946578328
-31.1815587597643
-32.984751492381406
-34.829241701070686
-36.735830933063
-38.70520382158321
-40.73505748650609
-42.85269455044701
-45.036965024906806
-47.255202617310374
-49.53273078180149
-51.801989136512304
-53.90430015756348
-55.50839970303872
-56.24103410557129
-44.9199417959081
-45.01849606733188
-45.0792177414379
-45.10670670868629
-45.111592040290475
-45.1037740348759
-45.088102448102006
-45.073230904170686
-45.06379583309598
-45.059619809900596
-45.01890889715099
97.74912444051898
102.0548682551276
106.1484349370968
110.2030613761135
114.2773854976597
118.321841012975
122.2765031251711
126.1075282978084
129.7654887533237
133.246736397356
136.5571070150952
139.711487371525
142.7269363914076
145.6170570496917
148.4115168536075
151.1273656178107
153.7795587850091
156.3984913472229
158.9853008001967
161.5469584504234
164.1018804072689
166.6502599449635
169.1907966004385
171.7303384369066
174.2622632519992
176.7846132251474
179.3027099169443
181.8209481409567
184.3362728794519
186.8569753364608
189.3790840417464
191.904365391668
194.4381859466459
196.9903231786445
199.5658886495035
202.1709658544314
204.8079531848858
207.4784728934242
210.2002191723141
212.9937507822197
215.851110057472
218.7640419889776
221.7623383672084
224.8103527638915
227.8689086675691
230.9667073344333
234.0100214260596
236.8075451907833
238.9857359658016
240.1588853582851
233.0448578692405
233.6021117710725
234.1055501359505
234.6206366471111
235.2252389474596
236.0484352894563
237.1814477261716
238.9110935671194
241.7390514816672
246.6481093211088
253.4302993249298
142.6484871552908
143.6131588492947
144.6254899458199
145.6851457850955
146.7903377741428
147.9143103889608
149.0389583670517
150.1460544624368
151.2125457131221
152.2327731181869
153.2019616170531
154.1228775641719
154.9986405761925
155.8324103207121
156.6349287936876
157.4124931765451
158.1703176098625
158.9190243367747
159.6580527173096
160.3908361969969
161.1237755643117
161.8564355823486
162.5901910121569
163.3284418754956
164.0705474288782
164.8171705875648
165.5702762767904
166.3303394741898
167.0984808583156
167.8765507973293
168.6635263665063
169.4603151404242
170.2688755054428
171.0894549038411
171.9226479767969
172.7687363886481
173.6263944251215
174.4937214010428
175.3709774712434
176.2579198491567
177.1459062358888
178.0289845024715
178.9096438167614
179.7733877389847
180.6137060502587
181.4339765526318
182.2080322895473
182.9032450332198
183.4773362627629
183.9178512527138
188.1249160733324
188.5836157037406
189.0263323945126
189.5139299384248
190.1136469071691
190.9446612545804
192.0933452780696
193.8378626629487
196.6752556485712
201.5884895112082
208.4113904277788
-1.6920646253817004
-1.5604331141723267
-1.5167218257367066
-1.5036192698039517
-1.478970752700489
-1.4331449147058066
-1.3794146625248644
-1.3123319558675681
-1.2462696414077281
-1.1855836112136635
-1.1310361183088529
-1.083548386340838
-1.0413495548042633
-1.0087337515826895
-0.9815625369350065
-0.9593239798866142
-0.9470976449372996
-0.9357316537031903
-0.9261566236178316
-0.9226657450760947
-0.9194933678214143
-0.9149654585589295
-0.912183024307301
-0.906370973470668
-0.8992312169180943
-0.8937910906846576
-0.8903363488809278
-0.8847661136386038
-0.882457801517972
-0.8786562718529889
-0.8752894775300194
-0.8736484217745093
-0.876834583867602
-0.8823085368822351
-0.8907212325808662
-0.9010207402723412
-0.9131053438492667
-0.9340208201577427
-0.9654730914865395
-0.997274898115119
-1.027912104802002
-1.0723782631194034
-1.1061358091302473
-1.123348792254831
-1.1533879261284619
-1.1492136512987765
-1.0646739709077149
-0.812350735483737
-0.3709652975509966
5.735868839470058
-0.04977555486186222
-0.03061708437400068
-0.013769293167956775
-0.0022841497692702717
0.004223988473281315
0.008302982244353885
0.008086942175802081
0.005680224903994002
0.0036755251971989367
0.02278816070563794
0.0
-2.181011225553985
-2.073536018477754
-2.053811410915765
-2.063788982402673
-2.04865947904946
-2.00317595085639
-1.940549476853037
-1.852886088820054
-1.763374812223465
-1.676819566816173
-1.59780499334369
-1.527431367406515
-1.4639481284364
-1.415492529077448
-1.37567326266308
-1.343429455875126
-1.326581785422894
-1.310310296716485
-1.297570020820809
-1.294158154367766
-1.290844188134645
-1.286871491453537
-1.286367580511611
-1.282509290320556
-1.277659294904415
-1.275504857768385
-1.275576548831263
-1.274100765577123
-1.276824769826114
-1.277537084215822
-1.279144140711454
-1.283469549487912
-1.292747592938063
-1.304614822887099
-1.319563557893408
-1.335727162831073
-1.352712495951179
-1.378660562021437
-1.415022366047988
-1.447353331524786
-1.475502843511789
-1.518742948958683
-1.543926880243415
-1.549266525628529
-1.56914437036735
-1.541546009821486
-1.417044533377809
-1.103330512975467
-0.594241576932048
3.603506033002661
-0.2822687711367812
-0.2550093020973714
-0.2609094993439365
-0.306252406281557
-0.4169780042738009
-0.5739107920876165
-0.8761266712016059
-1.432460504523444
-2.486611074813585
-3.435418633590531
0.0
0.4889466001722846
0.5131029043054272
0.5370895851790584
0.5601697125987214
0.5696887263489709
0.5700310361505835
0.5611348143281726
0.5405541329524858
0.5171051708157368
0.4912359556025093
0.466768875034837
0.4438829810656771
0.4225985736321368
0.4067587774947585
0.3941107257280736
0.3841054759885118
0.3794841404855944
0.3745786430132947
0.3714133972029774
0.3714924092916714
0.3713508203132308
0.3719060328946075
0.37418455620431
0.3761383168498879
0.3784280779863207
0.3817137670837274
0.3852401999503351
0.3893346519385192
0.3943669683081419
0.3988808123628331
0.4038546631814347
0.4098211277134027
0.4159130090704609
0.422306286004864
0.4288423253125417
0.4347064225587317
0.4396071521019123
0.4446397418636942
0.4495492745614484
0.4500784334096669
0.4475907387097871
0.4463646858392795
0.4377910711131675
0.425917733373698
0.415756444238888
0.3923323585227095
0.3523705624700941
0.2909797774917299
0.2232762793810514
2.132362806467397
0.232493216274919
0.2243922177233707
0.2471402061759797
0.3039682565122867
0.4212019927470822
0.5822137743319704
0.884213613377408
1.438140729427438
2.490286600010784
3.458206794296169
0.0
1.0
1.0
1.0
1.0
1.0
1.0
1.0
1.0
1.0
1.0
1.0
1.0
1.0
1.0
1.0
1.0
1.0
1.0
1.0
1.0
1.0
1.0
1.0
1.0
1.0
1.0
1.0
1.0
1.0
1.0
1.0
1.0
1.0
1.0
1.0
1.0
1.0
1.0
1.0
1.0
1.0
1.0
1.0
1.0
1.0
1.0
1.0
1.0
1.0
1.0
0.0
0.0
0.0
0.0
0.0
0.0
0.0
0.0
0.0
0.0
0.0
1.0
1.0
1.0
1.0
1.0
1.0
1.0
1.0
1.0
1.0
1.0
1.0
1.0
1.0
1.0
1.0
0.8605561031037754
0.8605561031037754
0.8605561031037754
0.8605561031037754
0.8605561031037754
0.8605561031037754
0.8605561031037754
0.8605561031037754
0.8605561031037754
0.8605561031037754
0.8605561031037754
0.8605561031037754
0.8605561031037754
0.8605561031037754
0.8605561031037754
0.8605561031037754
0.8605561031037754
0.8605561031037754
0.8605561031037754
0.8605561031037754
0.8605561031037754
0.8605561031037754
0.8605561031037754
0.8605561031037754
0.8605561031037754
0.8605561031037754
0.8605561031037754
0.8605561031037754
0.8605561031037754
1.0
1.0
1.0
1.0
1.0
1.0
1.0
1.0
1.0
1.0
1.0
1.0
1.0
1.0
1.0
1.0
1.0
1.0
1.0
1.0
1.0
1.0
1.0
1.0
1.0
1.0
1.0
1.0
1.0
0.012230544542216604
0.012172570633014877
0.012006024442768862
0.011732471888158971
0.011133116402165145
0.010366524946087712
0.009483902294278559
0.00850173351115932
0.007582865331674699
0.006733242059544027
0.005995988545635019
0.00535681533025745
0.00480166453166476
0.00435963348104503
0.003989171815967791
0.003674331569009414
0.0034297954193901943
0.003195604669210001
0.0029826985527404283
0.0028052050200810456
0.002633294439123043
0.002473771270110354
0.0023319972114962343
0.0021933787141540607
0.002062570016109151
0.0019415400517940398
0.0018224580076981174
0.0017102369930176297
0.001605580828843089
0.0015018825286879068
0.001403184779262466
0.0013092603639503278
0.001215935826837687
0.0011257729294201122
0.0010384047337045634
0.0009520794273803797
0.0008664907125284377
0.0007825207992779384
0.000701257468912093
0.0006172775661051954
0.0005351965847483144
0.000459320846179815
0.0003797432225544556
0.00030541722920897894
0.00024164444247155465
0.00017876371632365132
0.00012332790678511947
7.542394911355045e-05
3.9926270165321237e-05
1.7643898372390853e-05
9.936849725555372e-06
7.084415999074619e-06
5.9377753231976785e-06
6.423366137384292e-06
6.9320475251747575e-06
7.599808338863663e-06
8.476571956735203e-06
9.733389080036577e-06
1.0201329250771959e-05
1.9687213924707797e-07
0.0004
0.0004
0.0004
0.0004
0.0004
0.0004
0.0004
0.0004
0.0004
0.0004
0.0004
0.0004
0.0004
0.0004
0.0004
0.0004
0.0004
0.0004
0.0004
0.0004
0.0004
0.0004
0.0004
0.0004
0.0004
0.0004
0.0004
0.0004
0.0004
0.0004
0.0004
0.0004
0.0004
0.0004
0.0004
0.0004
0.0004
0.0004
0.0004
0.0004
0.0004
0.0004
0.0004
0.0004
0.0004
0.0004
0.0004
0.0004
0.0004
0.0004
0.0004
0.0004
0.0004
0.0004
0.0004
0.0004
0.0004
0.0004
0.0004
0.0004
1.3065442837795994e-08
1.609813246251006e-08
1.8451320475760573e-08
2.016080036876345e-08
2.1358414023579076e-08
2.2454492528502163e-08
2.346184864599769e-08
2.435074770331274e-08
2.5168293008394306e-08
2.59248194795521e-08
2.6578860853539352e-08
2.717492227184444e-08
2.7727500794852817e-08
2.821868937946919e-08
2.867559255048391e-08
2.9106915692640655e-08
2.950022653046024e-08
2.9893537368279825e-08
3.0281774756529767e-08
3.065711262938458e-08
3.1032450502239386e-08
3.142093683129147e-08
3.1836199651687564e-08
3.225146247208365e-08
3.2701440677579656e-08
3.320893932168535e-08
3.3716437965791035e-08
3.428270566534462e-08
3.492899931274215e-08
3.557529296013967e-08
3.6371436914800125e-08
3.733624217274159e-08
3.8301047430683085e-08
3.959226158737696e-08
4.118778732859431e-08
4.278331306981166e-08
4.513146211348355e-08
4.806009189575067e-08
5.0988721678017794e-08
5.632170630050282e-08
6.318151527324084e-08
7.004132424597885e-08
8.255287402060394e-08
9.799336545699721e-08
1.1343385689339041e-07
1.3646888186188418e-07
1.6453988297575865e-07
1.9889493840858378e-07
2.3731543525971197e-07
2.78963375570315e-07
3.2556784487230723e-07
3.9737569592667986e-07
5.064205645747201e-07
6.801946019508522e-07
1.1053081705738778e-06
1.6111307341008319e-06
2.5512822486276946e-06
4.137854497676283e-06
6.1841356611202155e-06
2.780474791942962e-06
0.0
0.0
0.0
0.0
0.0
0.0
0.0
0.0
0.0
0.0
0.0
0.0
0.0
0.0
0.0
0.0
0.0
0.0
0.0
0.0
0.0
0.0
0.0
0.0
0.0
0.0
0.0
0.0
0.0
0.0
0.0
0.0
0.0
0.0
0.0
0.0
0.0
0.0
0.0
0.0
0.0
0.0
0.0
0.0
0.0
0.0
0.0
0.0
0.0
0.0
0.0
0.0
0.0
0.0
0.0
0.0
0.0
0.0
0.0
0.0
0.0
0.0
0.0
0.0
0.0
0.0
0.0
0.0
0.0
0.0
0.0
0.0
0.0
0.0
0.0
0.0
0.0
0.0
0.0
0.0
0.0
0.0
0.0
0.0
0.0
0.0
0.0
0.0
0.0
0.0
0.0
0.0
0.0
0.0
0.0
0.0
0.0
0.0
0.0
0.0
0.0
0.0
0.0
0.0
0.0
0.0
0.0
0.0
0.0
0.0
0.0
0.0
0.0
0.0
0.0
0.0
0.0
0.0
0.0
0.0
0.0
0.0
0.0
0.0
0.0
0.0
0.0
0.0
0.0
0.0
0.0
0.0
0.0
0.0
0.0
0.0
0.0
0.0
0.0
0.0
0.0
0.0
0.0
0.0
0.0
0.0
0.0
0.0
0.0
0.0
0.0
0.0
0.0
0.0
0.0
0.0
0.0
0.0
0.0
0.0
0.0
0.0
0.0
0.0
0.0
0.0
0.0
0.0
0.0
0.0
0.0
0.0
0.0
0.0
0.0
0.0
0.0
0.0
0.0
0.0
0.0
0.0
0.0
0.0
0.0
0.0
0.0
0.0
0.0
0.0
0.0
0.0
0.0
0.0
0.0
0.0
0.0
0.0
0.0
0.0
0.0
0.0
0.0
0.0
0.0
0.0
0.0
0.0
0.0
0.0
0.0
0.0
0.0
0.0
0.0
0.0
0.0
0.0
0.0
0.0
0.0
0.0
0.0
0.0
0.0
0.0
0.0
0.0
0.0
0.0
0.0
0.0
0.0
0.0
0.0
0.0
0.0
0.0
0.0
0.0
0.0
0.0
0.0
0.0
0.0
0.0
0.0
0.0
0.0
0.0
0.0
0.0
0.0
0.0
0.0
0.0
0.0
0.0
0.0
0.0
0.0
0.0
0.0
0.0
0.0
0.0
0.0
0.0
0.0
0.0
0.0
0.0
0.0
0.0
0.0
0.0
0.0
0.0
0.0
0.0
0.0
0.0
0.0
0.0
0.0
0.0
0.0
0.0
0.0
0.0
0.0
0.0
0.0
0.0
0.0
0.0
0.0
0.0
0.0
0.0
2
2
1
293.3758513503231
-45.01890889715099
0.0
0.0
49.0
5.783625987995279
1.0
2.0
3.0
4.0
5.0
6.0
7.0
8.0
9.0
10.0
11.0
12.0
13.0
14.0
15.0
16.0
17.0
18.0
19.0
20.0
21.0
22.0
23.0
24.0
25.0
26.0
27.0
28.0
29.0
30.0
31.0
32.0
33.0
34.0
35.0
36.0
37.0
38.0
39.0
40.0
41.0
42.0
43.0
44.0
45.0
46.0
47.0
48.0
49.0
50.0
51.0
52.0
53.0
54.0
55.0
56.0
57.0
58.0
59.0
60.0
0.0
0.0
0.0
0.0
0.0
0.0
0.0
0.0
0.0
0.0
0.0
0.0
0.0
0.0
0.0
0.0
0.0
0.0
0.0
0.0
0.0
0.0
0.0
0.0
0.0
0.0
0.0
0.0
0.0
0.0
0.0
0.0
0.0
0.0
0.0
0.0
0.0
0.0
0.0
0.0
0.0
0.0
0.0
0.0
0.0
0.0
0.0
0.0
0.0
0.99
0.0
0.0
0.0
0.0
0.0
0.0
0.0
0.0
0.0
0.0
0.0
0.0
0.0
0.0
0.0
0.0
0.0
0.0
0.0
0.0
0.0
0.0
0.0
0.0
0.0
0.0
0.0
0.0
0.0
0.0
0.0
0.0
0.0
0.0
0.0
0.0
0.0
0.0
0.0
0.0
0.0
0.0
0.0
0.0
0.0
0.0
0.0
0.0
0.0
0.0
0.0
0.0
0.0
0.0
0.0
0.0
0.0
0.0
0.0
2.45
0.0
0.0
0.0
0.0
0.0
0.0
0.0
0.0
0.0
0.0
0.0
0.0
0.0
0.0
0.0
0.0
0.0
0.0
0.0
0.0
0.0
0.0
0.0
0.0
0.0
0.0
0.0
0.0
0.0
0.0
0.0
0.0
0.0
0.0
0.0
0.0
0.0
0.0
0.0
0.0
0.0
0.0
0.0
0.0
0.0
0.0
0.0
0.0
0.0
0.0
0.0
0.0
0.0
0.0
0.0
0.0
0.0
0.0
0.0
0.5
0.0
0.0
0.0
0.0
0.0
0.0
0.0
0.0
0.0
0.0
45.0
