9.81
6.022e+23
0
0
0
3
0
1
320.4446196452224
2
2
0
0
1
1
0
1
60
7
1000.0
1.0


3
3.0
0
77.072922555375
0
5.783625987995279
150.0
1000.0
287.04
9.81
79000.0
40.0
20000.0
0.0
0.0
0.0
0.0
0.0280134
0.04401
0.0319988
0.039948
0.01604
0.01801528
0.048
99000.0
2.1153802199668344e+29
0.8
1e-06
1000000.0
0.6
3.0
0.0001
1000
51
3.7261564196084276
0
2
6.0
1.0
1.0
0.0
1
1
0.01
1000000000000.0
1
322.578347583782
321.7574104515011
320.6690680944861
319.7053864612394
318.7272296852215
317.7341097747108
316.7255128219364
315.7008971048138
314.65969100991555
313.6012907559499
312.5250578941526
311.4303165582325
310.3163506716707
309.18226925498635
308.0980149046888
306.9927011595551
305.8499534858394
304.68025474048625
303.481922658434
302.24767099007624
300.9824382841751
299.68311341875375
298.3475763955934
296.97587705234463
295.56582270649227
294.11624478709575
292.6264516097858
291.09246190780675
289.51035348585583
287.88274294036194
286.20327494814126
284.46946478262873
282.67805437129516
280.82557190199134
278.9105162301643
276.9306818298618
274.8837126578158
272.762411740916
270.55826196638037
268.2704879715278
265.8882652996093
263.38959001380164
260.77663301139734
258.04825508040625
255.19503391368994
252.17598889153123
248.96826608813646
245.5437515912115
241.86571198144284
238.08521209475364
234.0472384159495
229.66432091619086
228.55576348294548
227.8379558065243
227.5472179530415
227.67463083395901
227.6260054772474
228.86391724261944
230.2516171670183
238.00935166035399
319.46806610848785
318.6561555298112
317.5769705789306
316.6225814589835
315.65385677584555
314.67031324335454
313.6714419091995
312.65670627496115
311.6255402391103
310.5773458424387
309.51149079255356
308.427305740337
307.3240815164674
306.20093447095644
305.12781498781425
304.03384489093486
302.9026584733334
301.74474800941545
300.55844129707594
299.3364628565257
298.08376278211415
296.7972423508247
295.47479490442805
294.11648466091754
292.7201344713949
291.28459258063987
289.80918554963193
288.2899519561895
286.72299124459266
285.11094367287313
283.4474798659277
281.7301436413748
279.95570843141854
278.12073732062396
276.22376796700246
274.26263816912206
272.2350404741468
270.1338326705831
267.9505596892607
265.68451686857225
263.3249608305171
260.8499812696906
258.2618580508439
255.55957987534634
252.73387604744832
249.74394761835183
246.56716107147102
243.17567374068432
239.5330915787703
235.79091260823117
231.79466008909196
227.4605605745506
226.14033592927868
225.55108570891912
225.70264707304958
226.05464956301046
227.6260054772474
228.86391724261944
230.2516171670183
238.00935166035399
991.675
975.0250000000001
958.375
941.7249999999999
925.075
908.425
891.7750000000001
875.125
858.4749999999999
841.825
825.175
808.5250000000001
791.875
775.225
758.575
741.925
725.2750000000001
708.625
691.975
675.325
658.675
642.0250000000001
625.375
608.725
592.075
575.425
558.7750000000001
542.125
525.4750000000001
508.82500000000005
492.17500000000007
475.52500000000003
458.87500000000006
442.2250000000001
425.57500000000005
408.925
392.27500000000003
375.62500000000006
358.9750000000001
342.32500000000005
325.675
309.02500000000003
292.37500000000006
275.7250000000001
259.0750000000001
242.42500000000007
225.77500000000003
209.12500000000006
192.47500000000008
175.8250000000001
159.17500000000007
142.52500000000003
125.87500000000006
109.22500000000008
92.5750000000001
75.92500000000013
59.27500000000009
42.62500000000006
25.97500000000008
9.325000000000045
991.675
975.0250000000001
958.375
941.7249999999999
925.075
908.425
891.7750000000001
875.125
858.4749999999999
841.825
825.175
808.5250000000001
791.875
775.225
758.575
741.925
725.2750000000001
708.625
691.975
675.325
658.675
642.0250000000001
625.375
608.725
592.075
575.425
558.7750000000001
542.125
525.4750000000001
508.82500000000005
492.17500000000007
475.52500000000003
458.87500000000006
442.2250000000001
425.57500000000005
408.925
392.27500000000003
375.62500000000006
358.9750000000001
342.32500000000005
325.675
309.02500000000003
292.37500000000006
275.7250000000001
259.0750000000001
242.42500000000007
225.77500000000003
209.12500000000006
192.47500000000008
175.8250000000001
159.17500000000007
142.52500000000003
125.87500000000006
109.22500000000008
92.5750000000001
75.92500000000013
59.27500000000009
42.62500000000006
25.97500000000008
9.325000000000045
80.34948436721527
242.20300064265345
406.40281333172913
573.0252116761121
742.150389903092
913.8627227150741
1088.2510657489972
1265.4090837898068
1445.4356098928847
1628.4350389988658
1814.517760120729
2003.8006318334576
2196.4074651373376
2392.4923120894573
2592.2187053662947
2795.732513483733
3003.187880516509
3214.7529514435805
3430.6049447918845
3650.9335762208793
3875.9437793264083
4105.854629472759
4340.902162534922
4581.34115218009
4827.446789259113
5079.517813155211
5337.877932353154
5602.8775716304
5874.900405692567
6154.366629264878
6441.735469024123
6737.512272748232
7042.254773857248
7356.582319855268
7681.186359007978
8016.841818385294
8364.418418676125
8724.894028800592
9099.379914551697
9489.14502715155
9895.632997586032
10320.512693104803
10765.748089647495
11233.66120522256
11726.988604442111
12248.987265563204
12803.6086760854
13395.7137852389
14031.653871510549
14719.665488288356
15470.350895756903
16305.162240049085
17255.56992244625
18362.42039171006
19691.601144288048
21357.468510315237
23600.779053465172
27067.925841730703
35444.498718285504
56560.69457252452
79.5746966550569
239.8675045404652
402.48398418667085
567.499689200805
734.9940405210125
905.0505992494848
1077.7573642146394
1253.2070970197292
1431.4976777023626
1612.7324945538116
1797.0208721386532
1984.4785422001282
2175.2281214708973
2369.4223947247747
2567.2235481644516
2768.776017793217
2974.2324215219633
3183.7592760326093
3397.5320599476354
3615.7386268045043
3838.581913944934
4066.2788529292434
4299.063173122726
4537.187161803785
4780.923324031191
5030.567491717946
5286.440218693115
5548.8884985693085
5818.292264526876
6095.067620154645
6379.669305656613
6672.597733466739
6974.405189776432
7285.704988381108
7607.181868508831
7939.603266337044
8283.83050117601
8640.831973557502
9011.708221815366
9397.715972820733
9800.284838888783
10221.067498217744
10662.009086065136
11125.409503974799
11613.979102659632
12130.943449127144
12680.215921703115
13266.610570635497
13896.419996327048
14577.805853377373
15321.277592508523
16147.64821374589
17088.28156213739
18185.17840261523
19504.308247108238
21164.978252543435
23408.28879569337
26875.4355839589
35252.0084605137
56560.69457252452
3.521179111399233e+23
3.521179111399233e+23
3.521179111399257e+23
3.521179111399233e+23
3.521179111399233e+23
3.521179111399233e+23
3.521179111399233e+23
3.521179111399257e+23
3.521179111399233e+23
3.521179111399233e+23
3.521179111399233e+23
3.521179111399233e+23
3.521179111399257e+23
3.5211791113992086e+23
3.521179111399257e+23
3.521179111399233e+23
3.521179111399233e+23
3.521179111399257e+23
3.5211791113992086e+23
3.521179111399257e+23
3.521179111399233e+23
3.521179111399233e+23
3.521179111399257e+23
3.5211791113992086e+23
3.521179111399257e+23
3.521179111399233e+23
3.521179111399233e+23
3.521179111399233e+23
3.521179111399233e+23
3.521179111399244e+23
3.521179111399244e+23
3.521179111399233e+23
3.521179111399233e+23
3.521179111399233e+23
3.521179111399257e+23
3.521179111399233e+23
3.521179111399233e+23
3.521179111399233e+23
3.521179111399233e+23
3.521179111399257e+23
3.521179111399233e+23
3.521179111399233e+23
3.521179111399233e+23
3.521179111399233e+23
3.521179111399233e+23
3.521179111399257e+23
3.521179111399233e+23
3.521179111399233e+23
3.521179111399233e+23
3.521179111399233e+23
3.521179111399257e+23
3.521179111399233e+23
3.521179111399233e+23
3.521179111399233e+23
3.521179111399233e+23
3.521179111399233e+23
3.521179111399257e+23
3.521179111399233e+23
3.521179111399233e+23
3.521179111399257e+23
3.521179111399233e+23
3.521179111399233e+23
3.521179111399257e+23
3.521179111399233e+23
3.521179111399233e+23
3.521179111399233e+23
3.521179111399233e+23
3.521179111399257e+23
3.521179111399233e+23
3.521179111399233e+23
3.521179111399233e+23
3.521179111399233e+23
3.521179111399257e+23
3.5211791113992086e+23
3.521179111399257e+23
3.521179111399233e+23
3.521179111399233e+23
3.521179111399257e+23
3.5211791113992086e+23
3.521179111399257e+23
3.521179111399233e+23
3.521179111399233e+23
3.521179111399257e+23
3.5211791113992086e+23
3.521179111399257e+23
3.521179111399233e+23
3.521179111399233e+23
3.521179111399233e+23
3.521179111399233e+23
3.521179111399244e+23
3.521179111399244e+23
3.521179111399233e+23
3.521179111399233e+23
3.521179111399233e+23
3.521179111399257e+23
3.521179111399233e+23
3.521179111399233e+23
3.521179111399233e+23
3.521179111399233e+23
3.521179111399257e+23
3.521179111399233e+23
3.521179111399233e+23
3.521179111399233e+23
3.521179111399233e+23
3.521179111399233e+23
3.521179111399257e+23
3.521179111399233e+23
3.521179111399233e+23
3.521179111399233e+23
3.521179111399233e+23
3.521179111399257e+23
3.521179111399233e+23
3.521179111399233e+23
3.521179111399233e+23
3.521179111399233e+23
3.521179111399233e+23
3.521179111399257e+23
3.521179111399233e+23
3.521179111399233e+23
3.521179111399257e+23
-3.107679669364711
-3.8277481460244807
-3.853749639706648
-4.960942472475857
-5.951507532611104
-6.799635718014068
-7.3492653733157765
-7.4043237206559205
-7.1649496782985596
-6.694273195266319
-6.146016406449142
-5.566222973987423
-4.975433745031163
-4.430898122395706
-4.116608374620224
-3.8092079492107636
-3.5626435515048898
-3.3225890268351104
-3.096648968757862
-2.9161267992489655
-2.752306748827638
-2.607313817023762
-2.489555124943469
-2.389210190603121
-2.3089451033119484
-2.2563709087224884
-2.225642575212413
-2.216520145149149
-2.243618324131784
-2.2721856681482153
-2.3352443999801533
-2.4269139476202417
-2.5408089549271295
-2.6893343835093417
-2.857023798708982
-3.033127781000896
-3.2024504724681333
-3.3775701182868954
-3.5585954529849806
-3.710217463392439
-3.8492413431829897
-4.0269337136810055
-4.180687537396419
-4.367490824794377
-4.743259790859467
-5.1465326610330555
-5.65419530061034
-5.988998501628125
-5.633804116826015
-2.6771453990226304
-2.251076545027719
-0.3144343920181546
-0.13483040755691045
-0.14039599774227404
-0.12047626153832233
-0.15904937145138995
0.09080286169053857
0.07441622500584438
0.060848340601583235
0.022089672304113704
-3.7784822097116644
-4.545224260833115
-4.612732659033585
-5.642788639165658
-6.467988048113848
-7.089934480539674
-7.392687104822133
-7.223000340373132
-6.816267259334263
-6.243975824015755
-5.639901111719612
-5.04118165510141
-4.452245788221258
-3.914337275951815
-3.6184045265066116
-3.328346615374243
-3.099804783153483
-2.890641410058314
-2.7001248972919454
-2.5470595389912907
-2.410071581899696
-2.301738640671124
-2.2208934262449866
-2.1633120980870033
-2.1332936911327445
-2.1167113251084317
-2.109739705052592
-2.1300823199495498
-2.176020595359541
-2.2426079435444195
-2.32403826341262
-2.425557949325024
-2.5513947994590844
-2.6915797351432134
-2.8361784933433705
-2.98113857054379
-3.116696274996992
-3.2465225596419374
-3.383351671244372
-3.510393124541706
-3.6316856316745523
-3.7995003446127584
-3.9595475205277944
-4.154856159465522
-4.532764662432777
-4.954278229746057
-5.4802602368944395
-5.750536655116546
-5.326722422626384
-3.99388349917688
-1.8915323327254348
-0.12079988947279062
0.1352948392626894
0.14094633904567802
0.12093725351560441
0.15961859932863992
-0.09029257875406863
-0.07408406222926635
-0.06045500117207514
-0.021928014107841162
-3.7478716051975027
-3.2075281976028407
-3.9718114839666896
-4.9767296544427495
-5.956831982140869
-6.802495180107854
-7.350116211173855
-7.405387770805433
-7.16563548831374
-6.6948072939829615
-6.14644616855918
-5.566562521315291
-4.975631861360412
-4.430905295624001
-4.1165551080335945
-3.8093343981379064
-3.5626209857971105
-3.3227458490891024
-3.096581881322777
-2.916226684802183
-2.7523126331812193
-2.6074515183981077
-2.4895912053038955
-2.3894844107632025
-2.308718755836793
-2.256343440525683
-2.225763481902817
-2.216599771623123
-2.243885141748393
-2.272062679138884
-2.335393891379198
-2.4266516337563075
-2.5410035282104957
-2.6887695917490078
-2.85722587796991
-3.033321286108503
-3.2029252624133733
-3.3773453082092146
-3.5584953812826825
-3.7104630734419004
-3.8496168078493156
-4.0265128483274
-4.180946616525091
-4.367567823162801
-4.74350177236974
-5.145828048185081
-5.653661275475088
-5.9889040484292195
-5.633783155705856
-2.676979759379833
-2.2510192650973124
-0.31438738317359594
-0.13489680688476824
-0.140429072172509
-0.12049792169500506
-0.15907229488479402
0.09078216526290817
0.07437656735456244
0.060826948254742774
0.02208565368906079
-4.381446477894997
-3.963056816403622
-4.724834398878812
-5.65660332529427
-6.473501877546397
-7.092363099118586
-7.393478473816202
-7.2235060029091755
-6.816616629994755
-6.244155701164388
-5.640009114932411
-5.041445173847393
-4.452301754835304
-3.9144593483830192
-3.6183221769233
-3.328356794580486
-3.099740686183196
-2.8907771297364206
-2.7000652493015025
-2.5470309107639935
-2.4100610385970924
-2.3018957403165814
-2.22087131893133
-2.163553141743705
-2.1333575916677034
-2.1165799129190646
-2.109987222497409
-2.130230181790097
-2.1764548015686103
-2.242203005671911
-2.3240101907962867
-2.4254570186518833
-2.5516451895955186
-2.6913367540448974
-2.836460361133703
-2.981116394746209
-3.1171735601769797
-3.246156053318998
-3.383548892176094
-3.5106210448745117
-3.6316087551429064
-3.798784767447586
-3.9597180786628883
-4.155066122690329
-4.53285522127851
-4.95377083654725
-5.479964011459401
-5.7503290891409335
-5.326664716789708
-3.9938318469958745
-1.8914064800289339
-0.12075646412290553
0.13523768877172415
0.14091655316653373
0.12091763915975662
0.15959628944179372
-0.09031279959768312
-0.07412325514212625
-0.06047534819356315
-0.021931658577443613
3.749538332745791e-05
3.6871085195055735e-05
3.624678706265356e-05
3.562248893025138e-05
3.499819079784922e-05
3.437389266544704e-05
3.3749594533044864e-05
3.3125296400642696e-05
3.2500998268240515e-05
3.187670013583834e-05
3.125240200343617e-05
3.062810387103399e-05
3.000380573863182e-05
2.9379507606229644e-05
2.8755209473827476e-05
2.8130911341425295e-05
2.7506613209023124e-05
2.688231507662095e-05
2.6258016944218772e-05
2.5633718811816605e-05
2.5009420679414427e-05
2.438512254701225e-05
2.376082441461008e-05
2.3136526282207904e-05
2.251222814980573e-05
2.1887930017403552e-05
2.1263631885001384e-05
2.0639333752599207e-05
2.0015035620197032e-05
1.9390737487794865e-05
1.8766439355392687e-05
1.814214122299051e-05
1.751784309058834e-05
1.689354495818616e-05
1.626924682578399e-05
1.5644948693381812e-05
1.5020650560979638e-05
1.4396352428577467e-05
1.3772054296175294e-05
1.3147756163773118e-05
1.2523458031370942e-05
1.1899159898968768e-05
1.1274861766566594e-05
1.0650563634164423e-05
1.0026265501762248e-05
9.401967369360076e-06
8.777669236957896e-06
8.153371104555724e-06
7.52907297215355e-06
6.904774839751378e-06
6.280476707349204e-06
5.656178574947027e-06
5.031880442544853e-06
4.40758231014268e-06
3.783284177740506e-06
3.1589860453383336e-06
2.5346879129361597e-06
1.910389780533982e-06
1.286091648131809e-06
6.617935157296355e-07
2.709163552064335e-05
2.664055978922464e-05
2.6189484057805923e-05
2.573840832638721e-05
2.5287332594968504e-05
2.4836256863549786e-05
2.4385181132131078e-05
2.393410540071237e-05
2.3483029669293652e-05
2.303195393787494e-05
2.2580878206456233e-05
2.212980247503752e-05
2.1678726743618807e-05
2.1227651012200096e-05
2.0776575280781385e-05
2.032549954936267e-05
1.9874423817943962e-05
1.9423348086525248e-05
1.8972272355106533e-05
1.852119662368783e-05
1.8070120892269114e-05
1.76190451608504e-05
1.7167969429431692e-05
1.6716893698012977e-05
1.626581796659427e-05
1.5814742235175555e-05
1.5363666503756844e-05
1.491259077233813e-05
1.4461515040919421e-05
1.401043930950071e-05
1.3559363578081997e-05
1.3108287846663284e-05
1.2657212115244573e-05
1.2206136383825863e-05
1.175506065240715e-05
1.1303984920988438e-05
1.0852909189569726e-05
1.0401833458151015e-05
9.950757726732304e-06
9.499681995313593e-06
9.048606263894878e-06
8.597530532476167e-06
8.146454801057456e-06
7.695379069638746e-06
7.244303338220034e-06
6.793227606801324e-06
6.342151875382608e-06
5.891076143963897e-06
5.440000412545187e-06
4.9889246811264746e-06
4.537848949707764e-06
4.08677321828905e-06
3.6356974868703384e-06
3.1846217554516276e-06
2.7335460240329164e-06
2.2824702926142056e-06
1.831394561195494e-06
1.3803188297767798e-06
9.292430983580687e-07
4.781673669393576e-07
-16.649999999999977
-16.649999999999977
-16.65000000000009
-16.649999999999977
-16.649999999999977
-16.649999999999977
-16.649999999999977
-16.65000000000009
-16.649999999999977
-16.649999999999977
-16.649999999999977
-16.649999999999977
-16.65000000000009
-16.649999999999864
-16.65000000000009
-16.649999999999977
-16.649999999999977
-16.65000000000009
-16.649999999999864
-16.65000000000009
-16.649999999999977
-16.649999999999977
-16.65000000000009
-16.649999999999864
-16.65000000000009
-16.649999999999977
-16.649999999999977
-16.649999999999977
-16.649999999999977
-16.650000000000034
-16.650000000000034
-16.649999999999977
-16.649999999999977
-16.649999999999977
-16.65000000000009
-16.649999999999977
-16.649999999999977
-16.649999999999977
-16.649999999999977
-16.65000000000009
-16.649999999999977
-16.649999999999977
-16.649999999999977
-16.649999999999977
-16.649999999999977
-16.65000000000009
-16.649999999999977
-16.649999999999977
-16.649999999999977
-16.649999999999977
-16.65000000000009
-16.649999999999977
-16.649999999999977
-16.649999999999977
-16.649999999999977
-16.649999999999977
-16.65000000000009
-16.649999999999977
-16.649999999999977
-16.65000000000009
-16.649999999999977
-16.649999999999977
-16.65000000000009
-16.649999999999977
-16.649999999999977
-16.649999999999977
-16.649999999999977
-16.65000000000009
-16.649999999999977
-16.649999999999977
-16.649999999999977
-16.649999999999977
-16.65000000000009
-16.649999999999864
-16.65000000000009
-16.649999999999977
-16.649999999999977
-16.65000000000009
-16.649999999999864
-16.65000000000009
-16.649999999999977
-16.649999999999977
-16.65000000000009
-16.649999999999864
-16.65000000000009
-16.649999999999977
-16.649999999999977
-16.649999999999977
-16.649999999999977
-16.650000000000034
-16.650000000000034
-16.649999999999977
-16.649999999999977
-16.649999999999977
-16.65000000000009
-16.649999999999977
-16.649999999999977
-16.649999999999977
-16.649999999999977
-16.65000000000009
-16.649999999999977
-16.649999999999977
-16.649999999999977
-16.649999999999977
-16.649999999999977
-16.65000000000009
-16.649999999999977
-16.649999999999977
-16.649999999999977
-16.649999999999977
-16.65000000000009
-16.649999999999977
-16.649999999999977
-16.649999999999977
-16.649999999999977
-16.649999999999977
-16.65000000000009
-16.649999999999977
-16.649999999999977
-16.65000000000009
323.55483860135763
322.62541586954114
321.68263819539953
320.72607526175614
319.7552749289062
318.76976170972034
317.76903510788486
316.7525678041715
315.7198036736398
314.670155614375
313.60300316570846
312.5176898907804
311.4135204938682
310.2897581176568
309.1453576604995
307.97947260036784
306.7912621614117
305.5797840961281
304.34403567667994
303.0829696995484
301.7954388794156
300.48021998305796
299.13600214375856
297.761365941793
296.35478376568034
294.91460002498826
293.43901471642823
291.92608342567866
290.3736971153617
288.7795267608585
287.1410408885223
285.45545898131525
283.7197160711924
281.9304256831937
280.0838101436385
278.17564896988995
276.2011988679042
274.15514285336775
272.03148665439556
269.82337025143266
267.5229753855027
265.12142147220806
262.60828488795494
259.97127145176864
257.1958159772274
254.26482911833602
251.15772593291004
247.8493835115465
244.3086969390601
240.49330429200916
236.35029320538254
231.85555799963686
229.1099128440099
228.1968094341368
227.69253199503885
227.61086737647298
227.65025821742557
228.2449177396772
229.55773071829546
234.1304539528773
241.88821224326682
320.4445571260635
319.52409655894144
318.5904098273139
317.6430707634252
316.6816315874197
315.7056213971493
314.7145445224376
313.70787872883915
312.6850732539609
311.64554665713746
310.5886844606177
309.5138365573671
308.4203143561845
307.30738810962794
306.17402026516254
305.0193723266496
303.84261206258344
302.64280633463835
301.41896214072204
300.1700426774842
298.8949117990728
297.5923582239729
296.2610839316796
294.8996833362352
293.50664375307787
292.08032573208993
290.61894676110876
289.12058142538433
287.5831413771155
286.00432018127236
284.3816110978247
282.7122607722795
280.99323416241424
279.2211778769125
277.3923509518788
275.50257380001983
273.5471488809889
271.52081063763904
269.41762289415254
267.2307916221303
264.9525739735881
262.57417611063244
260.08527492600257
257.4736936573083
254.72500552626218
251.82228600151223
248.7451486680692
245.46871290775061
241.9621740064958
238.18354858392252
234.08041210511837
229.62737042283112
226.8003098075442
225.84566060850082
225.6268115062403
225.87859130100273
226.84026758195128
228.2449177396772
229.55773071829546
234.1304539528773
241.88821224326682
1000.0
983.35
966.7
950.05
933.4
916.75
900.1
883.45
866.8
850.15
833.5
816.85
800.2
783.55
766.9000000000001
750.25
733.6
716.95
700.3
683.6500000000001
667.0
650.35
633.7
617.05
600.4000000000001
583.75
567.1
550.45
533.8000000000001
517.1500000000001
500.50000000000006
483.85
467.20000000000005
450.55000000000007
433.9000000000001
417.25
400.6
383.95000000000005
367.30000000000007
350.6500000000001
334.0
317.35
300.70000000000005
284.05000000000007
267.4000000000001
250.7500000000001
234.10000000000002
217.45000000000005
200.80000000000007
184.1500000000001
167.5000000000001
150.85000000000002
134.20000000000005
117.55000000000007
100.90000000000009
84.25000000000011
67.60000000000014
50.950000000000045
34.30000000000007
17.65000000000009
1.0
1000.0
983.35
966.7
950.05
933.4
916.75
900.1
883.45
866.8
850.15
833.5
816.85
800.2
783.55
766.9000000000001
750.25
733.6
716.95
700.3
683.6500000000001
667.0
650.35
633.7
617.05
600.4000000000001
583.75
567.1
550.45
533.8000000000001
517.1500000000001
500.50000000000006
483.85
467.20000000000005
450.55000000000007
433.9000000000001
417.25
400.6
383.95000000000005
367.30000000000007
350.6500000000001
334.0
317.35
300.70000000000005
284.05000000000007
267.4000000000001
250.7500000000001
234.10000000000002
217.45000000000005
200.80000000000007
184.1500000000001
167.5000000000001
150.85000000000002
134.20000000000005
117.55000000000007
100.90000000000009
84.25000000000011
67.60000000000014
50.950000000000045
34.30000000000007
17.65000000000009
1.0
0.0
160.69896873443054
323.70703255087636
489.09859411258196
656.9518292396423
827.3489505665417
1000.3764948636066
1176.125636634388
1354.6925309452256
1536.1786888405438
1720.6913891571876
1908.3441310842704
2099.2571325826448
2293.55779769203
2491.4268264868847
2693.010584245705
2898.4544427217606
3107.9213183112574
3321.5845845759036
3539.6253050078653
3762.2418474338933
3989.645711218923
4222.063547726595
4459.74077734325
4702.941527016931
4951.952051501295
5207.083574809129
5468.672289897181
5737.082853363619
6012.717958021515
6296.015300508239
6587.455637540005
6887.56890795646
7196.940639758038
7516.223999952498
7846.148718063459
8187.534918707129
8541.30191864512
8908.486138956065
9290.27369014733
9688.01636415577
10103.249631016291
10537.775755193315
10993.720424101677
11473.601986343441
11980.37522254078
12517.599308585628
13089.618043585171
13701.80952689263
14361.498216128468
15077.832760448244
15862.869031065562
16747.455449032608
17763.6843958599
18961.156387560226
20422.045901015874
22292.891119614596
24908.666987315744
29227.18469614566
41661.81274042535
54096.44078470512
0.0
159.1493933101138
320.5856157708166
484.3823526025251
650.617025799085
819.3710552429399
990.7301432560298
1164.7845851732493
1341.629608866209
1521.3657465385159
1704.0992425691072
1889.9425017081992
2079.0145826920575
2271.441660249737
2467.4031291998117
2667.0439671290915
2870.5080684573427
3077.956774586584
3289.5617774786347
3505.502342416636
3725.9749111923725
3951.188916697495
4181.368789160992
4416.757557084459
4657.6167665231105
4904.229881539271
5156.90510189662
5415.975335489608
5681.801661649009
5954.782867404744
6235.352372904546
6523.986238408678
6821.2092285248
7127.601151028064
7443.8088257341515
7770.5549112835115
8108.651621390578
8459.009380961443
8822.654566153564
9200.76187747717
9594.670068164296
10005.899609613269
10436.235386822222
10887.782785308049
11363.036222641547
11864.921982677717
12396.964915576571
12963.466927829657
13569.754213441336
14223.08577921276
14932.525927541987
15710.02925747506
16585.26717001672
17591.29595425806
18779.060850972404
20229.55564324407
22100.400861842794
24716.176729543942
29034.69443837386
41469.322482653544
53903.95052693332
644.15543162854
639.6576176585273
634.1139312913632
628.3684712951224
622.4244035684756
616.4324505789486
610.4662181367245
604.5818359148444
598.8285815004127
593.2035351487631
587.7008892966535
582.2967220733119
576.9761195591134
571.7310315145666
566.5219110759828
561.4178848567717
556.361284259527
551.2841197167219
546.2123909632103
541.1413271275082
536.0447984865935
530.9376639716909
525.8207316036331
520.6841492831992
515.545060071528
510.3946437617691
505.2358224997542
500.0720326410902
494.9077605272101
489.73389081218403
484.55599597399396
479.3825719535328
474.2161074067142
469.0583107446119
463.918988624465
458.80341778336253
453.7236426503958
448.7009911548489
443.7348019782134
438.8296903930465
434.0217204484583
429.3272481000725
424.73531939691355
420.297787792935
416.0369915875965
411.9519748004904
408.0817133468229
404.47022369245013
401.1934812372032
398.2900918363941
400.00697583726594
397.9701268984077
396.3510902497898
395.3830685441382
394.55643991994555
393.77322069669947
392.98277521328754
392.08706509632583
391.2501758892514
390.75521359350637
391.9648462365679
621.6811523387842
617.5469621306867
612.4415293719919
607.1425264548311
601.6459967885465
596.0892349984872
590.5519650122584
585.0873584666239
579.7500429630194
574.527936450175
569.4242675997049
564.4176149799209
559.4911447879311
554.6333063706078
549.8091585581341
545.0918404869486
540.4175407101808
535.7299800494906
531.0474371195627
526.3629561913059
521.6551208617775
516.9413120934187
512.2228254047536
507.48316548332286
502.7405706030628
497.9903290188166
493.2306144170882
488.46004187727624
483.6877941749277
478.90587971187637
474.1371946671
469.3719735569843
464.6176939048311
459.87304588501127
455.1449333424607
450.43823895408417
445.77244364004287
441.1586260113509
436.59513485781895
432.08905619071203
427.67557879113576
423.3681370929728
419.15492532537087
415.0826954878988
411.1711689871529
407.4253488724939
403.87497806750287
400.5594191502808
397.55190586195727
394.88458527580883
392.64696763048926
390.77719900547885
389.26500362349134
388.33337343509464
387.5998582313444
386.9379311927689
386.3138603244409
385.7593924989388
385.091938808486
384.7381635963519
386.0110480965332
621.4449952234761
616.5694045909522
610.641325985983
604.5053161461676
598.1645539180811
591.7689422377864
585.3920213449595
579.0900525952429
572.9124885847585
566.8569944287152
560.9182385529803
555.0728067211792
549.3061551536769
543.6105030831848
537.9465854644002
532.3836621455171
526.8641454832313
521.3201380669994
515.7775875664775
510.2319199216384
504.6569685980256
499.0674443679769
493.4640235017219
487.8367346917426
482.2025609404393
476.5525416675511
470.8894957464415
465.2168787449451
459.5390739081071
453.8468619125645
448.1456882718744
442.4439371575945
436.7439804852124
431.0472965785298
425.363601102362
419.6980885336003
414.0626921240758
408.4786603516935
402.9453025673373
397.4670831218138
392.0799873410949
386.8002541754037
381.6168380808754
376.5817303922127
371.7171835828035
367.0220277579349
362.5357585983251
358.3021746485599
354.3972167531327
350.8594908125009
343.4433422450293
340.8083080279084
338.5776315715366
336.9956838477122
335.560507386474
334.1896354872089
332.840607602664
331.4461067298747
330.2102457755207
329.4238341330919
330.0008737771066
597.8951594557766
593.3638576202167
587.8551396234565
582.1469535331989
576.2352753231069
570.2564665937972
564.2900946207307
558.3893839112078
552.609117587377
546.9377866220608
541.3789737018164
535.9117779736583
530.5197574483248
525.1916521212696
519.8928379965719
514.6966120055091
509.5392635994574
504.3646334697333
499.1909565299127
494.0114265134915
488.8046003866265
483.5877224321218
478.3619779486022
473.1107775334265
467.8522251925743
462.5814734906174
457.2966496698848
451.9964208072143
446.6898839102432
441.3689643155476
436.0564493576133
430.742488940767
425.4344611463651
420.1308801843624
414.8385905475502
409.5624198725213
404.3217722458213
399.127684179343
393.9784840440818
388.8811585082925
383.8708856378113
378.9610581737664
374.1398466030381
369.4542497065131
364.9240140655988
360.5540446487388
356.3747100342721
352.4253636056203
348.7794251016957
345.4692624542317
342.5843714069617
340.063257311856
337.8975532819077
336.3128492361722
334.9310096965058
333.6380926971701
332.4067450022806
331.2942490299765
330.1513228127311
329.4107764922137
330.0005275355841
22.71043640506393
23.08821306757513
23.47260530538017
23.86315514895475
24.25984965039444
24.66350834116228
25.074196791765
25.49178331960147
25.91609291565419
26.34654072004782
26.78265074367321
27.22391535213279
27.66996440543655
28.12052843138179
28.57532561158256
29.03422271125468
29.4971387762957
29.96398164972246
30.43480339673287
30.90940720586985
31.38782988856797
31.87021960371395
32.35670810191124
32.84741459145663
33.34249913108869
33.84210209421799
34.34632675331265
34.85515389614505
35.36868661910297
35.88702889961949
36.41030770211956
36.93863479593832
37.47212692150178
38.01101416608206
38.55538752210301
39.10532924976223
39.66095052631998
40.22233080315539
40.78949941087611
41.36260727123273
41.94173310736341
42.52699392466879
43.11848131603811
43.71605740072233
44.319808004793
44.92994704255553
45.54595474849778
46.16804904389021
46.79626448407047
47.4306010238932
56.56363359223663
57.1618188704993
57.77345867825322
58.38738469642599
58.99593253347155
59.5835852094906
60.14216761062351
60.64095836645111
61.0399301137307
61.33137946041451
61.96397245946128
23.78599288300758
24.18310451046998
24.58638974853547
24.99557292163217
25.41072146543969
25.83276840468998
26.26187039152772
26.69797455541604
27.14092537564243
27.59014982811423
28.04529389788838
28.50583700626255
28.97138733960642
29.44165424933819
29.91632056156221
30.3952284814395
30.87827711072337
31.36534657975727
31.85648058965
32.35152967781442
32.85052047515104
33.35358966129689
33.86084745615144
34.37238794989633
34.88834541048849
35.40885552819925
35.93396474720341
36.46362107006195
36.99791026468449
37.53691539632876
38.08074530948669
38.62948461621734
39.18323275846603
39.74216570064886
40.30634279491053
40.87581908156289
41.45067139422157
42.03094183200792
42.61665081373712
43.2078976824195
43.80469315332451
44.40707891920644
45.01507872233277
45.62844578138566
46.24715492155414
46.87130422375508
47.5002680332308
48.1340555446605
48.77248076026152
49.41532282157715
50.0625962235276
50.71394169362289
51.36745034158368
52.02052419892244
52.66884853483864
53.29983849559873
53.9071153221603
54.46514346896223
54.94061599575488
55.3273871041382
56.01052056094909
760.1309717834264
751.8852862082163
743.134071643449
733.4168001632416
722.4960027821521
710.5472178104843
697.7784901881524
684.5439917550983
671.3853495698613
658.5946677298978
646.3972145838052
634.8466011919046
623.9594361563908
613.7387162504835
604.0986905162758
594.8781091890311
586.0121741936484
577.3723886650463
568.9779140624455
560.8102683454209
552.797513019704
544.9380658716199
537.2136819851642
529.5875084594264
522.0589348369919
514.5997997713962
507.18463506885564
499.79508172828866
492.4142098427855
484.99645498601103
477.5464974686822
470.0376795568417
462.4445633762669
454.745763185954
446.9176714740582
438.9448747549859
430.8317783359106
422.6062015779503
414.2626670931056
405.799060126656
397.28062710862605
388.7365379523908
380.1180964009045
371.4996181804008
362.8712541518995
354.0427355924237
345.02664609057103
335.7614951607233
326.49584865704713
317.9586761005321
316.99858034202407
312.71071213806863
310.7772881062771
309.6743695937408
308.7073118973756
307.80359475243455
306.8540769741377
306.049149022439
305.28663638271905
304.85250103522884
306.0842193319794
737.3140455915
728.7984089055074
719.7299193304091
709.7060820143695
698.5529490227905
686.5226853551849
673.8930522698374
661.0349672503867
648.4741457438731
636.4354226010339
625.0875980493993
614.440936314683
604.4730209488462
595.1628807766872
586.4242736158307
578.0886333677217
570.0859767963734
562.2986754495
554.7253553898356
547.3408092122773
540.0859429719849
532.962073165029
525.9416907360473
518.9811594956852
512.0750114736816
505.1914122977678
498.3151177831203
491.4345580208109
484.5320801366722
477.5737108720523
470.5628228216041
463.473591520692
456.2938548498869
448.9975616404716
441.5781123438761
434.0349575943659
426.38804588557844
418.6570546967094
410.84740748985837
402.9577799305754
395.0336814861247
387.0946310328187
379.0826344977691
371.0506865816343
362.9840939581982
354.70541862226065
346.20127698072235
337.4057540520407
328.64791167457633
320.65392637163825
314.42247687932274
310.6613017742834
309.0283499281731
308.2319574285479
307.6393587779644
307.0983493785485
306.63387479966235
305.9890941745625
305.24751722896775
304.83326666863996
306.084219510244
596.7465376316841
586.7475228433516
576.14858799112
564.4873410762629
551.5294675737381
537.4947977324899
522.6217421879801
507.2953043423116
492.0942330187019
477.3197432951426
463.2061114202449
449.8020313007849
437.1188400493058
425.1544150312461
413.8052096434039
402.8998032181303
392.36477338215
382.0543245508576
371.989153627983
362.1398696968081
352.4236187224669
342.8408832011386
333.372450675041
323.9769045188607
314.6569604971272
305.384712202984
296.1317460872854
286.8753609391842
277.5961866495591
268.2448003790431
258.8273806603137
249.3149501670844
239.6790481737661
229.9009483435549
219.9519409705101
209.8086822430536
199.4674579295985
188.94601115832
178.221333370628
167.2736904444456
156.1694116130163
144.9348451887293
133.4988963353273
121.968920324287
110.3540215630299
98.4372148652565
86.26794470439256
73.87690582508388
61.66740948761531
50.47290225380191
37.40450054605765
31.51121436875655
28.26062435556501
25.90290225923866
23.58725115458475
21.21238464188252
18.53423601194767
15.511887367519
11.60744595387695
6.133226011519248
0.0
566.1917950931629
555.8667461941858
544.8924321064367
532.8648013795382
519.612915757155
505.4333831069465
490.6345527686903
475.6184868052579
460.9484151964876
446.8586550405572
433.5276981839743
420.9606059498987
409.1294187670224
398.0078838926596
387.4916048410544
377.4016851803612
367.6594927916957
358.129853753722
348.8131386537444
339.6750249581258
330.6462374846392
321.7311090250965
312.9014886392561
304.1092627015989
295.3519828925906
286.5989172341516
277.8311294143807
269.0324155404645
260.1831377813005
251.2457886236802
242.2256337815813
233.094293017251
223.8362144384196
214.425169991833
204.8471678759608
195.091645514184
185.1689040503559
175.0880969631524
164.8392361079957
154.4055936187024
143.8370389361787
133.1540313953981
122.2811244595722
111.3063003823519
100.2336328503068
88.85980565637045
77.21495611908747
65.323406564271
53.6519360322333
43.04338531041905
34.73769171879195
29.43623148888612
26.51355168518213
24.48127716850949
22.56747125618383
20.56537389074771
18.38043622354947
15.511887367519
11.60744595387695
6.133226011519248
0.0
163.3844341517423
165.1377633648647
166.985483652329
168.9294590869788
170.9665352084141
173.0524200779944
175.1567480001723
177.2486874127867
179.2911165511594
181.2749244347552
183.1911031635603
185.0445698911197
186.840596107085
188.5843012192375
190.2934808728719
191.9783059709008
193.6474008114984
195.3180641141887
196.9887604344625
198.6703986486128
200.3738942972371
202.0971826704813
203.8412313101231
205.6106039405657
207.4019743398646
209.2150875684122
211.0528889815702
212.9197207891045
214.8180231932264
216.7516546069679
218.7191168083685
220.7227293897573
222.7655152025008
224.8448148423991
226.9657305035481
229.1361925119323
231.3643204063121
233.6601904196303
236.0413337224776
238.5253696822104
241.1112154956097
243.8016927636615
246.6192000655772
249.5306978561138
252.5172325888696
255.6055207271672
258.7587013861785
261.8845893356394
264.8284391694318
267.4857738467302
279.5940797959664
281.1994977693121
282.5166637507121
283.7714673345021
285.1200607427908
286.591210110552
288.31984096219
290.53726165492
293.6791904288421
298.7192750237096
306.0842193319794
171.122250498337
172.9316627113216
174.8374872239724
176.8412806348312
178.9400332656355
181.0893022482383
183.2584995011471
185.4164804451288
187.5257305473855
189.5767675604767
191.559899865425
193.4803303647843
195.3436021818237
197.1549968840276
198.9326687747762
200.6869481873605
202.4264840046777
204.168821695778
205.9122167360913
207.6657842541516
209.4397054873457
211.2309641399325
213.0402020967913
214.8718967940863
216.723028581091
218.5924950636162
220.4839883687396
222.4021424803464
224.3489423553717
226.3279222483721
228.3371890400228
230.379298503441
232.4576404114673
234.5723916486386
236.7309444679153
238.9433120801819
241.2191418352225
243.568957733557
246.0081713818627
248.552186311873
251.196642549946
253.9405996374206
256.8015100381969
259.7443861992824
262.7504611078914
265.8456129658902
268.9863208616349
272.0823474877697
274.995975642343
277.6105410612192
279.6847851605308
281.2250702853973
282.514798242991
283.7506802600384
285.0718875217806
286.5329754878008
288.2534385761129
290.4772068070435
293.6400712750908
298.7000406571207
306.084219510244
115.97554015488637
112.22766854968887
109.02014035208603
105.04832886811934
100.07159921367659
94.11476723153572
87.31227205142787
79.96215584025401
72.55676806944858
65.39113258113484
58.69632528715188
52.5498791185927
46.98331659727741
42.007684735916996
37.576779440292995
33.4602243322594
29.650889934121494
26.088268948324384
22.76552309923528
19.668941217912504
16.75271453311032
14.000401899929102
11.392950381530994
8.903359176227099
6.513874765463896
4.205156009627103
1.9488125691014204
-0.2769509128013965
-2.4935506844245197
-4.737435826172913
-7.009498505311797
-9.344892396690994
-11.771544030447302
-14.312547558657798
-17.001317150406805
-19.858543028376715
-22.89186431448522
-26.09478957689859
-29.472134885107806
-33.03063026639049
-36.74109333983239
-40.590710147681705
-44.617222996009104
-48.798169612534195
-53.165737435697
-57.90923920806674
-63.05506725625182
-68.7087285317269
-74.69763258015612
-80.33141573586198
-83.00839549524181
-85.25941476033913
-85.57380214351272
-85.70869895039749
-85.84912802257
-85.969625944265
-86.1286982391498
-86.03791607388689
-85.96353950653233
-85.90271255827759
-85.88062690458852
115.63289325271572
111.25144677482072
107.2883899584171
102.56355555953829
96.90695223424402
90.43345035669762
83.34108725757903
75.94760878376283
68.72410278085366
61.9074861508589
55.66333044969451
50.0233213347621
44.98187616091471
40.529574406079405
36.615115057696386
32.996792880773086
29.6684360861926
26.568695400009403
23.677918270272983
20.97785302097148
18.430822110207487
16.020761071610394
13.718865331293813
11.497994012362483
9.334440870618778
7.201083278951074
5.08450336603201
2.9745161435346006
0.8442859617445038
-1.3321688398241065
-3.5743718454960174
-5.898382036292304
-8.323839054944187
-10.875484244539706
-13.566820998584603
-16.403281359718306
-19.384397754464516
-22.501571314641495
-25.747727367960493
-29.131276260136588
-32.6418973050111
-36.273506060154006
-40.07229082760159
-44.03200890626448
-48.18707502895481
-52.71993025023332
-57.67370108678057
-63.15366509823997
-68.9039941873809
-74.23065890417061
-78.22449075116648
-80.11589723119542
-80.23665369531832
-80.1014160065466
-79.96049945338007
-79.83958181422031
-79.67998552477852
-79.7702983243762
-79.84442157951833
-79.90489692771189
-79.92682858628933
24.69845759179202
29.82188174760063
34.49273799486286
40.01797506990476
46.63508634434299
54.27414450529648
62.77027915697943
71.7947482529313
80.8182555660566
89.53725113357255
97.71212713273523
105.2707754203942
112.187315104371
118.4560880519387
124.1413758209963
129.4838589273867
134.4993721010812
139.2658135161418
143.7884339384943
148.0920502248304
152.2333498755588
156.2265611668383
160.0915728266809
163.8598301728819
167.5456004433121
171.1678294645671
174.7577496591562
178.3415178057609
181.942887258548
185.6020615335214
189.3183076115607
193.12898699051
197.0649323114463
201.1463482349749
205.4116601318519
209.8894062905467
214.5952341944773
219.5326491933735
224.7239691967093
230.1933926773682
235.9105757280787
241.8654089866744
248.1179417455482
254.6128100679257
261.3631620197736
268.5848128926784
276.2678138939326
284.425268823476
292.7298072655174
300.386588558699
306.0388416989716
309.2970936591519
310.3170072159716
311.0927815884736
311.9732562318893
312.9772508453264
314.3063715907163
315.9342193623557
318.6027998216437
323.2906081215727
330.0008737771066
31.70336436261368
37.49711142603087
42.9627075170198
49.28215215366071
56.6223595659518
64.82308348685069
73.65554185204036
82.77089710594987
91.66070239088936
100.0791315815036
107.8512755178422
114.9511720237596
121.3903386813025
127.18376822861
132.4012331555175
137.2949268251479
141.8797708077617
146.2347797160113
150.3778178761683
154.3364015553657
158.1583629019872
161.8566134070252
165.4604893093461
169.0015148318275
172.5002422999837
175.9825562564658
179.4655202555042
182.9640052667498
186.5067461289427
190.1231756918674
193.8308155760321
197.648195923516
201.5982467079455
205.7057101925294
209.9914226715893
214.4707743583373
219.1528681954654
224.0395872161906
229.1392479360861
234.4755648895901
240.0338467016326
245.8070267783682
251.8587221434658
258.1479493241612
264.690381215292
271.6942389923684
279.1597539151846
287.1019570413492
295.1274890694624
302.4258771438126
307.8466796881697
310.6270258229699
311.3840015967256
311.8315720676626
312.363538440322
313.0727188064224
314.0263087787312
315.7823616624575
318.5438768588542
323.2775504806944
330.0005275355841
140.6739977466784
142.0495502972895
143.5128783469489
145.0663039380241
146.7066855580196
148.3889117368322
150.0825512084073
151.7569040931853
153.3750236355052
154.9283837147074
156.4084524198871
157.8206545389869
159.1706317016484
160.4637727878557
161.7181552612893
162.9440832596461
164.1502620352027
165.3540824644662
166.5539570377296
167.7609914427429
168.9860644086691
170.2269630667674
171.4845232082119
172.763189349109
174.059475208776
175.3729854741942
176.7065622282576
178.0645668929595
179.4493365741235
180.8646257073485
182.3088091062489
183.784094593819
185.293388280999
186.8338006763171
188.4103429814451
190.03086326217
191.7033698799921
193.4378596164749
195.2518343116015
197.1627624109777
199.1694823882463
201.2746988389927
203.5007187495391
205.8146404553915
208.1974245840766
210.6755736846117
213.2127466376808
215.7165402917491
218.0321746853613
220.055172822837
223.0304462037298
224.0376788988128
224.7432050724589
225.3840826380761
226.1241282093193
227.0076249010614
228.1776733515665
229.8963032884688
232.6392603151114
237.3878955632951
244.1202468725181
147.3362576153294
148.7485582008516
150.2510974754369
151.845707713199
153.5293118001958
155.2565338435483
156.9966291096194
158.7185058897127
160.384805171743
161.9866177323625
163.5146059675367
164.9744933585217
166.3722148422172
167.7133426346894
169.0163482132139
170.291719705921
171.5482068939543
172.8034751160207
174.0557361464413
175.3142545763372
176.5891850121947
177.8773744786356
179.1793546406399
180.49950884419
181.8346831706025
183.1836395354169
184.5500236215362
185.9385214102844
187.3510320906872
188.7910068520433
190.2564437305361
191.7498138872237
193.2744076530013
194.8302259479897
196.4246016730047
198.067492998619
199.7684704410009
201.5380159015491
203.3915205681256
205.3442886294535
207.3919493966215
209.5335207182142
211.7864313158642
214.1159404178967
216.5033061863372
218.9743087421351
221.486052828404
223.9482919431092
226.2234948820815
228.195218239642
229.6221889370032
230.5111285917745
231.1473479014073
231.730156061116
232.4030389869419
233.2331369922021
234.3463232539527
236.0120633380813
238.6994552793359
243.3726535529825
250.0736989492948
-1.8793665998636606
-1.604387242526132
-1.9904948592428982
-2.49846089566658
-2.9940051805894043
-3.4216198464320913
-3.6984739831112856
-3.7261564196084276
-3.6045957505687225
-3.3663980529144304
-3.0887740726897595
-2.795032367338142
-2.495600324430531
-2.2193668386453647
-2.059730591972981
-1.903680343428274
-1.7781345423630297
-1.6561548068668395
-1.5420499008261972
-1.4515123234216138
-1.3697799646843252
-1.297852472802433
-1.239631432919278
-1.19023582530281
-1.151064474244569
-1.1258656228444603
-1.111541000121753
-1.1082856803508636
-1.1236456153913617
-1.1396489514451815
-1.1733246899050809
-1.2209505357949404
-1.278810289096485
-1.3524171473204107
-1.4354323288299726
-1.5215226695899746
-1.604075812092168
-1.6901326960402798
-1.7806899889427164
-1.858092317881398
-1.9308717042911487
-2.0252343796269265
-2.109161725992952
-2.2092483859143357
-2.4055863809879794
-2.618626544710815
-2.8840459426555825
-3.053348752722928
-2.8790563840186385
-2.139801558978127
-1.199858027051653
-0.19415264514685615
-0.09755912441741738
-0.104938855151963
-0.08782116843324017
-0.10902494010606001
0.01972275790702327
0.010382074404157837
-0.005916496474913657
-0.002542436191560693
0.0
-2.2189088135179085
-2.0069510259732644
-2.392789023003956
-2.864734613220571
-3.2785087135896855
-3.5919796788237512
-3.74451103020186
-3.65843162293955
-3.4523482713242295
-3.1624000475222496
-2.8564001022908543
-2.553226079212807
-2.254822113603672
-1.9823980559606436
-1.8324029009564566
-1.6855311964538469
-1.569729454984624
-1.4638829926310124
-1.367278706404802
-1.2897562004392438
-1.220371914974462
-1.165577994089547
-1.1245304934128577
-1.095492043744132
-1.080192555237643
-1.0716885344753573
-1.068342081751944
-1.078588229752314
-1.1019939099426956
-1.1352896104676105
-1.1767189669975848
-1.2280954509466615
-1.292004298193668
-1.3627507622924997
-1.4362455854606067
-1.5095005269931994
-1.5783965096900454
-1.6437040336031106
-1.7132668345658546
-1.7776032316256318
-1.83885795571411
-1.9235031505532059
-2.004997229042883
-2.1039295360321493
-2.2952664903251367
-2.508462169193297
-2.7750133063205507
-2.9120221557446415
-2.6975175681741392
-2.022563662440917
-0.957781857453442
-0.060965376889242084
0.0686877366138964
0.0715928855752016
0.061512654148863366
0.08119465188455366
-0.04521765672850975
-0.03669265033684299
-0.02914890096974787
-0.008981208650206796
0.0
-2.595195180721352
-2.36595356037315
-2.798727607440986
-3.351800430235651
-3.869452600772953
-4.303592096275963
-4.571212141362666
-4.570724964412131
-4.416479016654247
-4.140863249038045
-3.828722161654468
-3.503471488842918
-3.175354772085271
-2.879798933403736
-2.706156271498738
-2.540534459256014
-2.414370821812931
-2.290866882651962
-2.179933557386814
-2.097714452024919
-2.022702470764911
-1.957764832272103
-1.908755357194337
-1.866972741700901
-1.834786856124776
-1.818421294986736
-1.815305065528684
-1.824220748398109
-1.853500931220821
-1.882409813985064
-1.930243614187477
-1.99369523542098
-2.067381230432046
-2.160531032063597
-2.268136484144787
-2.383667938899597
-2.500974977023816
-2.629586824070626
-2.770456051786725
-2.895955019395374
-3.016333238228247
-3.167128543268231
-3.289880060104837
-3.419291536451675
-3.658021075800791
-3.891711200472527
-4.132038862349781
-4.206541853160228
-3.878429992834801
-2.863065727873054
-1.650419627086498
-0.5166222172743529
-0.3929571028316597
-0.4459914857428325
-0.5085587105467902
-0.6732465726309536
-0.8245623558449239
-1.351730197754525
-2.374540373419687
-3.398986412408975
0.0
-2.9347373943756
-2.768517343820282
-3.201021771202044
-3.718074147789642
-4.153956133773234
-4.473951928667623
-4.61724918845324
-4.503000167743253
-4.264231537409754
-3.936865243645864
-3.596348191255563
-3.261665200717583
-2.934576561258412
-2.642830150719015
-2.478828580482214
-2.322385312281587
-2.205965734434525
-2.098595068416135
-2.005162362965419
-1.935958329042549
-1.873294421055048
-1.825490353559217
-1.793654417687917
-1.772228960142223
-1.76391493711785
-1.764244206617633
-1.772106147158875
-1.794523297799559
-1.831849225772155
-1.878050473007493
-1.933637891279981
-2.000840150572701
-2.080575239529229
-2.170864647035686
-2.268949740775421
-2.371645796302822
-2.475295674621693
-2.583158161633457
-2.703032897409863
-2.815465933139608
-2.924319489651208
-3.06539731419451
-3.185715563154768
-3.313972686569488
-3.547701185137949
-3.781546824955009
-4.023006226014749
-4.065215256181942
-3.696891176990302
-2.745827831335844
-1.408343457488287
-0.3834349490167388
-0.2267102418003459
-0.2694597450156679
-0.3592248879646867
-0.4830269806403399
-0.8895027704804569
-1.398804922495526
-2.397772777914521
-3.405425184867621
0.0
0.7158285808576913
0.7615663178470177
0.8082327481980878
0.8533395345690707
0.8754474201835487
0.8819722498438722
0.8727381582513802
0.8445685448037034
0.8118832660855244
0.7744651961236144
0.7399480889647084
0.7084391215047758
0.6797544476547401
0.6604320947583716
0.6464256795257572
0.6368541158277401
0.6362362794499012
0.6347120757851227
0.6378836565606169
0.6462021286033053
0.6529225060805858
0.6599123594696702
0.6691239242750592
0.6767369163980911
0.683722381880207
0.6925556721422756
0.703764065406931
0.7159350680472453
0.7298553158294594
0.7427608625398826
0.7569189242823962
0.7727446996260396
0.788570941335561
0.8081138847431861
0.8327041553148145
0.8621452693096225
0.8968991649316479
0.9394541280303462
0.9897660628440086
1.037862701513976
1.085461533937098
1.141894163641304
1.180718334111885
1.210043150537339
1.252434694812812
1.273084655761712
1.247992919694198
1.1531931004373
0.9993736088161624
0.7232641688949268
0.4505616000348449
0.3224695721274967
0.2953979784142423
0.3410526305908695
0.4207375421135501
0.5642216325248935
0.8442851137519471
1.362112272158683
2.368623876944773
3.396443976217414
0.0
0.7158285808576913
0.7615663178470177
0.8082327481980878
0.8533395345690707
0.8754474201835487
0.8819722498438722
0.8727381582513802
0.8445685448037034
0.8118832660855244
0.7744651961236144
0.7399480889647084
0.7084391215047758
0.6797544476547401
0.6604320947583716
0.6464256795257572
0.6368541158277401
0.6362362794499012
0.6347120757851227
0.6378836565606169
0.6462021286033053
0.6529225060805858
0.6599123594696702
0.6691239242750592
0.6767369163980911
0.683722381880207
0.6925556721422756
0.703764065406931
0.7159350680472453
0.7298553158294594
0.7427608625398826
0.7569189242823962
0.7727446996260396
0.788570941335561
0.8081138847431861
0.8327041553148145
0.8621452693096225
0.8968991649316479
0.9394541280303462
0.9897660628440086
1.037862701513976
1.085461533937098
1.141894163641304
1.180718334111885
1.210043150537339
1.252434694812812
1.273084655761712
1.247992919694198
1.1531931004373
0.9993736088161624
0.7232641688949268
0.4505616000348449
0.3224695721274967
0.2953979784142423
0.3410526305908695
0.4207375421135501
0.5642216325248935
0.8442851137519471
1.362112272158683
2.368623876944773
3.396443976217414
0.0
1.0
1.0
1.0
1.0
1.0
1.0
1.0
1.0
1.0
1.0
1.0
1.0
1.0
1.0
1.0
1.0
1.0
1.0
1.0
1.0
1.0
1.0
1.0
1.0
1.0
1.0
1.0
1.0
1.0
1.0
1.0
1.0
1.0
1.0
1.0
1.0
1.0
1.0
1.0
1.0
1.0
1.0
1.0
1.0
1.0
1.0
1.0
1.0
1.0
1.0
1.0
1.0
0.0
0.0
0.0
0.0
0.0
0.0
0.0
0.0
0.0
1.0
1.0
1.0
1.0
1.0
1.0
1.0
1.0
1.0
1.0
1.0
1.0
1.0
1.0
1.0
1.0
1.0
1.0
1.0
1.0
1.0
1.0
1.0
1.0
1.0
1.0
1.0
1.0
1.0
1.0
1.0
1.0
1.0
1.0
1.0
1.0
1.0
1.0
1.0
1.0
1.0
1.0
1.0
1.0
1.0
1.0
1.0
1.0
1.0
1.0
1.0
1.0
0.0
0.0
0.0
0.0
0.0
0.0
0.0
0.0
0.0
1.0
1.0
1.0
1.0
1.0
1.0
1.0
1.0
1.0
1.0
1.0
1.0
1.0
1.0
1.0
1.0
0.8605561031037754
0.8605561031037754
0.8605561031037754
0.8605561031037754
0.8605561031037754
0.8605561031037754
0.8605561031037754
0.8605561031037754
0.8605561031037754
0.8605561031037754
0.8605561031037754
0.8605561031037754
0.8605561031037754
0.8605561031037754
0.8605561031037754
0.8605561031037754
0.8605561031037754
0.8605561031037754
0.8605561031037754
0.8605561031037754
0.8605561031037754
0.8605561031037754
0.8605561031037754
0.8605561031037754
0.8605561031037754
0.8605561031037754
0.8605561031037754
0.8605561031037754
0.8605561031037754
1.0
1.0
1.0
1.0
1.0
1.0
1.0
1.0
1.0
1.0
1.0
1.0
1.0
1.0
1.0
1.0
1.0
1.0
1.0
1.0
1.0
1.0
1.0
1.0
1.0
1.0
1.0
1.0
1.0
0.0712378818612362
0.07133808785349297
0.0707490271254196
0.06946885917174703
0.06607676811106891
0.06159943275304929
0.056375940635501394
0.050522564849355106
0.045076047049980014
0.04006432000188148
0.03574813362897809
0.03202971906218175
0.02881676418289119
0.026288879823854805
0.02418764426069872
0.022415585346553815
0.021068562959331405
0.019771696408899905
0.01859515019385622
0.017631523194563778
0.016691470832918293
0.015819520381926758
0.015052159253181438
0.014294698399622332
0.013578209530367908
0.012916764015726907
0.012258043896494224
0.011635690168094265
0.011055402012954182
0.010471492805474086
0.009912347615583385
0.00937681026501222
0.008834666892490949
0.008304241961216902
0.0077827159837288
0.007256415596215669
0.006722019200121925
0.006185350301700103
0.005654250748227516
0.005083108446458477
0.0045073373611281735
0.003962636411111613
0.003361702390056624
0.0027800598852817863
0.002267079443845601
0.0017331841161775236
0.0012396604078326644
0.0007890977961313055
0.0004369146343548324
0.00020345757046656682
8.197281341320168e-05
3.671985668904702e-05
2.2044809723924397e-05
2.0440617439363012e-05
1.890645783441634e-05
1.7898600293472012e-05
1.6870380582636802e-05
1.6105947852054544e-05
1.420242986022233e-05
2.3660061197176602e-07
0.05993132296183844
0.059978542340049186
0.0594552328710137
0.058360500270721684
0.055519393133185296
0.05177808775080394
0.047414325047921965
0.042521617460929785
0.037960788618754335
0.033757086370176284
0.030130282623037526
0.027000974894865838
0.024293516494372964
0.02215942851146171
0.020383072761777834
0.01888310598268672
0.017739937411839966
0.016639511954675664
0.015640598007747145
0.014820651833104447
0.01402110860574478
0.013279210307981404
0.012625396607749376
0.011980477363314451
0.011370402491370163
0.010806871817297203
0.010246224938114017
0.009716500437205625
0.009222398954291791
0.008725895301873813
0.008250600770472159
0.007795533328858148
0.007335641959388738
0.00688615047800818
0.006444741276892618
0.006000153266755269
0.005549721909948783
0.005098332840443345
0.004652511353778967
0.004174910485046206
0.0036947949878228894
0.0032414783103798827
0.002743760253943214
0.0022635472038716777
0.0018409975339007726
0.001403403416065672
0.0010006149502348029
0.0006347086591355775
0.0003500554173834365
0.00016228753997549222
6.505419837840321e-05
2.8967698763925115e-05
1.712105255966489e-05
1.576453418294379e-05
1.5035875024793779e-05
1.4772997513947047e-05
1.5429416783153113e-05
1.6105947852054544e-05
1.420242986022233e-05
2.3660061197176602e-07
0.0004
0.0004
0.0004
0.0004
0.0004
0.0004
0.0004
0.0004
0.0004
0.0004
0.0004
0.0004
0.0004
0.0004
0.0004
0.0004
0.0004
0.0004
0.0004
0.0004
0.0004
0.0004
0.0004
0.0004
0.0004
0.0004
0.0004
0.0004
0.0004
0.0004
0.0004
0.0004
0.0004
0.0004
0.0004
0.0004
0.0004
0.0004
0.0004
0.0004
0.0004
0.0004
0.0004
0.0004
0.0004
0.0004
0.0004
0.0004
0.0004
0.0004
0.0004
0.0004
0.0004
0.0004
0.0004
0.0004
0.0004
0.0004
0.0004
0.0004
0.0004
0.0004
0.0004
0.0004
0.0004
0.0004
0.0004
0.0004
0.0004
0.0004
0.0004
0.0004
0.0004
0.0004
0.0004
0.0004
0.0004
0.0004
0.0004
0.0004
0.0004
0.0004
0.0004
0.0004
0.0004
0.0004
0.0004
0.0004
0.0004
0.0004
0.0004
0.0004
0.0004
0.0004
0.0004
0.0004
0.0004
0.0004
0.0004
0.0004
0.0004
0.0004
0.0004
0.0004
0.0004
0.0004
0.0004
0.0004
0.0004
0.0004
0.0004
0.0004
0.0004
0.0004
0.0004
0.0004
0.0004
0.0004
0.0004
0.0004
1.3065442837795994e-08
1.609813246251006e-08
1.8451320475760573e-08
2.016080036876345e-08
2.1358414023579076e-08
2.2454492528502163e-08
2.346184864599769e-08
2.435074770331274e-08
2.5168293008394306e-08
2.59248194795521e-08
2.6578860853539352e-08
2.717492227184444e-08
2.7727500794852817e-08
2.821868937946919e-08
2.867559255048391e-08
2.9106915692640655e-08
2.950022653046024e-08
2.9893537368279825e-08
3.0281774756529767e-08
3.065711262938458e-08
3.1032450502239386e-08
3.142093683129147e-08
3.1836199651687564e-08
3.225146247208365e-08
3.2701440677579656e-08
3.320893932168535e-08
3.3716437965791035e-08
3.428270566534462e-08
3.492899931274215e-08
3.557529296013967e-08
3.6371436914800125e-08
3.733624217274159e-08
3.8301047430683085e-08
3.959226158737696e-08
4.118778732859431e-08
4.278331306981166e-08
4.513146211348355e-08
4.806009189575067e-08
5.0988721678017794e-08
5.632170630050282e-08
6.318151527324084e-08
7.004132424597885e-08
8.255287402060394e-08
9.799336545699721e-08
1.1343385689339041e-07
1.3646888186188418e-07
1.6453988297575865e-07
1.9889493840858378e-07
2.3731543525971197e-07
2.78963375570315e-07
3.2556784487230723e-07
3.9737569592667986e-07
5.064205645747201e-07
6.801946019508522e-07
1.1053081705738778e-06
1.6111307341008319e-06
2.5512822486276946e-06
4.137854497676283e-06
6.1841356611202155e-06
2.780474791942962e-06
1.3065442837795994e-08
1.609813246251006e-08
1.8451320475760573e-08
2.016080036876345e-08
2.1358414023579076e-08
2.2454492528502163e-08
2.346184864599769e-08
2.435074770331274e-08
2.5168293008394306e-08
2.59248194795521e-08
2.6578860853539352e-08
2.717492227184444e-08
2.7727500794852817e-08
2.821868937946919e-08
2.867559255048391e-08
2.9106915692640655e-08
2.950022653046024e-08
2.9893537368279825e-08
3.0281774756529767e-08
3.065711262938458e-08
3.1032450502239386e-08
3.142093683129147e-08
3.1836199651687564e-08
3.225146247208365e-08
3.2701440677579656e-08
3.320893932168535e-08
3.3716437965791035e-08
3.428270566534462e-08
3.492899931274215e-08
3.557529296013967e-08
3.6371436914800125e-08
3.733624217274159e-08
3.8301047430683085e-08
3.959226158737696e-08
4.118778732859431e-08
4.278331306981166e-08
4.513146211348355e-08
4.806009189575067e-08
5.0988721678017794e-08
5.632170630050282e-08
6.318151527324084e-08
7.004132424597885e-08
8.255287402060394e-08
9.799336545699721e-08
1.1343385689339041e-07
1.3646888186188418e-07
1.6453988297575865e-07
1.9889493840858378e-07
2.3731543525971197e-07
2.78963375570315e-07
3.2556784487230723e-07
3.9737569592667986e-07
5.064205645747201e-07
6.801946019508522e-07
1.1053081705738778e-06
1.6111307341008319e-06
2.5512822486276946e-06
4.137854497676283e-06
6.1841356611202155e-06
2.780474791942962e-06
0.0
0.0
0.0
0.0
0.0
0.0
0.0
0.0
0.0
0.0
0.0
0.0
0.0
0.0
0.0
0.0
0.0
0.0
0.0
0.0
0.0
0.0
0.0
0.0
0.0
0.0
0.0
0.0
0.0
0.0
0.0
0.0
0.0
0.0
0.0
0.0
0.0
0.0
0.0
0.0
0.0
0.0
0.0
0.0
0.0
0.0
0.0
0.0
0.0
0.0
0.0
0.0
0.0
0.0
0.0
0.0
0.0
0.0
0.0
0.0
0.0
0.0
0.0
0.0
0.0
0.0
0.0
0.0
0.0
0.0
0.0
0.0
0.0
0.0
0.0
0.0
0.0
0.0
0.0
0.0
0.0
0.0
0.0
0.0
0.0
0.0
0.0
0.0
0.0
0.0
0.0
0.0
0.0
0.0
0.0
0.0
0.0
0.0
0.0
0.0
0.0
0.0
0.0
0.0
0.0
0.0
0.0
0.0
0.0
0.0
0.0
0.0
0.0
0.0
0.0
0.0
0.0
0.0
0.0
0.0
0.0
0.0
0.0
0.0
0.0
0.0
0.0
0.0
0.0
0.0
0.0
0.0
0.0
0.0
0.0
0.0
0.0
0.0
0.0
0.0
0.0
0.0
0.0
0.0
0.0
0.0
0.0
0.0
0.0
0.0
0.0
0.0
0.0
0.0
0.0
0.0
0.0
0.0
0.0
0.0
0.0
0.0
0.0
0.0
0.0
0.0
0.0
0.0
0.0
0.0
0.0
0.0
0.0
0.0
0.0
0.0
0.0
0.0
0.0
0.0
0.0
0.0
0.0
0.0
0.0
0.0
0.0
0.0
0.0
0.0
0.0
0.0
0.0
0.0
0.0
0.0
0.0
0.0
0.0
0.0
0.0
0.0
0.0
0.0
0.0
0.0
0.0
0.0
0.0
0.0
0.0
0.0
0.0
0.0
0.0
0.0
0.0
0.0
0.0
0.0
0.0
0.0
0.0
0.0
0.0
0.0
0.0
0.0
0.0
0.0
0.0
0.0
0.0
0.0
0.0
0.0
0.0
0.0
0.0
0.0
0.0
0.0
0.0
0.0
0.0
0.0
0.0
0.0
0.0
0.0
0.0
0.0
0.0
0.0
0.0
0.0
0.0
0.0
0.0
0.0
0.0
0.0
0.0
0.0
0.0
0.0
0.0
0.0
0.0
0.0
0.0
0.0
0.0
0.0
0.0
0.0
0.0
0.0
0.0
0.0
0.0
0.0
0.0
0.0
0.0
0.0
0.0
0.0
0.0
0.0
0.0
0.0
0.0
0.0
0.0
0.0
0.0
0.0
0.0
0.0
0.0
0.0
0.0
0.0
0.0
0.0
0.0
0.0
0.0
0.0
0.0
0.0
0.0
0.0
0.0
0.0
0.0
0.0
0.0
0.0
0.0
0.0
0.0
0.0
0.0
0.0
0.0
0.0
0.0
0.0
0.0
0.0
0.0
0.0
0.0
0.0
0.0
0.0
0.0
0.0
0.0
0.0
0.0
0.0
0.0
0.0
0.0
0.0
0.0
0.0
0.0
0.0
0.0
0.0
0.0
0.0
0.0
0.0
0.0
0.0
0.0
0.0
0.0
0.0
0.0
0.0
0.0
0.0
0.0
0.0
0.0
0.0
0.0
0.0
0.0
0.0
0.0
0.0
0.0
0.0
0.0
0.0
0.0
0.0
0.0
0.0
0.0
0.0
0.0
0.0
0.0
0.0
0.0
0.0
0.0
0.0
0.0
0.0
0.0
0.0
0.0
0.0
0.0
0.0
0.0
0.0
0.0
0.0
0.0
0.0
0.0
0.0
0.0
0.0
0.0
0.0
0.0
0.0
0.0
0.0
0.0
0.0
0.0
0.0
0.0
0.0
0.0
0.0
0.0
0.0
0.0
0.0
0.0
0.0
0.0
0.0
0.0
0.0
0.0
0.0
0.0
0.0
0.0
0.0
0.0
0.0
0.0
0.0
0.0
0.0
0.0
0.0
0.0
0.0
0.0
0.0
0.0
0.0
0.0
0.0
0.0
0.0
0.0
0.0
0.0
0.0
0.0
0.0
0.0
0.0
0.0
0.0
0.0
0.0
0.0
0.0
0.0
0.0
0.0
0.0
0.0
0.0
0.0
0.0
0.0
0.0
0.0
0.0
0.0
0.0
0.0
0.0
0.0
0.0
0.0
0.0
0.0
0.0
0.0
0.0
0.0
0.0
0.0
0.0
0.0
0.0
0.0
0.0
0.0
0.0
0.0
0.0
0.0
0.0
0.0
0.0
0.0
0.0
0.0
0.0
0.0
0.0
0.0
0.0
0.0
0.0
0.0
0.0
0.0
0.0
0.0
0.0
0.0
0.0
0.0
0.0
0.0
0.0
0.0
0.0
0.0
0.0
0.0
0.0
0.0
0.0
0.0
0.0
0.0
0.0
0.0
0.0
0.0
0.0
0.0
0.0
0.0
0.0
0.0
0.0
0.0
0.0
0.0
0.0
0.0
0.0
0.0
0.0
0.0
0.0
0.0
0.0
0.0
0.0
0.0
0.0
0.0
0.0
0.0
0.0
0.0
0.0
0.0
0.0
0.0
0.0
0.0
0.0
0.0
0.0
0.0
0.0
0.0
0.0
0.0
0.0
0.0
0.0
0.0
0.0
2.0
2.0
2.0
2.0
1.0
1.0
323.55483860135763
320.4445571260635
-0.0008737771066194
-0.0005275355841263263
-0.0
0.0
0.0
0.0
51.0
51.0
5.783625987995279
5.783625987995279
1.0
1.0
2.0
2.0
3.0
3.0
4.0
4.0
5.0
5.0
6.0
6.0
7.0
7.0
8.0
8.0
9.0
9.0
10.0
10.0
11.0
11.0
12.0
12.0
13.0
13.0
14.0
14.0
15.0
15.0
16.0
16.0
17.0
17.0
18.0
18.0
19.0
19.0
20.0
20.0
21.0
21.0
22.0
22.0
23.0
23.0
24.0
24.0
25.0
25.0
26.0
26.0
27.0
27.0
28.0
28.0
29.0
29.0
30.0
30.0
31.0
31.0
32.0
32.0
33.0
33.0
34.0
34.0
35.0
35.0
36.0
36.0
37.0
37.0
38.0
38.0
39.0
39.0
40.0
40.0
41.0
41.0
42.0
42.0
43.0
43.0
44.0
44.0
45.0
45.0
46.0
46.0
47.0
47.0
48.0
48.0
49.0
49.0
50.0
50.0
51.0
51.0
52.0
52.0
53.0
53.0
54.0
54.0
55.0
55.0
56.0
56.0
57.0
57.0
58.0
58.0
59.0
59.0
60.0
60.0
0.0
0.0
0.0
0.0
0.0
0.0
0.0
0.0
0.0
0.0
0.0
0.0
0.0
0.0
0.0
0.0
0.0
0.0
0.0
0.0
0.0
0.0
0.0
0.0
0.0
0.0
0.0
0.0
0.0
0.0
0.0
0.0
0.0
0.0
0.0
0.0
0.0
0.0
0.0
0.0
0.0
0.0
0.0
0.0
0.0
0.0
0.0
0.0
0.0
0.0
0.0
0.0
0.0
0.0
0.0
0.0
0.0
0.0
0.0
0.0
0.0
0.0
0.0
0.0
0.0
0.0
0.0
0.0
0.0
0.0
0.0
0.0
0.0
0.0
0.0
0.0
0.0
0.0
0.0
0.0
0.0
0.0
0.0
0.0
0.0
0.0
0.0
0.0
0.0
0.0
0.0
0.0
0.0
0.0
0.0
0.0
0.0
0.0
0.6
0.0
0.0
0.0
0.0
0.0
0.0
0.0
0.0
0.0
0.0
0.0
0.0
0.0
0.0
0.0
0.0
0.0
0.0
0.0
0.0
0.0
0.0
0.0
0.0
0.0
0.0
0.0
0.0
0.0
0.0
0.0
0.0
0.0
0.0
0.0
0.0
0.0
0.0
0.0
0.0
0.0
0.0
0.0
0.0
0.0
0.0
0.0
0.0
0.0
0.0
0.0
0.0
0.0
0.0
0.0
0.0
0.0
0.0
0.0
0.0
0.0
0.0
0.0
0.0
0.0
0.0
0.0
0.0
0.0
0.0
0.0
0.0
0.0
0.0
0.0
0.0
0.0
0.0
0.0
0.0
0.0
0.0
0.0
0.0
0.0
0.0
0.0
0.0
0.0
0.0
0.0
0.0
0.0
0.0
0.0
0.0
0.0
0.0
0.0
0.0
0.0
0.0
0.0
0.0
0.0
0.0
0.0
0.0
0.0
0.0
0.0
0.0
0.0
0.0
0.0
0.0
0.0
0.0
0.0
2.5
0.0
0.0
0.0
0.0
0.0
0.0
0.0
0.0
0.0
0.0
0.0
0.0
0.0
0.0
0.0
0.0
0.0
0.0
0.0
0.0
0.0
0.0
0.0
0.0
0.0
0.0
0.0
0.0
0.0
0.0
0.0
0.0
0.0
0.0
0.0
0.0
0.0
0.0
0.0
0.0
0.0
0.0
0.0
0.0
0.0
0.0
0.0
0.0
0.0
0.0
0.0
0.0
0.0
0.0
0.0
0.0
0.0
0.0
0.0
0.0
0.0
0.0
0.0
0.0
0.0
0.0
0.0
0.0
0.0
0.0
0.0
0.0
0.0
0.0
0.0
0.0
0.0
0.0
0.0
0.0
0.0
0.0
0.0
0.0
0.0
0.0
0.0
0.0
0.0
0.0
0.0
0.0
0.0
0.0
0.0
0.0
0.0
0.0
0.0
0.0
0.0
0.0
0.0
0.0
0.0
0.0
0.0
0.0
0.0
0.0
0.0
0.0
0.0
0.0
0.0
0.0
0.0
0.0
0.0
0.99
0.0
0.0
0.0
0.0
0.0
0.0
0.0
0.0
0.0
0.0
0.0
0.0
0.0
0.0
0.0
0.0
0.0
0.0
0.0
0.0
0.0
45.0
