9.81
6.022e+23
0
0
0
3
0
1
295.0
2
2
0
0
1
1
0
1
60
7
1000.0
1.0


3
3
0
72.38857731909356
0
6.7
150.0
1000.0
287.04
9.81
79000.0
40.0
20000.0
0.0
0.0
0.0
0.0
0.0280134
0.04401
0.0319988
0.039948
0.01604
0.01801528
0.048
99000.0
2.1153802199668344e+29
0.8
1e-06
1000000.0
0.6
3.0
0.0001
300
49
7.064560202347635
0
1
6
1.0
1
0
1
1
0.1
1000000000000.0
1
294.31291424621116
293.4076783636237
292.4521937628306
291.472416795129
290.47814549730373
289.46199632130975
288.4269691649711
287.3726713150387
286.2996626493618
285.20671789549766
284.09589348990716
282.96568141348916
281.8142919276728
280.6414482032177
279.4467697384901
278.22932624435066
276.98774696620677
275.7213319835401
274.4298829262414
273.111401290797
271.7645015601345
270.38925901155625
268.9851156205082
267.5483033362609
266.07891660534943
264.57576784187614
263.038081262019
261.46234214135086
259.8483569432498
258.19376397708095
256.4970138571823
254.75672257203325
252.97180649271633
251.13463462662185
248.05056568786418
246.4592402162748
244.458908641971
242.34311751529287
240.13722411795808
237.83566677234964
235.4325000127963
232.9248963584246
230.3036149738567
227.5575234109788
224.67130326459142
221.63143664293344
218.423206622298
215.01841053239818
211.37617326914744
207.46498243092734
203.87521766297507
201.67508647555286
200.0861927298764
199.47993838087092
201.32802532415627
205.3782293083811
212.88678498594564
222.5026859223754
235.75194645207458
243.64772086900985
991.675
975.0250000000001
958.375
941.7249999999999
925.075
908.425
891.7750000000001
875.125
858.4749999999999
841.825
825.175
808.5250000000001
791.875
775.225
758.575
741.925
725.2750000000001
708.625
691.975
675.325
658.675
642.0250000000001
625.375
608.725
592.075
575.425
558.7750000000001
542.125
525.4750000000001
508.82500000000005
492.17500000000007
475.52500000000003
458.87500000000006
442.2250000000001
425.57500000000005
408.925
392.27500000000003
375.62500000000006
358.9750000000001
342.32500000000005
325.675
309.02500000000003
292.37500000000006
275.7250000000001
259.0750000000001
242.42500000000007
225.77500000000003
209.12500000000006
192.47500000000008
175.8250000000001
159.17500000000007
142.52500000000003
125.87500000000006
109.22500000000008
92.5750000000001
75.92500000000013
59.27500000000009
42.62500000000006
25.97500000000008
9.325000000000045
73.30158354208561
220.93537620265937
370.6605801424444
522.5417240878601
676.647455159401
833.0490697059253
991.8226071377659
1153.0485398613882
1316.811874346808
1483.2029656937164
1652.3178495393183
1824.2575536012182
1999.1289108355595
2177.0455063498166
2358.1280635872777
2542.504763871949
2730.3120222135503
2921.695678416574
3116.8114431196273
3315.8254610091017
3518.9161611877107
3726.2758574791196
3938.110717079855
4154.642601169206
4376.111905983275
4602.779377756
4834.92752670184
5072.863652170681
5316.923543593775
5567.474638374875
5824.920871787446
6089.708131916681
6362.327024479258
6642.636720607784
6931.426107741439
7230.037629561133
7538.9950169984
7859.101462859315
8191.288117535916
8536.617288810368
8896.312222343304
9271.789998172371
9664.700142272475
10076.977042966486
10510.913887103234
10969.26595667508
11455.37585226184
11973.337825652725
12528.268900591964
13127.655816734292
13784.257661702371
14516.036083437772
15347.979577155304
16322.454389631788
17510.96169704794
19044.587584343244
21190.87476414226
24673.170850809307
33248.4340209522
56560.69457252452
3.521179111399233e+23
3.521179111399233e+23
3.521179111399257e+23
3.521179111399233e+23
3.521179111399233e+23
3.521179111399233e+23
3.521179111399233e+23
3.521179111399257e+23
3.521179111399233e+23
3.521179111399233e+23
3.521179111399233e+23
3.521179111399233e+23
3.521179111399257e+23
3.5211791113992086e+23
3.521179111399257e+23
3.521179111399233e+23
3.521179111399233e+23
3.521179111399257e+23
3.5211791113992086e+23
3.521179111399257e+23
3.521179111399233e+23
3.521179111399233e+23
3.521179111399257e+23
3.5211791113992086e+23
3.521179111399257e+23
3.521179111399233e+23
3.521179111399233e+23
3.521179111399233e+23
3.521179111399233e+23
3.521179111399244e+23
3.521179111399244e+23
3.521179111399233e+23
3.521179111399233e+23
3.521179111399233e+23
3.521179111399257e+23
3.521179111399233e+23
3.521179111399233e+23
3.521179111399233e+23
3.521179111399233e+23
3.521179111399257e+23
3.521179111399233e+23
3.521179111399233e+23
3.521179111399233e+23
3.521179111399233e+23
3.521179111399233e+23
3.521179111399257e+23
3.521179111399233e+23
3.521179111399233e+23
3.521179111399233e+23
3.521179111399233e+23
3.521179111399257e+23
3.521179111399233e+23
3.521179111399233e+23
3.521179111399233e+23
3.521179111399233e+23
3.521179111399233e+23
3.521179111399257e+23
3.521179111399233e+23
3.521179111399233e+23
3.521179111399257e+23
-2.8600537313506127
-2.510781673639358
-2.312338598880038
-2.1548848957471423
-1.9957224109952592
-1.8635966411513833
-1.7439017110952901
-1.63602537159729
-1.5352674978695087
-1.4442103568849824
-1.351612643617593
-1.2609363403998648
-1.1766495333821088
-1.0967395237836643
-1.0194216679061172
-0.9449927372001597
-0.8753560237464185
-0.8093562792476844
-0.7434769235289121
-0.6814042131834565
-0.6239265380456297
-0.5653701980609732
-0.50230674981454
-0.44423319842007397
-0.38405241085192227
-0.31943582323798725
-0.24573364381413132
-0.1690059105721986
-0.08069336694762219
0.0196208804244977
0.13675256991276716
0.2773761168906252
0.4506633477452459
0.6209237567271294
-13.984550676784082
-2.4586222888336855
-2.1685952840687537
-2.048240679188
-1.9660454734603479
-1.9155400425910885
-1.8873604428792745
-1.8537609889907953
-1.8072073299525624
-1.7399268939414791
-1.6522082191924008
-1.5230888225876846
-1.3205735465860846
-1.0482092789147122
-0.7333521175961468
-0.2989043813555528
0.0826131096554234
0.1117337012776915
0.1287073297399532
0.13285646226337092
0.12014107972410994
0.1029286262611867
0.06394657091532628
0.030538500530142492
0.018286130516524137
0.022814770491667535
-2.7894911461780936
-2.441387452396782
-2.244117201833461
-2.0878374566946434
-1.9298494064819067
-1.798898703883438
-1.6803776301017024
-1.5736765792105132
-1.4740943354714062
-1.3842112046408772
-1.2927889560733377
-1.203287182517883
-1.1201762331701985
-1.0414406630773954
-0.9652974843610025
-0.8920442086633926
-0.8235821578740001
-0.7587574613030199
-0.6940532594575046
-0.6331547555907662
-0.5768529998784118
-0.519471258399193
-0.45758256295782473
-0.4006839937515849
-0.3416780665481838
-0.2782362211153213
-0.20570880086849286
-0.13015565149140684
-0.04301762167209233
0.05612212121518212
0.1720795092108176
0.31152885569601096
0.4836419354827797
0.6527272007578233
-13.952947163657214
-2.429072692761224
-2.1401914119207675
-2.020977214725832
-1.9399117955309748
-1.890519201256808
-1.8634326403419834
-1.8309009110222974
-1.7853857730255243
-1.7192783692857745
-1.6323874467156259
-1.504139859106175
-1.3025738494669383
-1.0308994682809782
-0.7165519403614837
-0.28190582689941834
0.0934789106526921
0.12034186715942496
0.13569299560640502
0.13804587703640436
0.12418654636266524
0.10589246356471449
0.06681156725039727
0.03242039276841524
0.020307796858787697
0.023186298251999915
-0.07057386858549299
-0.06939881367354453
-0.06822375876159607
-0.0670487038496476
-0.06587364893769915
-0.06469859402575069
-0.06352353911380224
-0.06234848420185378
-0.06117342928990531
-0.05999837437795685
-0.0588233194660084
-0.05764826455405994
-0.05647320964211148
-0.055298154730163016
-0.05412309981821458
-0.05294804490626611
-0.051772989994317654
-0.0505979350823692
-0.04942288017042073
-0.04824782525847228
-0.047072770346523816
-0.045897715434575354
-0.0447226605226269
-0.04354760561067845
-0.04237255069872999
-0.04119749578678153
-0.04002244087483307
-0.03884738596288461
-0.037672331050936154
-0.0364972761389877
-0.035322221227039236
-0.03414716631509077
-0.032972111403142323
-0.03179705649119387
-0.030622001579245408
-0.02944694666729695
-0.02827189175534849
-0.027096836843400033
-0.025921781931451573
-0.02474672701950312
-0.023571672107554658
-0.0223966171956062
-0.02122156228365774
-0.020046507371709286
-0.01887145245976083
-0.017696397547812374
-0.016521342635863908
-0.01534628772391545
-0.014171232811966994
-0.012996177900018538
-0.011821122988070082
-0.010646068076121618
-0.00947101316417316
-0.008295958252224704
-0.007120903340276248
-0.005945848428327792
-0.004770793516379335
-0.00359573860443087
-0.0024206836924824137
-0.0012456287805339575
-16.649999999999977
-16.649999999999977
-16.65000000000009
-16.649999999999977
-16.649999999999977
-16.649999999999977
-16.649999999999977
-16.65000000000009
-16.649999999999977
-16.649999999999977
-16.649999999999977
-16.649999999999977
-16.65000000000009
-16.649999999999864
-16.65000000000009
-16.649999999999977
-16.649999999999977
-16.65000000000009
-16.649999999999864
-16.65000000000009
-16.649999999999977
-16.649999999999977
-16.65000000000009
-16.649999999999864
-16.65000000000009
-16.649999999999977
-16.649999999999977
-16.649999999999977
-16.649999999999977
-16.650000000000034
-16.650000000000034
-16.649999999999977
-16.649999999999977
-16.649999999999977
-16.65000000000009
-16.649999999999977
-16.649999999999977
-16.649999999999977
-16.649999999999977
-16.65000000000009
-16.649999999999977
-16.649999999999977
-16.649999999999977
-16.649999999999977
-16.649999999999977
-16.65000000000009
-16.649999999999977
-16.649999999999977
-16.649999999999977
-16.649999999999977
-16.65000000000009
-16.649999999999977
-16.649999999999977
-16.649999999999977
-16.649999999999977
-16.649999999999977
-16.65000000000009
-16.649999999999977
-16.649999999999977
-16.65000000000009
295.0
294.01775878053604
293.0217071783483
292.01144104774295
290.98649984947974
289.94642425138426
288.8907182145563
287.81885884979755
286.7302907160597
285.62443016769294
284.50065009201114
283.35829072416186
282.19665805758166
281.01501453722165
279.8125756776906
278.58850827023963
277.34192789387595
276.07189100846216
274.77738690075546
273.4573397614413
272.1105990610365
270.7359243790479
269.3319791307316
267.89733726039805
266.4304518839343
264.92964857588953
263.3931077621798
261.8188633800152
260.2047636808973
258.5484608349458
256.8473790108306
255.09868130721733
253.29922972509885
251.44558814687878
249.59259723601434
247.62532779832551
245.59120284363044
243.48529880666612
241.3017764690942
239.03399763399966
236.67436557401655
234.21408552465832
231.64296337790702
228.94908959371693
226.1184529086073
223.15111773599756
220.02701127233388
216.72042066065558
213.1967767351626
209.4199294605113
205.6599358906115
202.75216395503045
200.85229871430982
199.75231604595996
200.37433248594937
203.32705820837705
209.11304791543873
217.68381968318954
229.1217044415236
239.6950491021675
247.58984997402064
1000.0
983.35
966.7
950.05
933.4
916.75
900.1
883.45
866.8
850.15
833.5
816.85
800.2
783.55
766.9000000000001
750.25
733.6
716.95
700.3
683.6500000000001
667.0
650.35
633.7
617.05
600.4000000000001
583.75
567.1
550.45
533.8000000000001
517.1500000000001
500.50000000000006
483.85
467.20000000000005
450.55000000000007
433.9000000000001
417.25
400.6
383.95000000000005
367.30000000000007
350.6500000000001
334.0
317.35
300.70000000000005
284.05000000000007
267.4000000000001
250.7500000000001
234.10000000000002
217.45000000000005
200.80000000000007
184.1500000000001
167.5000000000001
150.85000000000002
134.20000000000005
117.55000000000007
100.90000000000009
84.25000000000011
67.60000000000014
50.950000000000045
34.30000000000007
17.65000000000009
1.0
0.0
146.60316708417122
295.2675853211475
446.0535749637413
599.029873211979
754.2650371068232
911.8331023050273
1071.8121119705045
1234.284967752272
1399.3387809413439
1567.0671504460888
1737.5685486325478
1910.9465585698888
2087.31126310123
2266.779749598403
2449.476377576152
2635.5331501677456
2825.0908942593555
3018.3004625737926
3215.3224236654623
3416.3284983527415
3621.5038240226795
3831.04789093556
4045.1735432241494
4264.111659114261
4488.11215285229
4717.446602659709
4952.408450743972
5193.31885359739
5440.528233590159
5694.42104315959
5955.420700415301
6223.99556341806
6500.658485540458
6784.61495567511
7078.23725980777
7381.837999314495
7696.152034682305
8022.050891036325
8360.525344035508
8712.709233585227
9079.915211101381
9463.664785243363
9865.735499301587
10288.218586631383
10733.609187575083
11204.92272577508
11705.828978748597
12240.846672556854
12815.691128627075
13439.620504841507
14128.894818563236
14903.177348312309
15792.7818059983
16852.126973265276
18169.7964208306
19919.37874785589
22462.370780428624
26883.97092118999
39612.897120714406
52341.82332023891
441.49431147606026
439.1170789178159
436.2631920771556
433.1752967448141
429.9578958315698
426.686226910313
423.3640704828986
419.9982689175613
416.6271956150795
413.26727228118824
409.93283021852795
406.63521789497855
403.37412368285345
400.15203593947604
396.9597684451449
393.79372790739035
390.6480556986877
387.5096614143913
384.3958067544073
381.3020855943193
378.2195908116626
375.15888364641256
372.1249918175616
369.12341384346155
366.15919764223014
363.2381737455306
360.3759720439025
357.5664925342188
354.8137324859733
352.1194856624208
349.4838352333752
346.90627527175843
344.388201100205
341.92910190155806
339.5429857708475
428.3578192627941
426.9875711941519
425.387533449084
423.7106882091633
422.0168795409884
420.3292123199602
418.6702111435893
417.05328709578464
415.49474878617866
414.007434255564
412.6019430836744
411.2820665603962
410.0553189557603
408.9186865017496
407.85913803531844
406.9049429190339
406.1735139003973
405.7420554007782
405.50483480806065
405.513570057204
405.8453257769201
406.4962225061477
407.3634863840728
408.3293605109802
409.3261353799204
410.70558971915693
429.430175842788
426.88583062554
423.8590538205729
420.5936755486743
417.19476786342
413.7376950946574
410.2269976639247
406.6700324969643
403.1053212103688
399.5494679888586
396.0170143755569
392.5195155798233
389.0569412534455
385.6320096498637
382.2357666853429
378.8648063889466
375.5134222329204
372.1687020216411
368.8479640394844
365.5468828046251
362.2566273239731
358.9877823978171
355.7453940172021
352.5349755481782
349.3615950474675
346.2310839959565
343.1590689016131
340.1394785340372
337.1763301574204
334.2714347122558
331.4248940372928
328.6362211140997
325.9068259604074
323.2362041881542
320.6383771822597
231.7841054820438
230.4072778639328
228.6860213112122
226.8137626776785
224.8678377371699
222.8840037852967
220.8926256403773
218.9124364452256
216.9636928198033
215.0628108097216
213.2237759410916
211.4538761511192
209.7631501013546
208.1512008610071
206.6076241517778
205.1619294449044
203.9326008643092
202.9982922739341
202.2551907936752
201.7579904626853
201.614999288006
201.8394900555265
202.4670632200896
203.6559815369289
205.6196438110621
206.852255306976
12.06413563327227
12.23124829227589
12.40413825658271
12.58162119613978
12.76312796814977
12.94853181565558
13.13707281897391
13.32823642059699
13.52187440471066
13.71780429232964
13.91581584297103
14.11570231515526
14.31718242940798
14.52002628961237
14.72400175980196
14.92892151844377
15.13463346576733
15.34095939275024
15.54784271492291
15.75520278969417
15.96296348768954
16.17110124859547
16.3795978003595
16.58843829528339
16.7976025947626
17.00708974957413
17.21690314228934
17.42701400018158
17.63740232855288
17.84805095016497
18.05894119608239
18.27005415765872
18.48137513979761
18.69289771340388
18.90460858858777
196.5737137807503
196.5802933302191
196.7015121378718
196.8969255314848
197.1490418038185
197.4452085346635
197.777585503212
198.140850650559
198.5310559663754
198.9446234458424
199.3781671425828
199.828190409277
200.2921688544057
200.7674856407425
201.2515138835406
201.7430134741295
202.2409130360881
202.7437631268441
203.2496440143854
203.7555795945187
204.2303264889141
204.6567324506212
204.8964231639832
204.6733789740513
203.7064915688583
203.8533344121809
512.0348320028845
506.86810829846195
501.57283400540507
496.24082147123
490.935583101291
485.7340647735523
480.6130096422546
475.56683044681563
470.6220805651232
465.7880628957605
461.0694096284593
456.4790083488366
452.0146269541936
447.67236297764623
443.4386548202375
439.30731679812186
435.26960038075583
431.3076239385854
427.4350118172986
423.64723739775286
419.9315878595056
416.29402769437706
412.74066460712686
409.2815040700691
405.916603875086
402.65390191183826
399.5134639890948
396.4982756785427
393.6153599788058
390.87809553358113
388.2985672257507
385.8930867733447
383.68654145748746
381.7110841943231
379.97769526437037
454.8395815926599
451.04026083125666
447.30003167426776
443.6022092196214
439.96848875591536
436.3903023336304
432.86786851691744
429.42004355809047
426.0761194754591
422.8695265755586
419.83164795695336
417.0076315745689
414.47831012046623
412.31077819817455
410.53467779138185
409.2985768481979
408.66062674021396
408.3495101077542
408.24798251064317
408.39476363682286
408.85070590290184
409.60749509569393
410.54157054086954
411.5398650605452
412.55694772634433
413.9595883638329
359.3242547757417
353.329798357972
347.1755203298197
340.9619268616928
334.7606556042511
328.6622706428202
322.642262321697
316.6945098740217
310.852738462644
305.1319312972913
299.5412393147848
294.09810956887
288.8004487196
283.6445081436098
278.6144110670038
273.7016732242113
268.8952964504314
264.1715839805786
259.544943360502
255.0093241463724
250.5488322318423
246.1702449866111
241.881182709559
237.693911052925
233.6098449700662
229.6412584989975
225.8144069861736
222.1333978306485
218.6071537913909
215.2508797419306
212.0780634721077
209.1048747428873
206.3555897729099
203.8619618899356
201.6305707444024
87.4955030647454
81.96837515247213
76.53126396790039
71.15837751504554
65.87675113925405
60.66975569522796
55.53368586965535
50.490426555117
45.58032549007165
40.85066365301588
36.34896968525092
32.12873204271445
28.28355230157534
24.87731941224248
21.92453825489462
19.5731598602192
17.88744618362884
16.60590400629163
15.60227114647726
14.89284224244819
14.462140872375
14.22405972119896
13.7089761471818
11.98643514861152
6.902708169582623
0.0
152.7105772271428
153.53830994049
154.3973136755854
155.2788946095372
156.1749274970399
157.0717941307321
157.9707473205576
158.8723205727939
159.7693421024792
160.6561315984692
161.5281703136745
162.3808987799666
163.2141782345936
164.0278548340364
164.8242437532337
165.6056435739106
166.3743039303245
167.1360399580068
167.8900684567966
168.6379132513805
169.3827556276633
170.123782707766
170.8594818975679
171.5875930171441
172.3067589050198
173.0126434128408
173.6990570029212
174.3648778478942
175.0082061874149
175.6272157916505
176.220503753643
176.7882120304574
177.3309516845776
177.8491223043875
178.347124519968
367.3440785279145
369.0718856787845
370.7687677063674
372.4438317045758
374.0917376166613
375.7205466384024
377.3341826472621
378.9296170029735
380.4957939853875
382.0188629225427
383.4826782717024
384.8788995318545
386.1947578188909
387.4334587859321
388.6101395364872
389.7254169879787
390.7731805565851
391.7436061014626
392.6457113641659
393.5019213943747
394.3885650305268
395.383435374495
396.8325943936877
399.5534299119337
405.6542395567617
413.9595883638329
70.54052052682424
67.75102938064614
65.30964192824936
63.0655247264159
60.97768726972126
59.04783786323935
57.24893915935591
55.56856152925421
53.9948849500437
52.52079061457229
51.136579409931414
49.84379045385808
48.640503271340194
47.520327038169995
46.4788863750926
45.5135888907316
44.621544682068205
43.797962524194205
43.039205062891185
42.34515180343368
41.711997047842914
41.1351440479645
40.61567278956531
40.158090226607484
39.7574062328559
39.415728166307716
39.137491945192394
38.9317831443239
38.801627492832495
38.7586098711604
38.814731992375584
38.9868115015864
39.29834035728241
39.78198229276519
40.434709493523016
26.481762329865802
24.052689637104578
21.91249822518381
19.89152101045798
17.951609214927004
16.061090013670196
14.197657373328212
12.366756462305915
10.58137068928039
8.862092319994616
7.22970487327899
5.725565014172815
4.422991164705877
3.392091696424899
2.675539756063415
2.3936339291639968
2.487112839816689
2.607454706976114
2.743147702582519
2.881193579618923
3.0053801259815884
3.111272589546303
3.1780841567967
3.2105045495651154
3.230812346423903
3.253998644675903
70.10592106704625
73.55603226756796
76.68353349075323
79.6317486869815
82.43411225916896
85.07542445183714
87.58473534222777
89.97552262294268
92.25258274772482
94.4175366915673
96.4757750607721
98.42140601095332
100.2564925338455
101.987501506254
103.6213556183391
105.1631331647352
106.618125782489
107.9971180410624
109.3030206789824
110.5375586582526
111.7077950921308
112.8175374112061
113.8642113076431
114.8410644952532
115.7517500774013
116.589825496959
117.3446619154394
118.0060807033887
118.5691763660295
119.0205549703252
119.346830565185
119.5313463712123
119.5512361874976
119.3742422982185
119.0078064378573
144.2886024172984
148.4389027114607
152.1547573433118
155.6553851626329
158.9910865979158
162.2142480900687
165.3589397707219
168.4220098901086
171.3833673297317
174.2121471567057
176.8748062558407
179.3251441084047
181.4795977997792
183.2738814487647
184.6830858968832
185.5887695846852
186.0451546806803
186.3923882676424
186.652919647198
186.8651482202372
187.1528584156311
187.6154303343275
188.7580870729078
191.6695463883173
198.7169356414795
206.852255306976
140.6464415938705
141.3070616482141
141.9931754190026
142.6972734133974
143.4117995288902
144.1232623150765
144.8336745015837
145.5440841521969
146.2474676977685
146.9383273061396
147.6123544707035
148.2651964648114
148.8969958051857
149.507828544424
150.1002419934317
150.6767220554668
151.2396704645572
151.7950805652566
152.3422257418736
152.8827104616863
153.4197921399737
153.9526814591706
154.4798840972084
154.9991547218607
155.5091563102572
156.0055536632667
156.4821538606318
156.9378638477126
157.370803858862
157.7791648414856
158.1615625575606
158.5181578727987
158.84957654478
159.1562245909837
159.4425159313803
170.7703647471642
172.4915923485653
174.0672555684956
175.5469061730909
176.9426958128428
178.2753381037389
179.5565971440501
180.7887663524145
181.9647380190121
183.0742394767003
184.1045111291197
185.0507091225775
185.9025889644851
186.6659731451896
187.3586256529466
187.9824035138492
188.532267520497
188.9998429746185
189.3960673497805
189.7463417998561
190.1582385416127
190.7267029238738
191.9361712297045
194.8800509378824
201.9477479879034
210.1062539516519
-1.4127659453403023
-1.2364310414742212
-1.1365009853699126
-1.0573364666175629
-0.97731091532347
-0.9109800958036748
-0.8509449892006622
-0.7968993717825921
-0.746461427329691
-0.700937794110583
-0.6546359256603669
-0.6093068003354695
-0.5672148289031148
-0.5273383325936236
-0.4887741846109575
-0.45167311183198133
-0.4169970603722767
-0.384163687955332
-0.3513908408635719
-0.32054467972232575
-0.29202718442829484
-0.26296311275168605
-0.23161682282400653
-0.20279863255338798
-0.172914367736265
-0.1407851203504726
-0.1040540557251852
-0.06579094942277036
-0.021660266728788985
0.028549267696910796
0.08727758408019921
0.1579056053664311
0.2450790894618324
0.3307202802942678
-7.064063032103484
-1.229864475448263
-1.0835821345165493
-1.023226424920987
-0.9821905591344796
-0.9571915194398899
-0.9434875372482918
-0.9270246567703488
-0.9039874785999865
-0.8705228531054214
-0.8265346935835793
-0.7615994616085251
-0.6595291140833495
-0.5219445527348718
-0.3627388952523457
-0.1425971682043864
0.04752497992103849
0.06110588445368728
0.06885911498097419
0.07003634084777569
0.0630356691248157
0.053818789285071195
0.03422648984016308
0.017356917066630118
0.012530998560382312
0.014335452960028583
0.0
-1.747603104536154
-1.584189763580013
-1.493375062516844
-1.41949606669295
-1.337917858200666
-1.271054539236282
-1.211018147308162
-1.153411328505309
-1.096625590753366
-1.042570385370135
-0.9855307528360813
-0.9295360984347203
-0.8768171454020138
-0.827604779291586
-0.7809647486662392
-0.7370051189883876
-0.6985082544150533
-0.6614857816483749
-0.6253370630239976
-0.5927660605773037
-0.5621236561180138
-0.5301772738727131
-0.4948106203317244
-0.4612943925916292
-0.4245147822577417
-0.3823512900552145
-0.3350319627506158
-0.2852278291879948
-0.2286391957653293
-0.165270105620128
-0.093463768762185
-0.0100748940160142
0.0896536524217525
0.1856126976671905
-12.80561552106942
-2.102273595627469
-1.882211532673535
-1.773191555085575
-1.689650520025161
-1.632645066412928
-1.592897337073532
-1.551553135227276
-1.500032072689107
-1.432876832179096
-1.348730819825762
-1.241182613956278
-1.091306842242077
-0.9088680025476672
-0.7138117948446655
-0.4587607565493224
-0.2311751605294673
-0.175886068391771
-0.1319683399397424
-0.1075012634544788
-0.145735369515344
-0.2343090046091937
-0.5787959714052255
-1.474756911478971
-3.569751414342438
-4.120826569782926
0.0
0.3348371591958516
0.3477587221057919
0.3568740771469313
0.3621596000753871
0.3606069428771961
0.3600744434326072
0.3600731581074998
0.3565119567227168
0.350164163423675
0.3416325912595519
0.3308948271757144
0.3202292980992508
0.309602316498899
0.3002664466979625
0.2921905640552817
0.2853320071564063
0.2815111940427766
0.2773220936930429
0.2739462221604257
0.272221380854978
0.270096471689719
0.267214161121027
0.2631937975077179
0.2584957600382412
0.2516004145214767
0.2415661697047419
0.2309779070254306
0.2194368797652244
0.2069789290365403
0.1938193733170388
0.1807413528423842
0.1679804993824453
0.1554254370400799
0.1451075826270773
5.741552488965936
0.8724091201792058
0.7986293981569857
0.749965130164588
0.7074599608906814
0.675453546973038
0.6494097998252402
0.6245284784569272
0.5960445940891205
0.5623539790736745
0.5221961262421826
0.4795831523477529
0.4317777281587276
0.3869234498127954
0.3510728995923198
0.316163588344936
0.2787001404505058
0.2369919528454583
0.2008274549207166
0.1775376043022545
0.2087710386401597
0.2881277938942649
0.6130224612453886
1.492113828545601
3.58228241290282
4.135162022742954
0.0
1.0
1.0
1.0
1.0
1.0
1.0
1.0
1.0
1.0
1.0
1.0
1.0
1.0
1.0
1.0
1.0
1.0
1.0
1.0
1.0
1.0
1.0
1.0
1.0
1.0
1.0
1.0
1.0
1.0
1.0
1.0
1.0
1.0
1.0
1.0
1.0
1.0
1.0
1.0
1.0
1.0
1.0
1.0
1.0
1.0
1.0
1.0
1.0
1.0
1.0
0.0
0.0
0.0
0.0
0.0
0.0
0.0
0.0
0.0
0.0
0.0
1.0
1.0
1.0
1.0
1.0
1.0
1.0
1.0
1.0
1.0
1.0
1.0
1.0
1.0
1.0
1.0
0.920954420531807
0.920954420531807
0.920954420531807
0.920954420531807
0.920954420531807
0.920954420531807
0.920954420531807
0.920954420531807
0.920954420531807
0.920954420531807
0.920954420531807
0.920954420531807
0.920954420531807
0.920954420531807
0.920954420531807
0.920954420531807
0.920954420531807
0.920954420531807
0.920954420531807
0.920954420531807
0.920954420531807
0.920954420531807
0.920954420531807
0.920954420531807
0.920954420531807
0.920954420531807
0.920954420531807
0.920954420531807
0.920954420531807
1.0
1.0
1.0
1.0
1.0
1.0
1.0
1.0
1.0
1.0
1.0
1.0
1.0
1.0
1.0
1.0
1.0
1.0
1.0
1.0
1.0
1.0
1.0
1.0
1.0
1.0
1.0
1.0
1.0
0.013509746998944071
0.01344331592267867
0.013145944158824844
0.012649879757609866
0.011903801613625562
0.01120023346005175
0.010521397858334863
0.009758001037286195
0.008969094637713991
0.008180202498808284
0.007399711929859997
0.0066856313450479035
0.006035471740848207
0.005466535436160202
0.004968242235242209
0.004531003477017935
0.004171041248729579
0.0038308070611962775
0.003520128693887698
0.0032512074791028285
0.0029955403571070675
0.002749987973782769
0.0025121857201046054
0.0022881408434224627
0.0020657874409441964
0.0018406813974172103
0.0016331886924155895
0.0014422837001788432
0.0012671930620656044
0.0011075436791586882
0.0009662248997898827
0.0008417043393324988
0.0007287883169436271
0.0006345931784589094
0.0005581303515139432
0.0004852211823931784
0.0004256224655652725
0.00037478019106341624
0.00032671595684285093
0.0002850674817355828
0.00024731349049982027
0.00021139544797162292
0.00017672387419217638
0.00014467862636600884
0.00011606124230950315
9.073516576643201e-05
6.927917407429869e-05
5.184978679730694e-05
3.8300595596260085e-05
2.731709197758299e-05
1.9386862934806698e-05
1.5289184794276827e-05
1.3769825200527722e-05
1.375302972649594e-05
1.2001319863469925e-05
9.989944815728986e-06
8.632531370897524e-06
1.0055353625920241e-05
6.667890233665742e-06
2.485773458316169e-07
0.0004
0.0004
0.0004
0.0004
0.0004
0.0004
0.0004
0.0004
0.0004
0.0004
0.0004
0.0004
0.0004
0.0004
0.0004
0.0004
0.0004
0.0004
0.0004
0.0004
0.0004
0.0004
0.0004
0.0004
0.0004
0.0004
0.0004
0.0004
0.0004
0.0004
0.0004
0.0004
0.0004
0.0004
0.0004
0.0004
0.0004
0.0004
0.0004
0.0004
0.0004
0.0004
0.0004
0.0004
0.0004
0.0004
0.0004
0.0004
0.0004
0.0004
0.0004
0.0004
0.0004
0.0004
0.0004
0.0004
0.0004
0.0004
0.0004
0.0004
8.60451419224123e-09
1.578021977514803e-08
2.1892415260555535e-08
2.6925828092092847e-08
2.971401735545372e-08
3.191536891169426e-08
3.3615820560817765e-08
3.4746051764151937e-08
3.5661340336177934e-08
3.6398811651530586e-08
3.6864029565337865e-08
3.7202242046694526e-08
3.743385508154835e-08
3.7482031518220545e-08
3.74258526023047e-08
3.730742951458454e-08
3.7124070818281054e-08
3.694071212197757e-08
3.678655663276213e-08
3.670665185093012e-08
3.662674706909812e-08
3.66023509716688e-08
3.6690996875910616e-08
3.6779642780152424e-08
3.6903178538193995e-08
3.7084523814632495e-08
3.726586909107099e-08
3.747683636083778e-08
3.7728139961945275e-08
3.797944356305276e-08
3.8298642947284706e-08
3.8694261202309925e-08
3.9089879457335157e-08
3.957872216284235e-08
4.015447818582019e-08
4.073023420879802e-08
4.1342697689445876e-08
4.198347277308391e-08
4.262424785672194e-08
4.3230986919605434e-08
4.381611227372829e-08
4.440123762785115e-08
4.5133689117812545e-08
4.594249047452311e-08
4.6751291831233675e-08
4.796747172172955e-08
4.949951687407961e-08
5.152241095280844e-08
5.3986620437539895e-08
5.680107822856821e-08
6.015331959489829e-08
6.559586769304933e-08
7.569057461390363e-08
9.442662951156912e-08
2.539995051245074e-07
4.925296956825388e-07
1.3900175836980765e-06
3.720822161311321e-06
7.931814761427643e-06
2.7860567514510038e-06
0.0
0.0
0.0
0.0
0.0
0.0
0.0
0.0
0.0
0.0
0.0
0.0
0.0
0.0
0.0
0.0
0.0
0.0
0.0
0.0
0.0
0.0
0.0
0.0
0.0
0.0
0.0
0.0
0.0
0.0
0.0
0.0
0.0
0.0
0.0
0.0
0.0
0.0
0.0
0.0
0.0
0.0
0.0
0.0
0.0
0.0
0.0
0.0
0.0
0.0
0.0
0.0
0.0
0.0
0.0
0.0
0.0
0.0
0.0
0.0
0.0
0.0
0.0
0.0
0.0
0.0
0.0
0.0
0.0
0.0
0.0
0.0
0.0
0.0
0.0
0.0
0.0
0.0
0.0
0.0
0.0
0.0
0.0
0.0
0.0
0.0
0.0
0.0
0.0
0.0
0.0
0.0
0.0
0.0
0.0
0.0
0.0
0.0
0.0
0.0
0.0
0.0
0.0
0.0
0.0
0.0
0.0
0.0
0.0
0.0
0.0
0.0
0.0
0.0
0.0
0.0
0.0
0.0
0.0
0.0
0.0
0.0
0.0
0.0
0.0
0.0
0.0
0.0
0.0
0.0
0.0
0.0
0.0
0.0
0.0
0.0
0.0
0.0
0.0
0.0
0.0
0.0
0.0
0.0
0.0
0.0
0.0
0.0
0.0
0.0
0.0
0.0
0.0
0.0
0.0
0.0
0.0
0.0
0.0
0.0
0.0
0.0
0.0
0.0
0.0
0.0
0.0
0.0
0.0
0.0
0.0
0.0
0.0
0.0
0.0
0.0
0.0
0.0
0.0
0.0
0.0
0.0
0.0
0.0
0.0
0.0
0.0
0.0
0.0
0.0
0.0
0.0
0.0
0.0
0.0
0.0
0.0
0.0
0.0
0.0
0.0
0.0
0.0
0.0
0.0
0.0
0.0
0.0
0.0
0.0
0.0
0.0
0.0
0.0
0.0
0.0
0.0
0.0
0.0
0.0
0.0
0.0
0.0
0.0
0.0
0.0
0.0
0.0
0.0
0.0
0.0
0.0
0.0
0.0
0.0
0.0
0.0
0.0
0.0
0.0
0.0
0.0
0.0
0.0
0.0
0.0
0.0
0.0
0.0
0.0
0.0
0.0
0.0
0.0
0.0
0.0
0.0
0.0
0.0
0.0
0.0
0.0
0.0
0.0
0.0
0.0
0.0
0.0
0.0
0.0
0.0
0.0
0.0
0.0
0.0
0.0
0.0
0.0
0.0
0.0
0.0
0.0
0.0
0.0
0.0
0.0
0.0
0.0
0.0
0.0
0.0
0.0
0.0
0.0
0.0
0.0
0.0
0.0
0.0
0.0
2
2
1
295.0
3.253998644675903
0.0
0.0
49.0
6.7
1.0
2.0
3.0
4.0
5.0
6.0
7.0
8.0
9.0
10.0
11.0
12.0
13.0
14.0
15.0
16.0
17.0
18.0
19.0
20.0
21.0
22.0
23.0
24.0
25.0
26.0
27.0
28.0
29.0
30.0
31.0
32.0
33.0
34.0
35.0
36.0
37.0
38.0
39.0
40.0
41.0
42.0
43.0
44.0
45.0
46.0
47.0
48.0
49.0
50.0
51.0
52.0
53.0
54.0
55.0
56.0
57.0
58.0
59.0
60.0
0.0
0.0
0.0
0.0
0.0
0.0
0.0
0.0
0.0
0.0
0.0
0.0
0.0
0.0
0.0
0.0
0.0
0.0
0.0
0.0
0.0
0.0
0.0
0.0
0.0
0.0
0.0
0.0
0.0
0.0
0.0
0.0
0.0
0.0
0.99
0.0
0.0
0.0
0.0
0.0
0.0
0.0
0.0
0.0
0.0
0.0
0.0
0.0
0.0
0.0
0.0
0.0
0.0
0.0
0.0
0.0
0.0
0.0
0.0
0.0
0.0
0.0
0.0
0.0
0.0
0.0
0.0
0.0
0.0
0.0
0.0
0.0
0.0
0.0
0.0
0.0
0.0
0.0
0.0
0.0
0.0
0.0
0.0
0.0
0.0
0.0
0.0
0.0
0.0
0.0
0.0
0.0
0.0
0.0
16.2
0.0
0.0
0.0
0.0
0.0
0.0
0.0
0.0
0.0
0.0
0.0
0.0
0.0
0.0
0.0
0.0
0.0
0.0
0.0
0.0
0.0
0.0
0.0
0.0
0.0
0.0
0.0
0.0
0.0
0.0
0.0
0.0
0.0
0.0
0.0
0.0
0.0
0.0
0.0
0.0
0.0
0.0
0.0
0.0
0.0
0.0
0.0
0.0
0.0
0.0
0.0
0.0
0.0
0.0
0.0
0.0
0.0
0.0
0.0
0.01
0.0
0.0
0.0
0.0
0.0
0.0
0.0
0.0
0.0
0.0
0.0
0.0
0.0
0.0
0.0
0.0
0.0
0.0
0.0
0.0
0.0
0.0
0.0
0.0
0.0
0.0
