9.81
6.022e+23
0
0
0
3
0
1
295.63376732749566
2
2
0
0
1
1
0
1
60
7
1014.8
1.607


3
3
0
75.0
0
5.7
150.0
1000.0
287.04
9.81
79000.0
40.0
20000.0
0.0
0.0
0.0
0.0
0.0280134
0.04401
0.0319988
0.039948
0.01604
0.01801528
0.048
99000.0
2.1153802199668344e+29
0.8
1e-06
1000000.0
0.6
3.0
0.0001
1000
52
4.631446665670676
0
1
7
1.0
1
0
1
1
0.1
1000000000000.0
1
294.8529739183719
294.0103581840652
293.1261476794304
292.2210620267341
291.3052804818262
290.3846938188734
289.4627842999322
288.53973964710053
287.6140165775115
286.68471448436225
285.749952947417
284.8065222640929
283.8514871835962
282.8806261907538
281.889709610008
280.87440785532795
279.83301717466685
278.7605245313731
277.63577573067494
276.03713141347714
275.30437427923
274.13267406651215
272.9020561146574
271.6344981215516
270.33650191404365
269.00950904272406
267.6497591878028
266.2577864865685
264.83378779804536
263.376003230134
261.88083258054843
260.34359132273624
258.758136256802
257.1205985448233
255.42798677043112
253.6771232250459
251.8635552812631
249.9821853238832
248.0225297046708
245.9823659243521
243.85627323984463
241.6367815931954
239.31003648250558
236.87215265293835
234.31112609504726
231.60110119063256
228.7324546351337
225.68146684715535
222.4112104185476
218.89118448416428
215.06289026191075
210.8567940017244
206.17083428550188
203.12291696013764
202.293203005295
203.77877333976727
208.2710851645776
216.71160679806965
228.9215981997308
251.3248482972647
1006.356725
989.4701749999999
972.583625
955.6970749999999
938.810525
921.9239749999999
905.037425
888.1508749999999
871.264325
854.3777749999999
837.491225
820.6046749999999
803.718125
786.8315749999999
769.945025
753.0584749999999
736.171925
719.2853749999999
702.398825
685.5122749999999
668.625725
651.7391749999999
634.852625
617.9660749999999
601.079525
584.1929749999999
567.306425
550.4198749999999
533.533325
516.6467749999999
499.76022499999993
482.87367499999993
465.987125
449.100575
432.21402499999994
415.32747499999994
398.440925
381.554375
364.66782499999994
347.78127499999994
330.894725
314.008175
297.12162499999994
280.23507499999994
263.348525
246.461975
229.57542499999994
212.68887499999994
195.802325
178.915775
162.02922499999994
145.14267499999994
128.256125
111.369575
94.48302499999994
77.59647499999994
60.709925
43.823375
26.936824999999942
10.050274999999957
73.40824729100167
221.2746955176966
371.272762926281
523.4702418978244
677.942912916762
834.7732624515795
994.0494173322763
1155.8642419473665
1320.315340321239
1487.5053474847132
1657.541657997578
1830.5364859534461
2006.6069748333548
2185.8752190943696
2368.468647625942
2554.5213794589963
2744.1745773480534
2937.5702975415948
3134.701596764744
3335.9039370464607
3541.539430519905
3751.651524590724
3966.443985546789
4186.149001279035
4411.0219117967845
4641.3395139860695
4877.402317239563
5119.539281821662
5368.110383020573
5623.508889966355
5886.164496867223
6156.547178374153
6435.173613108243
6722.616124537619
7019.51195514221
7326.573155242942
7644.598366483595
7974.484458956806
8317.247415893968
8674.049622258375
9046.22660099309
9435.31849734683
9843.121585182733
10271.753431817999
10723.7168928289
11202.01350926876
11710.298077926716
12253.063055238026
12835.935146787033
13466.095707654513
14152.910704936168
14908.945086861277
15756.654145442335
16736.163936837827
17913.858769996077
19410.120124242767
21479.276623142152
24800.444794816547
33077.8295904848
54964.779872378
3.519122223737253e+23
3.519122223737277e+23
3.519122223737277e+23
3.519122223737253e+23
3.519122223737253e+23
3.519122223737277e+23
3.519122223737277e+23
3.519122223737253e+23
3.519122223737253e+23
3.519122223737277e+23
3.519122223737277e+23
3.519122223737253e+23
3.519122223737253e+23
3.519122223737277e+23
3.519122223737277e+23
3.519122223737253e+23
3.519122223737253e+23
3.519122223737277e+23
3.519122223737277e+23
3.519122223737253e+23
3.519122223737253e+23
3.519122223737277e+23
3.519122223737277e+23
3.519122223737253e+23
3.519122223737253e+23
3.519122223737277e+23
3.519122223737277e+23
3.519122223737253e+23
3.519122223737253e+23
3.519122223737277e+23
3.519122223737277e+23
3.519122223737253e+23
3.519122223737253e+23
3.519122223737277e+23
3.519122223737277e+23
3.519122223737253e+23
3.519122223737253e+23
3.519122223737277e+23
3.519122223737277e+23
3.519122223737253e+23
3.519122223737253e+23
3.519122223737277e+23
3.519122223737277e+23
3.519122223737253e+23
3.519122223737253e+23
3.519122223737277e+23
3.519122223737277e+23
3.519122223737253e+23
3.519122223737253e+23
3.519122223737277e+23
3.519122223737277e+23
3.519122223737253e+23
3.519122223737253e+23
3.519122223737277e+23
3.519122223737277e+23
3.519122223737253e+23
3.519122223737253e+23
3.519122223737277e+23
3.519122223737277e+23
3.519122223737247e+23
-3.294669933650436
-3.293613776918914
-3.4169776871757
-3.575475344331933
-3.7246526118562566
-3.836737109290383
-3.896241762786489
-3.899211410142401
-3.850036412342905
-3.750071226435896
-3.6046641415963494
-3.4245761710517306
-3.219645496796551
-3.0044092281604047
-2.793904116415057
-2.603111244566855
-2.4357758255123887
-2.3097364555133266
-2.314477392730236
-9.274690114728056
-2.3669390584781786
-2.2573462020919934
-2.283917316775614
-2.3482481584413795
-2.416727829438345
-2.4765903225769836
-2.53651363559982
-2.5862978867249105
-2.616438432480355
-2.624943443186941
-2.6166742976947774
-2.600021836580431
-2.588557784372718
-2.584835050689557
-2.5861156593463566
-2.588698114329058
-2.5921863790802426
-2.5964727473606333
-2.6214373351958336
-2.648412078490948
-2.6681805568446317
-2.675223316393883
-2.6847924131769374
-2.6623566050507623
-2.5983374903562604
-2.5296699323260903
-2.409038373895119
-2.2284755399581027
-2.008478449238757
-1.7050036055369087
-1.3396425582761755
-0.9036127927880896
-0.28753486953325536
0.013695065638135936
0.024113182106336933
0.030722954437211923
0.03032757583847196
0.023632479968882784
0.015332926436940762
0.006848516300436386
-3.2947103387440677
-3.2937652238752264
-3.4171242874253664
-3.5756854843573933
-3.724652155364055
-3.8371706878976113
-3.896419608554112
-3.899371795910099
-3.8501937525756205
-3.7502177730015944
-3.6047980386356073
-3.4247845050792307
-3.2197498744746866
-3.004577853913972
-2.7940582364480804
-2.603241613821268
-2.4359237630893347
-2.3098495608514895
-2.3144914273791954
-9.275046774582606
-2.3669414409718854
-2.2574339504002126
-2.284030566351902
-2.3483622005560107
-2.416836165104769
-2.4767061001178092
-2.5366154548218276
-2.5863934145756673
-2.6165467064391237
-2.6250415905648765
-2.6167369407883143
-2.6000999731921013
-2.5886320407241783
-2.584893964012423
-2.5861802401041984
-2.5887716981838764
-2.5922477366552243
-2.596546954635386
-2.6214795710703243
-2.648457314920364
-2.668227464150732
-2.6752648663994023
-2.684833868951273
-2.6623808802306144
-2.598355427607089
-2.52968347432801
-2.4090445288746025
-2.228470586990909
-2.008458485311195
-1.704964475833009
-1.339572818635986
-0.9034752577074983
-0.28718891686560255
0.013468800781197388
0.023748547382780316
0.03023288107283406
0.029812961082370748
0.023222830492613866
0.015003319401813542
0.006682003471354392
0.00022234464002593768
0.00021864476430556913
0.0002149448885852006
0.00021124501286483202
0.00020754513714446352
0.00020384526142409496
0.00020014538570372643
0.00019644550998335785
0.0001927456342629893
0.0001890457585426208
0.00018534588282225224
0.0001816460071018837
0.00017794613138151513
0.0001742462556611466
0.00017054637994077807
0.0001668465042204095
0.000163146628500041
0.00015944675277967244
0.0001557468770593039
0.00015204700133893533
0.0001483471256185668
0.00014464724989819827
0.0001409473741778297
0.00013724749845746116
0.00013354762273709263
0.0001298477470167241
0.00012614787129635552
0.00012244799557598697
0.00011874811985561845
0.00011504824413524993
0.00011134836841488137
0.00010764849269451283
0.00010394861697414427
0.00010024874125377576
9.654886553340719e-05
9.284898981303864e-05
8.914911409267012e-05
8.544923837230157e-05
8.174936265193303e-05
7.804948693156446e-05
7.434961121119593e-05
7.06497354908274e-05
6.694985977045885e-05
6.324998405009029e-05
5.955010832972176e-05
5.585023260935323e-05
5.215035688898467e-05
4.845048116861612e-05
4.475060544824759e-05
4.1050729727879057e-05
3.7350854007510495e-05
3.365097828714194e-05
2.995110256677341e-05
2.625122684640488e-05
2.2551351126036326e-05
1.8851475405667767e-05
1.5151599685299241e-05
1.1451723964930706e-05
7.751848244562151e-06
4.0519725241935955e-06
-16.886549999999943
-16.886550000000057
-16.886550000000057
-16.886549999999943
-16.886549999999943
-16.886550000000057
-16.886550000000057
-16.886549999999943
-16.886549999999943
-16.886550000000057
-16.886550000000057
-16.886549999999943
-16.886549999999943
-16.886550000000057
-16.886550000000057
-16.886549999999943
-16.886549999999943
-16.886550000000057
-16.886550000000057
-16.886549999999943
-16.886549999999943
-16.886550000000057
-16.886550000000057
-16.886549999999943
-16.886549999999943
-16.886550000000057
-16.886550000000057
-16.886549999999943
-16.886549999999943
-16.886550000000057
-16.886550000000057
-16.886549999999943
-16.886549999999943
-16.886550000000057
-16.886550000000057
-16.886549999999943
-16.886549999999943
-16.886550000000057
-16.886550000000057
-16.886549999999943
-16.886549999999943
-16.886550000000057
-16.886550000000057
-16.886549999999943
-16.886549999999943
-16.886550000000057
-16.886550000000057
-16.886549999999943
-16.886549999999943
-16.886550000000057
-16.886550000000057
-16.886549999999943
-16.886549999999943
-16.886550000000057
-16.886550000000057
-16.886549999999943
-16.886549999999943
-16.886550000000057
-16.886550000000057
-16.886549999999914
295.6333568450833
294.7965028259659
293.947679335299
293.08652485750804
292.2126280750234
291.3255364078922
290.4247620903265
289.5097882422522
288.58007308971446
287.63504572079006
286.67410700805084
285.6966317809434
284.701965969354
283.68942820771247
282.6583079847784
281.6078631224525
280.53730684188156
279.44581666651726
278.3325956316752
277.1985198553734
276.03888895246365
274.85427522977614
273.6436110800563
272.40564117487696
271.1389739007087
269.84208999497463
268.51335323575086
267.1509740378848
265.7529918395149
264.31726348421716
262.84144886033295
261.3229895655473
259.75908629115395
258.14664820957864
256.4822416608591
254.7620357406863
252.98174397971073
251.13654833254287
249.2210425255161
247.22905062345922
245.15349737296185
242.98623306588348
240.71784975452923
238.33727786455418
235.83144670288718
233.1848944090299
230.37886527547275
227.39045032632922
224.19134453412383
220.74570848267055
217.00751414023458
212.96010555885738
208.51406221707924
204.64539886181774
202.70364642632882
203.02958997455755
206.01781365388968
212.48506148900202
222.8120728762571
240.1206535327184
262.52587559462216
1014.8
997.91345
981.0269
964.1403499999999
947.2538
930.36725
913.4807
896.5941499999999
879.7076
862.82105
845.9345
829.0479499999999
812.1614
795.27485
778.3883
761.5017499999999
744.6152
727.72865
710.8421
693.9555499999999
677.069
660.18245
643.2959
626.4093499999999
609.5228
592.63625
575.7497
558.8631499999999
541.9766
525.09005
508.20349999999996
491.3169499999999
474.43039999999996
457.54385
440.65729999999996
423.7707499999999
406.88419999999996
389.99765
373.11109999999996
356.2245499999999
339.33799999999997
322.45145
305.56489999999997
288.6783499999999
271.79179999999997
254.90525000000002
238.01869999999997
221.1321499999999
204.24559999999997
187.35905000000002
170.47249999999997
153.5859499999999
136.69939999999997
119.81285000000003
102.92629999999997
86.03974999999991
69.15319999999997
52.26665000000003
35.38009999999997
18.493549999999914
1.607
0.0
146.81649458200334
295.73289645338986
446.8126293991722
600.1278543964766
755.7579714370473
913.7885534661117
1074.3102811984409
1237.4182026962922
1403.2124779461863
1571.7982170232399
1743.2850989719163
1917.787872934976
2095.4260767317337
2276.3243614570056
2460.6129337948782
2648.429825123115
2839.919329572992
3035.2212655101976
3234.1819280192904
3437.625946073631
3645.4529149661794
3857.8501342152686
4075.0378368783095
4297.26016567976
4524.783657913808
4757.895370058331
4996.909264420796
5242.169299222529
5494.051466818617
5752.966313114092
6019.362680620353
6293.7316761279535
6576.615550088534
6868.616698986704
7170.407211297717
7482.739099188168
7806.45763377902
8142.511284134591
8491.983547653344
8856.115696863408
9236.337505122772
9634.299489570887
10051.943680794577
10491.56318284142
10955.870602816378
11448.156415721141
11972.43974013229
12533.686370343763
13138.183923230305
13794.007492078721
14511.813917793615
15306.076255928936
16207.232034955732
17265.09583871992
18562.62170127223
20257.618547213304
22700.934699071
26899.954890562094
39255.704290407506
51611.45369025281
445.79080233826596
442.7729806183079
439.35635548626
435.72920013928206
431.99272249952105
428.20959969071254
424.41880052883886
420.6463488367113
416.90914915703314
413.2177612260154
409.5792148424582
405.99731263200505
402.47904100975023
399.01790933622635
395.61587164338266
392.2740350137429
388.98384338991673
385.740674515426
382.5450328242517
379.3744769529813
418.6794225832786
415.71713804710004
412.6376703039698
409.5779650952986
406.56897400938635
403.62146265250016
400.73825149876825
397.91688252435563
395.1572170998467
392.4602872378465
389.8290384404923
387.26479536462557
384.7660070047116
382.3260004618885
379.94307079162917
377.6216519740938
375.3643490063762
373.1729727679496
371.050764243584
368.9910412905175
367.00097265925984
365.08887158421913
363.2599244907997
361.5059959697842
359.8361013534484
358.26084303696643
356.7879061169175
355.4139587558576
354.14220930745597
352.9604165975676
351.8745837792179
350.8863529201282
349.98347727054414
349.22370093387053
348.8545515706377
348.9531692089929
349.3909938198534
350.0625179018976
350.7978823381309
351.82220597836226
354.13196167356
433.1383393820022
429.7474135528853
425.9488210233371
421.9328737636205
417.801947340792
413.619446638211
409.4248282619927
405.2444550803787
401.0954726588869
396.9885802996152
392.9308212144695
388.9260298121921
384.981236017032
381.0899631377604
377.2541529617611
373.4748762921269
369.7435199025581
366.0553794845155
362.4108592346293
358.7874334692956
351.6401315558771
348.546436839685
345.241462164031
341.8934464027471
338.5497960347857
335.2313219290016
331.9475640638974
328.7009806529768
325.4950350358456
322.3334617665154
319.2213418063621
316.1617260881823
313.1544423268825
310.1941547704572
307.2801821579968
304.4177590945429
301.6101474932794
298.8597375757737
296.1702900077805
293.5355790023359
290.963133973014
288.4615790443981
286.0363838944905
283.6796955178917
281.4007042706783
279.210187942134
277.1161410561705
275.1153600589455
273.2111613818806
271.3917125632145
269.6630143829173
268.0267418290064
266.4708307077874
265.0533233733974
264.0224425321849
263.4566189222076
263.2338978584942
263.2693535668841
263.4601023337824
264.2124244940407
266.7918526965818
12.65246295626378
13.02556706542259
13.4075344629229
13.79632637566157
14.19077515872902
14.59015305250156
14.99397226684621
15.40189375633256
15.81367649814627
16.22918092640018
16.64839362798869
17.07128281981297
17.4978049927182
17.927946198466
18.36171868162151
18.79915872161599
19.24032348735864
19.68529503091046
20.1341735896224
20.58704348368571
67.03929102740153
67.17070120741504
67.39620813993875
67.68451869255153
68.01917797460068
68.39014072349858
68.79068743487085
69.21590187137882
69.6621820640011
70.1268254713311
70.60769663413022
71.10306927644328
71.61156467782911
72.1318456914313
72.66288863363236
73.20389287955096
73.75420151309677
74.3132351921759
74.88047423580352
75.45546228818158
76.03783868624582
76.62729253982103
77.2235405963092
77.82630045189251
78.43539708277008
79.05065509483242
79.67176506074703
80.29859869691208
80.93104792557538
81.56870403435305
82.21156939630063
82.8596110911218
83.51264656275674
84.17037756047311
84.83210903845276
85.49655028678531
86.15709596135925
86.79316433501349
87.3377800043485
87.60978148432154
87.34010897697819
594.4033460122051
588.090813953503
581.3804235975801
574.3361439631767
567.0239808390584
559.5162058748857
551.8882360251145
544.2193647244327
536.5827932488446
529.0412115652512
521.6524474086923
514.4657471596037
507.52269103226945
500.8418094842711
494.4351939375133
488.2992990714256
482.4058658337781
476.7267731961979
471.2212819441721
465.7362346455226
495.7661335012374
490.4369075240868
485.10000583055626
479.75627005553326
474.39891676906507
469.0345692470741
463.6746519932243
458.3166675639899
452.9706087249053
447.657132156466
442.4008417685469
437.2198617518919
432.12097341878587
427.0923348352385
422.1245112009668
417.2169121433273
412.37083747742577
407.58721350234396
402.86845802334284
398.1872554992061
393.548729553028
388.9684010138366
384.46418905401777
380.02542666405094
375.6931511674844
371.5195374233956
367.5169170290186
363.733925139084
360.23370510369165
357.0434539084921
354.2526566143094
351.9248529365837
350.118502029292
349.07153677575275
348.7158562133011
348.8382223990392
349.3062798909726
350.00761693409913
350.766204200825
351.80553116045814
354.1219688591273
413.6538756927871
405.4861850146597
396.9201512889216
388.0228016814195
378.8596822366024
369.5025233798824
360.0260988345702
350.5089783980811
341.0234907431682
331.6323633732349
322.3959712121821
313.3647323359126
304.5805449305919
296.0623300331178
287.8224468227159
279.8572123146856
272.1372505084572
264.6320696674834
257.2956866204817
249.9619201389569
229.8561085775535
222.0815045705482
214.3101038760354
206.5439398131987
198.7755148829785
191.0087793002328
183.2514247433281
175.4949418401131
167.7453811080576
160.0228426539381
152.3535360095907
144.7588320021594
137.2509952234857
129.8206265658723
122.4621349209736
115.1832496473861
107.9943418562328
100.9047547488124
93.92309717282824
87.02643280321237
80.2308881381525
73.56400532954014
67.0521161216333
60.68245139431713
54.4961888334182
48.5445313841088
42.83450729744827
37.42531599463764
32.39449046084316
27.75881482452295
23.61454605561971
20.02608676264996
17.04447450358217
14.89476572746474
13.49938950157838
12.64413321691991
12.11777942120698
11.72221235518504
11.01120464666128
9.333795660408581
0.0
180.749470319418
182.6046289388433
184.4602723086585
186.3133422817572
188.164298602456
190.0136824950033
191.8621371905443
193.7103863263516
195.5593025056764
197.4088481920163
199.2564761965102
201.1010148236911
202.9421461016776
204.7794794511533
206.6127471147974
208.44208675674
210.2686153253209
212.0947035287145
213.9255953236904
215.7743145065657
265.9100249236839
268.3554029535386
270.7899019545209
273.2123302423346
275.6234018860866
278.0257899468413
280.4232272498962
282.8217257238768
285.2252276168477
287.6342895025279
290.0473057589562
292.4610297497325
294.8699781953002
297.2717082693662
299.6623762799932
302.0336624959412
304.376495621193
306.6824587535316
308.9453608505146
311.1608226959937
313.3178414148755
315.4043956842965
317.4120729323845
319.3429752697338
321.1969623340662
322.9750060392868
324.6824097315703
326.3086091444464
327.8392146428485
329.2846390839691
330.6381105586897
331.8987661739337
333.0740275257098
334.176771048288
335.2164667117227
336.1940891821193
337.1885004697656
338.2854045789141
339.7549995541637
342.4717355000496
354.1219688591273
148.6125436739393
145.31783333519525
142.02406811132002
138.60694382389465
135.03125833953726
131.3066061841732
127.4694354962756
123.57301588772148
119.67364409181138
115.82345033923576
112.07323256623417
108.46843452759856
105.04365002251933
101.82390014804464
98.81932229413067
96.02526405768259
93.42202244386132
90.98609868077199
88.6762491199205
86.3617576925413
77.0867109179587
74.71976947698681
72.4623355265866
70.1783049602347
67.82994275967869
65.41310659457392
62.93640049445611
60.39978503963428
57.813391625058614
55.19684491861949
52.571803328054614
49.9550663872663
47.3549664140742
44.76633437335002
42.1814404093376
39.5952601692334
37.00648847104952
34.4142407343943
31.817693779758912
29.196214208688588
26.547756893768224
23.87952942961749
21.20426456321809
18.519430694266816
15.857049814036202
13.258694386429113
10.729010912101103
8.3199663832265
6.091495796235591
4.0830373109243965
2.3780728350913876
1.0385000164554015
0.1350247587479032
-0.15216415811769934
-0.13869535733650196
-0.11494680995372164
-0.08471392888088758
-0.05490096779851683
-0.031678137305902965
-0.016674817904089423
-0.009992814432735031
19.48446368921498
24.26122853822557
29.02866973441559
33.91007208220094
38.94226510418963
44.1169232583286
49.3987294274225
54.73547668229753
60.07198191571871
65.35621692638034
70.53485000228733
75.56129747627955
80.40069108644008
85.02763310464265
89.43170613904522
93.6176639774414
97.60626939410088
101.4233098170321
105.1151726141475
108.8255133303387
121.7840229783236
126.4649322691368
130.9313582879956
135.3495065895484
139.7742811518072
144.2225426287688
148.6961393205693
153.2060388128637
157.749653927788
162.3106191125772
166.8678057967714
171.4028940860229
175.9034471033969
180.3735282045849
184.8180472370232
189.2345094471569
193.6158056370467
197.9549828269613
202.2471928349522
206.5091461991235
210.7322458348615
214.897573714858
218.9842677728572
222.9972441235745
226.90451543726
230.6656565580253
234.2816337587222
237.6900440643079
240.8166709210375
243.6328977386916
246.0484683272976
248.0006550663565
249.4263562042052
250.1585576459326
250.5230530306065
250.8124857052877
251.1161184372873
251.5471412116991
252.4488976871211
254.8786288336321
266.7918526965818
168.0970073631543
169.5790618734208
171.0527378457356
172.5170159060956
173.9735234437269
175.4235294425018
176.8681649236981
178.308492570019
179.7456260075301
181.1796672656161
182.6080825685215
184.0297320038781
185.4443411089594
186.8515332526873
188.2510284331759
189.642928035124
191.0282918379622
192.4094084978041
193.791421734068
195.18727102288
198.8707338962823
201.1847017461236
203.3936938145822
205.5278115497831
207.6042239114859
209.6356492233427
211.6325398150254
213.605823852498
215.5630455528466
217.5074640311967
219.439609124826
221.3579604732892
223.2584135174711
225.1398625779349
226.9994876463608
228.8297696163903
230.6222941080962
232.3692235613556
234.0648866147111
235.7053604078121
237.2800027286297
238.7771031444755
240.1885323360753
241.5166748178413
242.7615652512962
243.9243509444544
245.0106446708233
246.0100104475344
246.9081667172731
247.715935049616
248.426541162389
249.0391550828119
249.5613809629531
250.0063934878149
250.38435767327
250.697538895334
251.0314045084064
251.4922402439006
252.4172195498152
254.861954015728
266.7818598821491
-1.6451962438730647
-1.6442897736874156
-1.7063383754783885
-1.7855317647777458
-1.8595037954906333
-1.916130349975285
-1.9457225195411085
-1.9467722392563993
-1.9226368205607902
-1.8727060390180605
-1.7996582743124612
-1.7101746733683858
-1.607773813330533
-1.4998957450402237
-1.3951697555447358
-1.2994596766748114
-1.2163054731435101
-1.1533388278512222
-1.1552410667000044
-4.631548857443492
-1.1816561103921868
-1.1263320144900162
-1.1402850847592232
-1.172427031279823
-1.2060338328276008
-1.236543845357962
-1.2664699344025103
-1.2907550702914385
-1.3063968625226614
-1.3106421345208354
-1.3059295388890007
-1.298191989577845
-1.2924684596696314
-1.2900556693752279
-1.2912547307847384
-1.2925569755129143
-1.2937855748009257
-1.2964606871673072
-1.308924670874533
-1.3219462214654776
-1.3323026779426774
-1.3358355145255594
-1.3402390972131561
-1.3294358848750862
-1.2971321746933666
-1.2631950062109718
-1.2029614769253067
-1.1125311917832923
-1.0029333534474203
-0.8513769137330703
-0.6687251746382515
-0.4511211680805531
-0.1433396245264651
0.0069184913756538124
0.011927055603904085
0.015169953924275004
0.015123431298285805
0.011793596863542699
0.008009154482998104
0.00938097511765168
0.0
-2.385705789023448
-2.381049187073791
-2.437965905329452
-2.51327674765664
-2.584429484131667
-2.637943451773011
-2.665383208710271
-2.66526233359883
-2.639156511568084
-2.586414717688802
-2.51040719314648
-2.416985075895968
-2.31087832606792
-2.199568717650507
-2.090633339369482
-1.992067713910132
-1.906381352603042
-1.843862682330468
-1.853091287861948
-6.471993590121388
-2.337831722091116
-2.230710270706201
-2.206598464222467
-2.209907881584511
-2.22163817816474
-2.234291589127589
-2.252422647287938
-2.269261566228195
-2.277926879138675
-2.276039746104414
-2.265002931354408
-2.247754647076655
-2.23253576376437
-2.219769052962513
-2.205756363305481
-2.188193058281167
-2.167157159457413
-2.143699886313071
-2.128588518557132
-2.10918342582633
-2.080329920060165
-2.041057071117045
-2.00423952481218
-1.95144623756716
-1.878463024404946
-1.805962406222769
-1.702295267703453
-1.561561439173823
-1.40653535069286
-1.20643174181492
-0.974999471785218
-0.7120516846642816
-0.3656904355721523
-0.1820434492329674
-0.1445541552380477
-0.1516462269685143
-0.2152698658231421
-0.4503729431331096
-1.213504085972003
-5.949936418088153
0.0
0.7405095451503835
0.7367594133863756
0.7316275298510634
0.7277449828788941
0.7249256886410336
0.7218131017977258
0.7196606891691626
0.7184900943424307
0.7165196910072938
0.7137086786707416
0.7107489188340189
0.7068104025275822
0.703104512737387
0.6996729726102836
0.6954635838247459
0.6926080372353206
0.6900758794595319
0.6905238544792458
0.6978502211619437
1.840444732677896
1.156175611698929
1.104378256216185
1.066313379463244
1.037480850304688
1.015604345337139
0.9977477437696272
0.9859527128854277
0.9785064959367566
0.9715300166160137
0.9653976115835786
0.9590733924654071
0.9495626574988097
0.9400673040947385
0.929713383587285
0.9145016325207425
0.8956360827682529
0.8733715846564873
0.8472391991457641
0.8196638476825989
0.7872372043608524
0.7480272421174874
0.7052215565914856
0.6640004275990238
0.6220103526920736
0.5813308497115794
0.5427674000117974
0.4993337907781463
0.4490302473905307
0.4036019972454397
0.3550548280818496
0.3062742971469664
0.2609305165837285
0.2223508110456872
0.1889619406086212
0.1564812108419518
0.1668161808927893
0.2303932971214279
0.4621665399966523
1.221513240455001
5.959317393205804
0.0
1.0
1.0
1.0
1.0
1.0
1.0
1.0
1.0
1.0
1.0
1.0
1.0
1.0
1.0
1.0
1.0
1.0
1.0
1.0
1.0
1.0
1.0
1.0
1.0
1.0
1.0
1.0
1.0
1.0
1.0
1.0
1.0
1.0
1.0
1.0
1.0
1.0
1.0
1.0
1.0
1.0
1.0
1.0
1.0
1.0
1.0
1.0
1.0
1.0
1.0
1.0
1.0
1.0
0.0
0.0
0.0
0.0
0.0
0.0
0.0
0.0
1.0
1.0
1.0
1.0
1.0
1.0
1.0
1.0
1.0
1.0
1.0
1.0
1.0
1.0
1.0
1.0
0.9299999999999999
0.9299999999999999
0.9299999999999999
0.9299999999999999
0.9299999999999999
0.9299999999999999
0.9299999999999999
0.9299999999999999
0.9299999999999999
0.9299999999999999
0.9299999999999999
0.9299999999999999
0.9299999999999999
0.9299999999999999
0.9299999999999999
0.9299999999999999
0.9299999999999999
0.9299999999999999
0.9299999999999999
0.9299999999999999
0.9299999999999999
0.9299999999999999
0.9299999999999999
0.9299999999999999
0.9299999999999999
0.9299999999999999
0.9299999999999999
0.9299999999999999
0.9299999999999999
1.0
1.0
1.0
1.0
1.0
1.0
1.0
1.0
1.0
1.0
1.0
1.0
1.0
1.0
1.0
1.0
1.0
1.0
1.0
1.0
1.0
1.0
1.0
1.0
1.0
1.0
1.0
1.0
1.0
0.05252373337658451
0.04908629416393904
0.04582041414326831
0.04272028781848724
0.03978020962430781
0.03699457392623879
0.034357875020585994
0.031864707134452046
0.029509764425736537
0.02728784098313594
0.025193830826143734
0.023222727905050193
0.0213696261009426
0.0196297192257051
0.01799830102201879
0.016470765163361677
0.015042605254008683
0.013709414829031626
0.01246688735429928
0.011310816226477295
0.010237094773028286
0.009241716252211738
0.008320773853084088
0.007470460695498656
0.006687069830105724
0.0059669942383524495
0.005306726832482934
0.004702860455538176
0.00415208788135611
0.0036512018145715766
0.0031970948906163395
0.002786759675719072
0.002417288666905374
0.0020858742919977525
0.0017898089096156384
0.001526484809175381
0.0012933942108902428
0.0010881292657704048
0.0009083820556229645
0.0007519445930519394
0.0006167088214582618
0.0005006666150397806
0.0004019097787912639
0.0003186300485043961
0.00024911909076777937
0.00019176850296693181
0.0001450698132842898
0.00010761448069920698
7.809389498795382e-05
5.5299376723717976e-05
3.812217727660451e-05
2.5553478813635724e-05
1.6684394298751068e-05
1.0705967492807159e-05
6.909172953577908e-06
4.6849160357544595e-06
3.524032890945126e-06
3.017290467675456e-06
2.8553865113882233e-06
2.82894956444342e-06
0.000348
0.000348
0.000348
0.000348
0.000348
0.000348
0.000348
0.000348
0.000348
0.000348
0.000348
0.000348
0.000348
0.000348
0.000348
0.000348
0.000348
0.000348
0.000348
0.000348
0.000348
0.000348
0.000348
0.000348
0.000348
0.000348
0.000348
0.000348
0.000348
0.000348
0.000348
0.000348
0.000348
0.000348
0.000348
0.000348
0.000348
0.000348
0.000348
0.000348
0.000348
0.000348
0.000348
0.000348
0.000348
0.000348
0.000348
0.000348
0.000348
0.000348
0.000348
0.000348
0.000348
0.000348
0.000348
0.000348
0.000348
0.000348
0.000348
0.000348
1.7322297340509496e-42
7.561366308704624e-42
3.2998300505338577e-41
1.4397125187342174e-40
6.279847776911085e-40
2.738467500268162e-39
1.1938423932019386e-38
5.203108582763347e-38
2.266995050264513e-37
9.874271728639634e-37
4.29953146414337e-36
1.8715143427037444e-35
8.143577445120726e-35
3.5422649567255867e-34
1.5402240040818125e-33
6.694476415899044e-33
2.908516940467351e-32
1.2631085569134812e-31
5.482960595947378e-31
2.378951458094145e-30
1.0316728290477071e-29
4.471709151312355e-29
1.9371738305416854e-28
8.387152579401898e-28
3.6290903732284034e-27
1.5692912319555803e-26
6.781344287970086e-26
2.9283099488837713e-25
1.2635377117240762e-24
5.447639882999713e-24
2.346684151140806e-23
1.0099542011247964e-22
4.342317556457909e-22
1.8650194879458073e-21
8.00115343869465e-21
3.428394198469216e-20
1.4670828136543546e-19
6.26896051843375e-19
2.674596666428366e-18
1.1391478249474543e-17
4.842714838604314e-17
2.0544789891658218e-16
8.696050884211555e-16
3.671445674122287e-15
1.5456582645888835e-14
6.486227669397576e-14
2.711948856677923e-13
1.1291386817928242e-12
4.67842398008085e-12
1.9274059401311145e-11
7.886772021416647e-11
3.200825208310689e-10
1.2859660379853392e-09
5.100820824343008e-09
1.9897565737926862e-08
7.587512314849466e-08
2.800294557010474e-07
9.819527479310615e-07
3.1415115764051744e-06
8.105230393616113e-06
3.06e-07
3.06e-07
3.06e-07
3.06e-07
3.06e-07
3.06e-07
3.06e-07
3.06e-07
3.06e-07
3.06e-07
3.06e-07
3.06e-07
3.06e-07
3.06e-07
3.06e-07
3.06e-07
3.06e-07
3.06e-07
3.06e-07
3.06e-07
3.06e-07
3.06e-07
3.06e-07
3.06e-07
3.06e-07
3.06e-07
3.06e-07
3.06e-07
3.06e-07
3.06e-07
3.06e-07
3.06e-07
3.06e-07
3.06e-07
3.06e-07
3.06e-07
3.06e-07
3.06e-07
3.06e-07
3.06e-07
3.06e-07
3.06e-07
3.06e-07
3.06e-07
3.06e-07
3.06e-07
3.06e-07
3.06e-07
3.06e-07
3.06e-07
3.06e-07
3.06e-07
3.06e-07
3.06e-07
3.06e-07
3.06e-07
3.06e-07
3.06e-07
3.06e-07
3.06e-07
0.0
0.0
0.0
0.0
0.0
0.0
0.0
0.0
0.0
0.0
0.0
0.0
0.0
0.0
0.0
0.0
0.0
0.0
0.0
0.0
0.0
0.0
0.0
0.0
0.0
0.0
0.0
0.0
0.0
0.0
0.0
0.0
0.0
0.0
0.0
0.0
0.0
0.0
0.0
0.0
0.0
0.0
0.0
0.0
0.0
0.0
0.0
0.0
0.0
0.0
0.0
0.0
0.0
0.0
0.0
0.0
0.0
0.0
0.0
0.0
1.65e-06
1.65e-06
1.65e-06
1.65e-06
1.65e-06
1.65e-06
1.65e-06
1.65e-06
1.65e-06
1.65e-06
1.65e-06
1.65e-06
1.65e-06
1.65e-06
1.65e-06
1.65e-06
1.65e-06
1.65e-06
1.65e-06
1.65e-06
1.65e-06
1.65e-06
1.65e-06
1.65e-06
1.65e-06
1.65e-06
1.65e-06
1.65e-06
1.65e-06
1.65e-06
1.65e-06
1.65e-06
1.65e-06
1.65e-06
1.65e-06
1.65e-06
1.65e-06
1.65e-06
1.65e-06
1.65e-06
1.65e-06
1.65e-06
1.65e-06
1.65e-06
1.65e-06
1.65e-06
1.65e-06
1.65e-06
1.65e-06
1.65e-06
1.65e-06
1.65e-06
1.65e-06
1.65e-06
1.65e-06
1.65e-06
1.65e-06
1.65e-06
1.65e-06
1.65e-06
0.0
0.0
0.0
0.0
0.0
0.0
0.0
0.0
0.0
0.0
0.0
0.0
0.0
0.0
0.0
0.0
0.0
0.0
0.0
0.0
0.0
0.0
0.0
0.0
0.0
0.0
0.0
0.0
0.0
0.0
0.0
0.0
0.0
0.0
0.0
0.0
0.0
0.0
0.0
0.0
0.0
0.0
0.0
0.0
0.0
0.0
0.0
0.0
0.0
0.0
0.0
0.0
0.0
0.0
0.0
0.0
0.0
0.0
0.0
0.0
0.0
0.0
0.0
0.0
0.0
0.0
0.0
0.0
0.0
0.0
0.0
0.0
0.0
0.0
0.0
0.0
0.0
0.0
0.0
0.0
0.0
0.0
0.0
0.0
0.0
0.0
0.0
0.0
0.0
0.0
0.0
0.0
0.0
0.0
0.0
0.0
0.0
0.0
0.0
0.0
0.0
0.0
0.0
0.0
0.0
0.0
0.0
0.0
0.0
0.0
0.0
0.0
0.0
0.0
0.0
0.0
0.0
0.0
0.0
0.0
2
2
1
295.6333568450833
-0.009992814432735031
0.0
0.0
52.0
5.7
1.0
2.0
3.0
4.0
5.0
6.0
7.0
8.0
9.0
10.0
11.0
12.0
13.0
14.0
15.0
16.0
17.0
18.0
19.0
20.0
21.0
22.0
23.0
24.0
25.0
26.0
27.0
28.0
29.0
30.0
31.0
32.0
33.0
34.0
35.0
36.0
37.0
38.0
39.0
40.0
41.0
42.0
43.0
44.0
45.0
46.0
47.0
48.0
49.0
50.0
51.0
52.0
53.0
54.0
55.0
56.0
57.0
58.0
59.0
60.0
0.0
0.0
0.0
0.0
0.0
0.0
0.0
0.0
0.0
0.0
0.0
0.0
0.0
0.0
0.0
0.0
0.0
0.0
0.0
0.66
0.0
0.0
0.0
0.0
0.0
0.0
0.0
0.0
0.0
0.0
0.0
0.0
0.0
0.0
0.0
0.0
0.0
0.0
0.0
0.0
0.0
0.0
0.0
0.0
0.0
0.0
0.0
0.0
0.0
0.0
0.0
0.0
0.0
0.0
0.0
0.0
0.0
0.0
0.0
0.0
0.0
0.0
0.0
0.0
0.0
0.0
0.0
0.0
0.0
0.0
0.0
0.0
0.0
0.0
0.0
0.0
0.0
0.0
0.0
3.0
0.0
0.0
0.0
0.0
0.0
0.0
0.0
0.0
0.0
0.0
0.0
0.0
0.0
0.0
0.0
0.0
0.0
0.0
0.0
0.0
0.0
0.0
0.0
0.0
0.0
0.0
0.0
0.0
0.0
0.0
0.0
0.0
0.0
0.0
0.0
0.0
0.0
0.0
0.0
0.0
0.0
0.0
0.0
0.0
0.0
0.0
0.0
0.0
0.0
0.0
0.0
0.0
0.0
0.0
0.0
0.0
0.0
0.0
0.0
0.5
0.0
0.0
0.0
0.0
0.0
0.0
0.0
0.0
0.0
0.0
0.0
0.0
0.0
0.0
0.0
0.0
0.0
0.0
0.0
0.0
0.0
0.0
0.0
0.0
0.0
0.0
0.0
0.0
0.0
0.0
0.0
0.0
0.0
0.0
0.0
0.0
0.0
0.0
0.0
0.0
0.0
