9.81
6.022e+23
0
0
0
3
0
1
270.9019208804392
2
2
0
0
1
1
0
1
60
7
1000.0
1.0


3
3
0
77.072922555375
0
5.783625987995279
150.0
1000.0
287.04
9.81
79000.0
40.0
20000.0
0.0
0.0
0.0
0.0
0.0280134
0.04401
0.0319988
0.039948
0.01604
0.01801528
0.048
99000.0
2.1153802199668344e+29
0.8
1e-06
1000000.0
0.6
3.0
0.0001
1000
44
24.179288725632883
0
1
6
1.0
1
0
1
1
0.1
1000000000000.0
1
270.76068593502737
270.06051673632027
269.29267100740384
268.49578405950626
267.6816297615767
266.8532262246473
266.01167497157377
265.15881410060484
264.29328028116834
263.4146673251532
262.52162390007726
261.61365482947093
260.6905115341068
259.7506613807307
258.7934235017561
257.8184153782327
256.82403488676636
255.8082866456257
254.74911291554773
252.56071264123455
252.1879376146335
251.1313463307441
250.01180351324146
248.85736698131362
247.67113251742543
246.45298342061693
245.20218803605496
243.9181431271673
242.59834625307198
241.24072967628584
239.84459796576598
238.40722932647498
236.92453520241278
235.39433084057674
233.81398515669392
232.17992499800786
230.48947303228854
228.73630636790386
226.9150988478104
225.02384706261043
223.05570783991772
221.00038359342122
218.85805752691806
216.62081950296246
214.27642857887471
212.07881099645567
211.07762201928176
210.52793770111234
210.44291697169695
210.86698425261483
211.54392585682734
212.16973652971777
212.82373992082782
213.56711502459473
215.0164748585348
216.56877097168035
218.9210864928606
222.3264322387113
226.48737393291538
235.8182211899674
991.675
975.0250000000001
958.375
941.7249999999999
925.075
908.425
891.7750000000001
875.125
858.4749999999999
841.825
825.175
808.5250000000001
791.875
775.225
758.575
741.925
725.2750000000001
708.625
691.975
675.325
658.675
642.0250000000001
625.375
608.725
592.075
575.425
558.7750000000001
542.125
525.4750000000001
508.82500000000005
492.17500000000007
475.52500000000003
458.87500000000006
442.2250000000001
425.57500000000005
408.925
392.27500000000003
375.62500000000006
358.9750000000001
342.32500000000005
325.675
309.02500000000003
292.37500000000006
275.7250000000001
259.0750000000001
242.42500000000007
225.77500000000003
209.12500000000006
192.47500000000008
175.8250000000001
159.17500000000007
142.52500000000003
125.87500000000006
109.22500000000008
92.5750000000001
75.92500000000013
59.27500000000009
42.62500000000006
25.97500000000008
9.325000000000045
67.4697115093675
203.38612676457004
341.2835969180417
481.2207455715228
623.2632897202836
767.4817379185306
913.9513730247184
1062.7519534496569
1213.967420142184
1367.686258589337
1524.0018088382913
1683.0129629314838
1844.8244110393432
2009.5469694938222
2177.2984499002678
2348.2040576026898
2522.3965001601528
2700.009485940858
2880.787109291413
3065.1513013392405
3253.698241741912
3446.3636502871313
3643.3314201833637
3844.813395939077
4051.04057125367
4262.263972098414
4478.756858388573
4700.816544601195
4928.767211880066
5162.963971841074
5403.796796698347
5651.693963384362
5907.12777103054
6170.6222318017735
6442.760768974202
6724.195823045251
7015.658989981121
7317.973905992734
7632.076479623414
7959.036675610447
8300.080013995608
8656.628154165184
9030.346846813536
9423.1954686472
9837.801833414582
10278.703770447806
10751.726130354979
11263.334288350306
11821.83970429188
12437.725825931062
13124.067161260562
13898.49566448345
14786.56006107052
15828.506997689652
17088.949178409755
18683.2511056913
20853.24815054098
24247.526221984335
32530.91334814223
56560.69457252452
3.521179111399233e+23
3.521179111399233e+23
3.521179111399257e+23
3.521179111399233e+23
3.521179111399233e+23
3.521179111399233e+23
3.521179111399233e+23
3.521179111399257e+23
3.521179111399233e+23
3.521179111399233e+23
3.521179111399233e+23
3.521179111399233e+23
3.521179111399257e+23
3.5211791113992086e+23
3.521179111399257e+23
3.521179111399233e+23
3.521179111399233e+23
3.521179111399257e+23
3.5211791113992086e+23
3.521179111399257e+23
3.521179111399233e+23
3.521179111399233e+23
3.521179111399257e+23
3.5211791113992086e+23
3.521179111399257e+23
3.521179111399233e+23
3.521179111399233e+23
3.521179111399233e+23
3.521179111399233e+23
3.521179111399244e+23
3.521179111399244e+23
3.521179111399233e+23
3.521179111399233e+23
3.521179111399233e+23
3.521179111399257e+23
3.521179111399233e+23
3.521179111399233e+23
3.521179111399233e+23
3.521179111399233e+23
3.521179111399257e+23
3.521179111399233e+23
3.521179111399233e+23
3.521179111399233e+23
3.521179111399233e+23
3.521179111399233e+23
3.521179111399257e+23
3.521179111399233e+23
3.521179111399233e+23
3.521179111399233e+23
3.521179111399233e+23
3.521179111399257e+23
3.521179111399233e+23
3.521179111399233e+23
3.521179111399233e+23
3.521179111399233e+23
3.521179111399233e+23
3.521179111399257e+23
3.521179111399233e+23
3.521179111399233e+23
3.521179111399257e+23
-0.5722568599815397
-0.21504857378276343
-0.09148888149642187
-0.0391416897237542
-0.008668241362697171
0.015222398380502766
0.0384165531773355
0.07059475015127281
0.1081528288515512
0.15146981634298062
0.19763146767439
0.24636318768648235
0.299040622768606
0.3527122243883529
0.4066990182039846
0.46256013182113187
0.517082330072643
0.5649118409809647
0.5081123803328348
-47.07196543043974
-1.1754033657036287
-0.934859714938489
-0.8539569976057486
-0.80829792154109
-0.780587757503014
-0.766285549254001
-0.7605062152484278
-0.7596813728238859
-0.7663479698438371
-0.7782629957607792
-0.7921823387750238
-0.8068053936304941
-0.8290124413988489
-0.855163227003868
-0.8824359751440245
-0.9081711738023142
-0.9279995653096534
-0.9470852762656666
-0.9658194134691407
-0.9675178409436852
-0.948709184592936
-0.9205292537033793
-0.839803989914651
-0.6938200340626696
-0.4684384829950353
-0.1628874856429999
-0.14461783105545176
-0.11910119457707322
-0.08546104733512688
-0.05013450137689274
-0.011061323931980921
0.027704690137932503
0.06130385989745113
0.0862666542072157
0.0981849662725556
0.10118559989972913
0.09041486638362489
0.07206921024752597
0.05290929249355123
0.08882850079890225
-1.5477178515917984
-1.1738334510263613
-1.033960011987574
-0.9658667267820604
-0.9189627724120157
-0.8789878145756518
-0.8395443790162318
-0.7910612504207961
-0.737192469086807
-0.6774985630460009
-0.6153573534274557
-0.5504492513188666
-0.48128862066495515
-0.41158721698062095
-0.3413429145782487
-0.2691337121689088
-0.19843360106267482
-0.13432941657389108
-0.1747972589059259
-47.73914357941632
-1.8256183401385044
-1.5691461298430909
-1.4711331545854023
-1.4096887245987233
-1.3663656237824853
-1.3356063345044191
-1.3138778170313827
-1.296533392843898
-1.286185024006997
-1.2828905888877102
-1.2801564942905657
-1.2790017262124138
-1.285074607632339
-1.2948539242385664
-1.3052460321509045
-1.3154171032817885
-1.3188988406831186
-1.3221817799802125
-1.3249046664138007
-1.30964799333168
-1.2753928757375945
-1.230777500708001
-1.1349374285772171
-0.9736278992209861
-0.7345389465643848
-0.3991210919286061
-0.36556392336470367
-0.3253472595108917
-0.2775419063395077
-0.22685011751141815
-0.1735331988681139
-0.11967486529616167
-0.07065156753520796
-0.03031579369653059
-0.0023516849753661972
0.01612826940069567
0.02190446323848505
0.019359753846799777
0.01728642947540493
0.06801552435860003
0.9754050683573715
0.9591645739692214
0.9429240795810709
0.9266835851929207
0.9104430908047706
0.8942025964166204
0.87796210202847
0.8617216076403199
0.8454811132521696
0.8292406188640193
0.8130001244758691
0.796759630087719
0.7805191356995687
0.7642786413114184
0.7480381469232683
0.731797652535118
0.7155571581469677
0.6993166637588176
0.6830761693706672
0.6668356749825171
0.6505951805943668
0.6343546862062166
0.6181141918180664
0.601873697429916
0.5856332030417659
0.5693927086536157
0.5531522142654653
0.5369117198773151
0.520671225489165
0.5044307311010148
0.4881902367128645
0.4719497423247142
0.45570924793656403
0.4394687535484138
0.4232282591602636
0.40698776477211324
0.39074727038396306
0.37450677599581284
0.35826628160766266
0.3420257872195124
0.32578529283136215
0.30954479844321187
0.29330430405506164
0.27706380966691146
0.26082331527876124
0.24458282089061104
0.2283423265024607
0.21210183211431047
0.19586133772616027
0.17962084333801004
0.16338034894985984
0.1471398545617095
0.1308993601735593
0.11465886578540908
0.09841837139725887
0.08217787700910865
0.06593738262095844
0.04969688823280812
0.03345639384465791
0.017215899456507696
-16.649999999999977
-16.649999999999977
-16.65000000000009
-16.649999999999977
-16.649999999999977
-16.649999999999977
-16.649999999999977
-16.65000000000009
-16.649999999999977
-16.649999999999977
-16.649999999999977
-16.649999999999977
-16.65000000000009
-16.649999999999864
-16.65000000000009
-16.649999999999977
-16.649999999999977
-16.65000000000009
-16.649999999999864
-16.65000000000009
-16.649999999999977
-16.649999999999977
-16.65000000000009
-16.649999999999864
-16.65000000000009
-16.649999999999977
-16.649999999999977
-16.649999999999977
-16.649999999999977
-16.650000000000034
-16.650000000000034
-16.649999999999977
-16.649999999999977
-16.649999999999977
-16.65000000000009
-16.649999999999977
-16.649999999999977
-16.649999999999977
-16.649999999999977
-16.65000000000009
-16.649999999999977
-16.649999999999977
-16.649999999999977
-16.649999999999977
-16.649999999999977
-16.65000000000009
-16.649999999999977
-16.649999999999977
-16.649999999999977
-16.649999999999977
-16.65000000000009
-16.649999999999977
-16.649999999999977
-16.649999999999977
-16.649999999999977
-16.649999999999977
-16.65000000000009
-16.649999999999977
-16.649999999999977
-16.65000000000009
270.8981817879096
270.1177426341334
269.32600236497933
268.52264785001654
267.7073141057029
266.8796059505371
266.03910297580745
265.1853547744324
264.31788916785854
263.43620736853296
262.5397846300837
261.6280660110377
260.7004625436947
259.7563522181742
258.79507520392195
257.8159285749674
256.81816697551824
255.80100069959198
254.7636728147848
253.7099003786754
252.63108575001766
251.6630654504463
250.5749154396431
249.43785982088707
248.26763801898093
247.06547869806548
245.83099789854037
244.56356098795385
243.26270486684888
241.92679818144398
240.5536919324193
239.1410242122303
237.686202941228
236.18635699600023
234.63829611920937
233.03846196414926
231.38286593389302
229.66703407048186
227.88591312428628
226.03373045498867
224.103882151185
222.08879622515448
219.9795999722727
217.76589793915323
215.45242605702828
213.19817413216083
211.61326353639396
210.83286673256646
210.50884255897162
210.6704359116503
211.21234838123638
211.8547521810737
212.48620262461594
213.17805961509595
214.27012445930802
215.76927513186862
217.7225688630503
220.60491289572184
224.39251289997543
231.13646440406094
240.45902605662693
1000.0
983.35
966.7
950.05
933.4
916.75
900.1
883.45
866.8
850.15
833.5
816.85
800.2
783.55
766.9000000000001
750.25
733.6
716.95
700.3
683.6500000000001
667.0
650.35
633.7
617.05
600.4000000000001
583.75
567.1
550.45
533.8000000000001
517.1500000000001
500.50000000000006
483.85
467.20000000000005
450.55000000000007
433.9000000000001
417.25
400.6
383.95000000000005
367.30000000000007
350.6500000000001
334.0
317.35
300.70000000000005
284.05000000000007
267.4000000000001
250.7500000000001
234.10000000000002
217.45000000000005
200.80000000000007
184.1500000000001
167.5000000000001
150.85000000000002
134.20000000000005
117.55000000000007
100.90000000000009
84.25000000000011
67.60000000000014
50.950000000000045
34.30000000000007
17.65000000000009
1.0
0.0
134.939423018735
271.8328305104051
410.7343633256784
551.7071278173672
694.8194516231999
840.1440242138611
987.7587218355757
1137.7451850637383
1290.18965522063
1445.1828619580442
1602.820755718538
1763.2051701444298
1926.4436519342566
2092.6502870533877
2261.9466127471474
2434.461502458232
2610.331497862074
2789.687474019642
2971.886744563183
3158.4158581152974
3348.9806253685274
3543.7466752057353
3742.9161651609925
3946.710626717162
4155.370515790178
4369.157428406651
4588.356288370495
4813.276800831896
5044.257622928235
5281.670320753915
5525.923272642779
5777.464654125945
6036.790887935135
6304.453575668412
6581.067962279991
6867.32368381051
7163.994296151732
7471.953515833738
7792.19944341309
8125.873907807803
8474.286120183413
8838.970188146955
9221.723505480115
9624.667431814285
10050.936235014879
10506.471305880734
10996.980954829221
11529.687621871391
12113.99178671237
12761.459865149754
13486.674457371368
14310.31687159553
15262.80325054551
16394.210744833792
17783.68761198572
19582.81459939688
22123.68170168508
26371.370742283587
38690.45595400087
51009.54116571824
322.69010220821747
322.0093450557546
320.871792003581
319.54349521949814
318.10333699455447
316.6046460254939
315.0748126376067
313.53303608161923
311.9969570938744
310.4676455332541
308.94771126625346
307.43627644162524
305.9331538599424
304.4387390815961
302.94673729328025
301.4558881785241
299.96545485862765
298.4700389004335
296.97436444972124
295.46949415523613
372.4647133504768
371.7755448972104
370.78724174552997
369.7024776325224
368.5753792379693
367.42616599248674
366.2644503835403
365.0970069017997
363.92878383677
362.7658844377608
361.6153143338727
360.4768017453008
359.35300045950635
358.2424178444815
357.14905865633193
356.0745472860996
355.02366354892877
353.999378580653
353.0011122023659
352.03277550992857
351.10123654094593
350.2089225994756
349.3539848358771
348.5450801820574
347.7872718047063
347.0959831928411
346.5568864746469
346.2911459153821
346.1984199002583
346.2628164719806
346.4717487141091
346.7683397852493
347.0863311393212
347.4105902076256
347.7481088310273
348.0951606443479
348.4429686416275
348.8143843547004
349.1927788126015
349.69574782597283
351.1022648092926
305.3762516654766
304.5701997317593
303.3031052430315
301.8419184914249
300.2659120622279
298.62805644093
296.9557977197305
295.2684619052016
293.5838020210268
291.9033053212607
290.2299412703387
288.5632127388294
286.9032345358875
285.2506399952241
283.5993961021273
281.9484062434303
280.2970528745665
278.6400691075352
276.98220571396
275.3145688165785
244.3576644802575
243.5501587334102
242.4003816518728
241.117699774773
239.7624907898527
238.3596047473874
236.9221864608083
235.4594031396275
233.978167495069
232.4862131159702
230.9915654974953
229.4950119608542
228.0000958575465
226.5059545837144
225.0172460779074
223.5361389246764
222.067788684274
220.6156047513034
219.1794857597469
217.7636818405024
216.375537899179
215.0179559714131
213.6894732362165
212.3996760959564
211.1543247907756
209.9692450416817
208.9316840254171
208.1637784650085
207.566118967899
207.1235256747535
206.8238086608532
206.6108924864641
206.422473060433
206.2489322407383
206.1067664446513
206.0265510359238
206.0099560790062
206.1378728351684
206.4717947637407
207.157667189429
208.1868102256338
17.31385054274086
17.43914532399527
17.5686867605495
17.70157672807321
17.83742493232654
17.97658958456387
18.11901491787621
18.26457417641764
18.41315507284758
18.56434021199337
18.71776999591474
18.87306370279585
19.0299193240549
19.18809908637198
19.34734119115298
19.50748193509375
19.6684019840612
19.82996979289829
19.99215873576122
20.15492533865762
128.1070488702193
128.2253861638002
128.3868600936572
128.5847778577494
128.8128884481166
129.0665612450993
129.342263922732
129.6376037621722
129.950616341701
130.2796713217906
130.6237488363774
130.9817897844466
131.3529046019598
131.7364632607671
132.1318125784245
132.5384083614232
132.9558748646548
133.3837738293496
133.821626442619
134.2690936694262
134.7256986417669
135.1909666280625
135.6645115996606
136.145404086101
136.6329470139307
137.1267381511594
137.6252024492298
138.1273674503736
138.6323009323593
139.1392907972271
139.6479400532559
140.1574472987852
140.6638580788882
141.1616579668873
141.641342386376
142.0686096084241
142.4330125626213
142.676511519532
142.7209840488608
142.5380806365438
142.9154545836588
372.5424873887759
370.3140123847211
368.0026258815211
365.6403690854507
363.23434413372513
360.8166903922525
358.4078691897896
356.0265482547859
353.6994080166202
351.4329039869132
349.23547115686654
347.1086789788109
345.0551071458092
343.0794037467979
341.1758147415015
339.34362271216696
337.5840556801018
335.8902061208448
334.2602022535587
332.5805347001676
361.836610315992
359.321823522587
356.7643742410636
354.2084769734706
351.67168985431886
349.1561109850537
346.65878904160303
344.17746774283086
341.7127112849573
339.26362686194113
336.83016616916524
334.41149708630263
332.0086940742959
329.6130368516387
327.2248237392506
324.8450663368673
322.4787654964148
320.1355816874559
317.8151335291886
315.52189217033754
313.28070520802305
311.1129983908152
309.02728312650873
307.0834410441119
305.3520047675397
303.9261772091103
302.9879593989872
302.3566549163579
301.93858164172303
301.72543630710584
301.70751843172303
301.83057630399514
302.0288927927708
302.2825002935399
302.5897031232452
302.93440325159037
303.2983395182707
303.69165969458214
304.08941390633004
304.60966934917667
306.0842018568551
247.9824118754998
245.265197523106
242.4533765078787
239.5805401956253
236.6555144419797
233.7195879583621
230.799316030492
227.9191102967145
225.1119845601189
222.3855301740295
219.7487620234118
217.2018695809385
214.7460003576011
212.3844190884387
210.1081801439826
207.9146126588112
205.8033362268672
203.7647497138852
201.7967697037651
199.7846724596176
114.4783972689756
110.8055424681516
107.0703672414957
103.3292623044906
99.60224380712972
95.89164767260931
92.1932977448409
88.50525671367095
84.82769613554748
81.1586314744245
77.49983010207264
73.85049682399574
70.21183960283021
66.57638391635733
62.94520059313177
59.32033702568641
55.70907815115381
52.12294382005152
48.56093140240309
45.02689647679483
41.5521175928134
38.16374736969733
34.87288085059689
31.7576471595504
28.90049318245471
26.39339216028024
24.41028319789464
22.75981010502893
21.35677887213666
20.20271044833069
19.28448542380882
18.5281642650252
17.82518938031489
17.12400436396922
16.37597785478329
15.46716651116631
14.31012072838897
12.68428284537723
10.12894995935123
5.79409480048256
0.0
124.5600755132761
125.0488148616151
125.5492493736424
126.0598288898254
126.5788296917454
127.0971024338904
127.6085531592976
128.1074379580714
128.5874234565013
129.0473738128837
129.4867091334547
129.9068093978724
130.3091067882081
130.6949846583592
131.0676345975189
131.4290100533558
131.7807194532346
132.1254564069596
132.4634325497936
132.79586224055
247.3582130470164
248.5162810544354
249.6940069995679
250.87921466898
252.0694460471891
253.2644633124444
254.4654912967621
255.6722110291599
256.8850151494098
258.1049953875166
259.3303360670926
260.5610002623069
261.7968544714657
263.0366529352814
264.2796231461188
265.5247293111809
266.769687345261
268.0126378674044
269.2542021267855
270.4949956935427
271.7285876152097
272.9492510211179
274.1544022759118
275.3257938845615
276.451511585085
277.53278504883
278.5776762010926
279.596844811329
280.5818027695864
281.5227258587752
282.4230330079142
283.3024120389699
284.2037034124559
285.1584959295707
286.2137252684619
287.4672367404241
288.9882187898817
291.0073768492049
293.9604639469788
298.8155745486941
306.0842018568551
49.85238518055837
48.30466732896657
47.13083387794021
46.09687386595264
45.13100713917058
44.21204436675856
43.33305655218291
42.49351217316668
41.70245092274588
40.965258453659075
40.287759890613074
39.67240253718562
39.12195328586675
38.6406646652018
38.229077448221176
37.88773453364293
37.61860082147402
37.420167220411344
37.28583780383745
37.11104054493153
-10.628103034484795
-12.4537213746233
-14.02286750446639
-15.494000659051792
-16.903689383650516
-18.270055007433
-19.60566134193742
-20.919539158968803
-22.2160725518127
-23.502257575819698
-24.785148164707408
-26.065304658997974
-27.344306385210388
-28.629380992842727
-29.924234917081293
-31.229480949232197
-32.544898052513986
-33.863796893197105
-35.18597867317732
-36.51088333959112
-37.8205313329228
-39.09592420866039
-40.32670170936839
-41.46163913794561
-42.4352670371666
-43.16980598373098
-43.56892707565959
-43.93449099902429
-44.25983825853518
-44.53738016487469
-44.76423028238611
-44.93776348125422
-45.057438346550384
-45.12808991408559
-45.15840570778212
-45.16075739275749
-45.14462912335679
-45.12272466011831
-45.10336490627151
-45.086078476796104
-45.018062952437504
57.39383978997682
59.30500220865332
60.84972873515269
62.26137829579957
63.61039762024822
64.90846848256794
66.15648168923849
67.34935160848703
68.47181746090791
69.51777514723122
70.48117924692693
71.36134315789089
72.15723417828644
72.8662209067854
73.49121595814472
74.03379358461908
74.49371664769939
74.87531939364996
75.18543601019485
75.52989635696088
129.8792672112819
132.7446162652586
135.3300144103771
137.7884374702824
140.160246982723
142.4679570747781
144.7288887159675
146.9541464259565
149.1504713595215
151.3275816415457
153.4917353954226
155.6445151368584
157.7882562547163
159.929570667357
162.0720454847756
164.21580189899
166.3587105331202
168.4926609312519
170.6185543573438
172.7367853637076
174.8234203063656
176.8542086017157
178.8165923856196
180.642028936406
182.2538316083209
183.5758528814015
184.5214008275224
185.4039683599796
186.2093400957623
186.9208152264228
187.5393232370444
188.0827282214389
188.5972836801181
189.124927876769
189.730788589868
190.5593845247575
191.6998353506172
193.4535899897912
196.3428448043895
201.3635723889464
208.1868102256338
107.2462249705352
107.6096695376199
107.9805626130929
108.3582521617522
108.7414047594188
109.1205128493265
109.4895382414214
109.8428637816537
110.1742683836538
110.4830336008903
110.76893913754
111.0337456950765
111.2791874641532
111.5068855719872
111.7202934063659
111.921528118262
112.1123174691734
112.2954866140613
112.4712738140323
112.6409369018924
119.2511641767971
120.2908948906353
121.3071469059107
122.2944368112306
123.2565575990725
124.1979020673451
125.1232273740301
126.0346072669877
126.9343988077088
127.825324065726
128.7065872307152
129.5792104778604
130.4439498695059
131.3001896745143
132.1478105676943
132.9863209497578
133.8138124806062
134.6288640380548
135.4325756841665
136.2259020241165
137.0028889734428
137.7582843930553
138.4898906762512
139.1803897984604
139.8185645711543
140.4060468976705
140.9524737518628
141.4694773609553
141.9495018372271
142.3834350615481
142.7750929546583
143.1449647401847
143.5398453335677
143.9968379626834
144.5723828820859
145.398627132
146.5552062272604
148.3308653296729
151.239479898118
156.2774939121503
163.1687472731963
-0.7838583092835101
-0.5944702977742506
-0.5236173054168226
-0.48912391809571043
-0.46536669395278435
-0.445121168590237
-0.425146661777993
-0.4005952068985691
-0.37331595695136366
-0.3430861456820077
-0.3116161296462664
-0.278744034198206
-0.2437173681397207
-0.20841568481261472
-0.172838331809736
-0.1362651389373122
-0.10045545693548032
-0.06798676892623691
-0.08848710423740509
-24.179462200799463
-0.9244099579630706
-0.7945051863118516
-0.7448673517607094
-0.7137515716963022
-0.6918134895455105
-0.6762379107547212
-0.6652360781209725
-0.6564541949886293
-0.6512151964301791
-0.6495495170019185
-0.6481673452300927
-0.6475849179954465
-0.6506637458806472
-0.6556200519091012
-0.6608869144741167
-0.6660424201101698
-0.6678099933777382
-0.6694765190580139
-0.6708590550546458
-0.6631362002664387
-0.6457916305718396
-0.6231999226525382
-0.5746665969558566
-0.4929742423185186
-0.3718833461148549
-0.2019954005872956
-0.1850068537129696
-0.16464743681881971
-0.1404469745198852
-0.11478321891114279
-0.0877832359340156
-0.06049414722463489
-0.035642392503969084
-0.015173252414806382
-0.0009288334457426828
0.008536815234404416
0.011659253260290048
0.01073004381852205
0.010356033309686818
0.03664061594077728
0.0
-0.9680712249642383
-0.782458511181163
-0.7150503306474678
-0.6833259053010342
-0.6575187108620854
-0.6321627413486787
-0.6042307198305052
-0.5685685748708501
-0.5298144881694428
-0.487998182579302
-0.4458340887878292
-0.4031468950639713
-0.359126803684573
-0.3165820544886007
-0.2748347196273138
-0.2329672657407076
-0.1932952605765005
-0.1570850127265875
-0.1744813243430786
-27.5298747530907
-1.451400436470651
-1.309595419471649
-1.245278056864963
-1.20140523780301
-1.168936618806689
-1.145241682264946
-1.127171576899288
-1.112516104375986
-1.102783205134864
-1.096220266290833
-1.090458927511336
-1.085880545625215
-1.084651333775333
-1.085239119755063
-1.085888293769711
-1.085458863232295
-1.080921200492684
-1.076840059760796
-1.072958773701643
-1.056954252161895
-1.028665954034434
-0.9940166544554379
-0.9246480469399899
-0.8164349464771281
-0.6696504393102416
-0.4789534105100318
-0.4470516079167737
-0.4079492120563392
-0.3603872672146401
-0.3132961393763814
-0.2752538056178424
-0.260640502517061
-0.2672704103039675
-0.3068898367589378
-0.4197130886679467
-0.5776785987483066
-0.8883386284916529
-1.463509548047204
-2.543175742415273
-3.456210809837162
0.0
0.1842129156807282
0.1879882134069124
0.1914330252306452
0.1942019872053238
0.192152016909301
0.1870415727584417
0.1790840580525123
0.167973367972281
0.1564985312180791
0.1449120368972943
0.1342179591415628
0.1244028608657653
0.1154094355448523
0.108166369675986
0.1019963878175778
0.0967021268033954
0.0928398036410202
0.0890982438003506
0.0859942201056735
3.350412552291235
0.5269904785075804
0.5150902331597974
0.5004107051042537
0.4876536661067078
0.4771231292611785
0.4690037715102249
0.4619354987783156
0.4560619093873565
0.451568008704685
0.4466707492889144
0.4422915822812434
0.4382956276297685
0.4339875878946858
0.4296190678459618
0.4250013792955943
0.4194164431221253
0.4131112071149459
0.4073635407027822
0.4020997186469973
0.3938180518954564
0.3828743234625945
0.3708167318028997
0.3499814499841332
0.3234607041586095
0.2977670931953867
0.2769580099227362
0.2620447542038041
0.2433017752375195
0.2199402926947549
0.1985129204652386
0.1874705696838268
0.2001463552924261
0.2316280177999984
0.2917165843441314
0.418784255222204
0.586215413982711
0.899997881751943
1.474239591865726
2.55353177572496
3.492851425777939
0.0
1.0
1.0
1.0
1.0
1.0
1.0
1.0
1.0
1.0
1.0
1.0
1.0
1.0
1.0
1.0
1.0
1.0
1.0
1.0
1.0
1.0
1.0
1.0
1.0
1.0
1.0
1.0
1.0
1.0
1.0
1.0
1.0
1.0
1.0
1.0
1.0
1.0
1.0
1.0
1.0
1.0
1.0
1.0
1.0
1.0
0.0
0.0
0.0
0.0
0.0
0.0
0.0
0.0
0.0
0.0
0.0
0.0
0.0
0.0
0.0
0.0
1.0
1.0
1.0
1.0
1.0
1.0
1.0
1.0
1.0
1.0
1.0
1.0
1.0
1.0
1.0
1.0
0.8605561031037754
0.8605561031037754
0.8605561031037754
0.8605561031037754
0.8605561031037754
0.8605561031037754
0.8605561031037754
0.8605561031037754
0.8605561031037754
0.8605561031037754
0.8605561031037754
0.8605561031037754
0.8605561031037754
0.8605561031037754
0.8605561031037754
0.8605561031037754
0.8605561031037754
0.8605561031037754
0.8605561031037754
0.8605561031037754
0.8605561031037754
0.8605561031037754
0.8605561031037754
0.8605561031037754
0.8605561031037754
0.8605561031037754
0.8605561031037754
0.8605561031037754
0.8605561031037754
1.0
1.0
1.0
1.0
1.0
1.0
1.0
1.0
1.0
1.0
1.0
1.0
1.0
1.0
1.0
1.0
1.0
1.0
1.0
1.0
1.0
1.0
1.0
1.0
1.0
1.0
1.0
1.0
1.0
0.0026375039520306594
0.0026106679813693943
0.0025609162139691457
0.002488943648329513
0.0023495880313455803
0.0021766646612705995
0.001981223496031547
0.0017669978244993921
0.0015676408125243426
0.0013842607193965066
0.0012254713789738396
0.0010881022789862636
0.0009690604561600653
0.0008738956643375281
0.0007939910017146879
0.000725956999931152
0.0006724549511288439
0.0006215861593153696
0.0005754310870347755
0.0005368146963560776
0.0004995783196361487
0.0004706051058798961
0.00044106701385751123
0.0004114787309811091
0.00038344598065194815
0.00035743877335939493
0.0003320491408082597
0.0003082068745135586
0.0002860544487302001
0.00026440946389926726
0.0002439811612841038
0.00022471200617911637
0.00020587840894043875
0.00018791801243921608
0.0001707632024688199
0.00015412599716682862
0.0001379666305278193
0.0001224354219312613
0.00010770562529170033
9.29589704084791e-05
7.892441338058044e-05
6.623131558813325e-05
5.345248735476249e-05
4.188641546420451e-05
3.2289182809446565e-05
2.3841083005053752e-05
1.8236574632507945e-05
1.4073913548490045e-05
1.0333911592638009e-05
7.059359304264325e-06
4.59193169508521e-06
3.547878548553503e-06
3.0943853782249373e-06
3.4596248952972273e-06
3.882798148486398e-06
4.474450740938315e-06
5.3403271510171315e-06
6.751745495611255e-06
8.01014167791152e-06
1.7275429821736012e-07
0.0004
0.0004
0.0004
0.0004
0.0004
0.0004
0.0004
0.0004
0.0004
0.0004
0.0004
0.0004
0.0004
0.0004
0.0004
0.0004
0.0004
0.0004
0.0004
0.0004
0.0004
0.0004
0.0004
0.0004
0.0004
0.0004
0.0004
0.0004
0.0004
0.0004
0.0004
0.0004
0.0004
0.0004
0.0004
0.0004
0.0004
0.0004
0.0004
0.0004
0.0004
0.0004
0.0004
0.0004
0.0004
0.0004
0.0004
0.0004
0.0004
0.0004
0.0004
0.0004
0.0004
0.0004
0.0004
0.0004
0.0004
0.0004
0.0004
0.0004
1.3065442837795994e-08
1.609813246251006e-08
1.8451320475760573e-08
2.016080036876345e-08
2.1358414023579076e-08
2.2454492528502163e-08
2.346184864599769e-08
2.435074770331274e-08
2.5168293008394306e-08
2.59248194795521e-08
2.6578860853539352e-08
2.717492227184444e-08
2.7727500794852817e-08
2.821868937946919e-08
2.867559255048391e-08
2.9106915692640655e-08
2.950022653046024e-08
2.9893537368279825e-08
3.0281774756529767e-08
3.065711262938458e-08
3.1032450502239386e-08
3.142093683129147e-08
3.1836199651687564e-08
3.225146247208365e-08
3.2701440677579656e-08
3.320893932168535e-08
3.3716437965791035e-08
3.428270566534462e-08
3.492899931274215e-08
3.557529296013967e-08
3.6371436914800125e-08
3.733624217274159e-08
3.8301047430683085e-08
3.959226158737696e-08
4.118778732859431e-08
4.278331306981166e-08
4.513146211348355e-08
4.806009189575067e-08
5.0988721678017794e-08
5.632170630050282e-08
6.318151527324084e-08
7.004132424597885e-08
8.255287402060394e-08
9.799336545699721e-08
1.1343385689339041e-07
1.3646888186188418e-07
1.6453988297575865e-07
1.9889493840858378e-07
2.3731543525971197e-07
2.78963375570315e-07
3.2556784487230723e-07
3.9737569592667986e-07
5.064205645747201e-07
6.801946019508522e-07
1.1053081705738778e-06
1.6111307341008319e-06
2.5512822486276946e-06
4.137854497676283e-06
6.1841356611202155e-06
2.780474791942962e-06
0.0
0.0
0.0
0.0
0.0
0.0
0.0
0.0
0.0
0.0
0.0
0.0
0.0
0.0
0.0
0.0
0.0
0.0
0.0
0.0
0.0
0.0
0.0
0.0
0.0
0.0
0.0
0.0
0.0
0.0
0.0
0.0
0.0
0.0
0.0
0.0
0.0
0.0
0.0
0.0
0.0
0.0
0.0
0.0
0.0
0.0
0.0
0.0
0.0
0.0
0.0
0.0
0.0
0.0
0.0
0.0
0.0
0.0
0.0
0.0
0.0
0.0
0.0
0.0
0.0
0.0
0.0
0.0
0.0
0.0
0.0
0.0
0.0
0.0
0.0
0.0
0.0
0.0
0.0
0.0
0.0
0.0
0.0
0.0
0.0
0.0
0.0
0.0
0.0
0.0
0.0
0.0
0.0
0.0
0.0
0.0
0.0
0.0
0.0
0.0
0.0
0.0
0.0
0.0
0.0
0.0
0.0
0.0
0.0
0.0
0.0
0.0
0.0
0.0
0.0
0.0
0.0
0.0
0.0
0.0
0.0
0.0
0.0
0.0
0.0
0.0
0.0
0.0
0.0
0.0
0.0
0.0
0.0
0.0
0.0
0.0
0.0
0.0
0.0
0.0
0.0
0.0
0.0
0.0
0.0
0.0
0.0
0.0
0.0
0.0
0.0
0.0
0.0
0.0
0.0
0.0
0.0
0.0
0.0
0.0
0.0
0.0
0.0
0.0
0.0
0.0
0.0
0.0
0.0
0.0
0.0
0.0
0.0
0.0
0.0
0.0
0.0
0.0
0.0
0.0
0.0
0.0
0.0
0.0
0.0
0.0
0.0
0.0
0.0
0.0
0.0
0.0
0.0
0.0
0.0
0.0
0.0
0.0
0.0
0.0
0.0
0.0
0.0
0.0
0.0
0.0
0.0
0.0
0.0
0.0
0.0
0.0
0.0
0.0
0.0
0.0
0.0
0.0
0.0
0.0
0.0
0.0
0.0
0.0
0.0
0.0
0.0
0.0
0.0
0.0
0.0
0.0
0.0
0.0
0.0
0.0
0.0
0.0
0.0
0.0
0.0
0.0
0.0
0.0
0.0
0.0
0.0
0.0
0.0
0.0
0.0
0.0
0.0
0.0
0.0
0.0
0.0
0.0
0.0
0.0
0.0
0.0
0.0
0.0
0.0
0.0
0.0
0.0
0.0
0.0
0.0
0.0
0.0
0.0
0.0
0.0
0.0
0.0
0.0
0.0
0.0
0.0
0.0
0.0
0.0
0.0
0.0
0.0
0.0
0.0
0.0
0.0
0.0
0.0
0.0
0.0
0.0
0.0
0.0
0.0
2
2
1
270.8981817879096
-45.018062952437504
0.0
0.0
44.0
5.783625987995279
1.0
2.0
3.0
4.0
5.0
6.0
7.0
8.0
9.0
10.0
11.0
12.0
13.0
14.0
15.0
16.0
17.0
18.0
19.0
20.0
21.0
22.0
23.0
24.0
25.0
26.0
27.0
28.0
29.0
30.0
31.0
32.0
33.0
34.0
35.0
36.0
37.0
38.0
39.0
40.0
41.0
42.0
43.0
44.0
45.0
46.0
47.0
48.0
49.0
50.0
51.0
52.0
53.0
54.0
55.0
56.0
57.0
58.0
59.0
60.0
0.0
0.0
0.0
0.0
0.0
0.0
0.0
0.0
0.0
0.0
0.0
0.0
0.0
0.0
0.0
0.0
0.0
0.0
0.0
0.99
0.0
0.0
0.0
0.0
0.0
0.0
0.0
0.0
0.0
0.0
0.0
0.0
0.0
0.0
0.0
0.0
0.0
0.0
0.0
0.0
0.0
0.0
0.0
0.0
0.0
0.0
0.0
0.0
0.0
0.0
0.0
0.0
0.0
0.0
0.0
0.0
0.0
0.0
0.0
0.0
0.0
0.0
0.0
0.0
0.0
0.0
0.0
0.0
0.0
0.0
0.0
0.0
0.0
0.0
0.0
0.0
0.0
0.0
0.0
16.2
0.0
0.0
0.0
0.0
0.0
0.0
0.0
0.0
0.0
0.0
0.0
0.0
0.0
0.0
0.0
0.0
0.0
0.0
0.0
0.0
0.0
0.0
0.0
0.0
0.0
0.0
0.0
0.0
0.0
0.0
0.0
0.0
0.0
0.0
0.0
0.0
0.0
0.0
0.0
0.0
0.0
0.0
0.0
0.0
0.0
0.0
0.0
0.0
0.0
0.0
0.0
0.0
0.0
0.0
0.0
0.0
0.0
0.0
0.0
0.5
0.0
0.0
0.0
0.0
0.0
0.0
0.0
0.0
0.0
0.0
0.0
0.0
0.0
0.0
0.0
0.0
0.0
0.0
0.0
0.0
0.0
0.0
0.0
0.0
0.0
0.0
0.0
0.0
0.0
0.0
0.0
0.0
0.0
0.0
0.0
0.0
0.0
0.0
0.0
0.0
45.0
