9.81
6.022e+23
0
0
0
3
0
1
328.19019484200834
2
2
0
0
1
1
0
1
60
7
1014.8
1.607


3
3
0
72.38857731909356
2
9.0
150.0
1000.0
287.04
9.81
79000.0
40.0
20000.0
0.0
0.0
0.0
0.0
0.0280134
0.04401
0.0319988
0.039948
0.01604
0.01801528
0.048
99000.0
2.1153802199668344e+29
0.8
1e-06
1000000.0
0.6
3.0
0.0001
1000
29
3.35967166801614
0
1
3
1.0
1
0
1
1
0.02
1000000000000.0
1
327.5090631760641
322.5716817626142
317.2709676810732
311.9073147594907
306.5664340087199
301.2968287778487
296.1221951891357
291.0354770589585
286.0174671038002
281.03755689401044
276.0691840716931
271.10365294999684
265.25408403122685
260.5235712881066
255.61989922826095
250.71868880732075
245.84914681557342
241.00581755051428
236.1703078229224
231.34389421928518
226.52929500898443
221.73681393964273
216.9731412775142
212.22727314171453
207.53258414928294
202.86064713043197
198.2149784610661
193.61309192246708
189.04274624006624
183.89177776224426
196.28914547496075
200.0016677060813
202.67436605342465
205.07117678916276
207.49010806663307
210.0371495563703
212.73735312254016
215.568539900314
218.46302862329136
221.35983996766277
224.1766239789136
226.896502060003
229.43878814786962
231.96340900914527
234.31060182982608
236.5187981644678
238.59329092760413
240.53985570001961
242.37775044328893
244.10805622930505
245.77051572623037
247.34324617426725
248.91059597393843
250.47215867413428
252.1738222544697
254.14809244083082
256.6779502654698
260.22375433141224
265.70004472425853
280.73034311972674
985.8078294205452
929.1704806481764
875.1792495166603
823.7395676755561
774.7591835452633
728.1481322206923
683.8187054112204
641.6854214173221
601.6649951442855
563.6763081534225
527.6403787511956
493.4803321166968
461.1213704679191
430.49074326727884
401.5177174668512
374.13354779379824
348.27144707648074
323.86655661175473
300.85591657396975
279.1784364661994
258.7748656142472
239.58776370398954
221.56147136262913
204.64208078445134
188.77740640169188
173.91695560114255
160.0118994871406
147.0150436916059
134.88079923181198
123.56515341659627
113.06822910177317
103.42139991365353
94.59762521328918
86.52668309909939
79.14434290767173
72.39185404938198
66.2154784558712
60.566062918475225
55.39864791416369
50.67210980592391
46.348833570126516
42.39441344635203
38.777379127371375
35.46894531022901
32.44278261529059
29.674808050169382
27.142993350988494
24.827189675708794
22.708967254386252
20.771468720253548
18.999274954396526
17.378282376382327
15.895590704286075
14.539400290881032
13.298918218966925
12.164272408518528
11.126433052096747
10.177140753284732
9.308840796255959
8.514623023374321
294.50013696231184
882.2425840205497
1467.378849196827
2049.805686990873
2629.5436425138096
3206.6836597510655
3781.336376830541
4353.590651418647
4923.488788791334
5491.01660148357
6056.123000707632
6617.810375302175
7176.245723332206
7732.344239223448
8285.851896005992
8836.7294588275
9384.96232217481
9930.507843306064
10473.301652906259
11013.281057832966
11550.396030232267
12084.614732851405
12615.898207408085
13144.234066341127
13669.615028903852
14192.001335332938
14711.379030099899
15227.74016538056
15740.210676837098
16272.52345122322
16834.86982936159
17408.839699644755
17990.034250760065
18578.093651835472
19173.233048799833
19775.854081847086
20386.362249405895
21005.034391803045
21631.963911902007
22267.040023487734
22910.010142242696
23560.482557601863
24218.17865819196
24882.820212757208
25553.956386791775
26231.198036113892
26914.17186957755
27602.54079727282
28295.99651147658
28994.288850997233
29697.19313280315
30404.573746074846
31116.414738541353
31832.90759929189
32554.640569763258
33282.79415385134
34019.60854134762
34769.28372274301
35548.19032685488
29750.0
1.2083817215540284e+24
1.1522396340029291e+24
1.0980926287961995e+24
1.0458921111181598e+24
9.955901137306276e+23
9.471392962205574e+23
9.004929442400112e+23
8.556049687376111e+23
8.124299051813578e+23
7.709229127731061e+23
7.310397736537112e+23
6.927368920994009e+23
6.559712937085388e+23
6.207006245789061e+23
5.8688315047518377e+23
5.5447775598626366e+23
5.234439436722621e+23
4.937418332009425e+23
4.653321604731652e+23
4.381762767372445e+23
4.1223614769169925e+23
3.874743525762576e+23
3.638540832506727e+23
3.413391432610348e+23
3.198939468932488e+23
2.994835182132102e+23
2.8007349009337698e+23
2.6163010322526454e+23
2.441202051174308e+23
2.275112490785433e+23
2.099962303909993e+23
1.9207963453711375e+23
1.7569165853699338e+23
1.6070188260127692e+23
1.4699101418156962e+23
1.3444993860921102e+23
1.2297885073227274e+23
1.1248646064011282e+23
1.0288926715444699e+23
9.41108933051818e+22
8.608147850255597e+22
7.873712256833963e+22
7.2019377201538795e+22
6.58747808315659e+22
6.025443315711079e+22
5.511360598478068e+22
5.0411387270468504e+22
4.611035553062728e+22
4.217628203234118e+22
3.857785839213596e+22
3.5286447415694375e+22
3.227585519559005e+22
2.9522122653338054e+22
2.700333486679621e+22
2.4699446665495278e+22
2.2592123105942128e+22
2.0664593557355814e+22
1.8901518236610363e+22
1.7288866130238602e+22
1.5813803331965176e+22
-9.868128593158747
-4.53985361341428
-4.780992872786782
-6.082136300257945
-7.261132980247131
-7.7640578939124465
-7.411294268862552
-6.389332139933941
-4.98447443175633
-3.5475436726146756
-2.3328561152651472
-1.4655954651912397
-12.54474428178321
-5.403055162236609
-4.560445905144737
-3.9314344664234016
-3.306056879537105
-2.724097117033921
-2.2902611162217634
-1.981089346154567
-1.7676821133412877
-1.5895009776122724
-1.414543130534399
-1.289511182232323
-1.0791927093533873
-0.9041322909082543
-0.7490178313669945
-0.5573635448984482
-0.3974497631549043
-1.3535369887844582
0.014441015037783939
0.01812901210621689
0.018660131100784974
0.017482907005294677
0.015272150256663631
0.013122567413539987
0.01071296136983397
0.008627560687056779
0.006924247775531613
0.005468343368449592
0.004187532978845388
0.003441210271424478
0.0027205530921442607
0.002212902534498918
0.001763061860566248
0.0012862770646489526
0.0011588360939280779
0.0009465385891909183
0.0007704357622618667
0.0006253940830595698
0.0005183474178934196
0.00042608820060010936
0.00035516835241154835
0.00029279417894779406
0.00022882478710532184
0.00019471142098305544
0.00015465142135513747
0.00011789045460898125
8.912910476690111e-05
4.9972239592397295e-05
-9.868148517511003
-4.539960008445121
-4.780919585455649
-6.081989631283193
-7.26136717055752
-7.76406968499208
-7.411495338227326
-6.389552912144822
-4.98458988031193
-3.547634236035094
-2.332908561276696
-1.4656153501973677
-12.544852873294346
-5.403176364088196
-4.560369207808009
-3.9314948269050944
-3.306092508161612
-2.7241316429083895
-2.290312721215514
-1.9810815682495786
-1.7676857211970116
-1.5895167130942127
-1.414581487865604
-1.289561645525282
-1.0790649287606016
-0.9040888990392943
-0.7489626713881137
-0.5572636061662877
-0.3972944726903904
-1.3532265780763169
0.014220363478301579
0.017835624375805992
0.018373345403887242
0.017134417933618806
0.015044352418584594
0.012904317489613959
0.010551805964581717
0.008495377627014022
0.006812556720007024
0.005376079590178051
0.00413202027209536
0.0033126550598012727
0.0026325440554160195
0.0021740138205075255
0.0017250151540793013
0.0012838443954308332
0.001134018246858659
0.0009268105079058842
0.0007543839341224157
0.0006112431765927795
0.0005069864579070327
0.000416220556786584
0.00034630355520448575
0.0002845616019158115
0.0002248652226910508
0.00018848316389608044
0.0001502711253920097
0.00011487292371725744
8.554874767696674e-05
4.7324543601234836e-05
0.00021695562007176744
0.00020455906046338735
0.00019273845191620923
0.0001814733272576795
0.0001707437178402707
0.00016053014710328253
0.00015081362414236121
0.00014157563728681619
0.00013279814768482062
0.00012446358289658541
0.00011655483049559128
0.00010905523167797566
0.00010194857488016324
9.521908940483985e-05
8.885143905536615e-05
8.283071577873205e-05
7.714243331715627e-05
7.177252086843621e-05
6.670731675515745e-05
6.193356210287478e-05
5.743839452737911e-05
5.320934183116895e-05
4.923431570924719e-05
4.550160546436801e-05
4.199987173186251e-05
3.8718140214174355e-05
3.564579542524215e-05
3.2772574444868054e-05
3.008856068321698e-05
2.7584177655595278e-05
2.525018276766195e-05
2.3095871144817078e-05
2.1125362491282523e-05
1.9322974985000123e-05
1.7674364755871832e-05
1.6166411733498513e-05
1.4787115234236125e-05
1.3525498456623741e-05
1.2371521125133205e-05
1.1315999587036505e-05
1.0350533726500959e-05
9.467440114275452e-06
8.659690860955493e-06
7.920857687205465e-06
7.245060765834234e-06
6.626921928596053e-06
6.061521865324276e-06
5.544360974777359e-06
5.0713235556380615e-06
4.6386450526883704e-06
4.24288209749675e-06
3.880885105193631e-06
3.5497732092531498e-06
3.246911334805597e-06
2.9698892280239855e-06
2.7165022746951597e-06
2.484733955324607e-06
2.2727397971481123e-06
2.0788326953362065e-06
1.9014694865736816e-06
-57.9843411589095
-55.290356385828204
-52.692105877203744
-50.18725780500472
-47.77351045558089
-45.44859219356101
-43.21026142538278
-41.056306562413965
-38.984545983659245
-36.99282799806679
-35.07903080638704
-33.24106246261056
-31.476860834944773
-29.784393566335723
-28.161658034519633
-26.60668131158633
-25.11752012304862
-23.692260806403453
-22.32901926916645
-21.025940946374305
-19.781200757530115
-18.593003062985133
-17.459581619735673
-16.37919953661992
-15.350149228899
-14.37075237219966
-13.439359855804241
-12.5543517352651
-11.714137184322823
-10.917154446108569
-10.076694183537626
-9.216964192701653
-8.430585208027054
-7.711299020352513
-7.053381362502805
-6.451596354076727
-5.901154832944798
-5.397676241847158
-4.937153766775914
-4.515922449703659
-4.130630021891115
-3.7782102256578582
-3.4558584123034493
-3.1610092219812884
-2.8913161678955497
-2.6446329623468685
-2.4189964360149077
-2.212610914544488
-2.0238339281006006
-1.8511631401648074
-1.69322439154924
-1.5487607644791552
-1.4166225797133478
-1.2957582470967388
-1.1852058967314765
-1.0840857241653161
-0.9915929886782457
-0.9069916089457841
-0.829608305111762
-0.7588272406515131
328.1897943085559
322.8887918432343
317.61043026150764
312.3563390700613
307.12674718121485
301.9210558706485
296.7382268709443
291.57730696321795
286.4376499283584
281.3191404905096
276.2221492998981
271.1472253044765
266.11177655719627
261.0953890399359
256.10200327115393
251.13225121785015
246.18620714036678
241.2640596775986
236.36638776000422
231.4937711047951
226.64675847132347
221.82570160160768
217.03082182417901
212.26259905958744
209.88016208984874
205.19683158759108
200.53803208932555
195.91423986082754
191.32810099838764
186.73725260721426
190.08772385438033
198.13870419841305
201.32977817849897
203.86395891629314
206.2719228029901
208.75535281496008
211.3796650148986
214.14621274482053
217.00986696842614
219.90628384867426
222.76384056350918
225.5327989960099
228.16435822821802
230.6981897418086
233.13442686951157
235.4125260604434
237.5541262540405
239.5647881745429
241.45721002652502
243.2414876557479
244.93801695562806
246.55573482783245
248.12588487876454
249.690439397001
251.3221619981863
253.1602203743241
255.4123607429217
258.450286110256
262.9614301910958
273.2148531598804
288.2453145716367
1014.8
956.8156588410905
901.5253024552622
848.8331965780585
798.6459387730538
750.8724283174729
705.4238361239119
662.2135746985291
621.1572681361151
582.1727221524559
545.1798941543891
510.10086334800206
476.8598008853915
445.38294005044673
415.598546484111
387.4368884495914
360.83020713800505
335.71268701495643
312.020426208553
289.6914069393865
268.6654659930122
248.8842652354821
230.29126217249697
212.8316805527613
196.45248101614138
181.10233178724238
166.73157941504272
153.29221955923848
140.73786782397337
129.02373063965055
118.10657619354198
108.02988201000436
98.8129178173027
90.38233260927565
82.67103358892314
75.61765222642033
69.1660558723436
63.26490103939881
57.86722479755165
52.930071030775736
48.41414858107208
44.28351855918096
40.505308333523104
37.049449921219654
33.888440699238366
30.997124531342816
28.352491568995948
25.93349513298104
23.720884218436552
21.69705029033595
19.845887150171144
18.152662758621904
16.60390199414275
15.187279414429401
13.891521167332662
12.706315270601186
11.62222954643587
10.630636557757624
9.72364494881184
8.894036643700078
8.135209403048565
0.0
589.0002739246237
1175.4848941164757
1759.2728042771787
2340.338569704567
2918.7487153230527
3494.6186041790784
4068.054149482004
4639.12715335529
5207.850424227377
5774.182778739765
6338.063222675498
6897.557527928853
7454.933918735559
8009.754559711338
8561.949232300647
9111.509685354355
9658.414958995265
10202.600727616864
10744.002578195656
11282.559537470279
11818.232522994256
12350.996942708553
12880.799472107617
13407.668660574638
13931.561397233067
14452.44127343281
14970.316786766985
15485.163543994133
15995.257809680063
16549.78909276638
17119.950565956795
17697.728833332716
18282.33966818742
18873.847635483526
19472.618462116137
20079.089701578032
20693.634797233753
21316.433986372336
21947.49383743168
22586.586209543788
23233.434074941608
23887.531040262114
24548.8262761218
25216.814149392612
25891.098624190934
26571.297448036854
27257.046291118248
27948.035303427398
28643.95771952576
29344.619982468706
30049.766283137593
30759.3812090121
31473.448268070602
32192.36693051318
32916.91420901334
33648.67409868935
34390.542984005886
35148.02446148013
35948.356192229636
36680.4046964556
666.9972244279826
637.4420602809762
602.7840477555004
568.7862109505638
536.6392545137202
506.72510818984927
479.1789246178714
454.0245006257303
431.2065188854753
410.6878884734679
392.3320578072211
375.9618161754585
361.46182975556076
477.540963479011
467.5931728249443
458.2626650230078
449.9975321004844
442.7592757713153
436.4915504424938
431.0549381412026
426.363257359123
422.33519918309423
418.86443533267106
415.9038597651181
413.799228895557
411.6266474069891
409.78706786905
408.2610981884207
407.0085222570354
405.9872038444277
405.52412209715817
406.3980694671202
406.9852442122064
407.50399254294075
407.9806965174603
408.42821469129365
408.8501836646132
409.2439511558987
409.6059480995997
409.9323950120978
410.2220513947403
410.4765327016617
410.698537345735
410.8922081916809
411.0617056900523
411.2109353706328
411.3441572981078
411.46377986674713
411.572468380236
411.6724182220637
411.7657150080364
411.85455081418615
411.9404926655624
412.0270952452154
412.1175946938114
412.2193008825384
412.3421071652803
412.50319608289385
412.7317126455194
413.120549567828
413.9693778485712
657.8248021469351
627.6203438805505
592.3089891557538
557.6752837860445
524.9155888717379
494.4136285101166
466.3052525912454
440.614580468776
417.2848065667323
396.2780742060406
377.4579554333697
360.6467066875683
345.7280874845608
298.5333474959142
289.2106407717733
279.9326563093707
271.4472630137864
263.8379085648353
257.1135531203927
251.1756935813968
245.9632203573312
241.4110335218704
237.4256474620054
233.9654809731305
231.3818295039904
228.753306240093
226.4807764272478
224.5446948596914
222.9049533007956
221.5191696568909
220.714153107679
221.2689812248536
221.5646367928348
221.8178409302668
222.0541053571697
222.2857686946032
222.5164339797642
222.7438147972535
222.9649683276297
223.1767992502449
223.3785878535797
223.5721094741809
223.7596683596896
223.9443729693565
224.1287080850378
224.3143071443161
224.5026857540314
224.6931845724137
224.8852436803679
225.0778343044936
225.269955799344
225.4609594053159
225.6498797289805
225.8381239334872
226.0271573205923
226.2229091168649
226.4342436983993
226.6776356251052
226.9817806428702
227.4392750713525
228.3491314758047
9.172422281047472
9.821716400425714
10.47505859974657
11.11092716451934
11.72366564198226
12.31147967973263
12.87367202662602
13.40992015695428
13.92171231874303
14.40981426742727
14.8741023738514
15.31510948789018
15.73374227099999
179.0076159830968
178.382532053171
178.3300087136371
178.550269086698
178.92136720648
179.3779973221011
179.8792445598058
180.4000370017918
180.9241656612238
181.4387878706657
181.9383787919876
182.4173993915666
182.8733411668961
183.3062914418022
183.7164033287293
184.1035689562398
184.4680341875368
184.8099689894792
185.1290882422666
185.4206074193716
185.6861516126739
185.9265911602906
186.1424459966904
186.333749684849
186.5001363586452
186.64097977197
186.7555957618529
186.8434635411606
186.9044232274808
186.9388689860454
186.9478352223244
186.9329976050145
186.8966282263167
186.8414715440764
186.7705952943334
186.6872246998681
186.5945839175701
186.4957592086924
186.3935914088703
186.2906129365819
186.1889713117282
186.0904373732191
185.9963917656735
185.907863466881
185.8255604577886
185.7499320026492
185.6812744964755
185.6202463727665
781.1106506731562
741.6873380086389
702.4893654747179
663.7106090843258
625.4816630161989
588.3061495217704
552.9958962648004
520.4299769344319
491.22244228203226
465.7192219897129
443.81575708743105
425.11260689439166
409.1470051242967
512.6812859744525
497.3303189562977
483.4394419465531
471.24281419712463
460.69846535979383
451.70660838806396
443.97968336555726
437.30692101522817
431.5111771180023
426.4508965544851
422.07573949906634
418.68154698398007
415.4299005666514
412.68623212967304
410.4112997776557
408.60146024010413
407.1828473548059
405.36653902946017
406.25470676290035
406.85971713236245
407.39683880850066
407.8906772009539
408.35323972720573
408.788113018015
409.1924323152652
409.56292463659315
409.89618410581124
410.19121656804384
410.44982989523743
410.67514719437054
410.8714505843718
411.0431220965638
411.19407679229823
411.32858256416864
411.44933915105486
411.55895447505173
411.65965870081345
411.7535667299628
411.8429095225704
411.9292675945036
412.01621647771174
412.10700048790954
412.20893154185933
412.33192630776506
412.49316549650393
412.72179693205334
413.11071940310956
413.9595950083964
650.0760458656925
607.415311344398
565.0384060003267
523.1331382717314
481.841478244606
441.6855411810412
403.4984542813701
368.1714171006053
336.3730797447886
308.4911844941989
284.4223336195706
263.7660070078311
246.0496166070145
175.2959020559913
154.2072854336914
134.8086052602085
117.3353124777473
101.7856230852534
88.1237191683962
76.09579818560769
65.50989453817816
56.20151854760809
47.99416695010226
40.82690865485057
34.91946869863647
29.37724033329469
24.57513032945355
20.48958943391181
17.0940196531021
14.27046551348223
11.09950373483528
11.54421517969629
11.73422721426626
11.88274819426776
12.01005685734882
12.12408308411532
12.2227311423071
12.2972933669285
12.33781319457454
12.33418993723046
12.27896183911328
12.16796341832095
11.99988548088227
11.77554043852802
11.49778826378768
11.16994671920412
10.79727486890825
10.38411686394256
9.93540133518854
9.455885466625283
8.949987754773217
8.421862660682987
7.87374457653366
7.308453174492639
6.725586013232395
6.125243946375326
5.502780180974751
4.845151349142344
4.110266850993247
3.1708496864077
0.0
131.0346048074637
134.2720266642409
137.4509594743912
140.5774708125944
143.6401847715929
146.6206083407292
149.4974419834304
152.2585598338266
154.8493625372437
157.228037495514
159.3934234678604
161.3465998865606
163.0973885172822
337.3853839184612
343.1230335226063
348.6308366863446
353.9075017193773
358.9128422745404
363.5828892196678
367.8838851799496
371.79702647705
375.3096585703942
378.4567296043828
381.2488308442158
383.7620782853436
386.0526602333567
388.1111018002195
389.9217103437439
391.507440587002
392.9123818413237
394.2670352946249
394.7104915832041
395.1254899180962
395.5140906142329
395.8806203436051
396.2291566430904
396.5653818757079
396.8951389483367
397.2251114420186
397.5619941685808
397.9122547289306
398.2818664769165
398.6752617134883
399.0959101458438
399.5453338327761
400.0241300730941
400.5313076952604
401.0652222871123
401.6235531398632
402.2037732341882
402.8035789751896
403.4210468618874
404.0555230179699
404.7077633032191
405.3814144746772
406.083687595484
406.8291461267903
407.6480141473616
408.6115300810601
409.9398697167019
413.9595950083964
114.11342624517366
104.24527772766265
99.70531771921753
94.92439813376188
88.84240850247869
81.58104133192117
73.81697164692909
66.40547630870176
60.01592339655694
55.03133351624501
51.48369928020992
49.15079071893322
47.685175368735855
35.14032249544151
29.737146131353313
25.176776923545304
21.24528209664021
17.939189588478598
15.215057945570209
12.924745224354695
10.943663656105116
9.175977934908104
7.586461221813892
6.171879733948288
4.8823180884230055
3.803253159662404
2.8991642606231096
2.150201589234996
1.5929379830687083
1.1956435103783178
-0.157583067697999
-0.14336270421969743
-0.12552707984389144
-0.1071537344400042
-0.0900193165063854
-0.0749749640878008
-0.06207064659818684
-0.05151884063360512
-0.0430234630065911
-0.03621090628658408
-0.030834826696406026
-0.026702806424310666
-0.023390151364509393
-0.020757607309093373
-0.018583593488585848
-0.016858578334506547
-0.015574733939075713
-0.014440715692217054
-0.01351390518431117
-0.012759521250188754
-0.012148278073595975
-0.011641291615688942
-0.011225071058902358
-0.010878767503697873
-0.010594205901782061
-0.01036934067909101
-0.01018085751519493
-0.01003058638980292
-0.009915713466085663
-0.009830164718408696
-0.009782840174807461
7.748756281242549
20.20503253615254
27.27058315542706
34.54214551431312
43.07411062713191
52.72808732907544
62.80679830987532
72.44316336817064
80.91172682194365
87.7868897118417
93.03562181379908
96.88069967973718
99.67847087754635
123.2374454399229
135.0033553380819
145.1240510491622
154.1119505360391
162.0522854795819
168.9898339519965
175.0798953957891
180.4533258191531
185.2095149742623
189.4314805119032
193.13857231828
196.462360805354
199.3760659067983
201.9056460977942
204.0551054257796
205.8109336476935
207.2487041434086
209.6146493728437
209.7247660451573
209.8304095785685
209.9350927359991
210.0440484998209
210.1616856104878
210.2937028374571
210.4465214303251
210.6271551330552
210.8426093130145
211.0996260144664
211.40414605586
211.7597828788074
212.1688325308285
212.6309198212502
213.144360425112
213.7054108851231
214.3090677084711
214.9498423451794
215.6219488378683
216.3199680445708
217.0390967446329
217.7761351524468
218.5296707589946
219.3015713073599
220.0976651704896
220.9314635174246
221.8324842759628
222.871513791877
224.2684253849448
228.3491314758047
121.8621825264162
124.4503102638152
126.9759008746446
129.466543648075
131.9165191296106
134.3091286609966
136.6237699568044
138.8486396768724
140.9276502185006
142.8182232280867
144.519321094009
146.0314903986704
147.3636462462822
158.3777679353644
164.7405014694352
170.3008279727075
175.3572326326793
179.9914750680605
184.2048918975667
188.0046406201438
191.3969894752582
194.3854929091704
197.0179417337171
199.3104520522283
201.344678893777
203.1793190664607
204.8048103584173
206.2053070150146
207.4038716307622
208.4443476537869
209.4570663051457
209.5814033409376
209.7048824987246
209.8279390015591
209.9540291833145
210.0867106464
210.2316321908589
210.3950025896915
210.5841316700486
210.8063984067279
211.06879118777
211.3774432494357
211.7363927274429
212.1480749235194
212.6123362277616
213.1275018467775
213.689836151184
214.2946269927789
214.9363284399951
215.6091893166181
216.3078197664972
217.0274554530172
217.7649100813879
218.5187919914909
219.2909771014581
220.0872958298105
220.9212826599094
221.822453689573
222.8615980784109
224.2585952202264
228.3393486356299
-1.4350563477888196
-0.692266861787074
-0.7650360412778536
-1.0217417634628807
-1.281695696093775
-1.440508347737675
-1.446306603687037
-1.3122126483343841
-1.0781537196075972
-0.8085348589573371
-0.5606674618319064
-0.3716283902419512
-3.359673447903927
-1.52857951627454
-1.3645907432447102
-1.245404407196886
-1.1092784303417251
-0.968634667080118
-0.86422902327401
-0.7934029345744928
-0.7534296379723251
-0.720065443709013
-0.6826428038852321
-0.6634026740137611
-0.59222751381636
-0.5299377224912372
-0.46949922198478033
-0.3735766286815525
-0.2859449459177893
-1.0444022331160134
0.011932997292208189
0.016353766040495807
0.01846610609576821
0.018849538809539587
0.018164311905193214
0.01703478078181772
0.0148771422789927
0.013880321617033509
0.011656573139799509
0.009905084534263253
0.008927927708766603
0.00964296072993498
0.005851064224670188
0.006972836586827125
0.006658644130241864
0.0015842224851441156
0.004400684629553897
0.007957653935711129
0.010226799656739782
0.006782662075388135
-0.00952290891576979
0.001571430705150867
0.02596916546913164
-0.011406487363201379
0.03016768832168637
-0.02969243425854806
0.01842417012987685
-0.02483820116592561
0.0030667017149603737
0.5631021733787662
0.0
-1.811763294816829
-1.077756312390259
-1.163874436519914
-1.433770222734046
-1.704288226364163
-1.870288091620009
-1.880833288589268
-1.739617711960579
-1.487354404018933
-1.196632588081555
-0.9244459104911936
-0.7098412787371603
-6.3123187575079
-3.331660260645851
-3.030931346716489
-2.848993455147582
-2.666158817938251
-2.469582154031849
-2.300254972432104
-2.155361603613308
-2.027824753137986
-1.91508958976775
-1.790702587902855
-1.7114517422991
-1.600873238982139
-1.484543398340339
-1.34888399391113
-1.179537317825395
-1.035149826967955
-1.827760067275706
-0.0921634986156085
-0.0966671624281478
-0.1047232335329434
-0.1191644239468974
-0.1406601044246447
-0.1725787705116439
-0.2184052828965901
-0.2822382724539065
-0.3680461024694753
-0.4799973310614146
-0.6217610828489732
-0.7938611612461915
-0.9982608493328947
-1.232883990195006
-1.497678440796009
-1.789206505181626
-2.104644931611488
-2.442441750228436
-2.800832717129936
-3.180142867424415
-3.581921451333713
-4.013559765607041
-4.486147733502595
-5.02413522699709
-5.664928396795814
-6.48666331305404
-7.663467179804051
-9.661589203189594
-14.2010279723761
-45.35407935719688
0.0
0.3767069470280094
0.385489450603185
0.3988383952420605
0.4120284592711654
0.4225925302703878
0.4297797438823342
0.4345266849022312
0.4274050636261948
0.4092006844113358
0.3880977291242178
0.3637784486592872
0.3382128884952091
2.952645309603973
1.803080744371311
1.666340603471779
1.603589047950696
1.556880387596526
1.500947486951731
1.436025949158094
1.361958669038815
1.274395115165661
1.195024146058737
1.108059784017623
1.048049068285339
1.008645725165779
0.9546056758491019
0.8793847719263496
0.8059606891438424
0.7492048810501658
0.7833578341596925
0.1040964959078167
0.1130209284686436
0.1231893396287116
0.138013962756437
0.1588244163298379
0.1896135512934616
0.2332824251755828
0.29611859407094
0.3797026756092748
0.4899024155956779
0.6306890105577398
0.8035041219761265
1.004111913557565
1.239856826781833
1.504337084926251
1.79079072766677
2.109045616241042
2.450399404164147
2.811059516786676
3.186925529499803
3.572398542417943
4.015131196312192
4.512116898971727
5.012728739633888
5.6950960851175
6.456970878795492
7.681891349933927
9.636751002023669
14.20409467409106
45.91718153057565
0.0
1.0
1.0
1.0
1.0
1.0
1.0
1.0
1.0
1.0
1.0
1.0
1.0
1.0
1.0
1.0
1.0
1.0
1.0
1.0
1.0
1.0
1.0
1.0
1.0
1.0
1.0
1.0
1.0
1.0
1.0
0.0
0.0
0.0
0.0
0.0
0.0
0.0
0.0
0.0
0.0
0.0
0.0
0.0
0.0
0.0
0.0
0.0
0.0
0.0
0.0
0.0
0.0
0.0
0.0
0.0
0.0
0.0
0.0
0.0
0.0
0.0
1.0
1.0
1.0
1.0
1.0
1.0
1.0
1.0
1.0
1.0
1.0
1.0
1.0
1.0
1.0
1.0
0.9299999999999999
0.9299999999999999
0.9299999999999999
0.9299999999999999
0.9299999999999999
0.9299999999999999
0.9299999999999999
0.9299999999999999
0.9299999999999999
0.9299999999999999
0.9299999999999999
0.9299999999999999
0.9299999999999999
0.9299999999999999
0.9299999999999999
0.9299999999999999
0.9299999999999999
0.9299999999999999
0.9299999999999999
0.9299999999999999
0.9299999999999999
0.9299999999999999
0.9299999999999999
0.9299999999999999
0.9299999999999999
0.9299999999999999
0.9299999999999999
0.9299999999999999
0.9299999999999999
1.0
1.0
1.0
1.0
1.0
1.0
1.0
1.0
1.0
1.0
1.0
1.0
1.0
1.0
1.0
1.0
1.0
1.0
1.0
1.0
1.0
1.0
1.0
1.0
1.0
1.0
1.0
1.0
1.0
0.108
0.09488700690291026
0.08262840018576097
0.07131675031613816
0.06100892201464227
0.05172908086940583
0.04347261619563268
0.03621065633279777
0.029894866678968082
0.02446225279305863
0.019839735749289086
0.01594831927940226
0.012706723046352151
0.010034409294716308
0.007853977693550838
0.006092943066407954
0.0046849415955426705
0.0035704326634070096
0.0026969762205658245
0.002019170498320406
0.001498333438352971
0.001102004977076873
0.0008033378779463743
0.0005804335910330315
0.00041566785094193827
0.0002950393473605434
0.00020756448483107425
0.00014473239797262424
0.00010002719126353613
6.851883892971192e-05
9e-11
9e-11
9e-11
9e-11
9e-11
9e-11
9e-11
9e-11
9e-11
9e-11
9e-11
9e-11
9e-11
9e-11
9e-11
9e-11
9e-11
9e-11
9e-11
9e-11
9e-11
9e-11
9e-11
9e-11
9e-11
9e-11
9e-11
9e-11
9e-11
9e-11
0.0004
0.0004
0.0004
0.0004
0.0004
0.0004
0.0004
0.0004
0.0004
0.0004
0.0004
0.0004
0.0004
0.0004
0.0004
0.0004
0.0004
0.0004
0.0004
0.0004
0.0004
0.0004
0.0004
0.0004
0.0004
0.0004
0.0004
0.0004
0.0004
0.0004
0.0004
0.0004
0.0004
0.0004
0.0004
0.0004
0.0004
0.0004
0.0004
0.0004
0.0004
0.0004
0.0004
0.0004
0.0004
0.0004
0.0004
0.0004
0.0004
0.0004
0.0004
0.0004
0.0004
0.0004
0.0004
0.0004
0.0004
0.0004
0.0004
0.0004
1.7322297340509496e-42
2.7274300498348094e-40
3.38520592634022e-38
3.340078856607049e-36
2.6414104914533314e-34
1.6877252204372024e-32
8.781045306822986e-31
3.748653514062508e-29
1.32284844300314e-27
3.886762068681088e-26
9.575548548264268e-25
1.9916384562026333e-23
3.52063842183636e-22
5.3236580002712434e-21
6.929665890714154e-20
7.812436607437913e-19
7.673889661624742e-18
6.605526581708447e-17
5.010678755372086e-16
3.3677878804921295e-15
2.016240572836122e-14
1.0807107709161197e-13
5.211910360899798e-13
2.272413655476346e-12
8.999045364777151e-12
3.251424780964944e-11
1.0764749255869143e-10
3.2795023463072254e-10
9.230897163259248e-10
2.4099511013495653e-09
5.857828593806157e-09
1.3213918960294605e-08
2.7633405007069234e-08
5.3920172025920165e-08
9.875273391228389e-08
1.7067733880002653e-07
2.797557622786115e-07
4.368406055621806e-07
6.525360147202993e-07
9.359808135353098e-07
1.2936405261121315e-06
1.728301321926677e-06
2.2384230140155095e-06
2.817942175284456e-06
3.4565386949396677e-06
4.140307937712861e-06
4.852729305151746e-06
5.5757964639105736e-06
6.291174056112218e-06
6.9812648359926294e-06
7.630102165964341e-06
8.224017955918322e-06
8.752069248231644e-06
9.206233706238e-06
9.581403382162219e-06
9.875217192366786e-06
1.0087776549697575e-05
1.0221287231573557e-05
1.0279665583444358e-05
1.0268140200657238e-05
3.06e-07
3.06e-07
3.06e-07
3.06e-07
3.06e-07
3.06e-07
3.06e-07
3.06e-07
3.06e-07
3.06e-07
3.06e-07
3.06e-07
3.06e-07
3.06e-07
3.06e-07
3.06e-07
3.06e-07
3.06e-07
3.06e-07
3.06e-07
3.06e-07
3.06e-07
3.06e-07
3.06e-07
3.06e-07
3.06e-07
3.06e-07
3.06e-07
3.06e-07
3.06e-07
3.06e-07
3.06e-07
3.06e-07
3.06e-07
3.06e-07
3.06e-07
3.06e-07
3.06e-07
3.06e-07
3.06e-07
3.06e-07
3.06e-07
3.06e-07
3.06e-07
3.06e-07
3.06e-07
3.06e-07
3.06e-07
3.06e-07
3.06e-07
3.06e-07
3.06e-07
3.06e-07
3.06e-07
3.06e-07
3.06e-07
3.06e-07
3.06e-07
3.06e-07
3.06e-07
0.0
0.0
0.0
0.0
0.0
0.0
0.0
0.0
0.0
0.0
0.0
0.0
0.0
0.0
0.0
0.0
0.0
0.0
0.0
0.0
0.0
0.0
0.0
0.0
0.0
0.0
0.0
0.0
0.0
0.0
0.0
0.0
0.0
0.0
0.0
0.0
0.0
0.0
0.0
0.0
0.0
0.0
0.0
0.0
0.0
0.0
0.0
0.0
0.0
0.0
0.0
0.0
0.0
0.0
0.0
0.0
0.0
0.0
0.0
0.0
1.65e-06
1.65e-06
1.65e-06
1.65e-06
1.65e-06
1.65e-06
1.65e-06
1.65e-06
1.65e-06
1.65e-06
1.65e-06
1.65e-06
1.65e-06
1.65e-06
1.65e-06
1.65e-06
1.65e-06
1.65e-06
1.65e-06
1.65e-06
1.65e-06
1.65e-06
1.65e-06
1.65e-06
1.65e-06
1.65e-06
1.65e-06
1.65e-06
1.65e-06
1.65e-06
1.65e-06
1.65e-06
1.65e-06
1.65e-06
1.65e-06
1.65e-06
1.65e-06
1.65e-06
1.65e-06
1.65e-06
1.65e-06
1.65e-06
1.65e-06
1.65e-06
1.65e-06
1.65e-06
1.65e-06
1.65e-06
1.65e-06
1.65e-06
1.65e-06
1.65e-06
1.65e-06
1.65e-06
1.65e-06
1.65e-06
1.65e-06
1.65e-06
1.65e-06
1.65e-06
0.0
0.0
0.0
0.0
0.0
0.0
0.0
0.0
0.0
0.0
0.0
0.0
0.0
0.0
0.0
0.0
0.0
0.0
0.0
0.0
0.0
0.0
0.0
0.0
0.0
0.0
0.0
0.0
0.0
0.0
0.0
0.0
0.0
0.0
0.0
0.0
0.0
0.0
0.0
0.0
0.0
0.0
0.0
0.0
0.0
0.0
0.0
0.0
0.0
0.0
0.0
0.0
0.0
0.0
0.0
0.0
0.0
0.0
0.0
0.0
0.0
0.0
0.0
0.0
0.0
0.0
0.0
0.0
0.0
0.0
0.0
0.0
0.0
0.0
0.0
0.0
0.0
0.0
0.0
0.0
0.0
0.0
0.0
0.0
0.0
0.0
0.0
0.0
0.0
0.0
0.0
0.0
0.0
0.0
0.0
0.0
0.0
0.0
0.0
0.0
0.0
0.0
0.0
0.0
0.0
0.0
0.0
0.0
0.0
0.0
0.0
0.0
0.0
0.0
0.0
0.0
0.0
0.0
0.0
0.0
2
2
1
328.1897943085559
-0.009782840174807461
0.0
0.0
29.0
9.0
1.0
2.0
3.0
4.0
5.0
6.0
7.0
8.0
9.0
10.0
11.0
12.0
13.0
14.0
15.0
16.0
17.0
18.0
19.0
20.0
21.0
22.0
23.0
24.0
25.0
26.0
27.0
28.0
29.0
30.0
31.0
32.0
33.0
34.0
35.0
36.0
37.0
38.0
39.0
40.0
41.0
42.0
43.0
44.0
45.0
46.0
47.0
48.0
49.0
50.0
51.0
52.0
53.0
54.0
55.0
56.0
57.0
58.0
59.0
60.0
0.0
0.0
0.0
0.0
0.0
0.0
0.0
0.0
0.0
0.0
0.0
0.0
0.66
0.0
0.0
0.0
0.0
0.0
0.0
0.0
0.0
0.0
0.0
0.0
0.0
0.0
0.0
0.0
0.0
0.0
0.0
0.0
0.0
0.0
0.0
0.0
0.0
0.0
0.0
0.0
0.0
0.0
0.0
0.0
0.0
0.0
0.0
0.0
0.0
0.0
0.0
0.0
0.0
0.0
0.0
0.0
0.0
0.0
0.0
0.0
0.0
0.0
0.0
0.0
0.0
0.0
0.0
0.0
0.0
0.0
0.0
0.0
30.65
0.0
0.0
0.0
0.0
0.0
0.0
0.0
0.0
0.0
0.0
0.0
0.0
0.0
0.0
0.0
0.0
0.0
0.0
0.0
0.0
0.0
0.0
0.0
0.0
0.0
0.0
0.0
0.0
0.0
0.0
0.0
0.0
0.0
0.0
0.0
0.0
0.0
0.0
0.0
0.0
0.0
0.0
0.0
0.0
0.0
0.0
0.0
0.0
0.0
0.0
0.0
0.0
0.0
0.0
0.0
0.0
0.0
0.0
0.0
0.5
0.0
0.0
0.0
0.0
0.0
0.0
0.0
0.0
0.0
0.0
0.0
0.0
0.0
0.0
0.0
0.0
0.0
0.0
0.0
0.0
0.0
0.0
0.0
0.0
0.0
0.0
0.0
0.0
0.0
0.0
0.0
0.0
0.0
0.0
0.0
0.0
0.0
0.0
0.0
0.0
0.0
0.0
0.0
0.0
0.0
0.0
0.0
0.0
