9.81
6.022e+23
0
0
0
3
0
1
256.5015806042185
2
2
0
0
1
1
0
1
60
7
1014.8
1.607


3
3
0
72.38857731909356
2
6.7
150.0
1000.0
287.04
9.81
79000.0
40.0
20000.0
0.0
0.0
0.0
0.0
0.0280134
0.04401
0.0319988
0.039948
0.01604
0.01801528
0.048
99000.0
2.1153802199668344e+29
0.8
1e-06
1000000.0
0.6
3.0
0.0001
2000
59
3.047068631051544
0
1
3
1.0
1
0
1
1
0.02
1000000000000.0
1
256.4397049962604
253.34795603920082
250.25488696637225
247.16107286328156
244.0668538590364
240.97241860436839
237.87791119218403
234.78331793086426
231.69531861133527
227.62058267506478
225.44467176985424
222.3513136861637
219.25781073443324
216.16414853865484
213.07044069098546
209.97667895275592
206.88283442092393
203.79215438363744
200.28039976072745
251.29394395212586
248.71864085932154
246.19623084361376
243.65495423565372
240.985620637272
238.19452286932145
235.28798362613017
232.27173485063923
229.15317710041936
225.93743594816033
222.61822555148797
219.4134206164401
217.665960585625
217.89513096222979
218.07609258830752
218.25309814484626
218.4245790214749
218.589396691996
218.7467665866948
218.8961923981837
219.03740856151097
219.17033184606706
219.2950193804612
219.41163479059415
219.52042096747107
219.62167718116424
219.71574155682197
219.80297682774426
219.8837584552296
219.95846607122516
220.02747675748336
220.0911602477481
220.14987482508192
220.20396483183876
220.25375910372347
220.29956972708507
220.3416915545754
220.38040201558692
220.4159613387204
220.448612874717
179.26636785161855
985.8078294205452
929.1704806481764
875.1792495166603
823.7395676755561
774.7591835452633
728.1481322206923
683.8187054112204
641.6854214173221
601.6649951442855
563.6763081534225
527.6403787511956
493.4803321166968
461.1213704679191
430.49074326727884
401.5177174668512
374.13354779379824
348.27144707648074
323.86655661175473
300.85591657396975
279.1784364661994
258.7748656142472
239.58776370398954
221.56147136262913
204.64208078445134
188.77740640169188
173.91695560114255
160.0118994871406
147.0150436916059
134.88079923181198
123.56515341659627
113.06822910177317
103.42139991365353
94.59762521328918
86.52668309909939
79.14434290767173
72.39185404938198
66.2154784558712
60.566062918475225
55.39864791416369
50.67210980592391
46.348833570126516
42.39441344635203
38.777379127371375
35.46894531022901
32.44278261529059
29.674808050169382
27.142993350988494
24.827189675708794
22.708967254386252
20.771468720253548
18.999274954396526
17.378282376382327
15.895590704286075
14.539400290881032
13.298918218966925
12.164272408518528
11.126433052096747
10.177140753284732
9.308840796255959
8.514623023374321
231.30001758744703
693.901233182707
1156.5040314976663
1619.1071450635131
2081.7097532416224
2544.311306350366
3006.91136900888
3469.5161351281613
3931.1336100698672
4392.685636064921
4855.163970766062
5317.639767816181
5780.11227717801
6242.580809983929
6705.044746137333
7167.5033801943155
7629.95961611884
8091.930503153274
8616.832497000465
9206.753990250676
9799.995361136538
10396.704133113595
10996.812085297568
11600.119863186079
12206.433930165702
12815.566196987089
13427.335851387239
14041.56903920036
14658.080420476592
15276.856583757171
15897.137006853147
16518.07012313375
17139.583013064104
17761.602186370976
18384.11428111817
19007.10209290096
19630.545686709753
20254.423307682788
20878.712117198687
21503.388778718305
22128.429915230758
22753.81245933703
23379.513916869808
24005.51255931652
24631.787558950506
25258.31907892457
25885.088326320398
26512.077576220327
27139.270174141035
27766.650522113425
28394.204052106466
29021.917190150878
29649.7773147278
30277.77271115079
30905.89252349681
31534.12670557852
32162.46597195945
32790.901749738594
33360.67791681764
29750.0
1.2083817215540284e+24
1.1522396340029291e+24
1.0980926287961995e+24
1.0458921111181598e+24
9.955901137306276e+23
9.471392962205574e+23
9.004929442400112e+23
8.556049687376111e+23
8.124299051813578e+23
7.709229127731061e+23
7.310397736537112e+23
6.927368920994009e+23
6.559712937085388e+23
6.207006245789061e+23
5.8688315047518377e+23
5.5447775598626366e+23
5.234439436722621e+23
4.937418332009425e+23
4.653321604731652e+23
4.381762767372445e+23
4.1223614769169925e+23
3.874743525762576e+23
3.638540832506727e+23
3.413391432610348e+23
3.198939468932488e+23
2.994835182132102e+23
2.8007349009337698e+23
2.6163010322526454e+23
2.441202051174308e+23
2.275112490785433e+23
2.099962303909993e+23
1.9207963453711375e+23
1.7569165853699338e+23
1.6070188260127692e+23
1.4699101418156962e+23
1.3444993860921102e+23
1.2297885073227274e+23
1.1248646064011282e+23
1.0288926715444699e+23
9.41108933051818e+22
8.608147850255597e+22
7.873712256833963e+22
7.2019377201538795e+22
6.58747808315659e+22
6.025443315711079e+22
5.511360598478068e+22
5.0411387270468504e+22
4.611035553062728e+22
4.217628203234118e+22
3.857785839213596e+22
3.5286447415694375e+22
3.227585519559005e+22
2.9522122653338054e+22
2.700333486679621e+22
2.4699446665495278e+22
2.2592123105942128e+22
2.0664593557355814e+22
1.8901518236610363e+22
1.7288866130238602e+22
1.5813803331965176e+22
-0.9010627286894654
-0.7530508851192373
-0.63375345947167
-0.5330270020528417
-0.44506374070120064
-0.3666477223316955
-0.29562556163961634
-0.23093179747837866
-0.17212837877204532
-13.378363376060166
-0.6779228170634797
-0.5989413024335122
-0.5273121866898615
-0.46264426539368714
-0.40364010256919547
-0.35001560075263555
-0.30146317869493877
-0.2575557604327873
-0.21432249087285976
-0.5163911944849071
-0.44607566637958573
-0.37967846308633735
-0.3195220897697372
-0.26769465929058756
-0.22321125671217268
-0.18526624364347213
-0.15295124056682755
-0.1255914316764762
-0.10251206076511243
-0.08312019868168087
-0.06659088477309101
-0.05390100570228063
-0.045126696198203274
-0.03853550987300072
-0.032828918639181574
-0.027907470451643893
-0.02367773495361141
-0.02005355924143419
-0.016956643753948203
-0.014316727579507537
-0.012071221014885935
-0.010164828050572465
-0.008549167284805663
-0.007182072650678241
-0.006026974611290441
-0.005052291634056485
-0.00423084963166616
-0.0035393416696922965
-0.0029578332151511304
-0.0024693240599316995
-0.0020593292360132774
-0.0017155406074999535
-0.0014275240864735634
-0.0011864426413112654
-0.0009848226909157677
-0.0008163514505254983
-0.0006757028568062672
-0.0005583878169117542
-0.0004606264973963018
-6.193964411161091e-05
-0.9009296243579001
-0.7529274548060982
-0.6336390427337903
-0.5329211866398964
-0.4449658049348102
-0.3665571660972944
-0.295432626653394
-0.23083737376180125
-0.1720407430793216
-13.378651068851383
-0.6778661461344768
-0.5988897015728014
-0.5272651190906288
-0.4626013305093011
-0.4036007611294963
-0.3499796077427959
-0.3014301860663977
-0.25752539060061963
-0.2143015971602722
-0.5158397144015225
-0.4456491292013993
-0.37933838325378133
-0.31926018874261786
-0.267489518472388
-0.22305334774810603
-0.1851420402663848
-0.15285378308442432
-0.12551519797858646
-0.10245191897161021
-0.08307272153118106
-0.06655305459491956
-0.053870458765686635
-0.04510142403680106
-0.03851395506930544
-0.032810441650411803
-0.027891545450302146
-0.023663931495974566
-0.020041526010913913
-0.016946094466476325
-0.01430741493030041
-0.012062972021539053
-0.010157486589378095
-0.008542605355216892
-0.007176184853278755
-0.006021673695812524
-0.005047504928882063
-0.004226516194734131
-0.003535410019367191
-0.00295425952819528
-0.0024660697027059086
-0.002056362994920846
-0.0017128341239924794
-0.0014250524965007116
-0.001184184002170241
-0.0009827575226211138
-0.0008144623679129381
-0.000673974271478528
-0.0005568056948277444
-0.00045917816046880944
-6.063824292823483e-05
-0.00015476209956730714
-0.00014591919615798525
-0.00013748713896435553
-0.000129451328030005
-0.00012179751901401343
-0.00011451181859835872
-0.00010758067990082834
-0.00010099089789349245
-9.472960482680128e-05
-8.878426565936995e-05
-8.314267349351157e-05
-7.779294501658733e-05
-7.27235159482373e-05
-6.792313649356249e-05
-6.338086680232768e-05
-5.9086072434256336e-05
-5.5028419830492706e-05
-5.1197871791305586e-05
-4.7584682960112025e-05
-4.4179395313900895e-05
-4.097283366013749e-05
-3.79561011402343e-05
-3.512057473967364e-05
-3.245790080487165e-05
-2.9959990566874842e-05
-2.7619015671983345e-05
-2.5427403719398128e-05
-2.3377833805991696e-05
-2.146323207830536e-05
-1.9676767291879203e-05
-1.8011846378023935e-05
-1.647509987768697e-05
-1.5069466521262848e-05
-1.3783759911708896e-05
-1.2607748060328259e-05
-1.1532071957933848e-05
-1.0548171093411086e-05
-9.64821532693661e-06
-8.825042575682333e-06
-8.0721018160914e-06
-7.383400949123254e-06
-6.753459113565883e-06
-6.177263067912079e-06
-5.650227293675361e-06
-5.16815750263728e-06
-4.727217257607307e-06
-4.32389744105458e-06
-3.95498832863489e-06
-3.617554045366813e-06
-3.30890920117249e-06
-3.0265975198426567e-06
-2.768372291349617e-06
-2.5321784919425796e-06
-2.3161364297323973e-06
-2.1185267856130195e-06
-1.937776930471399e-06
-1.7724484097946462e-06
-1.6212254960736506e-06
-1.4829047179002375e-06
-1.3563852824276604e-06
-57.9843411589095
-55.290356385828204
-52.692105877203744
-50.18725780500472
-47.77351045558089
-45.44859219356101
-43.21026142538278
-41.056306562413965
-38.984545983659245
-36.99282799806679
-35.07903080638704
-33.24106246261056
-31.476860834944773
-29.784393566335723
-28.161658034519633
-26.60668131158633
-25.11752012304862
-23.692260806403453
-22.32901926916645
-21.025940946374305
-19.781200757530115
-18.593003062985133
-17.459581619735673
-16.37919953661992
-15.350149228899
-14.37075237219966
-13.439359855804241
-12.5543517352651
-11.714137184322823
-10.917154446108569
-10.076694183537626
-9.216964192701653
-8.430585208027054
-7.711299020352513
-7.053381362502805
-6.451596354076727
-5.901154832944798
-5.397676241847158
-4.937153766775914
-4.515922449703659
-4.130630021891115
-3.7782102256578582
-3.4558584123034493
-3.1610092219812884
-2.8913161678955497
-2.6446329623468685
-2.4189964360149077
-2.212610914544488
-2.0238339281006006
-1.8511631401648074
-1.69322439154924
-1.5487607644791552
-1.4166225797133478
-1.2957582470967388
-1.1852058967314765
-1.0840857241653161
-0.9915929886782457
-0.9069916089457841
-0.829608305111762
-0.7588272406515131
256.50186631886385
253.40244608319205
250.30301002988736
247.2035685857716
244.104128308105
241.00469363618492
237.90526749644783
234.80585279656083
231.70636363044946
228.62017863234198
225.52156648211573
222.42296894734667
219.32439080164414
216.22583732189815
213.1273124620448
210.02882057744253
206.93036676568124
203.83190701605392
200.73995687941985
196.79822029850155
250.100426192234
247.5433069526215
245.00297701307295
242.38952945728724
239.6518043439715
236.79609011725523
233.82838111876012
230.75520670982849
227.5828019609443
224.31054931949762
221.04425884787864
218.56459699784642
217.80294234396644
218.00630789735112
218.18389547671484
218.35679612773612
218.5236620386678
218.68353540301104
218.83577787639388
218.9800093115469
219.11605505526444
219.24390091139378
219.36365548160956
219.47551983676271
219.57976254338914
219.67669956759846
219.76667847736576
219.8500654486487
219.92723510099864
219.99856290762403
220.0644194590143
220.12516602361057
220.18115128562744
220.2327093333892
220.28015825392174
220.32379927321875
220.3639164199704
220.40077654059255
220.43462956912262
217.01045817170788
213.87843247113582
1014.8
956.8156588410905
901.5253024552622
848.8331965780585
798.6459387730538
750.8724283174729
705.4238361239119
662.2135746985291
621.1572681361151
582.1727221524559
545.1798941543891
510.10086334800206
476.8598008853915
445.38294005044673
415.598546484111
387.4368884495914
360.83020713800505
335.71268701495643
312.020426208553
289.6914069393865
268.6654659930122
248.8842652354821
230.29126217249697
212.8316805527613
196.45248101614138
181.10233178724238
166.73157941504272
153.29221955923848
140.73786782397337
129.02373063965055
118.10657619354198
108.02988201000436
98.8129178173027
90.38233260927565
82.67103358892314
75.61765222642033
69.1660558723436
63.26490103939881
57.86722479755165
52.930071030775736
48.41414858107208
44.28351855918096
40.505308333523104
37.049449921219654
33.888440699238366
30.997124531342816
28.352491568995948
25.93349513298104
23.720884218436552
21.69705029033595
19.845887150171144
18.152662758621904
16.60390199414275
15.187279414429401
13.891521167332662
12.706315270601186
11.62222954643587
10.630636557757624
9.72364494881184
8.894036643700078
8.135209403048565
0.0
462.60003517489406
925.2024311905199
1387.805631804813
1850.4086583222133
2313.0108481610314
2775.6117645397007
3238.210973478059
3700.8212967782642
4161.44592336147
4623.925348768372
5086.402592763753
5548.876942868608
6011.347611487411
6473.814008480447
6936.275483794219
7398.7312765944125
7861.187955643269
8322.67305066328
8910.99194333765
9502.5160371637
10097.474685109379
10695.933581117813
11297.690589477323
11902.549136894833
12510.318723436572
13120.813670537604
13733.858032236874
14349.280046163844
14966.880794789342
15586.832372725
16207.441640981291
16828.698605286216
17450.46742084199
18072.736951899966
18695.491610336376
19318.712575465543
19942.378797953967
20566.467817411605
21190.95641698577
21815.82114045084
22441.03869001067
23066.586228663386
23692.44160507623
24318.583513556812
24944.991604344195
25571.646553504943
26198.530099135853
26825.6250533048
27452.915294977265
28080.385749249584
28708.02235496335
29335.812025338408
29963.74260411719
30591.802818184387
31219.98222880923
31848.27118234781
32476.66076157109
33105.1427379061
33616.213095729196
34083.67961820264
258.1570848926701
259.09726611248954
259.8906331506008
260.5756277544651
261.17648222816956
261.7099628605282
262.1879006901442
262.6195792604692
263.01177863589135
263.37022465659646
395.2808906330682
396.24075320553186
397.15493668997124
398.0267179287938
398.8587518942237
399.6534445442783
400.41273967113284
401.13828033137804
401.8315446119169
402.4912649141845
403.3445109017191
404.14162118554873
404.8867769625706
405.58382832678876
406.2362610341966
406.84710844670315
407.4190339572756
407.9543999984736
408.4553308019468
408.9237554506577
409.3614332334388
409.7667105651164
410.1395759811917
410.48356856181476
410.80046038607395
411.09216988994865
411.3605108421891
411.6071936950798
411.8338276937058
412.0419234986923
412.2328963010412
412.40806930673466
412.56867737938785
412.7158710071417
412.8507203050293
412.97421905558247
413.0872887667392
413.1907826913746
413.28548980111896
413.3721386709225
413.4514012865304
413.523896722521
413.5901947000074
413.6508190131636
413.7062508015444
413.7569316741002
413.8032666631865
413.8456270245505
413.8843528585601
413.9197555834025
413.9518766612723
245.4575839722825
245.4517201469218
245.3570194812869
245.2037028503532
245.0112459633026
244.7930420963784
244.5582732971336
244.3140027532389
244.0650657749039
243.8154296836812
188.3296531380947
188.218936382545
188.0918538940358
187.9544158173072
187.8109519943448
187.6648894660636
187.5187602769323
187.3744920479248
187.2336231771575
187.0947732604587
187.1847603153388
187.2535563668759
187.3048784458558
187.3420280363308
187.3678682203093
187.3847441155621
187.3945726079645
187.3989177422889
187.3990593916677
187.3960418188249
187.3907044285584
187.3839395400374
187.3772882357349
187.3719376756487
187.367485475006
187.3637842196576
187.3607092821952
187.3581558103478
187.3560359296612
187.3542762203407
187.3528155149565
187.3516029312863
187.350596150617
187.349760053607
187.3490655165402
187.3484883990757
187.3480086967809
187.3476098341474
187.3472780762794
187.3470020404601
187.3467722943535
187.3465810157077
187.3464217131924
187.3462890007956
187.3461784078618
187.3460862220102
187.3460093592638
187.345945256619
187.3458917831891
187.3458471665025
187.345566361555
12.69950092038763
13.64554596556775
14.53361366931392
15.37192490411186
16.16523626486698
16.91692076414981
17.62962739301059
18.30557650723029
18.94671286098745
19.55479497291528
206.9512374949735
208.0218168229869
209.0630827959354
210.0723021114866
211.0477998998789
211.9885550782147
212.8939793942005
213.7637882834532
214.5979214347594
215.3964916537258
216.1597505863803
216.8880648186728
217.5818985167148
218.241800290458
218.8683928138873
219.462364331141
220.0244613493111
220.5554822561847
221.0562714102791
221.5277136318328
221.9707288048804
222.382771025079
222.7622877454568
223.1116308861661
223.432974911068
223.7283856702911
223.9998015599939
224.249037884732
224.4777917640446
224.6876472783516
224.8800807860847
225.0564663754484
225.2180812287708
225.3661109535347
225.5016547884891
225.6257306565068
225.7392800699583
225.8431728572272
225.9382117248396
226.0251366304624
226.1046289921769
226.1773157068133
226.243772986815
226.304530012368
226.3600723936826
226.41084545209
226.4572573039227
226.4996817679315
226.538461075371
226.5739084169
226.6063102997173
282.8786007701334
282.9178523655949
282.95829194889996
283.0096475100305
283.07758079709504
283.16609562451885
283.27747628803763
283.4137222317093
283.5750842333695
283.7614895109954
402.2935044186156
402.5755008449449
402.8907946278114
403.23531074754334
403.60474338246405
403.9958352713892
404.40515079050084
404.82926126467964
405.2650001546178
405.7104188597253
406.0478251328583
406.39928628748646
406.7651036812544
407.1428948567302
407.52783804566553
407.915632110424
408.3024155807301
408.6849278388439
409.0603434443383
409.4263161740775
409.78092123532747
410.11964551241016
410.43864046971976
410.73753162630624
411.015909495496
411.2748085577201
411.51525796451034
411.7382768859051
411.94486935852035
412.1360190690401
412.3126844564587
412.4757944901308
412.62624507619444
412.7648960985933
412.89256921162746
413.0100462884848
413.1180684947128
413.21733590315347
413.3085076028784
413.3922022131537
413.4689987590589
413.53943783205455
413.6040229754169
413.66322223607665
413.7174698404553
413.7671679554886
413.81268848220685
413.8543748692994
413.8925438976141
413.92748744429605
413.959547883923
101.4571595365091
100.5493170185089
99.70062687037878
98.9126081576239
98.18617383466918
97.52196038258734
96.91960748311496
96.37889763203738
95.89813969612192
95.47550459496826
8.039349507740312
7.247914605511713
6.519199602273272
5.851859181294481
5.243259869011526
4.691163505420588
4.192721068996804
3.744786986821438
3.344253595254211
2.989058056357075
2.561254968233834
2.182543478196079
1.852759105602412
1.568968998009985
1.325726820394027
1.11804118677626
0.9413019938488285
0.7914480144024
0.6648071198769206
0.558145848166898
0.4686170178171675
0.3942596534872701
0.3327814703713605
0.281449977889971
0.2376754954627791
0.2004212744777401
0.1687730329486723
0.1419299293239001
0.1191944912702393
0.0999622397539803
0.0837114601302864
0.0699935132689025
0.0584238630355581
0.0486737709275069
0.0404628676169392
0.0335525341212652
0.0277400553833088
0.0228534951138482
0.01874722930553
0.0152980746640142
0.012401942971159
0.009970972066154
0.0079310637902469
0.0062197739034562
0.004784516166183
0.0035810337541255
0.0025721009704448
0.0017264219025099
0.0010176979349712
0.0004238386660516
0.0
181.4214412336243
182.368535347086
183.2576650785212
184.0970393524066
184.8914069624259
185.6441352419315
186.3578688049227
187.0348245996719
187.6769445372476
188.2859849160271
394.2541549108753
395.3275862394332
396.3715950255381
397.3834515662489
398.3614835134525
399.3046717659686
400.212429721504
401.0844742778582
401.9207465593636
402.7213608033682
403.4865701646245
404.2167428092904
404.912344575652
405.5739258587202
406.2021112252715
406.7975909236477
407.3611135868813
407.8934798244415
408.3955363244614
408.8681703259106
409.3123042175103
409.7253858589229
410.1058589993484
410.4560816484163
410.7782340000332
411.0743872832424
411.3464849315617
411.5963469565812
411.8256748672501
412.0360568292861
412.2289729963284
412.4058009768619
412.5678212131589
412.7162223276658
412.8521063440105
412.9764937543635
413.0903284393295
413.1944824080396
413.2897603735729
413.3769041384897
413.4565968160877
413.5294668599884
413.5960919116267
413.6570024621732
413.7126853242891
413.7635869217345
413.8101163812364
413.8526484473969
413.8915261996791
413.92706360563
413.959547883923
24.72151587746319
23.82058625310529
23.067658798299192
22.4340197555654
21.901098568925505
21.456132763990695
21.0895755978934
20.794142971240007
20.563305597478205
20.391264854398884
7.012613785547501
6.334747639413024
5.735857937840223
5.208592818749594
4.745991488240293
4.342390727110796
3.9924111193680005
3.690980933301603
3.433455542700983
3.219153945540711
2.7033142311391885
2.257665101937789
1.8783267186840078
1.55906652994139
1.291577011469002
1.068523663720896
0.8833816234545111
0.7305278403700868
0.6050126423915003
0.5025607234198901
0.41948800188870905
0.3529349472937895
0.29906448852810286
0.2539630644913018
0.21544910942199635
0.18263866777158455
0.1547471223212824
0.13108319082530784
0.11104166481439393
0.0940955703479176
0.07978815541761719
0.06772518339607814
0.05756769680670004
0.04902509145148315
0.041848906598204394
0.03582723290239187
0.030779727973509807
0.026553211778775676
0.023017801759408485
0.020063542231213205
0.017597472528507296
0.01554110953358645
0.01382827540959397
0.01240322291309326
0.011219038910923018
0.010236281388301904
0.009421819020388966
0.008747844748910438
0.008191039054082694
0.007731860893613884
0.00767122265068565
144.0004244357734
144.9024031284129
145.6563926109081
146.2910946927293
146.8250721286334
147.271081713791
147.6386658140187
147.9351051212016
148.1669260787819
148.3399250887129
180.2903036303543
180.9710217770333
181.5726542917625
182.1025566360127
182.5676921253333
182.973725960643
183.3260392079355
183.6297050611034
183.8893695819033
184.1057152041017
184.623505347105
185.0710128886798
185.4521193402533
185.7730590383208
186.0421413999153
186.2667029287858
186.4532706141157
186.6074697278866
186.7342522717908
186.837895970658
186.9220874107412
186.9896798865501
187.0445067653636
187.0904876977588
187.1298099795432
187.1633629451798
187.1919362492465
187.2162258810239
187.236841438391
187.2543139805867
187.2691040548262
187.2816094180174
187.2921722875815
187.3010862826795
187.3086026489232
187.3149358649544
187.3202686413976
187.3247563390335
187.3285308469739
187.3317039657961
187.3343703513823
187.3366100436415
187.3384906494021
187.3400692268921
187.3413938916956
187.3425051882561
187.3434372582933
187.3442188347165
187.3448740852541
187.3454233278364
187.345566361555
168.7219403132366
168.7229893815182
168.7240514092073
168.7251144482947
168.7261706975589
168.7272144777817
168.7282414119121
168.7292480924416
168.7302316762601
168.7311899431118
187.3029174159018
187.3057694164463
187.3085122296027
187.3111494547623
187.3136836135736
187.3161166877538
187.3184503273035
187.320685994405
187.3228251246043
187.3248691496424
187.3268195782442
187.3286779906176
187.3304460589373
187.3321255682622
187.3337184113843
187.3352265925067
187.3366522375702
187.3379975682567
187.3392649141823
187.3404566940779
187.3415754126299
187.3426148338439
187.3435712538917
187.3444507622501
187.3452590889652
187.3460016129514
187.3466833715678
187.3473090718492
187.3478831032054
187.3484095509346
187.3488922102438
187.3493346014135
187.3497399843882
187.350111374131
187.3504515555214
187.3507630978568
187.3510483693711
187.3513095508123
187.3515486487333
187.3517675080273
187.3519678239108
187.3521511531751
187.3523189248117
187.3524724498052
187.3526129306065
187.3527414696444
187.3528590773137
187.3529666794654
187.3530651243082
187.35315518873
187.3532375842057
-0.13103995586378347
-0.11484902394171209
-0.10141915275155161
-0.0895556123092147
-0.07855302870937439
-0.0680212340041625
-0.0576626473695942
-0.0474186029830287
-0.0372187345888761
-3.047154462202041
-0.16297433459461153
-0.1519478608786928
-0.1412734122786107
-0.1309906282889886
-0.120869273786502
-0.1109365180352873
-0.10121205292683459
-0.0916716178714179
-0.0809426272671874
-0.20691014902276791
-0.19000456458736528
-0.17206779928069568
-0.1542174466446194
-0.1377325387881343
-0.122551385856264
-0.1086543754993117
-0.09592224777339001
-0.0843182734388691
-0.0737620716400667
-0.0641749342271502
-0.055702134896344
-0.049292907187153
-0.0451180776166013
-0.0421218344268788
-0.0392308559781628
-0.0364602850166141
-0.0338207971806927
-0.0313128344584392
-0.028947845233209
-0.0267203836540464
-0.0246291576912664
-0.0226712492603747
-0.0208482272631101
-0.0191457472167085
-0.017563912286388903
-0.016097915771902102
-0.0147355236126266
-0.0134742795325953
-0.0123088206527132
-0.0112341519612934
-0.010245645804742099
-0.0093274361363426
-0.0084791312646718
-0.007710011957929399
-0.0069885980077569
-0.0063406300378555
-0.0057303175472224
-0.0051800048738056
-0.004667871662756
-0.000662590842046
0.0
-0.1311926497605609
-0.1150111248256083
-0.1015893822233342
-0.0897332486815836
-0.0787373854627909
-0.068211913868182
-0.0578592564336215
-0.0476208091268237
-0.037426144432125
-7.284209485603538
-0.1636604325933365
-0.1526442169108214
-0.1419803947069781
-0.1317087619231205
-0.1215984270647035
-0.1116766088854815
-0.1019631284935561
-0.0924336412426615
-0.081715118610656
-0.2076932062070261
-0.1907970520992679
-0.1728704300153029
-0.1550292191041851
-0.1385531836227771
-0.1233805514139237
-0.1094916170619723
-0.0967669933237501
-0.0851704853114454
-0.0746202243462349
-0.0650402850734017
-0.0565723511232023
-0.0501683219838586
-0.0459985353850247
-0.0430066009613249
-0.0401196835203043
-0.0373522895344213
-0.0347142569514668
-0.0322115929033483
-0.0298471863325802
-0.0276215363478566
-0.0255331245969724
-0.0235786942103677
-0.0217540640201236
-0.0200542360684799
-0.0184736482456973
-0.0170063817479228
-0.0156463237368828
-0.0143872982044686
-0.0132231649437769
-0.0121479280545889
-0.011155724624823
-0.0102408823416138
-0.0093980055716422
-0.0086219592892096
-0.0079078808845726
-0.0072511831403449
-0.0066475552428366
-0.0060929563821147
-0.0055836098101702
-0.0015897157205371
0.0
0.0001526938967774
0.0001621008838962
0.0001702294717826
0.0001776363723689
0.0001843567534165
0.0001906798640195
0.0001966090640273
0.000202206143795
0.0002074098432489
4.237055023401497
0.000686097998725
0.0006963560321286
0.0007069824283674
0.0007181336341319
0.0007291532782015
0.0007400908501942
0.0007510755667215
0.0007620233712436
0.0007724913434686
0.0007830571842582
0.0007924875119026
0.0008026307346072
0.0008117724595657
0.0008206448346428
0.0008291655576597
0.0008372415626606
0.0008447455503601
0.0008522118725763
0.0008581527061682
0.0008653508462515
0.0008702162268583
0.0008754147967056
0.0008804577684234
0.0008847665344461
0.0008888275421415
0.0008920045178072
0.0008934597707741
0.0008987584449091
0.0008993410993712
0.0009011526938102
0.000903966905706
0.000907444949993
0.0009058367570135
0.0009084888517714
0.0009097359593084
0.0009084659760207
0.0009108001242562
0.0009130186718733
0.0009143442910637
0.0009137760932955
0.0009100788200809
0.0009134462052712
0.0009188743069704
0.0009119473312802
0.0009192828768157
0.0009105531024894
0.0009172376956142
0.0009129515083091
0.0009157381474142
0.0009271248784911
0.0
1.0
1.0
1.0
1.0
1.0
1.0
1.0
1.0
1.0
1.0
1.0
1.0
1.0
1.0
1.0
1.0
1.0
1.0
1.0
1.0
0.0
0.0
0.0
0.0
0.0
0.0
0.0
0.0
0.0
0.0
0.0
0.0
0.0
0.0
0.0
0.0
0.0
0.0
0.0
0.0
0.0
0.0
0.0
0.0
0.0
0.0
0.0
0.0
0.0
0.0
0.0
0.0
0.0
0.0
0.0
0.0
0.0
0.0
0.0
1.0
1.0
1.0
1.0
1.0
1.0
1.0
1.0
1.0
1.0
1.0
1.0
1.0
1.0
1.0
1.0
1.0
1.0
0.9299999999999999
0.9299999999999999
0.9299999999999999
0.9299999999999999
0.9299999999999999
0.9299999999999999
0.9299999999999999
0.9299999999999999
0.9299999999999999
0.9299999999999999
0.9299999999999999
0.9299999999999999
0.9299999999999999
0.9299999999999999
0.9299999999999999
0.9299999999999999
0.9299999999999999
0.9299999999999999
0.9299999999999999
0.9299999999999999
0.9299999999999999
0.9299999999999999
0.9299999999999999
0.9299999999999999
0.9299999999999999
0.9299999999999999
0.9299999999999999
0.9299999999999999
0.9299999999999999
1.0
1.0
1.0
1.0
1.0
1.0
1.0
1.0
1.0
1.0
1.0
1.0
1.0
1.0
1.0
1.0
1.0
1.0
1.0
1.0
1.0
1.0
1.0
1.0
1.0
1.0
1.0
1.0
1.0
7.119999999999999
6.255513788414083
5.447353790024241
4.7016227986194785
4.022069673557897
3.41028755361268
2.8659724751194875
2.387221047125186
1.9708467662430809
1.6126966656164576
1.3079529493975768
1.0514077154568895
0.8377024823150676
0.6615277238738898
0.517780751648907
0.4016829132668947
0.30885911259503523
0.23538407929127692
0.1778006545410062
0.133115684704086
0.09877901926919586
0.07265069848877162
0.052960793434983194
0.03826562192736281
0.027403287950987038
0.019450742159324713
0.013683880851826376
0.009541617347824854
0.006594385201818307
0.004517167899810637
5.933333333333332e-09
5.933333333333332e-09
5.933333333333332e-09
5.933333333333332e-09
5.933333333333332e-09
5.933333333333332e-09
5.933333333333332e-09
5.933333333333332e-09
5.933333333333332e-09
5.933333333333332e-09
5.933333333333332e-09
5.933333333333332e-09
5.933333333333332e-09
5.933333333333332e-09
5.933333333333332e-09
5.933333333333332e-09
5.933333333333332e-09
5.933333333333332e-09
5.933333333333332e-09
5.933333333333332e-09
5.933333333333332e-09
5.933333333333332e-09
5.933333333333332e-09
5.933333333333332e-09
5.933333333333332e-09
5.933333333333332e-09
5.933333333333332e-09
5.933333333333332e-09
5.933333333333332e-09
5.933333333333332e-09
0.0004
0.0004
0.0004
0.0004
0.0004
0.0004
0.0004
0.0004
0.0004
0.0004
0.0004
0.0004
0.0004
0.0004
0.0004
0.0004
0.0004
0.0004
0.0004
0.0004
0.0004
0.0004
0.0004
0.0004
0.0004
0.0004
0.0004
0.0004
0.0004
0.0004
0.0004
0.0004
0.0004
0.0004
0.0004
0.0004
0.0004
0.0004
0.0004
0.0004
0.0004
0.0004
0.0004
0.0004
0.0004
0.0004
0.0004
0.0004
0.0004
0.0004
0.0004
0.0004
0.0004
0.0004
0.0004
0.0004
0.0004
0.0004
0.0004
0.0004
1.7322297340509496e-42
2.7274300498348094e-40
3.38520592634022e-38
3.340078856607049e-36
2.6414104914533314e-34
1.6877252204372024e-32
8.781045306822986e-31
3.748653514062508e-29
1.32284844300314e-27
3.886762068681088e-26
9.575548548264268e-25
1.9916384562026333e-23
3.52063842183636e-22
5.3236580002712434e-21
6.929665890714154e-20
7.812436607437913e-19
7.673889661624742e-18
6.605526581708447e-17
5.010678755372086e-16
3.3677878804921295e-15
2.016240572836122e-14
1.0807107709161197e-13
5.211910360899798e-13
2.272413655476346e-12
8.999045364777151e-12
3.251424780964944e-11
1.0764749255869143e-10
3.2795023463072254e-10
9.230897163259248e-10
2.4099511013495653e-09
5.857828593806157e-09
1.3213918960294605e-08
2.7633405007069234e-08
5.3920172025920165e-08
9.875273391228389e-08
1.7067733880002653e-07
2.797557622786115e-07
4.368406055621806e-07
6.525360147202993e-07
9.359808135353098e-07
1.2936405261121315e-06
1.728301321926677e-06
2.2384230140155095e-06
2.817942175284456e-06
3.4565386949396677e-06
4.140307937712861e-06
4.852729305151746e-06
5.5757964639105736e-06
6.291174056112218e-06
6.9812648359926294e-06
7.630102165964341e-06
8.224017955918322e-06
8.752069248231644e-06
9.206233706238e-06
9.581403382162219e-06
9.875217192366786e-06
1.0087776549697575e-05
1.0221287231573557e-05
1.0279665583444358e-05
1.0268140200657238e-05
3.06e-07
3.06e-07
3.06e-07
3.06e-07
3.06e-07
3.06e-07
3.06e-07
3.06e-07
3.06e-07
3.06e-07
3.06e-07
3.06e-07
3.06e-07
3.06e-07
3.06e-07
3.06e-07
3.06e-07
3.06e-07
3.06e-07
3.06e-07
3.06e-07
3.06e-07
3.06e-07
3.06e-07
3.06e-07
3.06e-07
3.06e-07
3.06e-07
3.06e-07
3.06e-07
3.06e-07
3.06e-07
3.06e-07
3.06e-07
3.06e-07
3.06e-07
3.06e-07
3.06e-07
3.06e-07
3.06e-07
3.06e-07
3.06e-07
3.06e-07
3.06e-07
3.06e-07
3.06e-07
3.06e-07
3.06e-07
3.06e-07
3.06e-07
3.06e-07
3.06e-07
3.06e-07
3.06e-07
3.06e-07
3.06e-07
3.06e-07
3.06e-07
3.06e-07
3.06e-07
0.0
0.0
0.0
0.0
0.0
0.0
0.0
0.0
0.0
0.0
0.0
0.0
0.0
0.0
0.0
0.0
0.0
0.0
0.0
0.0
0.0
0.0
0.0
0.0
0.0
0.0
0.0
0.0
0.0
0.0
0.0
0.0
0.0
0.0
0.0
0.0
0.0
0.0
0.0
0.0
0.0
0.0
0.0
0.0
0.0
0.0
0.0
0.0
0.0
0.0
0.0
0.0
0.0
0.0
0.0
0.0
0.0
0.0
0.0
0.0
1.65e-06
1.65e-06
1.65e-06
1.65e-06
1.65e-06
1.65e-06
1.65e-06
1.65e-06
1.65e-06
1.65e-06
1.65e-06
1.65e-06
1.65e-06
1.65e-06
1.65e-06
1.65e-06
1.65e-06
1.65e-06
1.65e-06
1.65e-06
1.65e-06
1.65e-06
1.65e-06
1.65e-06
1.65e-06
1.65e-06
1.65e-06
1.65e-06
1.65e-06
1.65e-06
1.65e-06
1.65e-06
1.65e-06
1.65e-06
1.65e-06
1.65e-06
1.65e-06
1.65e-06
1.65e-06
1.65e-06
1.65e-06
1.65e-06
1.65e-06
1.65e-06
1.65e-06
1.65e-06
1.65e-06
1.65e-06
1.65e-06
1.65e-06
1.65e-06
1.65e-06
1.65e-06
1.65e-06
1.65e-06
1.65e-06
1.65e-06
1.65e-06
1.65e-06
1.65e-06
0.0
0.0
0.0
0.0
0.0
0.0
0.0
0.0
0.0
0.0
0.0
0.0
0.0
0.0
0.0
0.0
0.0
0.0
0.0
0.0
0.0
0.0
0.0
0.0
0.0
0.0
0.0
0.0
0.0
0.0
0.0
0.0
0.0
0.0
0.0
0.0
0.0
0.0
0.0
0.0
0.0
0.0
0.0
0.0
0.0
0.0
0.0
0.0
0.0
0.0
0.0
0.0
0.0
0.0
0.0
0.0
0.0
0.0
0.0
0.0
0.0
0.0
0.0
0.0
0.0
0.0
0.0
0.0
0.0
0.0
0.0
0.0
0.0
0.0
0.0
0.0
0.0
0.0
0.0
0.0
0.0
0.0
0.0
0.0
0.0
0.0
0.0
0.0
0.0
0.0
0.0
0.0
0.0
0.0
0.0
0.0
0.0
0.0
0.0
0.0
0.0
0.0
0.0
0.0
0.0
0.0
0.0
0.0
0.0
0.0
0.0
0.0
0.0
0.0
0.0
0.0
0.0
0.0
0.0
0.0
2
2
1
256.50186631886385
0.00767122265068565
0.0
0.0
59.0
6.7
1.0
2.0
3.0
4.0
5.0
6.0
7.0
8.0
9.0
10.0
11.0
12.0
13.0
14.0
15.0
16.0
17.0
18.0
19.0
20.0
21.0
22.0
23.0
24.0
25.0
26.0
27.0
28.0
29.0
30.0
31.0
32.0
33.0
34.0
35.0
36.0
37.0
38.0
39.0
40.0
41.0
42.0
43.0
44.0
45.0
46.0
47.0
48.0
49.0
50.0
51.0
52.0
53.0
54.0
55.0
56.0
57.0
58.0
59.0
60.0
0.0
0.0
0.0
0.0
0.0
0.0
0.0
0.0
0.0
0.66
0.0
0.0
0.0
0.0
0.0
0.0
0.0
0.0
0.0
0.0
0.0
0.0
0.0
0.0
0.0
0.0
0.0
0.0
0.0
0.0
0.0
0.0
0.0
0.0
0.0
0.0
0.0
0.0
0.0
0.0
0.0
0.0
0.0
0.0
0.0
0.0
0.0
0.0
0.0
0.0
0.0
0.0
0.0
0.0
0.0
0.0
0.0
0.0
0.0
0.0
0.0
0.0
0.0
0.0
0.0
0.0
0.0
0.0
0.0
30.65
0.0
0.0
0.0
0.0
0.0
0.0
0.0
0.0
0.0
0.0
0.0
0.0
0.0
0.0
0.0
0.0
0.0
0.0
0.0
0.0
0.0
0.0
0.0
0.0
0.0
0.0
0.0
0.0
0.0
0.0
0.0
0.0
0.0
0.0
0.0
0.0
0.0
0.0
0.0
0.0
0.0
0.0
0.0
0.0
0.0
0.0
0.0
0.0
0.0
0.0
0.0
0.0
0.0
0.0
0.0
0.0
0.0
0.0
0.0
0.5
0.0
0.0
0.0
0.0
0.0
0.0
0.0
0.0
0.0
0.0
0.0
0.0
0.0
0.0
0.0
0.0
0.0
0.0
0.0
0.0
0.0
0.0
0.0
0.0
0.0
0.0
0.0
0.0
0.0
0.0
0.0
0.0
0.0
0.0
0.0
0.0
0.0
0.0
0.0
0.0
0.0
0.0
0.0
0.0
0.0
0.0
0.0
0.0
0.0
0.0
0.0
