9.81
6.022e+23
0
0
0
3
0
1
268.52156571951383
2
2
0
0
1
1
0
1
60
7
1000.0
1.0


3
3
0
80.10220330563587
0
5.601050757580543
0.0
1000.0
287.04
9.81
79000.0
40.0
20000.0
0.0
0.0
0.0
0.0
0.0280134
0.04401
0.0319988
0.039948
0.01604
0.01801528
0.048
99000.0
2.1153802199668344e+29
0.8
1e-06
1000000.0
0.6
3.0
0.0001
400
50
3.6343220103696314
0
1
6
1.0
1
0
1
1
0.1
1000000000000.0
2
285.3324461369413
284.43550976657224
283.52579729536177
282.6028966811448
281.66637490443765
280.71577649459044
279.7506219227986
278.77040584717105
277.77459519308593
276.76262704979257
275.7339063615867
274.6878033888275
273.62365091050236
272.5407411358802
271.4383222879111
270.3155948152858
269.17170718328686
268.00575118552837
266.816756709128
265.60368587444583
264.36542645684835
263.10078448149017
261.8084758621861
260.48711693124227
259.1352136775469
257.75114947392007
256.3331710298948
254.87937225043225
253.38767561149564
251.85581057588396
250.28128846184902
248.66137303551292
246.99304591607543
245.27296564665815
243.49741897451526
241.6622624757534
239.76285211399232
237.7939575853094
235.7496572940768
233.62320840826806
231.40688448093553
229.0917703239159
226.66749975240833
224.12191579868772
221.44062389258357
218.60639442348312
215.59834860656252
212.39084105650312
208.94982171024841
205.46864570734837
201.9747752061829
201.37519452707673
202.68017605605473
204.91109649427898
208.6355964426129
213.10573763234177
219.6577372359774
228.58007809512748
239.217320615469
238.7270949900055
268.4732029138774
267.7178694969073
268.36417088383087
267.96163496164246
268.8395198959702
268.02637115410187
268.5568344467217
267.71539552163455
267.39449079432336
267.1793804376297
267.69998156932235
266.79536720449664
265.874038072679
264.9345977113147
263.9797324998233
263.0067785457027
262.0144880784006
261.0034423301972
259.97158065167065
258.9184964212177
257.8434464662739
256.7455812845401
255.62286949166023
254.4743196402932
253.29890681464227
252.09485441466637
250.8609699587255
249.59514709615567
248.2956006650006
246.96019220475267
245.5866736815445
244.1725716522306
242.71515556643126
241.21140023401426
239.65794111041285
238.05102067248203
236.386423649964
234.65939819126515
232.8645591028184
230.9957679981007
229.04598393035735
227.00688113962474
224.8681169562983
222.6167743456918
220.23356319718621
218.12795878267505
218.00486159984695
218.34076024586147
218.87433931640902
219.4804246858859
219.93836808907477
220.29959010093953
220.5729138910244
220.81456745911564
221.23948253079712
221.5070832807102
222.1178522771419
222.96834443363753
224.63025305151362
226.6158169548287
991.675
975.0250000000001
958.375
941.7249999999999
925.075
908.425
891.7750000000001
875.125
858.4749999999999
841.825
825.175
808.5250000000001
791.875
775.225
758.575
741.925
725.2750000000001
708.625
691.975
675.325
658.675
642.0250000000001
625.375
608.725
592.075
575.425
558.7750000000001
542.125
525.4750000000001
508.82500000000005
492.17500000000007
475.52500000000003
458.87500000000006
442.2250000000001
425.57500000000005
408.925
392.27500000000003
375.62500000000006
358.9750000000001
342.32500000000005
325.675
309.02500000000003
292.37500000000006
275.7250000000001
259.0750000000001
242.42500000000007
225.77500000000003
209.12500000000006
192.47500000000008
175.8250000000001
159.17500000000007
142.52500000000003
125.87500000000006
109.22500000000008
92.5750000000001
75.92500000000013
59.27500000000009
42.62500000000006
25.97500000000008
9.325000000000045
991.675
975.0250000000001
958.375
941.7249999999999
925.075
908.425
891.7750000000001
875.125
858.4749999999999
841.825
825.175
808.5250000000001
791.875
775.225
758.575
741.925
725.2750000000001
708.625
691.975
675.325
658.675
642.0250000000001
625.375
608.725
592.075
575.425
558.7750000000001
542.125
525.4750000000001
508.82500000000005
492.17500000000007
475.52500000000003
458.87500000000006
442.2250000000001
425.57500000000005
408.925
392.27500000000003
375.62500000000006
358.9750000000001
342.32500000000005
325.675
309.02500000000003
292.37500000000006
275.7250000000001
259.0750000000001
242.42500000000007
225.77500000000003
209.12500000000006
192.47500000000008
175.8250000000001
159.17500000000007
142.52500000000003
125.87500000000006
109.22500000000008
92.5750000000001
75.92500000000013
59.27500000000009
42.62500000000006
25.97500000000008
9.325000000000045
71.0800004272096
214.24358598368312
359.44641586819523
506.7542577714185
656.2362276573588
807.9650250100709
962.0171893314765
1118.4733802530145
1277.418683937713
1438.94294881192
1603.14115408603
1770.1138150116517
1939.967429391394
2112.814970522177
2288.7764325324115
2467.9794349902686
2650.5598947427143
2836.662774227352
3026.4429170241838
3220.0659832352503
3417.709499463028
3619.5640407868486
3825.834565315781
4036.741925760034
4252.5245871821
4473.44058588338
4699.769771536662
4931.816383560923
5169.9120238401
5414.4191018578185
5665.734846017515
5924.2959975037575
6190.584332094868
6465.133193028441
6748.535267360923
7041.45190347849
7344.624354519743
7658.887450120141
7985.186359736859
8324.597333638696
8678.353620788663
9047.878209868597
9434.825688911347
9841.136479942941
10269.10815762557
10721.490808715163
11201.616979194016
11713.580031129364
12262.814830668496
12856.705835267425
13510.160771923986
14246.803799134621
15096.264233858283
16102.453365333435
17335.299608520563
18921.744054989074
21130.589073757303
24679.794389162853
33156.50108290768
56560.69457252452
66.64587356450146
201.5015372000761
339.0229673362514
479.1249188307206
621.7366272938823
766.9145192756381
914.62761504155
1064.8563777336826
1218.03909186069
1374.3738127498973
1533.5522100092408
1695.0601848479632
1859.5523795617323
2027.2781156823744
2197.7577725930223
2371.4669561428727
2548.6284407016656
2729.138454262079
2913.3649009033606
3101.3803780042717
3293.3175700550332
3489.328145436435
3689.7747833035146
3894.834494610819
4104.69026570165
4319.659287067204
4539.954461909339
4765.951853712411
4997.970181594241
5236.391241864147
5481.616393832146
5734.087240913837
5994.291289917828
6262.768652023819
6540.120026049301
6827.016272393079
7124.209976675287
7432.54952463626
7752.996377580343
8086.646470322038
8434.756878910011
8798.814067281832
9180.664594244437
9582.614640413813
10008.108222181505
10462.489287520597
10952.018580980079
11483.34108167843
12064.409538977077
12705.055516990516
13418.14529882773
14221.503727943325
15140.800220190242
16215.390391522058
17508.186935760416
19131.631886116316
21318.615815479337
24699.355593366956
32725.589634208096
56560.69457252452
3.521179111399233e+23
3.521179111399233e+23
3.521179111399257e+23
3.521179111399233e+23
3.521179111399233e+23
3.521179111399233e+23
3.521179111399233e+23
3.521179111399257e+23
3.521179111399233e+23
3.521179111399233e+23
3.521179111399233e+23
3.521179111399233e+23
3.521179111399257e+23
3.5211791113992086e+23
3.521179111399257e+23
3.521179111399233e+23
3.521179111399233e+23
3.521179111399257e+23
3.5211791113992086e+23
3.521179111399257e+23
3.521179111399233e+23
3.521179111399233e+23
3.521179111399257e+23
3.5211791113992086e+23
3.521179111399257e+23
3.521179111399233e+23
3.521179111399233e+23
3.521179111399233e+23
3.521179111399233e+23
3.521179111399244e+23
3.521179111399244e+23
3.521179111399233e+23
3.521179111399233e+23
3.521179111399233e+23
3.521179111399257e+23
3.521179111399233e+23
3.521179111399233e+23
3.521179111399233e+23
3.521179111399233e+23
3.521179111399257e+23
3.521179111399233e+23
3.521179111399233e+23
3.521179111399233e+23
3.521179111399233e+23
3.521179111399233e+23
3.521179111399257e+23
3.521179111399233e+23
3.521179111399233e+23
3.521179111399233e+23
3.521179111399233e+23
3.521179111399257e+23
3.521179111399233e+23
3.521179111399233e+23
3.521179111399233e+23
3.521179111399233e+23
3.521179111399233e+23
3.521179111399257e+23
3.521179111399233e+23
3.521179111399233e+23
3.521179111399257e+23
3.521179111399233e+23
3.521179111399233e+23
3.521179111399257e+23
3.521179111399233e+23
3.521179111399233e+23
3.521179111399233e+23
3.521179111399233e+23
3.521179111399257e+23
3.521179111399233e+23
3.521179111399233e+23
3.521179111399233e+23
3.521179111399233e+23
3.521179111399257e+23
3.5211791113992086e+23
3.521179111399257e+23
3.521179111399233e+23
3.521179111399233e+23
3.521179111399257e+23
3.5211791113992086e+23
3.521179111399257e+23
3.521179111399233e+23
3.521179111399233e+23
3.521179111399257e+23
3.5211791113992086e+23
3.521179111399257e+23
3.521179111399233e+23
3.521179111399233e+23
3.521179111399233e+23
3.521179111399233e+23
3.521179111399244e+23
3.521179111399244e+23
3.521179111399233e+23
3.521179111399233e+23
3.521179111399233e+23
3.521179111399257e+23
3.521179111399233e+23
3.521179111399233e+23
3.521179111399233e+23
3.521179111399233e+23
3.521179111399257e+23
3.521179111399233e+23
3.521179111399233e+23
3.521179111399233e+23
3.521179111399233e+23
3.521179111399233e+23
3.521179111399257e+23
3.521179111399233e+23
3.521179111399233e+23
3.521179111399233e+23
3.521179111399233e+23
3.521179111399257e+23
3.521179111399233e+23
3.521179111399233e+23
3.521179111399233e+23
3.521179111399233e+23
3.521179111399233e+23
3.521179111399257e+23
3.521179111399233e+23
3.521179111399233e+23
3.521179111399257e+23
-4.246938390811184
-7.455261101711099
-3.7016281959755215
-3.631096653453297
-3.5052189080480574
-3.3862246814317425
-3.269653314229056
-3.1533825397429673
-3.029723139287836
-2.9058663344222904
-2.7729688280797964
-2.652261666636868
-2.508570589609819
-2.4147229945227293
-2.351291010458784
-2.306531746785905
-2.3138241675965414
-2.323612582166518
-2.3309853328560237
-2.365419252739459
-2.388039237174719
-2.4010143888660487
-2.4178899941525858
-2.4156553187043013
-2.3965424063359815
-2.381395606886706
-2.346174662822749
-2.3032480040500714
-2.275091921678186
-2.236845810055681
-2.204358275724095
-2.1761074340125073
-2.1408335756433776
-2.1114078577695654
-2.102437194014551
-2.0782102289124573
-2.0645905873458448
-2.0800347219617437
-2.0846691002172117
-2.1149170135530757
-2.1693768074030277
-2.189009206183253
-2.2262107158737514
-2.279258064259321
-2.2573749701442325
-2.2014398071864743
-2.0044047720242095
-1.6791404081394334
-1.283248384935372
-0.7921085440378769
-0.16752983773825514
-0.07571347702358933
-0.07185484539914413
-0.059983120532074635
-0.04219545907064229
-0.020007285927088864
0.0027520993091305346
0.02401361698918221
0.04311745486010345
0.12264214053935549
0.7945312385467627
-4.464486990994637
0.2955031476745824
-1.1203381040274698
0.7046071210411868
-1.395101624310295
0.560230186421991
-1.1366514637106515
-0.009467811489194178
-2.866584064999084
0.4236562083891051
-0.353625860835709
-1.6666290100254952
0.0553754260741961
-0.1711409271574098
-1.5702919781729219
-0.15829170305519158
-0.7295523029575262
-0.6314266243488342
-0.5531147897393014
-0.7274223232548362
-0.7745721685291307
-1.3016301486856194
-0.6707383427076277
-1.1526615439133483
-0.8315203664880485
-1.0512119604020307
-1.003860684530841
-1.0803209376186471
-1.1364109539867533
-1.1919401210665543
-1.2540348139190693
-1.3047640218760497
-1.3615117898363565
-1.4305465482112574
-1.471152003848467
-1.4975892701682594
-1.5255371652681906
-1.4623018181141605
-1.4059438317434934
-1.350026892261082
-1.1735108642378562
-0.9967857640304965
-0.8117359943318777
-0.4177770639060708
-0.24321077326101398
-0.1927824648796902
-0.17369514583308893
-0.15946168108909736
-0.1476170498393286
-0.13555548499089481
-0.12396945124859438
-0.1117932049320414
-0.09864500642860102
-0.08536059396062265
-0.07183622143692167
-0.05596395362361799
-0.039311552253612075
-0.018151405886123365
0.03646195505285989
-2.861494184529562
-6.12014901015732
-2.407470478837979
-2.3608836514725056
-2.256495750115249
-2.1619078820640425
-2.068525945923753
-1.9737783012883625
-1.8732725530202288
-1.770609020805992
-1.6615701050614717
-1.5617940857554942
-1.441088654509329
-1.3689980380051878
-1.3279257034006093
-1.306020380315502
-1.3347945398927834
-1.366077430344717
-1.3980920211083117
-1.4529905323135779
-1.4975271755916992
-1.531767918690008
-1.5727571566077927
-1.5927881033154847
-1.5937464156824035
-1.6020819672169182
-1.588702967760895
-1.5680533731460855
-1.5624515390914837
-1.5462021683095202
-1.5345235956928036
-1.528436438245393
-1.513605813320595
-1.5078088817220134
-1.5206450669085427
-1.5193119700680597
-1.5277011826779017
-1.5651922874705804
-1.5922655613734946
-1.644626492147438
-1.7208232400093664
-1.7621505928108263
-1.8222186728085887
-1.897294065510124
-1.8975994037415091
-1.863804308058974
-1.6900553482044245
-1.3869757785162733
-1.013465561603681
-0.5452018887923487
0.05702876756862452
0.12688733998763269
0.10889455282557492
0.09845184813002561
0.09342358818949492
0.09213436308655787
0.09029251084695034
0.08604434130518257
0.07913846477848097
0.11898262706608875
-3.413910286718931
-4.949927355326537
-2.0820400779008708
-0.7230622726919478
-2.7465406143967215
-0.7849105886934211
-3.0337827415534093
-0.7588811402877838
-2.0706287435334048
-1.8456728124761952
-3.746632682158193
-2.1741571793128998
-1.0166837348480016
-2.8140502107030017
-2.4056415397948996
-1.0474459531616134
-2.6330766639181746
-1.6357123391916133
-1.8925474055270968
-2.03885440309719
-1.8491305754436098
-1.9307917290077938
-1.5939426867841036
-2.1722086723687966
-1.6681351531332922
-2.037565232340114
-1.8112971112180105
-1.9279336429567877
-1.9290491310184024
-1.9668513669706016
-1.9975874542934946
-2.0351891620727116
-2.0603538435347986
-2.091914028995106
-2.1342098569544845
-2.148950023971011
-2.149497541206088
-2.1506336743306065
-2.0619585004302223
-1.979247633323297
-1.8958547977472904
-1.6926791486093862
-1.4945637559542035
-1.2874036427099895
-0.8864852205547038
-0.6144568484120043
-0.5676839602934081
-0.5237929639325785
-0.48390835179000646
-0.44521977803120194
-0.40644810730199765
-0.36781194520258964
-0.32848377792092265
-0.28886593517140113
-0.24844949755811285
-0.20721298865049675
-0.1650458532780874
-0.12132239950580015
-0.07437882918759442
-0.0023759752453997862
-1.330087395054736
-1.3079414399270748
-1.2857954847994135
-1.263649529671752
-1.2415035745440905
-1.219357619416429
-1.197211664288768
-1.1750657091611068
-1.152919754033445
-1.130773798905784
-1.1086278437781225
-1.0864818886504612
-1.0643359335227998
-1.0421899783951385
-1.0200440232674772
-0.9978980681398156
-0.9757521130121544
-0.9536061578844931
-0.9314602027568315
-0.9093142476291705
-0.887168292501509
-0.8650223373738476
-0.8428763822461863
-0.8207304271185248
-0.7985844719908636
-0.7764385168632021
-0.7542925617355409
-0.7321466066078794
-0.7100006514802182
-0.6878546963525569
-0.6657087412248954
-0.643562786097234
-0.6214168309695727
-0.5992708758419114
-0.57712492071425
-0.5549789655865887
-0.5328330104589273
-0.510687055331266
-0.4885411002036047
-0.4663951450759433
-0.4442491899482819
-0.4221032348206205
-0.39995727969295913
-0.37781132456529787
-0.3556653694376365
-0.3335194143099753
-0.3113734591823138
-0.2892275040546524
-0.2670815489269911
-0.24493559379932975
-0.22278963867166846
-0.20064368354400697
-0.17849772841634562
-0.1563517732886843
-0.13420581816102298
-0.11205986303336166
-0.08991390790570034
-0.06776795277803886
-0.045621997650377534
-0.02347604252271621
1.6428346829671294
1.615481485495727
1.5881282880243242
1.560775090552921
1.5334218930815184
1.5060686956101157
1.4787154981387132
1.4513623006673104
1.4240091031959075
1.396655905724505
1.3693027082531024
1.3419495107816997
1.314596313310297
1.2872431158388942
1.2598899183674916
1.2325367208960887
1.2051835234246862
1.1778303259532836
1.1504771284818807
1.1231239310104781
1.0957707335390754
1.0684175360676726
1.04106433859627
1.0137111411248672
0.9863579436534645
0.9590047461820618
0.9316515487106591
0.9042983512392564
0.8769451537678538
0.849591956296451
0.8222387588250483
0.7948855613536455
0.7675323638822429
0.7401791664108403
0.7128259689394375
0.6854727714680348
0.6581195739966321
0.6307663765252295
0.6034131790538267
0.576059981582424
0.5487067841110213
0.5213535866396185
0.4940003891682158
0.46664719169681323
0.43929399422541054
0.4119407967540079
0.384587599282605
0.3572344018112023
0.32988120433979967
0.30252800686839704
0.2751748093969944
0.2478216119255915
0.22046841445418883
0.19311521698278616
0.1657620195113835
0.13840882203998087
0.11105562456857816
0.08370242709717532
0.05634922962577264
0.02899603215436998
-16.649999999999977
-16.649999999999977
-16.65000000000009
-16.649999999999977
-16.649999999999977
-16.649999999999977
-16.649999999999977
-16.65000000000009
-16.649999999999977
-16.649999999999977
-16.649999999999977
-16.649999999999977
-16.65000000000009
-16.649999999999864
-16.65000000000009
-16.649999999999977
-16.649999999999977
-16.65000000000009
-16.649999999999864
-16.65000000000009
-16.649999999999977
-16.649999999999977
-16.65000000000009
-16.649999999999864
-16.65000000000009
-16.649999999999977
-16.649999999999977
-16.649999999999977
-16.649999999999977
-16.650000000000034
-16.650000000000034
-16.649999999999977
-16.649999999999977
-16.649999999999977
-16.65000000000009
-16.649999999999977
-16.649999999999977
-16.649999999999977
-16.649999999999977
-16.65000000000009
-16.649999999999977
-16.649999999999977
-16.649999999999977
-16.649999999999977
-16.649999999999977
-16.65000000000009
-16.649999999999977
-16.649999999999977
-16.649999999999977
-16.649999999999977
-16.65000000000009
-16.649999999999977
-16.649999999999977
-16.649999999999977
-16.649999999999977
-16.649999999999977
-16.65000000000009
-16.649999999999977
-16.649999999999977
-16.65000000000009
-16.649999999999977
-16.649999999999977
-16.65000000000009
-16.649999999999977
-16.649999999999977
-16.649999999999977
-16.649999999999977
-16.65000000000009
-16.649999999999977
-16.649999999999977
-16.649999999999977
-16.649999999999977
-16.65000000000009
-16.649999999999864
-16.65000000000009
-16.649999999999977
-16.649999999999977
-16.65000000000009
-16.649999999999864
-16.65000000000009
-16.649999999999977
-16.649999999999977
-16.65000000000009
-16.649999999999864
-16.65000000000009
-16.649999999999977
-16.649999999999977
-16.649999999999977
-16.649999999999977
-16.650000000000034
-16.650000000000034
-16.649999999999977
-16.649999999999977
-16.649999999999977
-16.65000000000009
-16.649999999999977
-16.649999999999977
-16.649999999999977
-16.649999999999977
-16.65000000000009
-16.649999999999977
-16.649999999999977
-16.649999999999977
-16.649999999999977
-16.649999999999977
-16.65000000000009
-16.649999999999977
-16.649999999999977
-16.649999999999977
-16.649999999999977
-16.65000000000009
-16.649999999999977
-16.649999999999977
-16.649999999999977
-16.649999999999977
-16.649999999999977
-16.65000000000009
-16.649999999999977
-16.649999999999977
-16.65000000000009
286.3324461369413
285.4417973404446
284.53857339620316
283.62237239802363
282.69277216776914
281.74932884460935
280.7915753480748
279.8190197010257
278.8311431968197
277.82739839285546
276.807206910233
275.7699570164437
274.7150009647146
273.64165205979344
272.54918141547023
271.4368143638552
270.3037264702197
269.1490390998573
267.9718144747027
266.7710501470566
265.5456728053383
264.29453131186165
263.0163888546219
261.7099140732535
260.3736709927342
259.00610756586286
257.6055425854805
256.1701506778124
254.69794502655546
253.18675739993915
251.63421495533214
250.03771317186926
248.39438410265996
246.70105893299424
244.9542235638254
243.14996558870843
241.2839105663017
239.35114486518623
237.34612150893585
235.26254428272097
233.09322373731837
230.82989642805592
228.46299542327915
225.98135528504073
223.37182751583796
220.61877147283246
217.7033685776371
214.60267983899126
211.28835347751829
207.72064114648185
203.84676223782864
201.73576424618074
202.09740967018917
203.85764348205566
206.82140730133153
210.90038342808697
216.39157837579012
224.11029487324953
233.87406599388453
238.91036836742987
238.36047418696072
268.4732029138774
268.0258108581269
267.56535668903166
268.16290292273663
268.40057742880634
268.3427923052103
268.20144958058603
267.8462769001022
267.2651050739031
267.2869356159765
267.43968100347604
266.87467609105863
265.96334316731105
265.0320178274234
264.0844624445825
263.1222874044405
262.13855453634136
261.13770646983625
260.1164630399345
259.0739831127832
258.01029457902865
256.92388320289564
255.8145642155611
254.67845961713587
253.51746451282702
252.32763396583397
251.10935971287526
249.85986505395223
248.57771398773562
247.26077219164205
245.90689706723978
244.5137351452257
243.07869300861196
241.59890297362705
240.071182343778
238.4919847264242
236.8573414679163
235.16279068138812
233.40329055051862
231.5731125044946
229.66570834108322
227.67354436900789
225.58750275961796
223.39601600235503
221.08481753840493
218.78140054517306
218.066410191261
218.1728109228542
218.60754978113525
219.17738200114746
219.70939638748035
220.11897909500715
220.43625199598196
220.69374067507002
221.02702499495638
221.37328290575365
221.81246777892605
222.5430983553897
223.79929874257556
225.62303500317114
227.60859890648624
1000.0
983.35
966.7
950.05
933.4
916.75
900.1
883.45
866.8
850.15
833.5
816.85
800.2
783.55
766.9000000000001
750.25
733.6
716.95
700.3
683.6500000000001
667.0
650.35
633.7
617.05
600.4000000000001
583.75
567.1
550.45
533.8000000000001
517.1500000000001
500.50000000000006
483.85
467.20000000000005
450.55000000000007
433.9000000000001
417.25
400.6
383.95000000000005
367.30000000000007
350.6500000000001
334.0
317.35
300.70000000000005
284.05000000000007
267.4000000000001
250.7500000000001
234.10000000000002
217.45000000000005
200.80000000000007
184.1500000000001
167.5000000000001
150.85000000000002
134.20000000000005
117.55000000000007
100.90000000000009
84.25000000000011
67.60000000000014
50.950000000000045
34.30000000000007
17.65000000000009
1.0
1000.0
983.35
966.7
950.05
933.4
916.75
900.1
883.45
866.8
850.15
833.5
816.85
800.2
783.55
766.9000000000001
750.25
733.6
716.95
700.3
683.6500000000001
667.0
650.35
633.7
617.05
600.4000000000001
583.75
567.1
550.45
533.8000000000001
517.1500000000001
500.50000000000006
483.85
467.20000000000005
450.55000000000007
433.9000000000001
417.25
400.6
383.95000000000005
367.30000000000007
350.6500000000001
334.0
317.35
300.70000000000005
284.05000000000007
267.4000000000001
250.7500000000001
234.10000000000002
217.45000000000005
200.80000000000007
184.1500000000001
167.5000000000001
150.85000000000002
134.20000000000005
117.55000000000007
100.90000000000009
84.25000000000011
67.60000000000014
50.950000000000045
34.30000000000007
17.65000000000009
1.0
0.0
142.1600008544192
286.32717111294704
432.5656606234435
580.9428549193935
731.529600395324
884.4004496248178
1039.6339290381352
1197.3128314678936
1357.5245364075327
1520.3613612163072
1685.9209469557525
1854.306683067551
2025.628175715237
2200.0017653291175
2377.551099735705
2558.4077702448317
2742.712019240597
2930.6135292141075
3122.2723048342596
3317.8596616362415
3517.5593372898147
3721.568744283882
3930.100386347681
4143.383465172387
4361.665709191812
4585.215462574946
4814.324080498378
5049.308686623467
5290.515361056733
5538.322842658904
5793.146849376127
6055.445145631387
6325.7235185583495
6604.542867498534
6892.527667223311
7190.376139733669
7498.872569305818
7818.902330934464
8151.470388539254
8497.72427873814
8858.982962839185
9236.773456898009
9632.877920924686
10049.395038961196
10488.821276289942
10954.160341140383
11449.073617247648
11978.086445011078
12547.543216325914
13165.868454208936
13854.453089639035
14639.154508630207
15553.373959086359
16651.53277158051
18019.066445460616
19824.42166451753
22436.756482997076
26922.832295328633
39390.169870486716
51857.507445644886
0.0
133.2917471290029
269.7113272711493
408.3346074013535
549.9152302600877
693.5580243276768
840.2710142235994
988.9842158595006
1140.7285396078646
1295.3496441135153
1453.397981386279
1613.7064386322024
1776.4139310637238
1942.6908280597406
2111.865403305008
2283.6501418810367
2459.283770404709
2637.9731109986224
2820.303797525536
3006.426004281185
3196.3347517273583
3390.300388382708
3588.3559024901615
3791.193664116868
3998.4753251047705
4210.905206298529
4428.4133678358785
4651.4955559827995
4880.408151442023
5115.532211746458
5357.250271981835
5605.982515682458
5862.1919661452175
6126.390613690439
6399.1466903572
6681.0933617414
6972.939183044757
7275.480770305819
7589.618278966701
7916.374476193985
8256.918464450091
8612.595293369934
8985.03284119373
9376.296347295143
9788.932933532484
10227.283510830526
10697.695064210668
11206.342097749488
11760.340065607374
12368.479012346783
13041.63202163425
13794.658576021213
14648.348879865438
15633.251560515046
16797.529222529072
18218.84464899176
20044.419123240874
22592.812507717797
26805.898679016114
38645.28058940008
50484.66249978412
406.73508603485305
404.6695905771926
441.22946082530154
438.2892872970532
435.25925690839233
432.1992008284991
429.1185393473177
426.0259733984214
422.94698655168185
419.8953362959041
416.88557474447344
413.9364970734411
411.05580208378524
408.2311701096924
405.45847624427853
402.73040394753525
400.0430233373073
397.3781886750002
394.75233247155626
392.1678316389674
389.6142684458282
387.09929378220767
384.62273241965545
382.1780132958569
379.775275556267
377.41161678425084
375.0794244235151
372.7877383583363
370.53396151823273
368.3130423664915
366.13394928560194
364.0001954943076
361.9097163967642
359.8715081146871
357.88338581279066
355.94060349900496
354.05808233148844
352.22977121079873
350.45156778647043
348.7396106834118
347.08341488198937
345.48468522335304
343.9637033058401
342.51059036026004
341.1416014162533
339.8869088469256
338.7355484523593
337.7030172284207
336.78296584372674
335.9541373739878
335.2442720682483
334.7964144688673
334.86697240266295
335.3076577923906
335.99578964560123
336.79465646894766
337.68065401400156
338.6298816579437
339.6364414174078
340.44147004111034
341.1875616543597
315.69630109705037
315.78693822827466
352.3864684798049
354.28701011719016
354.29636529146995
355.004488627271
354.4404751520568
354.6810192627749
353.84527177659936
353.9954434095218
353.22338583641834
352.9503244912315
351.38736637186395
349.5399938805718
348.6231506068193
347.1408375705162
345.15676758619827
343.9957352640522
342.2297171550466
340.6864320518778
339.1706071801025
337.5434846349498
336.0357691894524
334.35216154701584
332.9506326635655
331.2991547843173
329.85711943966805
328.3014102375942
326.8389822494366
325.3857766655687
323.9773611695695
322.60466770215413
321.26669938694516
319.96808954176026
318.70698299620943
317.4836258827187
316.32060146719795
315.2083983405696
314.1409272222149
313.1340137565762
312.17286856986027
311.25215977507503
310.3910030109687
309.56760702064315
308.80543691411907
308.218250796881
307.88432120917406
307.8494888558764
307.994432829399
308.2411087629207
308.53894314544186
308.8353639541888
309.106284943943
309.34195825940327
309.54651004101333
309.71117388386864
309.837958137247
309.9424066865308
310.0660032135968
310.31065126298563
311.0928734739564
381.1481297949371
378.6669944475861
375.3453200854469
372.2841444395541
369.0751377168766
365.7896449254746
362.4473480166864
359.0630159176705
355.6657959959253
352.2719140816955
348.897909721858
345.5641290921385
342.2801375507055
339.0354077538663
335.8282333526703
332.6530706681339
329.5071604127586
326.3738084242316
323.2697815125087
320.1980749300272
317.1492320628586
314.1310195382656
311.1436901758493
308.1814259175487
305.2544999325943
302.3603562616895
299.4918348234643
296.6581001748352
293.8567250084771
291.0829255949435
288.3456926508686
285.6486768071026
282.9899629489296
280.378596817317
277.8125430311984
275.287178693281
272.8174270273823
270.3974057632086
268.023145800913
265.7107747261537
263.4499175611223
261.2423521351472
259.1083927287727
257.0382977033851
255.048368210685
253.1687999003315
251.388903769627
249.7242660417068
248.1687581039233
246.7014405095892
245.3502183155919
244.2584268692489
243.6830107941364
243.4766642267558
243.518411373981
243.6932188897228
243.9878668537086
244.4462526924271
245.2106354720896
246.184843765439
246.426701252015
294.5886070156046
294.4796132101787
291.9974926962927
293.7932581827758
293.6712610074591
294.2235789405794
293.4820689915587
293.5253390664524
292.4745018910599
292.3935647369949
291.3760220687712
290.8444064670562
289.0108836213908
286.881765824951
285.672758978628
283.8885518389166
281.5934054061523
280.1127287722361
278.0186691299114
276.1392971730857
274.279781238599
272.301411772558
270.4350352178706
268.3854686428642
266.6107169145842
264.5787772287008
262.74918427096
260.7987809638925
258.9345391427382
257.072424261623
255.2479108350057
253.4519433557143
251.6835392743392
249.9472297719167
248.2411896456878
246.5656556386729
244.9430502462696
243.3639331638576
241.8222310911771
240.3335907954229
238.8835703557678
237.4669707431183
236.1026930217466
234.7695552067826
233.4911992888453
232.3811123829681
231.5180762347738
230.9480798143224
230.5519298276877
230.2519019902654
229.9979284303261
229.7387920547119
229.4544790408465
229.1390747334096
228.8028296502038
228.450270550818
228.090221455853
227.7643380988028
227.5248723025355
227.4656179432093
227.6380456989752
25.58695623991591
26.0025961296065
65.88414073985467
66.00514285749907
66.18411919151569
66.40955590302454
66.6711913306313
66.96295748075092
67.28119055575657
67.62342221420856
67.98766502261545
68.3723679813026
68.77566453307973
69.19576235582609
69.63024289160826
70.0773332794013
70.53586292454874
71.00438025076865
71.48255095904756
71.9697567089402
72.46503638296963
72.96827424394206
73.47904224380615
73.99658737830815
74.52077562367269
75.05126052256134
75.58758960005083
76.12963818350109
76.67723650975564
77.23011677154801
77.78825663473336
78.35151868720497
78.91975344783464
79.49291129737017
80.07084278159228
80.65342480572394
81.24065530410616
81.83236544759009
82.42842198555739
83.02883595725808
83.63349732086706
84.24233308820585
84.85531057706744
85.47229265687488
86.0932332055683
86.71810894659411
87.34664468273229
87.97875118671392
88.61420773980343
89.2526968643986
89.8940537526564
90.5379875996184
91.18396160852653
91.83099356563486
92.47737827162022
93.10143757922489
93.692787160293
94.18362896551663
94.42580594531822
94.25662627567132
94.7608604023447
21.10769408144572
21.30732501809596
60.38897578351221
60.49375193441439
60.62510428401082
60.7809096866916
60.95840616049809
61.15568019632251
61.37076988553948
61.60187867252687
61.84736376764714
62.1059180241753
62.37648275047315
62.6582280556208
62.95039162819131
63.25228573159962
63.56336218004592
63.88300649181611
64.21104802513518
64.54713487879204
64.89082594150345
65.24207286239175
65.60073397158182
65.9666929041516
66.3399157489813
66.7203775556165
67.10793516870811
67.5026292737017
67.90444310669841
68.31335240394571
68.7294503345638
69.15272434643983
69.58316011260594
70.02085976984358
70.46579335052162
70.91797024404582
71.37755122092837
71.844465176712
72.31869613103778
72.80042296115329
73.28929821409247
73.78518903195672
74.28830998922207
74.79805181386057
75.31423762527375
75.83713841391292
76.36624497440029
76.90140904155405
77.44250300171127
77.98920677265528
78.54101471511572
79.09657189947691
79.65180590309653
80.20288352599368
80.74368039080953
81.26090333305063
81.747736681394
82.17806858772796
82.54113091106132
82.8450333197763
83.45482777498123
554.2402342727958
549.3132446306058
579.7529658685575
574.4053218614708
569.0144078213375
563.6978559913291
558.4552866280835
553.2941947332638
548.2414295852358
543.3165067764378
538.5361362042013
533.9254884281073
529.482999352696
525.2172787240938
521.0755868206747
517.0195888205308
513.0261878299873
509.0265586277876
505.03462499399905
501.0520321403018
497.0454784148489
493.03297657563667
489.0246472943943
485.0071710139881
481.0116451710828
477.05423998338415
473.11996565543166
469.23957662249177
465.4177464092421
461.6343757184093
457.90908046921027
454.24080308222307
450.62188754643455
447.0700734510367
443.5741422674182
440.110714886724
436.70888174913944
433.35286944577183
430.0094737339729
426.70525106954074
423.4044287759711
420.0848758773254
416.8017433670017
413.5264117486129
410.260128739096
407.1078367660268
404.0926720634015
401.37008549125846
399.0630583280482
397.22076429670557
395.96569710217375
395.57486827036155
395.77231354414477
396.321893486698
397.10847718803853
398.0007675995745
398.9788995077151
400.018419662504
401.11102376327324
401.99519085175444
402.8602650920698
335.4066096773184
332.0833365218237
363.7329394180274
363.5514409775118
362.8377338790997
360.7993166005041
359.4503925365964
356.6571539057611
355.0625252792977
353.1420681686868
350.52433778310706
346.5046437557619
342.7675284570816
339.9034722309415
336.1725787464861
332.28462417038804
329.2531082329084
325.4589992468442
322.0572687986469
318.6214362899509
315.06675701507857
311.5905038944823
308.1519967199771
304.87444639075636
301.3007088349374
297.9810958025558
294.5014952255666
291.1344889122746
287.7441272811601
284.36187256627403
280.9866057033041
277.6163247815952
274.24316730431354
270.8842036155938
267.5311830410478
264.17361607060275
260.86164163111096
257.5999409632765
254.38183617059116
251.31296420452236
248.37257138448294
245.5560077919505
243.00217187923474
240.68421213295505
238.63463838372104
237.16096704592832
236.21258060980932
235.6100642962183
235.23121530580812
234.99398288753983
234.84659749202973
234.7365701934747
234.6396792380263
234.54686877556577
234.46255462200457
234.37876896730162
234.29834023202943
234.23774292803515
234.24001705559536
234.41028627579652
235.190132511522
325.7852684571601
319.1758200585193
306.625731627943
299.1363603785853
291.5296324539062
283.9487625585821
276.3913415713031
268.8662197405151
261.4085518079894
254.0510136332712
246.8253684610031
239.7781659242826
232.9235661017479
226.2834140366349
219.7980588571858
213.4245483664892
207.137722894467
200.849972450982
194.5848598607645
188.3438816302016
182.0772225937626
175.8131236722879
169.5607463746305
163.2885355554716
157.0379539574817
150.8235242579129
144.6159210903248
138.4551250580836
132.3452174311786
126.2549024090954
120.2184232404348
114.236896427672
108.3015871968017
102.4471349188928
96.66002168373662
90.912600162924
85.25790204099383
79.67204146072109
74.1132580810181
68.63878000609432
63.20217125506126
57.77539636648016
52.43871643539244
47.14272131797275
41.89238273671518
36.85498124451045
32.06324157958011
27.71719133700205
23.94199428517048
20.75412624411809
18.27849578485206
16.7653264348771
15.91436151072973
15.46929081520947
15.2739427105943
15.09735636964213
14.85843435730877
14.25064075247222
12.50638481527374
7.185036882170447
0.0
220.0640193774062
216.1522098398992
206.6678987694067
205.392508746998
203.5560354618082
200.3774898882182
197.8762796996704
193.9258915389177
191.1727886514391
188.0951411852987
184.3206814311235
179.1448841309735
174.2513879961812
170.2301148063163
165.3404575293487
160.289619518433
156.0889433151844
151.1145472526214
146.5231173411554
141.8863451883116
137.1139916744792
132.4058552482773
127.7220332762339
123.1830868880032
118.3357059698014
113.7310031167802
108.9523603257131
104.275997412738
99.56765512608531
94.85830956790981
90.15486799713321
85.45655989710671
80.75481497728963
76.07741715449208
71.41657263440456
66.76204411553212
62.18148296181726
57.67789396616025
53.24166670873135
48.99954887651454
44.91674354177684
40.9827422240612
37.36522731672225
34.02016709079715
30.97743836643975
28.56678597719609
26.71719967750904
25.2434411125109
24.00816699551264
22.91236224504942
21.89288820611593
20.87833044268522
19.8165410191556
18.67351464386938
17.41665145685968
15.96259364829112
14.24849728434755
12.10662669835034
9.365260221524663
5.580253818226836
0.0
228.4549658156356
230.1374245720865
273.1272342406144
275.2689614828856
277.4847753674314
279.749093432747
282.0639450567805
284.4279749927487
286.8328777772464
289.2654931431666
291.7107677431981
294.1473225038247
296.559433250948
298.933864687459
301.277527963489
303.5950404540416
305.8884649355203
308.1765861768056
310.4497651332345
312.7081505101002
314.9682558210863
317.2198529033488
319.4639009197638
321.7186354585165
323.9736912136011
326.2307157254712
328.5040445651068
330.7844515644082
333.0725289780635
335.3794733093139
337.6906572287755
340.0039066545511
342.3203003496328
344.6229385321439
346.9141205836816
349.1981147238
351.4509797081456
353.6808279850507
355.8962156529548
358.0664710634464
360.2022575209098
362.3094795108452
364.3630269316092
366.3836904306401
368.3677460023808
370.2528555215164
372.0294304838214
373.6528941542564
375.1210640428777
376.4666380525875
377.6872013173217
378.8095418354844
379.857952033415
380.8526026714885
381.8345344774442
382.9034112299324
384.1204651504063
385.7677789100318
388.6046389479995
394.810153969584
402.8602650920698
115.3425902999122
115.9311266819245
157.0650406486207
158.1589322305138
159.2816984172915
160.4218267122859
161.574112836926
162.7312623668434
163.8897366278586
165.0469269833881
166.2036563519836
167.3597596247884
168.5161404609004
169.6733574246252
170.8321212171374
171.995004651955
173.164164917724
174.3444519942228
175.5341514574915
176.7350911016393
177.9527653405994
179.184648646205
180.4299634437432
181.6913595027532
182.965002865136
184.2500926857756
185.5491348998535
186.8584914995366
188.1764721550748
189.5035629983642
190.8317377061709
192.1597648844885
193.4883523270239
194.8067864611017
196.1146104066433
197.4115719550706
198.6801586692937
199.9220469971162
201.1401694618598
202.3134153280078
203.4558278427061
204.5732655678893
205.6369445625125
206.6640450421579
207.6572000172813
208.5941810687322
209.4953809323003
210.3666231837074
211.2230483102955
212.0816206424904
212.9537092859138
213.8582397507895
214.8231382188707
215.8733541316964
217.0459031651449
218.4161753190105
220.0498429476819
222.1311162296848
224.8747568340707
228.8300324575697
235.190132511522
147.50514823794268
144.64365405341312
138.5235050432558
136.11603456441782
133.7551509129453
131.49865516283006
129.33674728076602
127.26822133484227
125.2944430335539
123.42117048053368
121.65056145972768
119.98899135466621
118.42719726891072
116.98610861440139
115.6171105763962
114.28918487299559
112.98316449268009
111.6483699527873
110.28229252244259
108.88420050133428
107.4312099690207
105.933682793429
104.40191487473899
102.8291577181312
101.23636961481571
99.64262319913331
98.0405412319164
96.4518382641555
94.88378489100941
93.32133335191793
91.77513118360841
90.2406075879156
88.71217114967021
87.19856533634962
85.6907564546276
84.17011138771906
82.650799417651
81.1230982349731
79.55790594750252
77.96564038612902
76.32101389398159
74.60019065397222
72.8380400611614
71.0158213883528
69.11852732284268
67.22092791910117
65.3571236110422
63.66706826283777
62.2800924843215
61.26662692271782
60.72142503392547
60.778453801494095
60.90534114148173
61.0142356943073
61.11268754243733
61.20611113062682
61.29824549371338
61.38853800456033
61.474582345865514
61.553720810643995
61.672703437710084
19.71030858026802
16.29639829354909
11.346470938222552
9.264430860321681
8.541368587629734
5.794827973233012
5.009917384539591
1.9761346429861817
1.217253502698398
-0.8533752408350068
-2.699048053311202
-6.445680735469395
-8.619837914782295
-9.636521649630296
-12.450571860333298
-14.856213400128198
-15.903659353289811
-18.536736017207986
-20.1724483563996
-22.064995761926696
-24.103850165023886
-25.952980740467495
-27.88377246947529
-29.477715156259393
-31.64992382862819
-33.31805898176148
-35.355624214101596
-37.166921325319606
-39.094854968276394
-41.023904099294796
-42.9907554662654
-44.98834292055889
-47.023532082631604
-49.0838859261664
-51.17579995516151
-53.31000981211599
-55.458959836087004
-57.60845737729309
-59.7590910516237
-61.82104955205392
-63.80029718537722
-65.69615198312451
-67.3888311317339
-68.8833948876881
-70.17079853039809
-71.05728375095279
-71.6717405993648
-72.2394245596582
-72.76321752359078
-73.24712587538079
-73.69234565341199
-74.09879376071399
-74.46660570591658
-74.7950894838375
-75.0839554190089
-75.33240491656701
-75.53961790521751
-75.7046637584956
-75.8259861580014
-75.900364987189
-75.9027409624344
55.36286133777702
59.49117438906688
68.7195884575039
73.14778406096877
77.54550526297038
81.84088236689244
86.05600644538328
90.19679617715543
94.2572441879359
98.22090044842432
102.072541260855
105.7859631678559
109.3565714489575
112.7519937172315
116.0301744954845
119.2285223016447
122.3694375182915
125.5238359732497
128.6849216517443
131.8541932998257
135.072009469096
138.3178958659777
141.5829438012187
144.8928903620771
148.2165459751127
151.5368320037766
154.8759137331395
158.2029751167516
161.5115075772985
164.828023185848
168.1272694104338
171.4117803794306
174.6883757521279
177.9314618984242
181.1525213474617
184.374578530357
187.5595249863885
190.7253643024875
193.9098877198949
197.0719947200594
200.2477463060611
203.4669557686671
206.6696762933803
209.8955763854124
213.1559854739698
216.3138186558211
219.3256621900469
222.0070747047047
224.2267638187528
225.9473142654711
227.0717225307398
227.4931004343718
227.7686492834067
228.0073734115463
228.2444686633867
228.5958625200807
229.1294324963998
230.1956119399549
232.7042506568159
238.9998068832686
246.426701252015
74.52458763819843
78.32740337027946
85.32959392688596
88.40074943577775
90.1152255456509
93.8460890523613
95.60578929188831
99.59944752753472
101.3017132396207
104.2984235516962
107.0553406376477
111.6995223360826
114.7594956252096
116.6516510186347
120.3323014492794
123.5989323204836
125.5044620909679
128.9981815196147
131.4955517887559
134.252951984774
137.1657895641198
139.8955565242807
142.7130019416367
145.202381754861
148.2750109447828
150.8477741119206
153.7968239452469
156.5227835511545
159.3668840166528
162.2141146937133
165.0930428378725
167.9953834586076
170.9287242970496
173.8698126174246
176.8246170112832
179.8036115231407
182.7615672844523
185.6860391976974
188.5805643824457
191.3340419189084
193.9668268139909
196.4842285190571
198.7374657050244
200.7493881159854
202.5137609224056
203.814326405772
204.8008765572648
205.7046387018115
206.543762832175
207.3395397452159
208.1050402242101
208.8604616120266
209.6379380216908
210.4655600895402
211.3861781933442
212.4876769025269
213.8417241715054
215.6577114004524
218.1596120810108
221.8853641249824
227.6380456989752
202.8680095757197
204.13482844248
207.2430935007597
209.2638186253866
211.3006561759157
213.3395375297225
215.3927537261493
217.4650175119977
219.5516872214898
221.642070928958
223.7231027205827
225.7749545225221
227.7837687178682
229.7381023316329
231.6472850718807
233.5177071746403
235.3526020109716
237.172205926037
238.9672141741869
240.73839380116
242.5032194381167
244.2515786594067
245.9848586759577
247.7220480802083
249.4529155899284
251.1794552029099
252.9164549650559
254.6548133809071
256.3952924683079
258.1493565377659
259.9024005940422
261.6523879673462
263.4005469017981
265.1300272347738
266.8432778020893
268.5446899180761
270.2103244040395
271.8484625374606
273.4677936673974
275.0376351061884
276.5687602000427
278.0671464226393
279.5077163545417
280.9113977737652
282.2745127968125
283.5347465749223
284.6827858010891
285.6741429675425
286.5068563030743
287.2139411881889
287.7931475646653
288.2715542358659
288.6739904248884
289.0216091058536
289.357156205824
289.8019736507075
290.4276779901132
291.5841499445152
294.1788330026814
300.5535276939126
308.0994046897251
94.23489621846645
94.62380166382854
96.67606486510851
97.66518029609944
98.65659413328063
99.6409170255943
100.6157066764279
101.5755821705209
102.5189667423191
103.4450483108612
104.3562925843365
105.2538416006132
106.1396577104273
107.0151293690044
107.8817295889461
108.7427189203554
109.6008027376781
110.4614455024067
111.3231034323563
112.1879562228473
113.0619393990959
113.9425757838132
114.8292294721614
115.7246665986016
116.6250871161546
117.5297151301591
118.4411997311453
119.3558622258349
120.2720290483764
121.1902105944185
122.1022873716071
123.0070405380487
123.905192214418
124.7859266912582
125.6488170561217
126.4936017110247
127.3026074483653
128.0775818204043
128.821473330822
129.5129923668545
130.1665296286137
130.7880765359326
131.3486345732905
131.8659932282973
132.3429623920075
132.7570426548192
133.1291359579
133.4652141421533
133.7805453085842
134.0924138698351
134.4126945707981
134.7616678513126
135.1713323157742
135.6704706057027
136.3022227743353
137.1552719859599
138.3021062662879
139.9530476419568
142.3336259230094
145.9849991377934
151.7353047365408
-1.8940184465386363
-3.6343220103696314
-1.7417014008947658
-1.725100087138519
-1.6768532545712107
-1.6410342150729857
-1.6109405275099458
-1.5786030809497822
-1.5383447194504711
-1.4891252664391388
-1.4260539921919055
-1.3596607067741977
-1.2761659222098665
-1.2212754831242227
-1.1836811596874726
-1.156062193956428
-1.1615949202972429
-1.1644676956746411
-1.166994854037623
-1.1869566054675373
-1.1978029688781104
-1.2044590769062733
-1.2227499049511488
-1.2271681777763632
-1.2233287827733172
-1.2293741879524593
-1.2216747340478071
-1.211526707620958
-1.2145492855181828
-1.2088959524780178
-1.2051440183998148
-1.2044804735468873
-1.1963348248414976
-1.1942218642471267
-1.2039041824103052
-1.2032409357638034
-1.210811389536921
-1.236029983445535
-1.251220414914006
-1.277383049911796
-1.315610400792893
-1.3381705544582998
-1.3718075536800947
-1.4097591074021893
-1.389676208780751
-1.3370085094615363
-1.187887900272756
-0.9645243851968612
-0.7134480629914499
-0.4072172885444918
-0.036564679121089405
0.06806438420958089
0.1320674688696094
0.20010827496013955
0.2543770346762695
0.31100419986058225
0.2967268241588904
-0.0641111664261711
-1.338212517488678
-0.8474253535957268
0.0
-1.7291425650071823
-2.506661220746939
-1.0543126924098538
-0.3659417352204606
-1.39090719147306
-0.3972753694808984
-1.5364132312982948
-0.3841005079204107
-1.0485524654762601
-0.9346090575948978
-1.8975166803631003
-1.1010060590269568
-0.5147081880258727
-1.4251405683698377
-1.2182689423769664
-0.5302958590376857
-1.3334729707679018
-0.828272413117063
-0.9583674253950569
-1.0324741845854017
-0.9363702562779386
-0.9777326021955604
-0.8071038830410147
-1.1000144337788442
-0.8446820674682194
-1.0318092653265891
-0.917195466046368
-0.9762755086827479
-0.9768399029746869
-0.9959900084217859
-1.0115612472175817
-1.0306099358030303
-1.0433622661415736
-1.0593542805707568
-1.0807843599424931
-1.0882621366070513
-1.088550280243461
-1.089135642292621
-1.044235167811761
-1.0023512554100762
-0.9601199993012691
-0.8572237286728688
-0.7568850074280716
-0.6519639236508663
-0.4489045619607955
-0.3111259226261782
-0.2874452405937718
-0.26521948999921013
-0.2450176256759416
-0.22541782612696973
-0.2057694948738866
-0.1861796422077072
-0.1662301244184331
-0.1461201764394332
-0.1255775501900595
-0.10459650994732961
-0.08307728573708317
-0.06069811320077512
-0.036515990526071906
0.000622523041771128
0.0
-2.091136281010411
-4.674517468743328
-2.243037378893276
-2.227601018871611
-2.175760120668767
-2.135109130529411
-2.097456160074553
-2.056760242503074
-2.007731804440481
-1.950992026095894
-1.880979271667001
-1.808639129136513
-1.719901229951492
-1.660514276884592
-1.62007605858814
-1.590984424753302
-1.597814160887113
-1.601201475652892
-1.605347958195687
-1.629937471694575
-1.6441560327981
-1.653862028338051
-1.676604767037715
-1.683548885865374
-1.681842072442074
-1.691362758293788
-1.685274028878707
-1.675888475315276
-1.679932221566461
-1.671184669016883
-1.663720741938375
-1.659711213009243
-1.64273760703382
-1.631580307377446
-1.632085694794216
-1.613287801709212
-1.603609360892698
-1.613073517713799
-1.601718811129134
-1.608630275480073
-1.630643223949332
-1.622290994882765
-1.634032263918422
-1.651512288751533
-1.599553971296932
-1.525605061655475
-1.35823008674316
-1.124350886495778
-0.8715195329765923
-0.5695524755412547
-0.2134427819192751
-0.13957521831526
-0.1209221973487216
-0.1200971140073002
-0.1779933918595255
-0.2702720268731096
-0.5400575219916945
-1.270714059617239
-3.188921448232428
-3.761984151096559
0.0
-1.926260399478957
-3.546856679120636
-1.555648670408364
-0.8684426669535527
-1.889814057570616
-0.8913502849373238
-2.022928863862902
-0.8622576694737026
-1.51793955046627
-1.396475817251653
-2.352441959838196
-1.549984481389272
-0.9584434957674983
-1.864379362130207
-1.654663841277634
-0.9652180898345598
-1.769692211357772
-1.265006193095314
-1.396720529553121
-1.475455050812439
-1.382723320197928
-1.427135553627338
-1.260958745127581
-1.556395141867855
-1.303195357136976
-1.493797835667918
-1.380794760877268
-1.440637276377066
-1.442222839022965
-1.458278724960651
-1.470137970756142
-1.485840675265386
-1.489765048333896
-1.496712723701076
-1.508965872326404
-1.49830900255246
-1.481348251599238
-1.466179176560885
-1.394733564026889
-1.333598480978353
-1.275152822457708
-1.141344169097334
-1.019109717666399
-0.8937171050002101
-0.6587823244769765
-0.499722474820117
-0.4577874270641758
-0.4250459912981269
-0.4030890956610841
-0.3877530131237326
-0.3826475976720723
-0.3938192447325481
-0.4192197906367641
-0.466325565406873
-0.5579479767258545
-0.6858727366810214
-0.9198616318876681
-1.267301006391843
-1.887224921269822
-2.913936274459061
0.0
0.1971178344717748
1.040195458373697
0.5013359779985103
0.5025009317330921
0.4989068660975561
0.4940749154564254
0.4865156325646071
0.4781571615532919
0.4693870849900099
0.4618667596567551
0.4549252794750955
0.4489784223623153
0.4437353077416256
0.4392387937603693
0.4363948989006675
0.4349222307968741
0.4362192405898702
0.436733779978251
0.4383531041580641
0.4429808662270375
0.4463530639199896
0.4494029514317777
0.4538548620865663
0.4563807080890107
0.4585132896687567
0.4619885703413288
0.4635992948308999
0.4643617676943182
0.4653829360482781
0.4622887165388651
0.4585767235385602
0.4552307394623557
0.4464027821923225
0.4373584431303192
0.4281815123839107
0.4100468659454085
0.392797971355777
0.377043534268264
0.350498396215128
0.3312472255682769
0.3150328231564389
0.2841204404244652
0.2622247102383274
0.2417531813493437
0.209877762516181
0.1885965521939388
0.170342186470404
0.1598265012989168
0.1580714699851425
0.1623351869967629
0.1768781027981857
0.2076396025248409
0.252989666218331
0.3202053889674398
0.432370426535795
0.5812762267336918
0.836784346150585
1.206602893191068
1.85070893074375
2.914558797500832
0.0
0.1971178344717748
1.040195458373697
0.5013359779985103
0.5025009317330921
0.4989068660975561
0.4940749154564254
0.4865156325646071
0.4781571615532919
0.4693870849900099
0.4618667596567551
0.4549252794750955
0.4489784223623153
0.4437353077416256
0.4392387937603693
0.4363948989006675
0.4349222307968741
0.4362192405898702
0.436733779978251
0.4383531041580641
0.4429808662270375
0.4463530639199896
0.4494029514317777
0.4538548620865663
0.4563807080890107
0.4585132896687567
0.4619885703413288
0.4635992948308999
0.4643617676943182
0.4653829360482781
0.4622887165388651
0.4585767235385602
0.4552307394623557
0.4464027821923225
0.4373584431303192
0.4281815123839107
0.4100468659454085
0.392797971355777
0.377043534268264
0.350498396215128
0.3312472255682769
0.3150328231564389
0.2841204404244652
0.2622247102383274
0.2417531813493437
0.209877762516181
0.1885965521939388
0.170342186470404
0.1598265012989168
0.1580714699851425
0.1623351869967629
0.1768781027981857
0.2076396025248409
0.252989666218331
0.3202053889674398
0.432370426535795
0.5812762267336918
0.836784346150585
1.206602893191068
1.85070893074375
2.914558797500832
0.0
1.0
1.0
1.0
1.0
1.0
1.0
1.0
1.0
1.0
1.0
1.0
1.0
1.0
1.0
1.0
1.0
1.0
1.0
1.0
1.0
1.0
1.0
1.0
1.0
1.0
1.0
1.0
1.0
1.0
1.0
1.0
1.0
1.0
1.0
1.0
1.0
1.0
1.0
1.0
1.0
1.0
1.0
1.0
1.0
1.0
1.0
1.0
1.0
1.0
1.0
1.0
0.0
0.0
0.0
0.0
0.0
0.0
0.0
0.0
0.0
0.0
1.0
1.0
0.0
0.0
0.0
1.0
0.0
1.0
0.0
0.0
0.0
1.0
1.0
1.0
1.0
1.0
1.0
1.0
1.0
1.0
1.0
1.0
1.0
1.0
1.0
1.0
1.0
1.0
1.0
1.0
1.0
1.0
1.0
1.0
1.0
1.0
1.0
1.0
1.0
1.0
1.0
1.0
1.0
1.0
1.0
0.0
0.0
0.0
0.0
0.0
0.0
0.0
0.0
0.0
0.0
0.0
0.0
0.0
0.0
0.0
0.0
1.0
1.0
1.0
1.0
1.0
1.0
1.0
1.0
1.0
1.0
1.0
1.0
1.0
1.0
1.0
1.0
0.8168299815399483
0.8168299815399483
0.8168299815399483
0.8168299815399483
0.8168299815399483
0.8168299815399483
0.8168299815399483
0.8168299815399483
0.8168299815399483
0.8168299815399483
0.8168299815399483
0.8168299815399483
0.8168299815399483
0.8168299815399483
0.8168299815399483
0.8168299815399483
0.8168299815399483
0.8168299815399483
0.8168299815399483
0.8168299815399483
0.8168299815399483
0.8168299815399483
0.8168299815399483
0.8168299815399483
0.8168299815399483
0.8168299815399483
0.8168299815399483
0.8168299815399483
0.8168299815399483
1.0
1.0
1.0
1.0
1.0
1.0
1.0
1.0
1.0
1.0
1.0
1.0
1.0
1.0
1.0
1.0
1.0
1.0
1.0
1.0
1.0
1.0
1.0
1.0
1.0
1.0
1.0
1.0
1.0
0.01965249946782558
0.01938412576159061
0.0189697045910325
0.018408749725848533
0.01757210063071133
0.016732260030317223
0.015884736057590065
0.014986365096069742
0.014029217195951323
0.01302560150364457
0.011960662957121568
0.01090004227165516
0.009873587320027747
0.008985120113963033
0.008201446172091908
0.007503107258559906
0.006944197122158559
0.006385286985757207
0.005854271237898672
0.005394178456654307
0.004934085675409941
0.004503299577118366
0.004132195781496597
0.003761091985874827
0.003418594128716335
0.00312349387704354
0.0028283936253707476
0.0025588480152695953
0.0023241002149681275
0.0020893524146666604
0.0018727733786416015
0.0016766438666638219
0.0014805143546860414
0.0013063499910126685
0.001152663773340696
0.0009989775556687244
0.0008676998265590641
0.0007537052402235276
0.0006397106538879913
0.0005451891898431098
0.0004630336365163517
0.0003808780831895937
0.00031243689677951943
0.0002511030038627418
0.0001897691109459646
0.00013968032529398743
9.739368474367578e-05
6.557331497185588e-05
4.360323850268948e-05
2.7216915033385348e-05
1.698224966774624e-05
1.0712520223411863e-05
6.447636023815174e-06
4.301521402322292e-06
3.6997137004269377e-06
3.4024622168865515e-06
3.4164960962398844e-06
3.4264173598249803e-06
3.8071024863587852e-06
5.595529976693933e-06
0.0004
0.0004
0.0004
0.0004
0.0004
0.0004
0.0004
0.0004
0.0004
0.0004
0.0004
0.0004
0.0004
0.0004
0.0004
0.0004
0.0004
0.0004
0.0004
0.0004
0.0004
0.0004
0.0004
0.0004
0.0004
0.0004
0.0004
0.0004
0.0004
0.0004
0.0004
0.0004
0.0004
0.0004
0.0004
0.0004
0.0004
0.0004
0.0004
0.0004
0.0004
0.0004
0.0004
0.0004
0.0004
0.0004
0.0004
0.0004
0.0004
0.0004
0.0004
0.0004
0.0004
0.0004
0.0004
0.0004
0.0004
0.0004
0.0004
0.0004
1.077709902103444e-08
1.803560534109325e-08
2.3706736270116025e-08
2.7854424666635138e-08
3.0407645386303146e-08
3.2501483286972955e-08
3.4201792530497156e-08
3.544206677539131e-08
3.655344417932217e-08
3.752195405376722e-08
3.810671096020631e-08
3.855138696449809e-08
3.8906615726384716e-08
3.918085709782455e-08
3.9363415175102446e-08
3.94812311060027e-08
3.950930268941581e-08
3.953737427282895e-08
3.956171114202737e-08
3.9576552301679917e-08
3.959139346133247e-08
3.964415338845309e-08
3.977413390585825e-08
3.99041144232634e-08
4.006112122631487e-08
4.0262908284572867e-08
4.0464695342830865e-08
4.0674065423368417e-08
4.0893761321478116e-08
4.1113457219587815e-08
4.140408471756015e-08
4.1774547994952335e-08
4.214501127234452e-08
4.260014801413837e-08
4.313422597419448e-08
4.3668303934250605e-08
4.423935627067932e-08
4.483892607824647e-08
4.543849588581362e-08
4.6095530145319335e-08
4.6789055742553654e-08
4.7482581339787966e-08
4.837231723902231e-08
4.936373659263659e-08
5.0355155946250876e-08
5.1752249158890387e-08
5.34822012431228e-08
5.576253265305787e-08
5.875120043930063e-08
6.2338744539503e-08
6.688562046005487e-08
7.358801963515753e-08
8.564265808781442e-08
1.077696630959349e-07
3.030102159861466e-07
5.734598268917054e-07
1.3847733147971254e-06
3.4897444420893106e-06
7.497528831213351e-06
2.7509074805837885e-06
0.0
0.0
0.0
0.0
0.0
0.0
0.0
0.0
0.0
0.0
0.0
0.0
0.0
0.0
0.0
0.0
0.0
0.0
0.0
0.0
0.0
0.0
0.0
0.0
0.0
0.0
0.0
0.0
0.0
0.0
0.0
0.0
0.0
0.0
0.0
0.0
0.0
0.0
0.0
0.0
0.0
0.0
0.0
0.0
0.0
0.0
0.0
0.0
0.0
0.0
0.0
0.0
0.0
0.0
0.0
0.0
0.0
0.0
0.0
0.0
0.0
0.0
0.0
0.0
0.0
0.0
0.0
0.0
0.0
0.0
0.0
0.0
0.0
0.0
0.0
0.0
0.0
0.0
0.0
0.0
0.0
0.0
0.0
0.0
0.0
0.0
0.0
0.0
0.0
0.0
0.0
0.0
0.0
0.0
0.0
0.0
0.0
0.0
0.0
0.0
0.0
0.0
0.0
0.0
0.0
0.0
0.0
0.0
0.0
0.0
0.0
0.0
0.0
0.0
0.0
0.0
0.0
0.0
0.0
0.0
0.0
0.0
0.0
0.0
0.0
0.0
0.0
0.0
0.0
0.0
0.0
0.0
0.0
0.0
0.0
0.0
0.0
0.0
0.0
0.0
0.0
0.0
0.0
0.0
0.0
0.0
0.0
0.0
0.0
0.0
0.0
0.0
0.0
0.0
0.0
0.0
0.0
0.0
0.0
0.0
0.0
0.0
0.0
0.0
0.0
0.0
0.0
0.0
0.0
0.0
0.0
0.0
0.0
0.0
0.0
0.0
0.0
0.0
0.0
0.0
0.0
0.0
0.0
0.0
0.0
0.0
0.0
0.0
0.0
0.0
0.0
0.0
0.0
0.0
0.0
0.0
0.0
0.0
0.0
0.0
0.0
0.0
0.0
0.0
0.0
0.0
0.0
0.0
0.0
0.0
0.0
0.0
0.0
0.0
0.0
0.0
0.0
0.0
0.0
0.0
0.0
0.0
0.0
0.0
0.0
0.0
0.0
0.0
0.0
0.0
0.0
0.0
0.0
0.0
0.0
0.0
0.0
0.0
0.0
0.0
0.0
0.0
0.0
0.0
0.0
0.0
0.0
0.0
0.0
0.0
0.0
0.0
0.0
0.0
0.0
0.0
0.0
0.0
0.0
0.0
0.0
0.0
0.0
0.0
0.0
0.0
0.0
0.0
0.0
0.0
0.0
0.0
0.0
0.0
0.0
0.0
0.0
0.0
0.0
0.0
0.0
0.0
0.0
0.0
0.0
0.0
0.0
0.0
0.0
0.0
0.0
0.0
0.0
0.0
0.0
0.0
0.0
0.0
0.0
0.0
0.004510978172386916
0.00445282891692664
0.004366139529068278
0.004250480783544401
0.004074177262471471
0.003871079554821039
0.003646984632100319
0.0034148885069491012
0.0031906824477651043
0.0029737717197869913
0.002771528506143939
0.00257983571397119
0.0023966768140616054
0.002227369681824781
0.0020708837337343406
0.001925261385078545
0.0017980732458203583
0.0016708851065621699
0.001549155008472546
0.001441302270375331
0.0013334495322781166
0.0012300433750214307
0.0011356925647652116
0.0010413417545089925
0.000951783041828054
0.0008701644269912644
0.000788545812154475
0.0007114180908631073
0.0006404056288676339
0.0005693931668721606
0.0005039483810676328
0.000444770192507808
0.00038559200394798303
0.00033310120737473927
0.00028684507799208006
0.0002405889486094211
0.00020103531966495462
0.0001666511724414346
0.0001322670252179146
0.0001061832994377509
8.537054504878534e-05
6.455779065981979e-05
4.981871372566551e-05
3.822724167310796e-05
2.6635769620550498e-05
1.8792056693186294e-05
1.307852336138207e-05
9.27245252571246e-06
6.763680076958113e-06
4.995813734551282e-06
4.0525833540383345e-06
3.6189209454782063e-06
3.3930633310738564e-06
3.335166313044132e-06
3.3379320693615992e-06
3.366287916590204e-06
3.5747518598091884e-06
3.95847311866423e-06
4.520120720444357e-06
5.853278230154715e-06
0.0004
0.0004
0.0004
0.0004
0.0004
0.0004
0.0004
0.0004
0.0004
0.0004
0.0004
0.0004
0.0004
0.0004
0.0004
0.0004
0.0004
0.0004
0.0004
0.0004
0.0004
0.0004
0.0004
0.0004
0.0004
0.0004
0.0004
0.0004
0.0004
0.0004
0.0004
0.0004
0.0004
0.0004
0.0004
0.0004
0.0004
0.0004
0.0004
0.0004
0.0004
0.0004
0.0004
0.0004
0.0004
0.0004
0.0004
0.0004
0.0004
0.0004
0.0004
0.0004
0.0004
0.0004
0.0004
0.0004
0.0004
0.0004
0.0004
0.0004
1.2959233613293881e-08
1.3718166282465942e-08
1.4681224319019344e-08
1.5816589377320584e-08
1.667902650024816e-08
1.743929779706772e-08
1.8118545274379428e-08
1.8758024813359357e-08
1.9396942501199397e-08
2.003351596525268e-08
2.065794131878059e-08
2.126516412203864e-08
2.185933455178149e-08
2.243463898180174e-08
2.2990985603989746e-08
2.3529521708562022e-08
2.4035119966900403e-08
2.45407182252388e-08
2.5038384549464836e-08
2.5515883509298826e-08
2.599338246913282e-08
2.647431458129481e-08
2.69622382194743e-08
2.7450161857653787e-08
2.7964412270396886e-08
2.8522283908015316e-08
2.9080155545633746e-08
2.9698718513563477e-08
3.039992499510858e-08
3.110113147665368e-08
3.1964821394707925e-08
3.301139160619477e-08
3.405796181768161e-08
3.561811598070392e-08
3.765708535579603e-08
3.969605473088814e-08
4.301122807898893e-08
4.73107076828677e-08
5.1610187286746474e-08
6.029127808864092e-08
7.175479956947176e-08
8.321832105030261e-08
1.0259731123663057e-07
1.2607839082808692e-07
1.4955947041954318e-07
1.8049784284351185e-07
2.1584612217021064e-07
2.5556577261848574e-07
3.017020856804272e-07
3.568585698388771e-07
4.301229831826702e-07
5.503025151796553e-07
7.169841734138935e-07
9.56411525335898e-07
1.4076545793136882e-06
1.924701387690719e-06
2.7805070392178316e-06
3.869562631954846e-06
5.098718063175626e-06
2.6204743799922416e-06
0.0
0.0
0.0
0.0
0.0
0.0
0.0
0.0
0.0
0.0
0.0
0.0
0.0
0.0
0.0
0.0
0.0
0.0
0.0
0.0
0.0
0.0
0.0
0.0
0.0
0.0
0.0
0.0
0.0
0.0
0.0
0.0
0.0
0.0
0.0
0.0
0.0
0.0
0.0
0.0
0.0
0.0
0.0
0.0
0.0
0.0
0.0
0.0
0.0
0.0
0.0
0.0
0.0
0.0
0.0
0.0
0.0
0.0
0.0
0.0
0.0
0.0
0.0
0.0
0.0
0.0
0.0
0.0
0.0
0.0
0.0
0.0
0.0
0.0
0.0
0.0
0.0
0.0
0.0
0.0
0.0
0.0
0.0
0.0
0.0
0.0
0.0
0.0
0.0
0.0
0.0
0.0
0.0
0.0
0.0
0.0
0.0
0.0
0.0
0.0
0.0
0.0
0.0
0.0
0.0
0.0
0.0
0.0
0.0
0.0
0.0
0.0
0.0
0.0
0.0
0.0
0.0
0.0
0.0
0.0
0.0
0.0
0.0
0.0
0.0
0.0
0.0
0.0
0.0
0.0
0.0
0.0
0.0
0.0
0.0
0.0
0.0
0.0
0.0
0.0
0.0
0.0
0.0
0.0
0.0
0.0
0.0
0.0
0.0
0.0
0.0
0.0
0.0
0.0
0.0
0.0
0.0
0.0
0.0
0.0
0.0
0.0
0.0
0.0
0.0
0.0
0.0
0.0
0.0
0.0
0.0
0.0
0.0
0.0
0.0
0.0
0.0
0.0
0.0
0.0
0.0
0.0
0.0
0.0
0.0
0.0
0.0
0.0
0.0
0.0
0.0
0.0
0.0
0.0
0.0
0.0
0.0
0.0
0.0
0.0
0.0
0.0
0.0
0.0
0.0
0.0
0.0
0.0
0.0
0.0
0.0
0.0
0.0
0.0
0.0
0.0
0.0
0.0
0.0
0.0
0.0
0.0
0.0
0.0
0.0
0.0
0.0
0.0
0.0
0.0
0.0
0.0
0.0
0.0
0.0
0.0
0.0
0.0
0.0
0.0
0.0
0.0
0.0
0.0
0.0
0.0
0.0
0.0
0.0
0.0
0.0
0.0
0.0
0.0
0.0
0.0
0.0
0.0
0.0
0.0
0.0
0.0
0.0
0.0
0.0
0.0
0.0
0.0
0.0
0.0
0.0
0.0
0.0
0.0
0.0
0.0
0.0
0.0
0.0
0.0
0.0
0.0
0.0
0.0
0.0
0.0
0.0
0.0
0.0
0.0
0.0
0.0
0.0
0.0
0.0
0.0
0.0
0.0
0.0
0.0
2
2
2
2
1
1
286.3324461369413
268.4732029138774
61.672703437710084
-75.9027409624344
0.0
0.0
-70.66797438601907
69.663945929271
50.0
44.0
6.265115300673023
5.601050757580543
1.0
1.0
2.0
2.0
3.0
3.0
4.0
4.0
5.0
5.0
6.0
6.0
7.0
7.0
8.0
8.0
9.0
9.0
10.0
10.0
11.0
11.0
12.0
12.0
13.0
13.0
14.0
14.0
15.0
15.0
16.0
16.0
17.0
17.0
18.0
18.0
19.0
19.0
20.0
20.0
21.0
21.0
22.0
22.0
23.0
23.0
24.0
24.0
25.0
25.0
26.0
26.0
27.0
27.0
28.0
28.0
29.0
29.0
30.0
30.0
31.0
31.0
32.0
32.0
33.0
33.0
34.0
34.0
35.0
35.0
36.0
36.0
37.0
37.0
38.0
38.0
39.0
39.0
40.0
40.0
41.0
41.0
42.0
42.0
43.0
43.0
44.0
44.0
45.0
45.0
46.0
46.0
47.0
47.0
48.0
48.0
49.0
49.0
50.0
50.0
51.0
51.0
52.0
52.0
53.0
53.0
54.0
54.0
55.0
55.0
56.0
56.0
57.0
57.0
58.0
58.0
59.0
59.0
60.0
60.0
0.0
0.0
0.5
0.0
0.0
0.0
0.0
0.0
0.0
0.0
0.0
0.0
0.0
0.0
0.0
0.0
0.0
0.0
0.0
0.0
0.0
0.0
0.0
0.0
0.0
0.0
0.0
0.0
0.0
0.0
0.0
0.0
0.0
0.0
0.0
0.0
0.0
0.0
0.0
0.0
0.0
0.0
0.0
0.0
0.0
0.0
0.0
0.0
0.0
0.0
0.0
0.0
0.0
0.0
0.0
0.0
0.0
0.0
0.0
0.0
0.0
0.0
0.0
0.0
0.0
0.0
0.0
0.0
0.0
0.0
0.0
0.0
0.0
0.0
0.0
0.0
0.0
0.0
0.0
0.0
0.0
0.0
0.0
0.0
0.0
0.0
0.0
0.0
0.0
0.0
0.0
0.0
0.0
0.0
0.0
0.0
0.0
0.0
0.0
0.0
0.0
0.0
0.0
0.0
0.0
0.0
0.0
0.0
0.0
0.0
0.0
0.0
0.0
0.0
0.0
0.0
0.0
0.0
0.0
0.0
0.0
0.0
3.0
0.0
0.0
0.0
0.0
0.0
0.0
0.0
0.0
0.0
0.0
0.0
0.0
0.0
0.0
0.0
0.0
0.0
0.0
0.0
0.0
0.0
0.0
0.0
0.0
0.0
0.0
0.0
0.0
0.0
0.0
0.0
0.0
0.0
0.0
0.0
0.0
0.0
0.0
0.0
0.0
0.0
0.0
0.0
0.0
0.0
0.0
0.0
0.0
0.0
0.0
0.0
0.0
0.0
0.0
0.0
0.0
0.0
0.0
0.0
0.0
0.0
0.0
0.0
0.0
0.0
0.0
0.0
0.0
0.0
0.0
0.0
0.0
0.0
0.0
0.0
0.0
0.0
0.0
0.0
0.0
0.0
0.0
0.0
0.0
0.0
0.0
0.0
0.0
0.0
0.0
0.0
0.0
0.0
0.0
0.0
0.0
0.0
0.0
0.0
0.0
0.0
0.0
0.0
0.0
0.0
0.0
0.0
0.0
0.0
0.0
0.0
0.0
0.0
0.0
0.0
0.0
0.0
0.0
0.0
0.5
0.0
0.0
0.0
0.0
0.0
0.0
0.0
0.0
0.0
0.0
0.0
0.0
0.0
0.0
0.0
0.0
0.0
0.0
0.0
0.0
0.0
0.0
0.0
0.0
0.0
0.0
0.0
0.0
0.0
0.0
0.0
0.0
0.0
0.0
0.0
0.0
0.0
0.0
0.0
0.0
0.0
0.0
0.0
0.0
0.0
0.0
0.0
0.0
0.0
0.0
0.0
0.0
0.0
0.0
0.0
0.0
0.0
0.0
0.0
0.0
0.0
0.0
0.0
0.0
0.0
0.0
0.0
0.0
0.0
0.0
0.0
0.0
0.0
0.0
0.0
0.0
0.0
0.0
0.0
0.0
0.0
0.0
0.0
0.0
0.0
0.0
0.0
0.0
0.0
0.0
0.0
0.0
0.0
0.0
0.0
0.0
0.0
0.0
0.0
0.0
0.0
0.0
0.0
0.0
0.0
0.0
0.0
0.0
0.0
0.0
0.0
0.0
0.0
0.0
0.0
0.0
0.0
14.999999999999998
60.0
