9.81
6.022e+23
0
0
0
3
0
1
150.0
2
2
0
0
1
1
0
1
60
7
1000.0
1.607


3
3
0
77.072922555375
0
6.5
150.0
1000.0
287.04
9.81
79000.0
40.0
20000.0
0.0
0.0
0.0
0.0
0.0280134
0.04401
0.0319988
0.039948
0.01604
0.01801528
0.048
99000.0
2.1153802199668344e+29
0.8
1e-06
1000000.0
0.6
3.0
0.0001
500
49
2.120193139161113
0
1
7
1.0
1
0
1
0
0.1
1000000000000.0
1
150.3727533983849
150.35100079221644
150.37283180884734
150.4577795056606
150.46359275764124
150.44533142525518
150.42301034045698
150.40189926239617
150.38336129133864
150.36765810774108
150.35250464587455
150.3381645949684
150.32334983197694
150.3057462877214
150.28391753005022
150.25448187922908
150.2227093141624
150.190914894803
150.16237467839002
150.13885706827864
150.12066039032192
150.10426459264536
149.0
149.89308144969354
149.90027366429428
149.91198391832884
149.92757799024017
149.93865292788848
149.94255221982596
149.93777167679661
149.92407120601936
149.90229223050326
149.8753824800223
149.8427877301779
149.8054409068851
149.7663638138396
149.72758110791088
149.6873451738969
149.64470848589107
149.6008415351122
149.55828605236516
149.51673694149713
149.47705437435857
149.44451844013076
149.42337465954483
149.41017460437723
149.41673736317446
149.43346405069096
149.45549473022277
149.490956798622
149.54617207457147
149.6118337415042
149.66929836457768
149.71813508623472
149.7580097830962
149.7762285509148
149.77379511875728
149.74565299149805
149.69098728938107
149.53712337336586
991.6800583333334
975.040175
958.4002916666666
941.7604083333333
925.120525
908.4806416666667
891.8407583333333
875.200875
858.5609916666667
841.9211083333333
825.281225
808.6413416666667
792.0014583333334
775.3615749999999
758.7216916666666
742.0818083333334
725.4419250000001
708.8020416666666
692.1621583333333
675.522275
658.8823916666668
642.2425083333333
625.602625
608.9627416666667
592.3228583333332
575.6829749999999
559.0430916666667
542.4032083333334
525.7633249999999
509.1234416666666
492.48355833333335
475.843675
459.20379166666663
442.5639083333333
425.924025
409.28414166666664
392.6442583333333
376.004375
359.36449166666665
342.7246083333333
326.084725
309.44484166666666
292.80495833333333
276.165075
259.5251916666667
242.88530833333334
226.245425
209.60554166666662
192.9656583333333
176.32577499999996
159.68589166666663
143.0460083333333
126.40612499999997
109.76624166666664
93.12635833333331
76.48647499999998
59.846591666666654
43.206708333333324
26.566824999999994
9.926941666666679
37.538551294676566
113.27294884074028
190.36147906419245
268.847928532375
348.75577215631546
430.1300119293003
513.0251253474343
597.5005812321747
683.6198036401972
771.4494178667719
861.0595268515265
952.5242915013318
1045.9214760100178
1141.3327198954007
1238.8435256571352
1338.545873923922
1440.5407165072363
1544.9381514339411
1651.8581088470141
1761.4302454539065
1873.7929492491207
1989.05928433623
2107.3933428143273
2229.0069053449506
2354.086967194167
2482.8369900437806
2615.478894240339
2752.255361816204
2893.432510344457
3039.303011686521
3190.1897475459937
3346.450116693275
3508.481138470882
3676.7255360794425
3851.6790344696283
4033.8991760872877
4224.016049925996
4422.7454550621915
4630.905193446943
4849.435429755735
5079.4244014568085
5322.141261155464
5579.078567082937
5852.008038668275
6143.054883271772
6454.7986564390685
6790.412913366377
7153.863078500484
7550.194368405582
7985.9640007764865
8469.914397144472
9014.069516325455
9635.621022800779
10360.406941283563
11229.940598002107
12317.522795583254
13772.835279242045
15992.486992388403
21045.477943063008
54904.10149559335
3.5190396161834134e+23
3.519039616183389e+23
3.5190396161834134e+23
3.519039616183389e+23
3.5190396161834134e+23
3.519039616183389e+23
3.5190396161834134e+23
3.519039616183389e+23
3.5190396161834134e+23
3.519039616183389e+23
3.5190396161834134e+23
3.519039616183389e+23
3.5190396161834134e+23
3.5190396161834134e+23
3.519039616183389e+23
3.519039616183389e+23
3.5190396161834134e+23
3.5190396161834134e+23
3.519039616183389e+23
3.519039616183389e+23
3.5190396161834134e+23
3.5190396161834134e+23
3.519039616183389e+23
3.5190396161834134e+23
3.5190396161834134e+23
3.519039616183389e+23
3.519039616183389e+23
3.5190396161834134e+23
3.5190396161834134e+23
3.519039616183389e+23
3.519039616183389e+23
3.5190396161834134e+23
3.5190396161834134e+23
3.519039616183389e+23
3.5190396161834134e+23
3.519039616183389e+23
3.5190396161834134e+23
3.519039616183389e+23
3.5190396161834134e+23
3.519039616183389e+23
3.5190396161834134e+23
3.519039616183389e+23
3.5190396161834134e+23
3.519039616183389e+23
3.5190396161834134e+23
3.519039616183389e+23
3.5190396161834134e+23
3.5190396161834134e+23
3.519039616183389e+23
3.5190396161834134e+23
3.519039616183389e+23
3.5190396161834134e+23
3.519039616183389e+23
3.5190396161834134e+23
3.519039616183389e+23
3.5190396161834134e+23
3.519039616183389e+23
3.5190396161834134e+23
3.519039616183389e+23
3.519039616183407e+23
0.3876608163267796
0.36503826452429566
0.3877423626359846
0.47608734791143414
0.48213308758309437
0.4631414350570018
0.4399276696248918
0.41797230237649596
0.3986929476494935
0.38236175121033356
0.36660226136319196
0.35168871298355503
0.33628146749681365
0.3179739098302965
0.2952721610202299
0.26465929880120465
0.23161606280679958
0.19855009850734656
0.16886848154359207
0.14441033851033064
0.12548592611944415
0.10843441608851317
-3.8009019140097244
-0.11119451270430408
-0.10371466196274964
-0.09153608315405498
-0.07531836207308934
-0.06380050767358131
-0.05974527249095424
-0.06471700238332695
-0.07896539209240033
-0.10161536782411307
-0.12960131210738535
-0.16349961427552817
-0.20234003817944957
-0.2429799300096146
-0.2833136613849354
-0.3251587393724803
-0.3695005840059992
-0.41512189295281565
-0.45937928470938866
-0.5025900570498392
-0.5438596375218819
-0.5776967718776274
-0.5996861495135771
-0.6134141106374993
-0.6065888893418242
-0.589193256290107
-0.5662815102173981
-0.5294012176597924
-0.471977733283704
-0.40369007845664684
-0.343927289473123
-0.2931374550508825
-0.2516680610679455
-0.2327206753818085
-0.23525142708182922
-0.26451903422841466
-0.3213709658260165
-0.48138831655743813
-0.21530213797193953
-0.22789145656055898
-0.19515412523506703
-0.09677590674570613
-0.080696933860267
-0.08965535317238893
-0.10283588539075006
-0.11475801942520292
-0.1240041409384598
-0.13030210416369004
-0.13602836079705627
-0.14090867596272671
-0.14628268823567225
-0.15455701268837485
-0.16722552828454695
-0.18780515728973102
-0.2108151600702719
-0.23384789115588234
-0.25349627490578186
-0.2679211847251892
-0.27681236390221997
-0.28383064071930164
-4.183133737603686
-0.4833931030844134
-0.4658800191290098
-0.44366820710646593
-0.4174172528116298
-0.3958661651982798
-0.38177769680179985
-0.3767161934803198
-0.38093134997554046
-0.3935480924934005
-0.4115008035628289
-0.4353658725171101
-0.4641730632071699
-0.49477972182349106
-0.5250802199849698
-0.5568920647586406
-0.5912006761783175
-0.6267887519112918
-0.6610129104539908
-0.6941904495805993
-0.7254267968388
-0.7492306979806713
-0.7611868424027897
-0.7648815703128378
-0.7480231158033206
-0.7205942495377506
-0.6876492702511996
-0.6407357444797199
-0.5732790268897894
-0.4949581388488902
-0.4251621166514923
-0.3643390490154097
-0.3128364218186199
-0.2838558029186302
-0.2763533214047982
-0.29558769533753093
-0.34240639372128
-0.4923905112388596
0.6029629542987223
0.5929297210848695
0.5828964878710168
0.572863254657164
0.5628300214433114
0.5527967882294587
0.5427635550156059
0.5327303218017531
0.5226970885879004
0.5126638553740476
0.5026306221601949
0.49259738894634214
0.48256415573248945
0.4725309225186367
0.46249768930478397
0.4524644560909312
0.4424312228770786
0.4323979896632258
0.42236475644937305
0.4123315232355203
0.40229829002166767
0.3922650568078148
0.382231823593962
0.37219859038010933
0.3621653571662566
0.35213212395240384
0.3420988907385511
0.33206565752469847
0.3220324243108456
0.31199919109699287
0.3019659578831401
0.29193272466928744
0.2818994914554347
0.27186625824158195
0.2618330250277292
0.25179979181387646
0.24176655860002375
0.23173332538617097
0.22170009217231829
0.21166685895846551
0.2016336257446128
0.19160039253076006
0.18156715931690734
0.17153392610305457
0.16150069288920188
0.1514674596753491
0.1414342264614964
0.13140099324764362
0.12136776003379085
0.11133452681993815
0.10130129360608538
0.09126806039223269
0.08123482717837992
0.07120159396452722
0.061168360750674444
0.051135127536821735
0.04110189432296897
0.031068661109116272
0.0210354278952635
0.011002194681410801
-16.639883333333387
-16.639883333333273
-16.639883333333387
-16.639883333333273
-16.639883333333387
-16.639883333333273
-16.639883333333387
-16.639883333333273
-16.639883333333387
-16.639883333333273
-16.639883333333387
-16.639883333333273
-16.639883333333387
-16.639883333333387
-16.639883333333273
-16.639883333333273
-16.639883333333387
-16.639883333333387
-16.639883333333273
-16.639883333333273
-16.639883333333387
-16.639883333333387
-16.639883333333273
-16.639883333333387
-16.639883333333387
-16.639883333333273
-16.639883333333273
-16.639883333333387
-16.639883333333387
-16.639883333333273
-16.639883333333273
-16.639883333333387
-16.639883333333387
-16.639883333333273
-16.639883333333387
-16.639883333333273
-16.639883333333387
-16.639883333333273
-16.639883333333387
-16.639883333333273
-16.639883333333387
-16.639883333333273
-16.639883333333387
-16.639883333333273
-16.639883333333387
-16.639883333333273
-16.639883333333387
-16.639883333333387
-16.639883333333273
-16.639883333333387
-16.639883333333273
-16.639883333333387
-16.639883333333273
-16.639883333333387
-16.639883333333273
-16.639883333333387
-16.639883333333273
-16.639883333333387
-16.639883333333273
-16.63988333333336
150.0
150.0
150.0
150.0
150.0
150.0
150.0
150.0
150.0
150.0
150.0
150.0
150.0
150.0
150.0
150.0
150.0
150.0
150.0
150.0
150.0
150.0
150.0
150.0
150.0
150.0
150.0
150.0
150.0
150.0
150.0
150.0
150.0
150.0
150.0
150.0
150.0
150.0
150.0
150.0
150.0
150.0
150.0
150.0
150.0
150.0
150.0
150.0
150.0
150.0
150.0
150.0
150.0
150.0
150.0
150.0
150.0
150.0
150.0
150.0
150.0
1000.0
983.3601166666666
966.7202333333333
950.08035
933.4404666666667
916.8005833333333
900.1607
883.5208166666666
866.8809333333334
850.24105
833.6011666666667
816.9612833333333
800.3214
783.6815166666667
767.0416333333333
750.40175
733.7618666666667
717.1219833333333
700.4821
683.8422166666667
667.2023333333334
650.56245
633.9225666666666
617.2826833333334
600.6428
584.0029166666666
567.3630333333333
550.72315
534.0832666666666
517.4433833333333
500.8035
484.1636166666667
467.5237333333333
450.88384999999994
434.24396666666667
417.6040833333333
400.9642
384.3243166666666
367.68443333333335
351.04454999999996
334.4046666666667
317.7647833333333
301.1249
284.48501666666664
267.84513333333337
251.20524999999998
234.5653666666667
217.92548333333332
201.28559999999993
184.64571666666666
168.00583333333327
151.36595
134.7260666666666
118.08618333333334
101.44629999999995
84.80641666666668
68.16653333333329
51.52665000000002
34.88676666666663
18.246883333333358
1.607
0.0
75.07710258935313
151.46879509212744
229.25416303625747
308.4416940284926
389.06985028413834
471.1901735744622
554.8600771204062
640.1410853439431
727.0985219364513
815.8003137970924
906.3187399059607
998.7298430967031
1093.1131089233327
1189.5523308674688
1288.1347204468018
1388.9570274010425
1492.12440561343
1597.7518972544522
1705.964320439576
1816.896170468237
1930.6897280300043
2047.4288406424555
2167.357844986199
2290.6559657037023
2417.5179686846313
2548.15601140293
2682.801777077748
2821.7089465546605
2965.156074134254
3113.4499492387877
3266.9295458532
3425.9706875333495
3590.9915894084143
3762.459482750471
3940.898586188786
4126.89976598579
4321.132333866203
4524.358576258181
4737.4518106357045
4961.419048875765
5197.429754037851
5446.852768273076
5711.304365892797
5992.711711443752
6293.398055099793
6616.199257778343
6964.626568954412
7343.099588046557
7757.289148764607
8214.638852788366
8725.18994150058
9302.94909115033
9968.292954451226
10752.520928115899
11707.360267888318
12927.68532327819
14617.9852352059
17366.988749570908
24723.967136555104
32080.945523539336
27.77447903158947
27.85740756469351
27.87315163540938
27.8896311636602
27.91846027147864
27.93292812463963
27.93987821113588
27.94349107629764
27.94555841676725
27.94705964746567
27.94837047002338
27.94920787609511
27.94966428848567
27.94955257590097
27.94842888341643
27.94595300220138
27.94140663900605
27.93557079609503
27.92907811687484
27.92270289135416
27.91702669613876
27.91231535184738
27.90821284314129
27.8438678560637
27.84088424178676
27.83904303485194
27.83779507857578
27.83693069648518
27.83632721262085
27.83590815179058
27.83562133344335
27.83542965791325
27.83530800379144
27.83523964060253
27.83521131001387
27.83521176363744
27.83523375155021
27.83527404101595
27.8353312134421
27.83540419351264
27.83548909540709
27.83559586596211
27.83573272196524
27.83591176833686
27.8361575249595
27.83649908135089
27.83696411373724
27.83758235346113
27.83835859416141
27.83820879772678
27.83739243029291
27.83666111525021
27.83600654914921
27.83541810378332
27.83487978584542
27.8347159568692
27.83443336100905
27.83416843419866
27.83373277688684
27.83182075491648
27.82905942917181
27.77447903158947
27.85740756469351
27.87315163540938
27.8896311636602
27.91846027147864
27.93292812463963
27.93987821113588
27.94349107629764
27.94555841676725
27.94705964746567
27.94837047002338
27.94920787609511
27.94966428848567
27.94955257590097
27.94842888341643
27.94595300220138
27.94140663900605
27.93557079609503
27.92907811687484
27.92270289135416
27.91702669613876
27.91231535184738
27.90821284314129
27.8438678560637
27.84088424178676
27.83904303485194
27.83779507857578
27.83693069648518
27.83632721262085
27.83590815179058
27.83562133344335
27.83542965791325
27.83530800379144
27.83523964060253
27.83521131001387
27.83521176363744
27.83523375155021
27.83527404101595
27.8353312134421
27.83540419351264
27.83548909540709
27.83559586596211
27.83573272196524
27.83591176833686
27.8361575249595
27.83649908135089
27.83696411373724
27.83758235346113
27.83835859416141
27.83820879772678
27.83739243029291
27.83666111525021
27.83600654914921
27.83541810378332
27.83487978584542
27.8347159568692
27.83443336100905
27.83416843419866
27.83373277688684
27.83182075491648
27.82905942917181
0.0
0.0
0.0
0.0
0.0
0.0
0.0
0.0
0.0
0.0
0.0
0.0
0.0
0.0
0.0
0.0
0.0
0.0
0.0
0.0
0.0
0.0
0.0
0.0
0.0
0.0
0.0
0.0
0.0
0.0
0.0
0.0
0.0
0.0
0.0
0.0
0.0
0.0
0.0
0.0
0.0
0.0
0.0
0.0
0.0
0.0
0.0
0.0
0.0
0.0
0.0
0.0
0.0
0.0
0.0
0.0
0.0
0.0
0.0
0.0
0.0
26.82453972173379
26.69216611686589
26.4800187310212
26.30134413403696
26.23339733510969
26.16716825441041
26.08446298773428
25.98523996750528
25.87254928854969
25.75004637830965
25.62105509670367
25.48586414197834
25.34541187840618
25.1990174775858
25.04333677241289
24.87363536291329
24.68128384242823
24.46463283944694
24.22429226907087
23.96442076864441
23.69082338870382
23.40929968051022
23.12136653108483
18.87388780640355
18.3875110890422
17.91978986297837
17.47487369959575
17.0565920646935
16.6601224156309
16.27792565799883
15.90092264617127
15.51979962066565
15.12612987405042
14.71456070729869
14.27916650419292
13.81499389460933
13.3202361606986
12.79519623017937
12.23836133784688
11.6472336417391
11.02052979172226
10.35962365182328
9.665570058245814
8.940322307778645
8.19133736642061
7.430492080409217
6.666075542482718
5.918670666403293
5.198852657565815
4.511053590879992
3.869501478966398
3.295491137033907
2.799878432084022
2.374127870066641
2.009250503113333
1.696250252318484
1.412111853539708
1.135493605324524
0.8394702526751747
0.4951518369835285
0.0
26.82453972173379
26.69216611686589
26.4800187310212
26.30134413403696
26.23339733510969
26.16716825441041
26.08446298773428
25.98523996750528
25.87254928854969
25.75004637830965
25.62105509670367
25.48586414197834
25.34541187840618
25.1990174775858
25.04333677241289
24.87363536291329
24.68128384242823
24.46463283944694
24.22429226907087
23.96442076864441
23.69082338870382
23.40929968051022
23.12136653108483
18.87388780640355
18.3875110890422
17.91978986297837
17.47487369959575
17.0565920646935
16.6601224156309
16.27792565799883
15.90092264617127
15.51979962066565
15.12612987405042
14.71456070729869
14.27916650419292
13.81499389460933
13.3202361606986
12.79519623017937
12.23836133784688
11.6472336417391
11.02052979172226
10.35962365182328
9.665570058245814
8.940322307778645
8.19133736642061
7.430492080409217
6.666075542482718
5.918670666403293
5.198852657565815
4.511053590879992
3.869501478966398
3.295491137033907
2.799878432084022
2.374127870066641
2.009250503113333
1.696250252318484
1.412111853539708
1.135493605324524
0.8394702526751747
0.4951518369835285
0.0
0.0
0.0
0.0
0.0
0.0
0.0
0.0
0.0
0.0
0.0
0.0
0.0
0.0
0.0
0.0
0.0
0.0
0.0
0.0
0.0
0.0
0.0
0.0
0.0
0.0
0.0
0.0
0.0
0.0
0.0
0.0
0.0
0.0
0.0
0.0
0.0
0.0
0.0
0.0
0.0
0.0
0.0
0.0
0.0
0.0
0.0
0.0
0.0
0.0
0.0
0.0
0.0
0.0
0.0
0.0
0.0
0.0
0.0
0.0
0.0
0.0
-0.9499393098556794
-1.165241447827619
-1.393132904388178
-1.588287029623245
-1.685062936368951
-1.765759870229218
-1.855415223401607
-1.958251108792357
-2.07300912821756
-2.19701326915602
-2.32731537331971
-2.463343734116766
-2.604252410079493
-2.750535098315165
-2.90509211100354
-3.072317639288087
-3.260122796577818
-3.47093795664809
-3.704785847803972
-3.958282122709754
-4.226203307434943
-4.503015671337163
-4.786846312056465
-8.969980049660151
-9.453373152744565
-9.919253171873574
-10.36292137898004
-10.78033863179167
-11.17620479698995
-11.55798249379175
-11.93469868727207
-12.31563003724761
-12.70917812974101
-13.12067893330384
-13.55604480582095
-14.02021786902812
-14.51499759085161
-15.04007781083658
-15.59696987559522
-16.18817055177354
-16.81495930368483
-17.47597221413882
-18.17016266371942
-18.89558946055822
-19.64482015853889
-20.40600700094168
-21.17088857125452
-21.91891168705784
-22.63950593659559
-23.32715520684679
-23.96789095132651
-24.5411699782163
-25.03612811706519
-25.46129023371668
-25.82562928273209
-26.13846570455071
-26.42232150746934
-26.69867482887414
-26.99426252421167
-27.33666891793295
-27.82905942917181
0.9499393098556794
1.165241447827619
1.393132904388178
1.588287029623245
1.685062936368951
1.765759870229218
1.855415223401607
1.958251108792357
2.07300912821756
2.19701326915602
2.32731537331971
2.463343734116766
2.604252410079493
2.750535098315165
2.90509211100354
3.072317639288087
3.260122796577818
3.47093795664809
3.704785847803972
3.958282122709754
4.226203307434943
4.503015671337163
4.786846312056465
8.969980049660151
9.453373152744565
9.919253171873574
10.36292137898004
10.78033863179167
11.17620479698995
11.55798249379175
11.93469868727207
12.31563003724761
12.70917812974101
13.12067893330384
13.55604480582095
14.02021786902812
14.51499759085161
15.04007781083658
15.59696987559522
16.18817055177354
16.81495930368483
17.47597221413882
18.17016266371942
18.89558946055822
19.64482015853889
20.40600700094168
21.17088857125452
21.91891168705784
22.63950593659559
23.32715520684679
23.96789095132651
24.5411699782163
25.03612811706519
25.46129023371668
25.82562928273209
26.13846570455071
26.42232150746934
26.69867482887414
26.99426252421167
27.33666891793295
27.82905942917181
0.0
0.0
0.0
0.0
0.0
0.0
0.0
0.0
0.0
0.0
0.0
0.0
0.0
0.0
0.0
0.0
0.0
0.0
0.0
0.0
0.0
0.0
0.0
0.0
0.0
0.0
0.0
0.0
0.0
0.0
0.0
0.0
0.0
0.0
0.0
0.0
0.0
0.0
0.0
0.0
0.0
0.0
0.0
0.0
0.0
0.0
0.0
0.0
0.0
0.0
0.0
0.0
0.0
0.0
0.0
0.0
0.0
0.0
0.0
0.0
0.0
-0.1091244374214837
-0.1155052486918348
-0.0989125529702533
-0.049050216031553
-0.0409006970023115
-0.0454412114478701
-0.0521216753614779
-0.0581643286376048
-0.0628506630045969
-0.0660427432148919
-0.0689450577925969
-0.0714186126393348
-0.0741423945372071
-0.0783361801143002
-0.084757131854119
-0.0951877781017014
-0.1068502429157778
-0.1185242274180826
-0.1284828782849346
-0.1357940465981058
-0.1403004808344129
-0.1438576471335793
-2.120193139161113
-0.2450045360645043
-0.2361281475058469
-0.2248702402973835
-0.2115651210534055
-0.2006420975582284
-0.1935014523125439
-0.1909360634703041
-0.1930724871283147
-0.1994671980323646
-0.2085664086305241
-0.2206622579713264
-0.2352629884023255
-0.2507757670227293
-0.2661333702802094
-0.2822569893811053
-0.2996460778274628
-0.3176836541369905
-0.335029938211896
-0.3518457502903302
-0.3676776823545436
-0.3797425292019241
-0.3858024204137896
-0.3876750683512835
-0.3791304743148407
-0.3652283383280231
-0.348530397636992
-0.3247525933128317
-0.2905626106835799
-0.250866196489457
-0.215490553087618
-0.184662791224426
-0.1585590317749473
-0.1438704004247053
-0.1400678182386978
-0.1498166310202824
-0.1735463727221476
-0.2495648117419957
0.0
-0.1091244374214837
-0.1155052486918348
-0.0989125529702533
-0.049050216031553
-0.0409006970023115
-0.0454412114478701
-0.0521216753614779
-0.0581643286376048
-0.0628506630045969
-0.0660427432148919
-0.0689450577925969
-0.0714186126393348
-0.0741423945372071
-0.0783361801143002
-0.084757131854119
-0.0951877781017014
-0.1068502429157778
-0.1185242274180826
-0.1284828782849346
-0.1357940465981058
-0.1403004808344129
-0.1438576471335793
-2.120193139161113
-0.2450045360645043
-0.2361281475058469
-0.2248702402973835
-0.2115651210534055
-0.2006420975582284
-0.1935014523125439
-0.1909360634703041
-0.1930724871283147
-0.1994671980323646
-0.2085664086305241
-0.2206622579713264
-0.2352629884023255
-0.2507757670227293
-0.2661333702802094
-0.2822569893811053
-0.2996460778274628
-0.3176836541369905
-0.335029938211896
-0.3518457502903302
-0.3676776823545436
-0.3797425292019241
-0.3858024204137896
-0.3876750683512835
-0.3791304743148407
-0.3652283383280231
-0.348530397636992
-0.3247525933128317
-0.2905626106835799
-0.250866196489457
-0.215490553087618
-0.184662791224426
-0.1585590317749473
-0.1438704004247053
-0.1400678182386978
-0.1498166310202824
-0.1735463727221476
-0.2495648117419957
0.0
0.0
0.0
0.0
0.0
0.0
0.0
0.0
0.0
0.0
0.0
0.0
0.0
0.0
0.0
0.0
0.0
0.0
0.0
0.0
0.0
0.0
0.0
0.0
0.0
0.0
0.0
0.0
0.0
0.0
0.0
0.0
0.0
0.0
0.0
0.0
0.0
0.0
0.0
0.0
0.0
0.0
0.0
0.0
0.0
0.0
0.0
0.0
0.0
0.0
0.0
0.0
0.0
0.0
0.0
0.0
0.0
0.0
0.0
0.0
0.0
0.0
1.0
1.0
1.0
1.0
1.0
1.0
1.0
1.0
1.0
1.0
1.0
1.0
1.0
1.0
1.0
1.0
1.0
1.0
1.0
1.0
1.0
1.0
1.0
1.0
1.0
1.0
1.0
1.0
1.0
1.0
1.0
1.0
1.0
1.0
1.0
1.0
1.0
1.0
1.0
1.0
1.0
1.0
1.0
1.0
1.0
1.0
1.0
1.0
1.0
1.0
0.0
0.0
0.0
0.0
0.0
0.0
0.0
0.0
0.0
0.0
0.0
1.0
1.0
1.0
1.0
1.0
1.0
1.0
1.0
1.0
1.0
1.0
1.0
1.0
1.0
1.0
1.0
0.38
0.38
0.38
0.38
0.38
0.38
0.38
0.38
0.38
0.38
0.38
0.38
0.38
0.38
0.38
0.38
0.38
0.38
0.38
0.38
0.38
0.38
0.38
0.38
0.38
0.38
0.38
0.38
0.38
1.0
1.0
1.0
1.0
1.0
1.0
1.0
1.0
1.0
1.0
1.0
1.0
1.0
1.0
1.0
1.0
1.0
1.0
1.0
1.0
1.0
1.0
1.0
1.0
1.0
1.0
1.0
1.0
1.0
0.01856995865013652
0.017354667445750576
0.01620002880052517
0.01510399030451769
0.01406453487534032
0.013079680758159998
0.012147481525698474
0.011266026078232245
0.010433438643592606
0.009647878777165601
0.008907541361892079
0.008210656608267664
0.0075554900543427376
0.006940342565722466
0.006363550335566805
0.0058234848845904776
0.005318553061062976
0.004847197040808577
0.004407894327206344
0.003999157751190104
0.0036195354712484614
0.0032676109734247998
0.002942003071317286
0.0026413659060788588
0.0023643889464172252
0.002109796988594889
0.0018763501564291114
0.0016628439012919423
0.0014681090021101998
0.0012910115653654909
0.001130453025094188
0.0009853701428874458
0.0008547350078911949
0.0007375550368061434
0.0006328729738877755
0.0005397668909463526
0.0004573501873469133
0.00038477159000927256
0.00032121515340802274
0.00026590025957253297
0.0002180816180869489
0.00017704926609019405
0.00014212856827596791
0.00011268021689274726
8.81002317437858e-05
6.781996018711409e-05
5.130607713553956e-05
3.806058505664666e-05
2.7620813972796764e-05
1.9559421461128042e-05
1.348439265355564e-05
9.039040236771622e-06
5.902004452244951e-06
3.787253096221513e-06
2.444081519724105e-06
1.657112628552436e-06
1.2462968832831278e-06
1.0669122992697166e-06
1.009564446642652e-06
1.0001864503092964e-06
0.0004
0.0004
0.0004
0.0004
0.0004
0.0004
0.0004
0.0004
0.0004
0.0004
0.0004
0.0004
0.0004
0.0004
0.0004
0.0004
0.0004
0.0004
0.0004
0.0004
0.0004
0.0004
0.0004
0.0004
0.0004
0.0004
0.0004
0.0004
0.0004
0.0004
0.0004
0.0004
0.0004
0.0004
0.0004
0.0004
0.0004
0.0004
0.0004
0.0004
0.0004
0.0004
0.0004
0.0004
0.0004
0.0004
0.0004
0.0004
0.0004
0.0004
0.0004
0.0004
0.0004
0.0004
0.0004
0.0004
0.0004
0.0004
0.0004
0.0004
6.302694256850519e-42
2.692055492506257e-41
1.1495775854991007e-40
4.90778449628898e-40
2.0946999130182416e-39
8.93806049467332e-39
3.812814720708627e-38
1.6260152238094917e-37
6.932267455164972e-37
2.9545601741234048e-36
1.258844049461622e-35
5.361755456712684e-35
2.2829275282260247e-34
9.716749294192082e-34
4.134156496633543e-33
1.75825848469786e-32
7.474820973384319e-32
3.176383847760331e-31
1.34918201409255e-30
5.728014766714873e-30
2.430657045121194e-29
1.0309044221677685e-28
4.369951585481906e-28
1.8513382414185306e-27
7.838486737582954e-27
3.3166621205736945e-26
1.4024156130445482e-25
5.925722018149385e-25
2.5019334604720558e-24
1.0555025429851124e-23
4.449066669691933e-23
1.8736107576043588e-22
7.882477339432615e-22
3.3127451726281218e-21
1.3906595133498467e-20
5.830725251735492e-20
2.441462928043379e-19
1.0208332118246484e-18
4.261685429966735e-18
1.7760987362535215e-17
7.388222306474472e-17
3.067022247048423e-16
1.2702862734753256e-15
5.247846491242184e-15
2.1618332132984008e-14
8.876991960997958e-14
3.6317869559637085e-13
1.4796253118308191e-12
5.998878933666913e-12
2.4183009545817298e-11
9.68286390105557e-11
3.845341244557462e-10
1.511722875679484e-09
5.867518448929668e-09
2.2396954342344195e-08
8.35733232486776e-08
3.018278007873455e-07
1.0357361907875715e-06
3.2429378774763535e-06
8.1912488611161e-06
3.06e-07
3.06e-07
3.06e-07
3.06e-07
3.06e-07
3.06e-07
3.06e-07
3.06e-07
3.06e-07
3.06e-07
3.06e-07
3.06e-07
3.06e-07
3.06e-07
3.06e-07
3.06e-07
3.06e-07
3.06e-07
3.06e-07
3.06e-07
3.06e-07
3.06e-07
3.06e-07
3.06e-07
3.06e-07
3.06e-07
3.06e-07
3.06e-07
3.06e-07
3.06e-07
3.06e-07
3.06e-07
3.06e-07
3.06e-07
3.06e-07
3.06e-07
3.06e-07
3.06e-07
3.06e-07
3.06e-07
3.06e-07
3.06e-07
3.06e-07
3.06e-07
3.06e-07
3.06e-07
3.06e-07
3.06e-07
3.06e-07
3.06e-07
3.06e-07
3.06e-07
3.06e-07
3.06e-07
3.06e-07
3.06e-07
3.06e-07
3.06e-07
3.06e-07
3.06e-07
0.0
0.0
0.0
0.0
0.0
0.0
0.0
0.0
0.0
0.0
0.0
0.0
0.0
0.0
0.0
0.0
0.0
0.0
0.0
0.0
0.0
0.0
0.0
0.0
0.0
0.0
0.0
0.0
0.0
0.0
0.0
0.0
0.0
0.0
0.0
0.0
0.0
0.0
0.0
0.0
0.0
0.0
0.0
0.0
0.0
0.0
0.0
0.0
0.0
0.0
0.0
0.0
0.0
0.0
0.0
0.0
0.0
0.0
0.0
0.0
1.65e-06
1.65e-06
1.65e-06
1.65e-06
1.65e-06
1.65e-06
1.65e-06
1.65e-06
1.65e-06
1.65e-06
1.65e-06
1.65e-06
1.65e-06
1.65e-06
1.65e-06
1.65e-06
1.65e-06
1.65e-06
1.65e-06
1.65e-06
1.65e-06
1.65e-06
1.65e-06
1.65e-06
1.65e-06
1.65e-06
1.65e-06
1.65e-06
1.65e-06
1.65e-06
1.65e-06
1.65e-06
1.65e-06
1.65e-06
1.65e-06
1.65e-06
1.65e-06
1.65e-06
1.65e-06
1.65e-06
1.65e-06
1.65e-06
1.65e-06
1.65e-06
1.65e-06
1.65e-06
1.65e-06
1.65e-06
1.65e-06
1.65e-06
1.65e-06
1.65e-06
1.65e-06
1.65e-06
1.65e-06
1.65e-06
1.65e-06
1.65e-06
1.65e-06
1.65e-06
0.0
0.0
0.0
0.0
0.0
0.0
0.0
0.0
0.0
0.0
0.0
0.0
0.0
0.0
0.0
0.0
0.0
0.0
0.0
0.0
0.0
0.0
0.0
0.0
0.0
0.0
0.0
0.0
0.0
0.0
0.0
0.0
0.0
0.0
0.0
0.0
0.0
0.0
0.0
0.0
0.0
0.0
0.0
0.0
0.0
0.0
0.0
0.0
0.0
0.0
0.0
0.0
0.0
0.0
0.0
0.0
0.0
0.0
0.0
0.0
0.0
0.0
0.0
0.0
0.0
0.0
0.0
0.0
0.0
0.0
0.0
0.0
0.0
0.0
0.0
0.0
0.0
0.0
0.0
0.0
0.0
0.0
0.0
0.0
0.0
0.0
0.0
0.0
0.0
0.0
0.0
0.0
0.0
0.0
0.0
0.0
0.0
0.0
0.0
0.0
0.0
0.0
0.0
0.0
0.0
0.0
0.0
0.0
0.0
0.0
0.0
0.0
0.0
0.0
0.0
0.0
0.0
0.0
0.0
0.0
2
2
1
150.0
-27.82905942917181
0.0
0.0
49.0
6.5
1.0
2.0
3.0
4.0
5.0
6.0
7.0
8.0
9.0
10.0
11.0
12.0
13.0
14.0
15.0
16.0
17.0
18.0
19.0
20.0
21.0
22.0
23.0
24.0
25.0
26.0
27.0
28.0
29.0
30.0
31.0
32.0
33.0
34.0
35.0
36.0
37.0
38.0
39.0
40.0
41.0
42.0
43.0
44.0
45.0
46.0
47.0
48.0
49.0
50.0
51.0
52.0
53.0
54.0
55.0
56.0
57.0
58.0
59.0
60.0
0.0
0.0
0.0
0.0
0.0
0.0
0.0
0.0
0.0
0.0
0.0
0.0
0.0
0.0
0.0
0.0
0.0
0.0
0.0
0.0
0.0
0.0
0.99
0.0
0.0
0.0
0.0
0.0
0.0
0.0
0.0
0.0
0.0
0.0
0.0
0.0
0.0
0.0
0.0
0.0
0.0
0.0
0.0
0.0
0.0
0.0
0.0
0.0
0.0
0.0
0.0
0.0
0.0
0.0
0.0
0.0
0.0
0.0
0.0
0.0
0.0
0.0
0.0
0.0
0.0
0.0
0.0
0.0
0.0
0.0
0.0
0.0
0.0
0.0
0.0
0.0
0.0
0.0
0.0
0.0
0.0
0.0
3.0
0.0
0.0
0.0
0.0
0.0
0.0
0.0
0.0
0.0
0.0
0.0
0.0
0.0
0.0
0.0
0.0
0.0
0.0
0.0
0.0
0.0
0.0
0.0
0.0
0.0
0.0
0.0
0.0
0.0
0.0
0.0
0.0
0.0
0.0
0.0
0.0
0.0
0.0
0.0
0.0
0.0
0.0
0.0
0.0
0.0
0.0
0.0
0.0
0.0
0.0
0.0
0.0
0.0
0.0
0.0
0.0
0.0
0.0
0.0
0.0005
0.0
0.0
0.0
0.0
0.0
0.0
0.0
0.0
0.0
0.0
0.0
0.0
0.0
0.0
0.0
0.0
0.0
0.0
0.0
0.0
0.0
0.0
0.0
0.0
0.0
0.0
0.0
0.0
0.0
0.0
0.0
0.0
0.0
0.0
0.0
0.0
0.0
45.0
