9.81
6.022e+23
0
0
0
3
0
1
280.2831473393474
2
2
0
0
1
1
0
1
60
7
1014.8
1.607


3
3
0
77.072922555375
0
5.783625987995279
150.0
1000.0
287.04
9.81
79000.0
40.0
20000.0
0.0
0.0
0.0
0.0
0.0280134
0.04401
0.0319988
0.039948
0.01604
0.01801528
0.048
99000.0
2.1153802199668344e+29
0.8
1e-06
1000000.0
0.6
3.0
0.0001
2000
51
1.5041148071627781
0
1
7
1.0
1
0
1
1
0.1
1000000000000.0
1
279.2932841411667
278.48325191074497
277.66148427483733
276.82759989608803
275.98112914412496
275.1217199037597
274.4159773934234
273.36150933652056
272.8483550726287
271.54326838023286
271.1180229558322
269.66306122939045
269.21331999304056
267.716393275739
267.1606242321333
265.6980746266832
264.9956385006231
263.60204760309864
262.7509807989534
261.43208013837517
260.4186929129108
259.18752758662646
258.03966666419404
256.8231908415238
255.60153689533598
254.34717717337327
253.06073977119607
251.739058462059
250.38085201058973
248.9853932687556
247.5486768045523
246.07101771420042
244.546828710077
242.97059378825628
241.33968773795098
239.65415210320262
237.91246175541954
236.10771518447532
234.23253521738556
232.28241629884224
230.25140225111667
228.14008334376499
225.9300551606913
223.61844033917802
221.18753453428212
218.62373198331025
215.92188257153362
213.0497358408442
209.96882924359315
206.6470358384105
203.03546352043344
199.0784303328591
196.1366483506323
195.32469949721235
195.8651007494754
198.372824758918
203.62876541569221
212.3453339721726
224.28831266231973
245.8260996723546
1006.356725
989.4701749999999
972.583625
955.6970749999999
938.810525
921.9239749999999
905.037425
888.1508749999999
871.264325
854.3777749999999
837.491225
820.6046749999999
803.718125
786.8315749999999
769.945025
753.0584749999999
736.171925
719.2853749999999
702.398825
685.5122749999999
668.625725
651.7391749999999
634.852625
617.9660749999999
601.079525
584.1929749999999
567.306425
550.4198749999999
533.533325
516.6467749999999
499.76022499999993
482.87367499999993
465.987125
449.100575
432.21402499999994
415.32747499999994
398.440925
381.554375
364.66782499999994
347.78127499999994
330.894725
314.008175
297.12162499999994
280.23507499999994
263.348525
246.461975
229.57542499999994
212.68887499999994
195.802325
178.915775
162.02922499999994
145.14267499999994
128.256125
111.369575
94.48302499999994
77.59647499999994
60.709925
43.823375
26.936824999999942
10.050274999999957
69.52883083535393
209.58495343094722
351.670150090157
495.8503547714682
642.2067674648217
790.8002695600672
941.7748588938771
1095.1440447095472
1251.047691950137
1409.5213851637327
1570.6839299006358
1734.6127992256097
1901.410663937403
2071.195413262546
2244.0630318776457
2420.1665696348846
2599.610823571715
2782.5736526542833
2969.1765135992628
3159.6308833029457
3354.076094584342
3552.7414088220144
3755.8161198175567
3963.5372975130986
4176.144210786455
4393.89940922325
4617.083339072102
4846.002086853914
5080.989922131248
5322.412309361865
5570.670614281454
5826.206310792759
6089.503642272581
6361.098189276602
6641.588268613474
6931.645953114172
7232.024993010575
7543.572317266677
7867.247798281841
8204.146673654079
8555.532699953543
8922.865274223372
9307.842722010148
9712.46167834822
10139.087092781876
10590.570333652962
11070.376050710556
11582.747358236833
12132.989607980264
12727.878575116818
13376.278092162873
14092.902327017531
14903.932623823712
15849.249129672
16992.797939891367
18452.796528530627
20478.26915190264
23732.12030834565
31831.448742085428
54964.779872378
3.519122223737253e+23
3.519122223737277e+23
3.519122223737277e+23
3.519122223737253e+23
3.519122223737253e+23
3.519122223737277e+23
3.519122223737277e+23
3.519122223737253e+23
3.519122223737253e+23
3.519122223737277e+23
3.519122223737277e+23
3.519122223737253e+23
3.519122223737253e+23
3.519122223737277e+23
3.519122223737277e+23
3.519122223737253e+23
3.519122223737253e+23
3.519122223737277e+23
3.519122223737277e+23
3.519122223737253e+23
3.519122223737253e+23
3.519122223737277e+23
3.519122223737277e+23
3.519122223737253e+23
3.519122223737253e+23
3.519122223737277e+23
3.519122223737277e+23
3.519122223737253e+23
3.519122223737253e+23
3.519122223737277e+23
3.519122223737277e+23
3.519122223737253e+23
3.519122223737253e+23
3.519122223737277e+23
3.519122223737277e+23
3.519122223737253e+23
3.519122223737253e+23
3.519122223737277e+23
3.519122223737277e+23
3.519122223737253e+23
3.519122223737253e+23
3.519122223737277e+23
3.519122223737277e+23
3.519122223737253e+23
3.519122223737253e+23
3.519122223737277e+23
3.519122223737277e+23
3.519122223737253e+23
3.519122223737253e+23
3.519122223737277e+23
3.519122223737277e+23
3.519122223737253e+23
3.519122223737253e+23
3.519122223737277e+23
3.519122223737277e+23
3.519122223737253e+23
3.519122223737253e+23
3.519122223737277e+23
3.519122223737277e+23
3.519122223737247e+23
-3.244648011594862
-3.0137450667373633
-2.7561631270152676
-2.5207012630739767
-2.2966073310943154
-2.016582405710337
-2.2273355791468434
-1.5091880818331405
-2.3370872035678487
-1.1339298101839215
-2.3564721000214894
-1.0080717055701487
-2.3086109901494125
-1.082638698727848
-2.2312469768693486
-1.2855741762579633
-2.1657032350434537
-1.5190198787194689
-2.1180175670137924
-1.7485154930272027
-2.0524337286299024
-1.9291804753702313
-2.0118973357943077
-1.9872473468958387
-1.9902376311354455
-1.9736390661337502
-1.966146842109551
-1.9606700864378057
-1.9591118464597868
-1.9572842611096783
-1.9592524893132925
-1.958477482203418
-1.9613113484763176
-1.9730623767037314
-1.9912904217934506
-2.008026733644035
-2.0167684261939587
-2.0234188625173046
-2.0298571052842576
-2.032742595988891
-2.030432298146483
-2.002684384054499
-1.9678090103911503
-1.9075008635547361
-1.8307298693666463
-1.7304165847657083
-1.5759904563617586
-1.3835377986290767
-1.1693360119054048
-0.9184735667121611
-0.6263528864445228
-0.23036746874719585
0.019548251769083272
0.03868332796247114
0.056097045262965085
0.06510167110617783
0.06131671836973379
0.046728797402015056
0.03541311059224352
0.030503771569720006
-3.2234883052580585
-3.0107871263611514
-2.7540946554369157
-2.5180292970635207
-2.2777045440034556
-2.1806111455539394
-1.7573889317355338
-2.2958973690409437
-1.2906951360816379
-2.3566766664267362
-1.040933852245388
-2.3391027989249125
-1.0238429785566012
-2.2715514793751055
-1.1735477190056969
-2.197118582733907
-1.4028465008035909
-2.1414661506005928
-1.6291852583781008
-2.0880430695629
-1.8532964565432053
-2.0267201394912036
-1.9704725882762943
-2.002333724467121
-1.9854789713160699
-1.9748089591290068
-1.9655741520039953
-1.9607211194880279
-1.958873492174689
-1.95710448962339
-1.9589689051836956
-1.9584120322475087
-1.9613158889914075
-1.972785292789581
-1.9910572248008123
-2.007839202837289
-2.017148573763592
-2.0232137080856205
-2.0298881799018034
-2.0333115353292897
-2.0306280105034773
-2.002775062566826
-1.9678676036330103
-1.9076039326471914
-1.8304829685322943
-1.7304139747087959
-1.575970820731186
-1.3834276491365358
-1.1692032047874932
-0.9183917130563941
-0.6259842279999077
-0.22988196690118912
0.02012784837518211
0.03831421643610611
0.05509779064379927
0.06370615861712281
0.06002118789120914
0.04580255901478836
0.034517312631606956
0.02723051728330006
-0.0005490767652111591
-0.0005399399774208787
-0.0005308031896305985
-0.000521666401840318
-0.0005125296140500377
-0.0005033928262597574
-0.000494256038469477
-0.00048511925067919664
-0.0004759824628889163
-0.000466845675098636
-0.0004577088873083556
-0.00044857209951807526
-0.00043943531172779485
-0.0004302985239375146
-0.0004211617361472342
-0.0004120249483569539
-0.0004028881605666735
-0.00039375137277639316
-0.0003846145849861128
-0.00037547779719583244
-0.0003663410094055521
-0.0003572042216152718
-0.00034806743382499137
-0.00033893064603471106
-0.0003297938582444307
-0.0003206570704541504
-0.00031152028266387
-0.0003023834948735896
-0.00029324670708330927
-0.000284109919293029
-0.0002749731315027486
-0.00026583634371246824
-0.0002566995559221879
-0.0002475627681319076
-0.0002384259803416272
-0.00022928919255134684
-0.00022015240476106653
-0.0002110156169707862
-0.0002018788291805058
-0.00019274204139022543
-0.00018360525359994512
-0.0001744684658096648
-0.0001653316780193844
-0.00015619489022910402
-0.00014705810243882371
-0.0001379213146485434
-0.000128784526858263
-0.00011964773906798264
-0.00011051095127770232
-0.00010137416348742199
-9.223737569714161e-05
-8.310058790686123e-05
-7.396380011658091e-05
-6.482701232630059e-05
-5.569022453602021e-05
-4.655343674573983e-05
-3.7416648955459515e-05
-2.8279861165179194e-05
-1.914307337489881e-05
-1.0006285584618432e-05
-16.886549999999943
-16.886550000000057
-16.886550000000057
-16.886549999999943
-16.886549999999943
-16.886550000000057
-16.886550000000057
-16.886549999999943
-16.886549999999943
-16.886550000000057
-16.886550000000057
-16.886549999999943
-16.886549999999943
-16.886550000000057
-16.886550000000057
-16.886549999999943
-16.886549999999943
-16.886550000000057
-16.886550000000057
-16.886549999999943
-16.886549999999943
-16.886550000000057
-16.886550000000057
-16.886549999999943
-16.886549999999943
-16.886550000000057
-16.886550000000057
-16.886549999999943
-16.886549999999943
-16.886550000000057
-16.886550000000057
-16.886549999999943
-16.886549999999943
-16.886550000000057
-16.886550000000057
-16.886549999999943
-16.886549999999943
-16.886550000000057
-16.886550000000057
-16.886549999999943
-16.886549999999943
-16.886550000000057
-16.886550000000057
-16.886549999999943
-16.886549999999943
-16.886550000000057
-16.886550000000057
-16.886549999999943
-16.886549999999943
-16.886550000000057
-16.886550000000057
-16.886549999999943
-16.886549999999943
-16.886550000000057
-16.886550000000057
-16.886549999999943
-16.886549999999943
-16.886550000000057
-16.886550000000057
-16.886549999999914
280.2932841411667
279.4890266352981
278.6732196803232
277.84549136348284
277.0054509228246
276.15254985955676
275.286632442094
274.4061887427609
273.51257242441164
272.6028119711531
271.6794672834442
270.73860420708945
269.78326074582293
268.8092112769109
267.81931776869857
266.8096079739006
265.7822837735972
264.73393107296965
263.66590662735905
262.5754487609783
261.4628729430681
260.3262520065617
259.16486119439156
257.97723565452475
256.7620979912377
255.51795791685424
254.24326874183745
252.9363331633008
251.59530790421698
250.2181696613553
248.80271431847527
247.34650329321812
245.84686852806877
244.30087671538513
242.70526596756824
241.05637729092993
239.35009564337628
237.5818172481421
235.7463492412603
233.83778140078974
231.84935505940177
229.7732106937418
227.6003266138334
225.32007955011838
222.9199971916086
220.38519588200288
217.69757678151586
214.83516225327685
211.77084876209167
208.47037150265865
204.88961818148638
201.04826911528585
197.5984619570736
195.7168303618167
195.57277307293555
197.09082100338787
200.97148712082088
207.96198265458167
218.29779751963602
235.0425796340292
256.58381877564
1014.8
997.91345
981.0269
964.1403499999999
947.2538
930.36725
913.4807
896.5941499999999
879.7076
862.82105
845.9345
829.0479499999999
812.1614
795.27485
778.3883
761.5017499999999
744.6152
727.72865
710.8421
693.9555499999999
677.069
660.18245
643.2959
626.4093499999999
609.5228
592.63625
575.7497
558.8631499999999
541.9766
525.09005
508.20349999999996
491.3169499999999
474.43039999999996
457.54385
440.65729999999996
423.7707499999999
406.88419999999996
389.99765
373.11109999999996
356.2245499999999
339.33799999999997
322.45145
305.56489999999997
288.6783499999999
271.79179999999997
254.90525000000002
238.01869999999997
221.1321499999999
204.24559999999997
187.35905000000002
170.47249999999997
153.5859499999999
136.69939999999997
119.81285000000003
102.92629999999997
86.03974999999991
69.15319999999997
52.26665000000003
35.38009999999997
18.493549999999914
1.607
0.0
139.05766167070786
280.1122451911866
423.2280549891274
568.472654553809
715.9408803758345
865.6596587443
1017.890059043454
1172.3980303756405
1329.6973535246334
1489.345416802832
1652.0224429984396
1817.2031554527796
1985.6181724220262
2156.7726541030656
2331.3534096522253
2508.9797296175434
2690.241917525887
2874.90538778268
3063.447639415846
3255.8141271900454
3452.3380619786394
3653.1447556653893
3858.487483969724
4068.5871110564735
4283.701310516436
4504.097507930064
4730.0691702141385
4961.93500349369
5200.044840768805
5444.779777954924
5696.561450607984
5955.851170977534
6223.156113567627
6499.040264985578
6784.1362722413705
7079.155633986973
7384.894352034176
7702.250282499176
8032.245314064506
8376.048033243653
8735.017366663435
9110.713181783309
9504.972262236986
9919.951094459453
10358.223091104297
10822.917576201628
11317.834525219485
11847.660191254181
12418.319024706347
13037.438125527287
13715.118058798458
14470.686595236606
15337.17865241082
16361.31960693318
17624.27627284955
19281.316784211707
21675.22151959357
25789.01909709773
37873.87838707313
49958.737677048426
413.71361298419595
411.53380036752736
409.3052743659413
406.9991464500653
404.6477732029628
402.27514290194665
399.9394771253831
397.5394346193043
395.42430883258265
392.89904907986704
390.91647715308346
388.32075232449887
386.3892016910836
383.8115949953071
381.8777071855475
379.3848294444586
377.42400271295924
375.0509920488784
373.07073999252793
370.82428155537247
368.8342659362892
366.7257172721465
364.74097899323766
362.74972124689197
360.8162043060321
358.91494087179944
357.0548707160541
355.2260530121954
353.4329395999
351.6751413072693
349.9535427576575
348.2721223466746
346.6302474729596
345.03088084108197
343.46933877084064
341.95023690483833
340.4772862631324
339.05460190821555
337.6832623445249
336.3601353969612
335.0946820150864
333.89323516845735
332.75758407096635
331.6817802034914
330.67455264889463
329.733681000552
328.85713396240186
328.05028154443
327.31292732283424
326.6297930374084
326.00496202186434
325.4459767167862
324.99533654227037
324.8085711787309
324.95681577282994
325.4004351354655
326.095734466199
326.9776369490054
327.90875531077126
329.12025724349434
331.48352064833705
349.9962607870216
347.563568011975
345.0564351654593
342.4507084138384
339.7817706017028
337.0757490532129
334.3925550143257
331.6321875947017
329.1450759848372
326.2371119125425
323.8619827884153
320.8645875378114
318.5227537052447
315.5267697168278
313.1667913607989
310.2404922143223
307.8392036081621
305.0189805730287
302.5849928159396
299.8785056170428
297.422387769651
294.8418083262753
292.3792839637557
289.9046109984217
287.482106919414
285.0863392275414
282.7262870386065
280.3920536007931
278.0881174465055
275.8140943603244
273.5708634080954
271.3623839798628
269.1880002587455
267.0506381978303
264.9455739183199
262.8774009984034
260.8497793639165
258.8667684476256
256.9293762940889
255.0344134657158
253.1912636600813
251.4061957532916
249.6809252403893
248.0094443216018
246.4004012372223
244.8515124071393
243.3607147163574
241.9333147889133
240.5690603184674
239.2526863182345
237.9882350008028
236.7832347489318
235.680232041736
234.8349010792533
234.318809177733
234.0934086194289
234.1199742452976
234.3499566688179
234.7003575972437
235.551471580484
238.0000796294524
63.71735219717436
63.97023235555236
64.24883920048202
64.54843803622693
64.86600260126
65.19939384873372
65.54692211105743
65.90724702460264
66.27923284774546
66.66193716732455
67.05449436466819
67.45616478668744
67.8664479858389
68.28482527847929
68.71091582474853
69.14433723013634
69.58479910479716
70.0320114758497
70.48574717658836
70.9457759383297
71.41187816663823
71.88390894587116
72.36169502948196
72.84511024847028
73.33409738661814
73.82860164425804
74.32858367744763
74.83399941140233
75.34482215339452
75.86104694694491
76.38267934956208
76.90973836681184
77.44224721421412
77.98024264325166
78.52376485252077
79.07283590643495
79.62750689921587
80.18783346058997
80.75388605043601
81.3257219312454
81.90341835500513
82.48703941516574
83.07665883057705
83.67233588188965
84.27415141167232
84.88216859341269
85.49641924604447
86.11696675551671
86.74386700436683
87.37710671917384
88.01672702106154
88.66274196785444
89.31510450053435
89.97367009947759
90.63800659509694
91.30702651603659
91.97576022090139
92.6276802801875
93.20839771352755
93.56878566301036
93.48344101888465
485.92444470158614
480.5211437796594
475.2818306517123
470.22160808039933
465.3522055362333
460.7018706912138
456.18559376909616
452.0281623312819
447.6171391755193
443.8011842867221
439.4619356935117
435.8252770126817
431.5546235803416
427.9531739060086
423.7477346168737
420.0813091567792
415.923363842546
412.1475066776615
408.0257884707105
404.1501447751769
400.0720860865308
396.1102409658447
392.0987825474448
388.1370522128227
384.2012015474959
380.3144591419471
376.4795800270727
372.68518817121003
368.9313536394265
365.2146818546212
361.535978815386
357.8955894992194
354.2953025932569
350.7346200723879
347.20029270935703
343.69013361855383
340.20934377401056
336.7695108453301
333.37495757355373
330.0219424460884
326.72317752888426
323.4911026717518
320.3526765116941
317.30900504058604
314.3941735533421
311.6228189364671
309.0158579236082
306.6330346849051
304.5122528141728
302.65991532395947
301.116692595359
299.9317230622811
299.25120092086405
299.0845634056997
299.2711222162348
299.7698393695142
300.52884485886466
301.4707685295624
302.44768945034315
303.69370869569786
306.0842026178237
288.0444694641211
280.7956446869742
273.7012369853218
266.7761893171801
260.0328273308512
253.5007289332182
247.095927751002
241.0446462295217
234.7354810653524
229.0189445200827
222.7768314271828
217.2363159365959
211.0628069815599
205.5620737386646
199.4623362496462
193.9089005880299
187.8714970573866
182.2243501568133
176.2378758443988
170.5022159726779
164.5640955109101
158.7404340707502
152.8621879795116
147.0272102894336
141.2129160043681
135.4441174435882
129.7258665780491
124.047610313177
118.410951188805
112.8154782746712
107.2656076289612
101.7662648587385
96.32377833651452
90.9410651488513
85.60725881171334
80.32485279981914
75.10414261686167
69.96247367669099
64.90928759154056
59.94287567677061
55.07768532499701
50.321832002911
45.70417811425214
41.22381226225472
36.92704813963902
32.82962996796203
28.95398421351381
25.36130277114315
22.09175495310275
19.14014015801019
16.54444944123721
14.35823045550632
12.72016685760735
11.62711427526111
10.90268819975011
10.49585571682183
10.31166764338578
10.19651427066034
9.753464438066159
8.389773113563052
0.0
197.879975237465
199.7254990926852
201.5805936663905
203.4454187632192
205.3193782053821
207.2011417579956
209.0896660180942
210.9835161017602
212.8816581101669
214.7822397666394
216.6851042663289
218.5889610760858
220.4918165987817
222.391100167344
224.2853983672275
226.1724085687493
228.0518667851594
229.9231565208482
231.7879126263117
233.647928802499
235.5079905756207
237.3698068950945
239.2365945679332
241.1098419233891
242.9882855431278
244.8703416983589
246.7537134490236
248.637577858033
250.5204024506215
252.39920357995
254.2703711864248
256.1293246404809
257.9715242567424
259.7935549235366
261.5930338976437
263.3652808187347
265.1052011571489
266.8070371686391
268.4656699820132
270.0790667693178
271.6454922038873
273.1692706688408
274.6484983974419
276.0851927783313
277.4671254137031
278.7931889685051
280.0618737100944
281.271731913762
282.4204978610701
283.5197751659493
284.5722431541218
285.5734926067748
286.5310340632567
287.4574491304386
288.3684340164847
289.2739836526924
290.2171772154789
291.2742542589021
292.694225012277
295.3039355821348
306.0842026178237
72.21083171739019
68.98734341213213
65.97655628577098
63.22246163033407
60.704432333270546
58.42672778926709
56.24611664371315
54.48872771197762
52.192830342936674
50.902135206855036
48.5454585404283
47.50452468818291
45.165421889258
44.1415789107014
41.87002743132629
40.696479712320595
38.49936112958669
37.0965146287831
34.955048478182505
33.325863219804404
31.237820150241504
29.3845236936983
27.357803554207095
25.3873309659308
23.38499724146368
21.39951827014761
19.424709311018603
17.459135159014608
15.49841403952658
13.53954054735189
11.5824360577285
9.623467152544805
7.665055120297296
5.703739231305889
3.7309539385163077
1.7398967137154955
-0.2679424891217934
-2.2850910628853853
-4.308304770971006
-6.338192950872809
-8.371504486202099
-10.402132496705576
-12.404907559272402
-14.372775162905413
-16.280379095552604
-18.1108620640849
-19.841276038793694
-21.41724685952488
-22.800674508661416
-23.96987771344891
-24.888269426505303
-25.51425365450521
-25.7441356214064
-25.724007773031218
-25.685693556595112
-25.630595765951313
-25.56688960733419
-25.50686841944298
-25.461065860428192
-25.426548547796585
-25.399318030513285
61.95179132290042
66.76792332500077
71.3551981801375
75.67451909665823
79.74894327085156
83.57502011999472
87.29662726332364
90.58754136517999
94.40959491948473
97.21816739245986
101.0851513612324
103.6282716012155
107.4599467236848
109.9646959781633
113.7044551111527
116.3315916262924
119.9677065507755
122.7946304162154
126.3471169715408
129.3762896443649
132.858292258741
136.101374255525
139.5170959842441
142.877400708988
146.269190915046
149.6422217839533
153.0004204605574
156.3444432876161
159.6771662577004
162.9986160856532
166.3052557791342
169.5961191211243
172.864221922231
176.109573048979
179.3383151066066
182.5525481985843
185.7456367470548
188.9042947709346
192.0200887025483
195.0915377889452
198.1135783350843
201.0843637503806
203.9767471261372
206.7856320593471
209.4733530975833
212.0218824391773
214.4067305028436
216.5720120177702
218.4773053653647
220.1125461602243
221.4437855595656
222.4250042934255
222.9600651841287
223.2077868039922
223.4161209779828
223.5975529026071
223.8083066019118
224.1534423981575
224.9468931591776
227.161698466921
238.0000796294524
134.1626230402906
135.7552667371329
137.3317544659085
138.8969807269923
140.4533756041221
142.0017479092618
143.5427439070368
145.0762690771576
146.6024252624214
148.1203025993149
149.6306099016607
151.1327962893984
152.6253686129428
154.1062748888647
155.574482542479
157.028071338613
158.4670676803622
159.8911450449985
161.3021654497233
162.7021528641693
164.0961124089825
165.4858979492233
166.8748995384512
168.2647316749188
169.6541881565097
171.0417400541009
172.425129771576
173.8035784466307
175.175580297227
176.5381566330051
177.8876918368627
179.2195862736691
180.5292770425283
181.8133122802849
183.0692690451229
184.2924449122998
185.477694257933
186.6192037080492
187.7117839315773
188.7533448380724
189.7420738488822
190.682231253675
191.5718395668648
192.4128568964417
193.1929740020307
193.9110203750924
194.5654544640499
195.1547651582453
195.6766308567033
196.1426684467754
196.5555161330603
196.9107506389203
197.2159295627223
197.483779030961
197.7304274213877
197.9669571366558
198.2414169945776
198.6465739787145
199.4858272987494
201.7351499191244
212.6007615989391
-1.6096017988671485
-1.5029071618774024
-1.375173782044627
-1.257275244509822
-1.136790905019886
-1.0887584888307855
-0.8773861088371894
-1.1458883874623123
-0.6443040225603935
-1.1766990679666107
-0.5191219947231522
-1.1679257241777925
-0.5110352748686054
-1.1337584662099771
-0.5858095235064114
-1.0965985369104314
-0.7003366556893631
-1.0692353542407553
-0.8129698918248159
-1.0425573493491003
-0.9253164627122439
-1.0115201458796381
-0.9838388597063302
-0.9997516538515844
-0.9909234061006749
-0.9860059747856567
-0.9813947885865439
-0.9785662374191384
-0.9780515628235047
-0.9771708048134282
-0.9777114476646649
-0.9778322516506959
-0.9792879668380379
-0.9846504019984925
-0.9941548122306674
-1.0025444010252516
-1.0068652116626524
-1.01024259419173
-1.0135868564813526
-1.0150150994661944
-1.013977755967412
-1.0000775564121152
-0.982404698640696
-0.9525684255620761
-0.913851713491401
-0.8640992564167767
-0.7869779635610228
-0.6906740278863444
-0.5838480995129895
-0.4585941190068472
-0.31246123338479614
-0.11474776968163708
0.010109168774754596
0.019260696510787004
0.027567935409792493
0.031875299977002294
0.030182387032427205
0.023052718303940123
0.017713979610216146
0.019109161842344236
0.0
-2.405367306387665
-2.291066971824696
-2.157240149120552
-2.034929004580064
-1.910894502194324
-1.858718188346618
-1.643613004228947
-1.908885109207572
-1.40271246742584
-1.931325139916074
-1.270135095715869
-1.913690501893858
-1.250971103946898
-1.867784011803347
-1.312096155208851
-1.816019984046461
-1.411877880550346
-1.7742526601918
-1.512888955169085
-1.739050185028968
-1.619723754165552
-1.705946882351991
-1.678269432996038
-1.6939945309264
-1.684625374048659
-1.677217589039304
-1.670137607630615
-1.664494010959833
-1.658863756740953
-1.651466988287334
-1.643587652738864
-1.632220136048552
-1.620857047652273
-1.612561819898028
-1.605315467097
-1.594755043579032
-1.577559074250037
-1.556151046789481
-1.534003472585726
-1.509326888276903
-1.483728043403026
-1.444570955810577
-1.402868522457761
-1.342354468532864
-1.27283661555923
-1.191087694553033
-1.081427453163374
-0.9515790525224388
-0.8167040987064688
-0.6648737465572382
-0.4900595460864513
-0.2672306267483633
-0.1237220004030527
-0.1040503480182603
-0.0906142978713766
-0.1052587549067895
-0.1723745030641525
-0.3962807744791504
-1.106161599170527
-5.41311735042803
0.0
0.7957655075205164
0.7881598099472937
0.7820663670759251
0.7776537600702417
0.7741035971744379
0.7699596995158323
0.7662268953917576
0.7629967217452599
0.7584084448654465
0.7546260719494632
0.7510131009927168
0.7457647777160654
0.7399358290782926
0.7340255455933699
0.7262866317024397
0.7194214471360296
0.7115412248609829
0.7050173059510446
0.699919063344269
0.6964928356798676
0.6944072914533082
0.6944267364723528
0.6944305732897077
0.6942428770748156
0.6937019679479841
0.6912116142536473
0.688742819044071
0.6859277735406946
0.6808121939174483
0.6742961834739059
0.6658762050741991
0.6543878843978561
0.6415690808142351
0.6279114178995355
0.6111606548663326
0.5922106425537804
0.5706938625873845
0.5459084525977512
0.5204166161043733
0.4943117888107088
0.469750287435614
0.4444933993984618
0.420463823817065
0.389786042970788
0.3589849020678289
0.3269884381362565
0.2944494896023513
0.2609050246360945
0.2328559991934792
0.206279627550391
0.1775983127016552
0.1524828570667262
0.1338311691778073
0.1233110445290473
0.1181822332811691
0.1371340548837918
0.2025568900965797
0.4193334927830905
1.123875578780743
5.432226512270375
0.0
1.0
1.0
1.0
1.0
1.0
1.0
1.0
1.0
1.0
1.0
1.0
1.0
1.0
1.0
1.0
1.0
1.0
1.0
1.0
1.0
1.0
1.0
1.0
1.0
1.0
1.0
1.0
1.0
1.0
1.0
1.0
1.0
1.0
1.0
1.0
1.0
1.0
1.0
1.0
1.0
1.0
1.0
1.0
1.0
1.0
1.0
1.0
1.0
1.0
1.0
1.0
1.0
0.0
0.0
0.0
0.0
0.0
0.0
0.0
0.0
0.0
1.0
1.0
1.0
1.0
1.0
1.0
1.0
1.0
1.0
1.0
1.0
1.0
1.0
1.0
1.0
1.0
0.6775249999999999
0.6775249999999999
0.6775249999999999
0.6775249999999999
0.6775249999999999
0.6775249999999999
0.6775249999999999
0.6775249999999999
0.6775249999999999
0.6775249999999999
0.6775249999999999
0.6775249999999999
0.6775249999999999
0.6775249999999999
0.6775249999999999
0.6775249999999999
0.6775249999999999
0.6775249999999999
0.6775249999999999
0.6775249999999999
0.6775249999999999
0.6775249999999999
0.6775249999999999
0.6775249999999999
0.6775249999999999
0.6775249999999999
0.6775249999999999
0.6775249999999999
0.6775249999999999
1.0
1.0
1.0
1.0
1.0
1.0
1.0
1.0
1.0
1.0
1.0
1.0
1.0
1.0
1.0
1.0
1.0
1.0
1.0
1.0
1.0
1.0
1.0
1.0
1.0
1.0
1.0
1.0
1.0
0.018569944109712945
0.01735462581537747
0.0161999628553389
0.01510390267676258
0.01406442805768614
0.013079557107019404
0.01214734326454449
0.011265875300915714
0.01043327731765966
0.009647708747175132
0.008907364352733206
0.00821047422847717
0.007555303799422571
0.006940153821457187
0.0063633603813410475
0.0058232948967064215
0.005318364116057821
0.0048470101187719885
0.004407710315097926
0.003998977446156858
0.003619359583942273
0.003267440131319882
0.0029418378220276496
0.0026412067206757713
0.0023642362227467
0.002109651054595115
0.0018762112734479475
0.001662712267404364
0.0014679847554357776
0.001290894787385841
0.0011303437439704506
0.000985268336777741
0.0008546406082680926
0.0007374679317741244
0.0006327930115006987
0.0005396938825249207
0.00045728391079613573
0.00038471179313593153
0.00032116155723813724
0.0002658525616688251
0.00021803949586630798
0.00017701238014114062
0.00014209656567612012
0.0001126527345262852
8.807689961891653e-05
6.780040475353613e-05
5.12899246019083e-05
3.804746470803913e-05
2.7610361488176403e-05
1.9551282230809713e-05
1.3478225096670562e-05
9.034519118732276e-06
5.898824202209977e-06
3.785131124560602e-06
2.442761535482939e-06
1.6563679569176039e-06
1.2459337830470229e-06
1.0667732802954535e-06
1.009531587328981e-06
1.0001847150555163e-06
0.0004
0.0004
0.0004
0.0004
0.0004
0.0004
0.0004
0.0004
0.0004
0.0004
0.0004
0.0004
0.0004
0.0004
0.0004
0.0004
0.0004
0.0004
0.0004
0.0004
0.0004
0.0004
0.0004
0.0004
0.0004
0.0004
0.0004
0.0004
0.0004
0.0004
0.0004
0.0004
0.0004
0.0004
0.0004
0.0004
0.0004
0.0004
0.0004
0.0004
0.0004
0.0004
0.0004
0.0004
0.0004
0.0004
0.0004
0.0004
0.0004
0.0004
0.0004
0.0004
0.0004
0.0004
0.0004
0.0004
0.0004
0.0004
0.0004
0.0004
1.7322297340509496e-42
7.561366308704624e-42
3.2998300505338577e-41
1.4397125187342174e-40
6.279847776911085e-40
2.738467500268162e-39
1.1938423932019386e-38
5.203108582763347e-38
2.266995050264513e-37
9.874271728639634e-37
4.29953146414337e-36
1.8715143427037444e-35
8.143577445120726e-35
3.5422649567255867e-34
1.5402240040818125e-33
6.694476415899044e-33
2.908516940467351e-32
1.2631085569134812e-31
5.482960595947378e-31
2.378951458094145e-30
1.0316728290477071e-29
4.471709151312355e-29
1.9371738305416854e-28
8.387152579401898e-28
3.6290903732284034e-27
1.5692912319555803e-26
6.781344287970086e-26
2.9283099488837713e-25
1.2635377117240762e-24
5.447639882999713e-24
2.346684151140806e-23
1.0099542011247964e-22
4.342317556457909e-22
1.8650194879458073e-21
8.00115343869465e-21
3.428394198469216e-20
1.4670828136543546e-19
6.26896051843375e-19
2.674596666428366e-18
1.1391478249474543e-17
4.842714838604314e-17
2.0544789891658218e-16
8.696050884211555e-16
3.671445674122287e-15
1.5456582645888835e-14
6.486227669397576e-14
2.711948856677923e-13
1.1291386817928242e-12
4.67842398008085e-12
1.9274059401311145e-11
7.886772021416647e-11
3.200825208310689e-10
1.2859660379853392e-09
5.100820824343008e-09
1.9897565737926862e-08
7.587512314849466e-08
2.800294557010474e-07
9.819527479310615e-07
3.1415115764051744e-06
8.105230393616113e-06
3.06e-07
3.06e-07
3.06e-07
3.06e-07
3.06e-07
3.06e-07
3.06e-07
3.06e-07
3.06e-07
3.06e-07
3.06e-07
3.06e-07
3.06e-07
3.06e-07
3.06e-07
3.06e-07
3.06e-07
3.06e-07
3.06e-07
3.06e-07
3.06e-07
3.06e-07
3.06e-07
3.06e-07
3.06e-07
3.06e-07
3.06e-07
3.06e-07
3.06e-07
3.06e-07
3.06e-07
3.06e-07
3.06e-07
3.06e-07
3.06e-07
3.06e-07
3.06e-07
3.06e-07
3.06e-07
3.06e-07
3.06e-07
3.06e-07
3.06e-07
3.06e-07
3.06e-07
3.06e-07
3.06e-07
3.06e-07
3.06e-07
3.06e-07
3.06e-07
3.06e-07
3.06e-07
3.06e-07
3.06e-07
3.06e-07
3.06e-07
3.06e-07
3.06e-07
3.06e-07
0.0
0.0
0.0
0.0
0.0
0.0
0.0
0.0
0.0
0.0
0.0
0.0
0.0
0.0
0.0
0.0
0.0
0.0
0.0
0.0
0.0
0.0
0.0
0.0
0.0
0.0
0.0
0.0
0.0
0.0
0.0
0.0
0.0
0.0
0.0
0.0
0.0
0.0
0.0
0.0
0.0
0.0
0.0
0.0
0.0
0.0
0.0
0.0
0.0
0.0
0.0
0.0
0.0
0.0
0.0
0.0
0.0
0.0
0.0
0.0
1.65e-06
1.65e-06
1.65e-06
1.65e-06
1.65e-06
1.65e-06
1.65e-06
1.65e-06
1.65e-06
1.65e-06
1.65e-06
1.65e-06
1.65e-06
1.65e-06
1.65e-06
1.65e-06
1.65e-06
1.65e-06
1.65e-06
1.65e-06
1.65e-06
1.65e-06
1.65e-06
1.65e-06
1.65e-06
1.65e-06
1.65e-06
1.65e-06
1.65e-06
1.65e-06
1.65e-06
1.65e-06
1.65e-06
1.65e-06
1.65e-06
1.65e-06
1.65e-06
1.65e-06
1.65e-06
1.65e-06
1.65e-06
1.65e-06
1.65e-06
1.65e-06
1.65e-06
1.65e-06
1.65e-06
1.65e-06
1.65e-06
1.65e-06
1.65e-06
1.65e-06
1.65e-06
1.65e-06
1.65e-06
1.65e-06
1.65e-06
1.65e-06
1.65e-06
1.65e-06
0.0
0.0
0.0
0.0
0.0
0.0
0.0
0.0
0.0
0.0
0.0
0.0
0.0
0.0
0.0
0.0
0.0
0.0
0.0
0.0
0.0
0.0
0.0
0.0
0.0
0.0
0.0
0.0
0.0
0.0
0.0
0.0
0.0
0.0
0.0
0.0
0.0
0.0
0.0
0.0
0.0
0.0
0.0
0.0
0.0
0.0
0.0
0.0
0.0
0.0
0.0
0.0
0.0
0.0
0.0
0.0
0.0
0.0
0.0
0.0
0.0
0.0
0.0
0.0
0.0
0.0
0.0
0.0
0.0
0.0
0.0
0.0
0.0
0.0
0.0
0.0
0.0
0.0
0.0
0.0
0.0
0.0
0.0
0.0
0.0
0.0
0.0
0.0
0.0
0.0
0.0
0.0
0.0
0.0
0.0
0.0
0.0
0.0
0.0
0.0
0.0
0.0
0.0
0.0
0.0
0.0
0.0
0.0
0.0
0.0
0.0
0.0
0.0
0.0
0.0
0.0
0.0
0.0
0.0
0.0
2
2
1
280.2932841411667
-7.962945238659813e-05
0.0
0.0
51.0
5.783625987995279
1.0
2.0
3.0
4.0
5.0
6.0
7.0
8.0
9.0
10.0
11.0
12.0
13.0
14.0
15.0
16.0
17.0
18.0
19.0
20.0
21.0
22.0
23.0
24.0
25.0
26.0
27.0
28.0
29.0
30.0
31.0
32.0
33.0
34.0
35.0
36.0
37.0
38.0
39.0
40.0
41.0
42.0
43.0
44.0
45.0
46.0
47.0
48.0
49.0
50.0
51.0
52.0
53.0
54.0
55.0
56.0
57.0
58.0
59.0
60.0
0.0
0.0
0.0
0.0
0.0
0.0
0.0
0.0
0.0
0.0
0.0
0.0
0.0
0.0
0.0
0.0
0.0
0.0
0.0
0.0
0.0
0.0
0.0
0.0
0.0
0.0
0.0
0.0
0.0
0.0
0.5
0.0
0.0
0.0
0.0
0.0
0.0
0.0
0.0
0.0
0.0
0.0
0.0
0.0
0.0
0.0
0.0
0.0
0.0
0.0
0.0
0.0
0.0
0.0
0.0
0.0
0.0
0.0
0.0
0.0
0.0
0.0
0.0
0.0
0.0
0.0
0.0
0.0
0.0
0.0
0.0
0.0
0.0
0.0
0.0
0.0
0.0
0.0
0.0
0.0
0.0
0.0
0.0
0.0
0.0
0.0
0.0
0.0
0.0
0.0
3.0
0.0
0.0
0.0
0.0
0.0
0.0
0.0
0.0
0.0
0.0
0.0
0.0
0.0
0.0
0.0
0.0
0.0
0.0
0.0
0.0
0.0
0.0
0.0
0.0
0.0
0.0
0.0
0.0
0.0
0.0
0.0
0.0
0.0
0.0
0.0
0.0
0.0
0.0
0.0
0.0
0.0
0.0
0.0
0.0
0.0
0.0
0.0
0.0
0.0
0.0
0.0
0.0
0.0
0.0
0.0
0.0
0.0
0.0
0.0
0.5
0.0
0.0
0.0
0.0
0.0
0.0
0.0
0.0
0.0
0.0
0.0
0.0
0.0
0.0
0.0
0.0
0.0
0.0
0.0
0.0
0.0
0.0
0.0
0.0
0.0
0.0
0.0
0.0
0.0
45.0
