9.81
6.022e+23
0
0
0
3
0
1
262.55942789218835
2
2
0
0
1
1
0
1
60
7
1000.0
1.0


3
3
0
80.10220330563587
0
5.601050757580543
150.0
350.0
287.04
9.81
79000.0
40.0
20000.0
0.0
0.0
0.0
0.0
0.0280134
0.04401
0.0319988
0.039948
0.01604
0.01801528
0.048
99000.0
2.1153802199668344e+29
0.8
1e-06
1000000.0
0.6
3.0
0.0001
400
49
8.254412780767725
0
1
6
1.0
1
0
1
1
0.02
1000000000000.0
2
289.237641000929
288.3291225600783
287.40766074601987
286.4728380754301
285.5242158088502
284.5613324571438
283.58370215302637
282.59081287266423
281.5821244903483
280.5570666469435
279.5150364101491
278.4553957015042
277.3774684614617
276.2805375196333
275.16384113235756
274.0265691439219
272.8678587208947
271.68678960088
270.48237878732436
269.25357461043944
267.9992500604438
266.71819528263467
265.40910910361106
264.07058943343253
262.70112235852883
261.2990697033752
259.8626547935105
258.38994609604
256.8788383432359
255.3270306561219
253.73200107252876
252.09097674065555
250.40089885463817
248.65838116923115
246.85966061732557
245.00053813979753
243.07630728392064
241.0816673792808
239.010617078417
236.85632263398665
234.61095329507282
232.26547336555987
229.80937634326412
227.23034045383213
224.5137756650616
221.64221798570935
218.59450411882187
215.34463103515634
211.8590134507863
208.18562278616398
205.40377643743278
205.55064723733238
207.02020904986165
209.330639225107
213.1787124729306
217.58642454546387
223.85105108315628
231.88708567195476
241.2099132513982
243.4081466176035
262.9101536677798
262.1721441315564
261.4233155312152
260.6634173369905
259.8919759358186
259.1087109573551
258.31405817891914
257.54109624460887
256.72277997941285
255.89088670026683
255.0448839866273
254.18423538171373
253.30837225505118
252.4166911359393
251.50855076213892
250.58326880624077
249.64011823625177
248.67832325990642
247.69705479384746
246.69542538882988
245.67248353011922
244.6272072178173
243.55849671437588
242.4651663253109
241.34593505316047
240.1994159328226
239.02410381698417
237.81836133135477
236.580402658139
235.30827472903397
233.9998353112325
232.65272734498774
231.2643487304576
229.83181655271494
228.35192446018544
226.8210915497547
225.23530062777542
223.59002306175674
221.8801265417518
220.0997608280537
218.2422148136016
216.2997357305558
214.26329767137386
212.1223066383454
209.86234659443963
207.46492902226672
204.8967826063448
204.26123691185757
204.7198754578095
205.66052060408413
206.7261068229942
207.86835510895773
209.06115398354575
210.32946266527514
211.9541895262384
213.44133235765474
215.21960150659484
217.5241927793027
221.21554499141627
225.15917953285813
991.675
975.0250000000001
958.375
941.7249999999999
925.075
908.425
891.7750000000001
875.125
858.4749999999999
841.825
825.175
808.5250000000001
791.875
775.225
758.575
741.925
725.2750000000001
708.625
691.975
675.325
658.675
642.0250000000001
625.375
608.725
592.075
575.425
558.7750000000001
542.125
525.4750000000001
508.82500000000005
492.17500000000007
475.52500000000003
458.87500000000006
442.2250000000001
425.57500000000005
408.925
392.27500000000003
375.62500000000006
358.9750000000001
342.32500000000005
325.675
309.02500000000003
292.37500000000006
275.7250000000001
259.0750000000001
242.42500000000007
225.77500000000003
209.12500000000006
192.47500000000008
175.8250000000001
159.17500000000007
142.52500000000003
125.87500000000006
109.22500000000008
92.5750000000001
75.92500000000013
59.27500000000009
42.62500000000006
25.97500000000008
9.325000000000045
991.675
975.0250000000001
958.375
941.7249999999999
925.075
908.425
891.7750000000001
875.125
858.4749999999999
841.825
825.175
808.5250000000001
791.875
775.225
758.575
741.925
725.2750000000001
708.625
691.975
675.325
658.675
642.0250000000001
625.375
608.725
592.075
575.425
558.7750000000001
542.125
525.4750000000001
508.82500000000005
492.17500000000007
475.52500000000003
458.87500000000006
442.2250000000001
425.57500000000005
408.925
392.27500000000003
375.62500000000006
358.9750000000001
342.32500000000005
325.675
309.02500000000003
292.37500000000006
275.7250000000001
259.0750000000001
242.42500000000007
225.77500000000003
209.12500000000006
192.47500000000008
175.8250000000001
159.17500000000007
142.52500000000003
125.87500000000006
109.22500000000008
92.5750000000001
75.92500000000013
59.27500000000009
42.62500000000006
25.97500000000008
9.325000000000045
71.99776174221068
217.01000768652335
364.0881969673224
513.2989657602532
664.7123430173305
818.4019888572027
974.4454544918161
1132.9244660840604
1293.9252352490853
1457.5387992795297
1623.8613946007117
1792.994867456524
1965.0471264032508
2140.132641862254
2318.3729987724905
2499.897509313176
2684.8438937640362
2873.3590388704306
3065.5998446264275
3261.7341722345636
3461.941908213651
3666.4161622902666
3875.364619932053
4089.011074297341
4307.597167159287
4531.38437423639
4760.656277613876
4995.721176948179
5236.915102404233
5484.6053064372345
5739.194329471144
6001.124757423034
6270.884818476628
6549.0150047191455
6836.115954275867
7132.857895693662
7439.992044632657
7758.3644622042175
8088.933047373162
8432.788561763922
8791.180902711361
9165.552293651443
9557.579719233203
9969.22990692487
10402.831629861832
10861.172385225706
11347.630131112692
11866.35531456086
12422.70861646986
13025.376365503422
13691.003710481855
14442.934131168236
15310.397476479815
16338.17072644289
17597.182421560137
19215.1720070592
21460.23421870063
25047.3748047095
33667.72468866439
56560.69457252452
65.66029221162617
197.4229860641254
331.1172932131396
466.7879427240877
604.5194924922835
744.3619992582593
886.2376602421236
1030.3799996474386
1176.4804905398796
1325.0049933789428
1476.0485654255908
1629.7069845621686
1786.0817728957963
1945.280672835253
2107.418174012379
2272.616097749431
2441.0042468324455
2612.721129605493
2787.914768893782
2966.7436080472135
3149.377528535469
3335.9989961033584
3526.8043556146995
3722.0052985065777
3921.83053141232
4126.527680208223
4336.3654707777405
4551.636236534956
4772.658813689839
4999.781899011523
5233.387962307881
5473.8978281436
5721.77607003439
5977.537397639546
6241.754266327371
6515.066003122273
6798.189829456655
7091.9342779946255
7397.215660722814
7715.078467320046
8046.7208849392855
8393.527076691224
8757.108509411824
9139.356613507436
9542.84519836754
9970.875165588996
10429.386706918298
10926.396018453679
11470.404951685134
12071.685740204746
12743.310327802945
13503.145411960028
14376.781301793433
15403.556004661223
16646.04329654461
18215.262851462343
20342.786926897916
23660.392490841477
31616.553506666045
56560.69457252452
3.521179111399233e+23
3.521179111399233e+23
3.521179111399257e+23
3.521179111399233e+23
3.521179111399233e+23
3.521179111399233e+23
3.521179111399233e+23
3.521179111399257e+23
3.521179111399233e+23
3.521179111399233e+23
3.521179111399233e+23
3.521179111399233e+23
3.521179111399257e+23
3.5211791113992086e+23
3.521179111399257e+23
3.521179111399233e+23
3.521179111399233e+23
3.521179111399257e+23
3.5211791113992086e+23
3.521179111399257e+23
3.521179111399233e+23
3.521179111399233e+23
3.521179111399257e+23
3.5211791113992086e+23
3.521179111399257e+23
3.521179111399233e+23
3.521179111399233e+23
3.521179111399233e+23
3.521179111399233e+23
3.521179111399244e+23
3.521179111399244e+23
3.521179111399233e+23
3.521179111399233e+23
3.521179111399233e+23
3.521179111399257e+23
3.521179111399233e+23
3.521179111399233e+23
3.521179111399233e+23
3.521179111399233e+23
3.521179111399257e+23
3.521179111399233e+23
3.521179111399233e+23
3.521179111399233e+23
3.521179111399233e+23
3.521179111399233e+23
3.521179111399257e+23
3.521179111399233e+23
3.521179111399233e+23
3.521179111399233e+23
3.521179111399233e+23
3.521179111399257e+23
3.521179111399233e+23
3.521179111399233e+23
3.521179111399233e+23
3.521179111399233e+23
3.521179111399233e+23
3.521179111399257e+23
3.521179111399233e+23
3.521179111399233e+23
3.521179111399257e+23
3.521179111399233e+23
3.521179111399233e+23
3.521179111399257e+23
3.521179111399233e+23
3.521179111399233e+23
3.521179111399233e+23
3.521179111399233e+23
3.521179111399257e+23
3.521179111399233e+23
3.521179111399233e+23
3.521179111399233e+23
3.521179111399233e+23
3.521179111399257e+23
3.5211791113992086e+23
3.521179111399257e+23
3.521179111399233e+23
3.521179111399233e+23
3.521179111399257e+23
3.5211791113992086e+23
3.521179111399257e+23
3.521179111399233e+23
3.521179111399233e+23
3.521179111399257e+23
3.5211791113992086e+23
3.521179111399257e+23
3.521179111399233e+23
3.521179111399233e+23
3.521179111399233e+23
3.521179111399233e+23
3.521179111399244e+23
3.521179111399244e+23
3.521179111399233e+23
3.521179111399233e+23
3.521179111399233e+23
3.521179111399257e+23
3.521179111399233e+23
3.521179111399233e+23
3.521179111399233e+23
3.521179111399233e+23
3.521179111399257e+23
3.521179111399233e+23
3.521179111399233e+23
3.521179111399233e+23
3.521179111399233e+23
3.521179111399233e+23
3.521179111399257e+23
3.521179111399233e+23
3.521179111399233e+23
3.521179111399233e+23
3.521179111399233e+23
3.521179111399257e+23
3.521179111399233e+23
3.521179111399233e+23
3.521179111399233e+23
3.521179111399233e+23
3.521179111399233e+23
3.521179111399257e+23
3.521179111399233e+23
3.521179111399233e+23
3.521179111399257e+23
-2.646895796702027
-2.700398424389844
-2.5318516504266126
-2.3724217995895955
-2.199149907533671
-1.9676694633187304
-14.53573144265313
-2.34917572715045
-2.3014605779144066
-2.2769392886557034
-2.24972580374126
-2.220015701687545
-2.178793718879645
-2.153108921701285
-2.145058039742204
-2.144355476652853
-2.1717389511196385
-2.192618363611544
-2.2051224123159137
-2.223073386949759
-2.235412952932073
-2.238385285558569
-2.242159556121395
-2.231550110465917
-2.2102742754550597
-2.1929058569584696
-2.1727543383769103
-2.145453705210531
-2.135131071099182
-2.113117618327875
-2.0985550118685365
-2.0896221737715237
-2.075951063696342
-2.0691861155934554
-2.078183667247444
-2.07669762796169
-2.0897392967995163
-2.1293131663169254
-2.148965464383938
-2.184747496649338
-2.231257665584478
-2.23948896034771
-2.275142072764191
-2.3158244529911425
-2.2538891812519806
-2.140136377434317
-1.8592784451491418
-1.4791651077623507
-1.0462096076966032
-0.44614027970154246
-0.023342734207831894
-0.009793005249789294
-0.005955042074983888
-0.0046317092728513365
-0.004455158437471768
-0.004498527965129076
-0.0053268757629760105
-0.006282712633291589
-0.005670693562630849
-0.0012056686069786236
-2.8567815071196536
1.4171609455867906
-2.7763055701913277
1.3433208845682638
-2.8040955299780697
1.1445766985123902
-2.960979337480534
0.19919669586888966
-0.5118909961865311
-0.6227536981674574
-0.6636075307519944
-0.6783412565680862
-0.6761822567147137
-0.6751366421589271
-0.6741944870911427
-0.6683225443012678
-0.6749224947109815
-0.6733404250718174
-0.6749493285715099
-0.6903750919865396
-0.7031511712098745
-0.716616095380557
-0.7368145404839096
-0.7551239441435016
-0.7734799302312482
-0.797061029762155
-0.8256573689716464
-0.8582794332540307
-0.8980227808420655
-0.933526933070228
-0.9709376127230562
-1.0124124621421653
-1.0480250611940871
-1.091086024542474
-1.1481104626289236
-1.181918447188147
-1.2091861268777535
-1.23774395193677
-1.223882569995081
-1.2165633001866385
-1.2054494774289228
-1.1266769270883266
-1.0467010577281635
-0.9328781958955951
-0.6731074014788058
-0.3445061972092086
-0.15216775590833834
-0.06495178013175701
-0.03333563872177897
-0.02157937043429997
-0.0163169020623955
-0.013248167829646024
-0.011290184960948954
-0.009921624513252889
-0.008927305716615874
-0.007838007522689538
-0.00704571140703298
-0.00603000983894568
-0.004792020005225658
-0.001848756652213679
-1.695996538310311
-1.8109311147495077
-1.6595221805017388
-1.5174155125241668
-1.358854871921892
-1.1436445668533821
-13.750709154447051
-1.5568116207821987
-1.523112658179997
-1.5143236781858036
-1.5019266993930813
-1.4880849142965076
-1.4623718398932226
-1.45220879183708
-1.4567822384065892
-1.471373201472204
-1.5139421057610036
-1.5497820192015013
-1.5796353921473951
-1.612789941995203
-1.6396692353993956
-1.6565029672405274
-1.6772108043287801
-1.6798763531258203
-1.6746453636307592
-1.6728748867901402
-1.6678037330242717
-1.65796734801242
-1.6606868763658724
-1.6552703523119305
-1.6549339619145655
-1.6601107209903887
-1.6643341283491395
-1.6713427904493585
-1.6947006687713042
-1.7094259864794594
-1.7366902340365868
-1.791982125236899
-1.8261555795081676
-1.877746867111199
-1.9400338694284471
-1.964119156968593
-2.0140354254149884
-2.0704370771032643
-2.0231489582900224
-1.9246706576795134
-1.6584817906586977
-1.2933497575162676
-0.8784362350963306
-0.30318041679058183
0.154584582445068
0.13305690192794373
0.11880574576517233
0.10405761501371558
0.08943733286346855
0.0746420484009036
0.06031531832871906
0.04632371564647997
0.03259443781308846
0.015297827594906721
0.2613388262730041
-3.717257166116923
0.5682972263998209
-3.5981917645101476
0.45837976339281283
-3.632392916692382
0.03978921756529985
-2.9416699637889963
-0.841417587884493
-1.2866094905306085
-1.3569153010659107
-1.370043583270487
-1.3588680828667066
-1.3464614726794935
-1.3332874683953975
-1.3151654827400137
-1.3075443153374806
-1.2922340936250123
-1.2806913145493013
-1.2825179748756028
-1.2813446931417047
-1.280406211704502
-1.287495505159086
-1.2911348323562066
-1.2956816175799872
-1.3049671796657094
-1.319391370165306
-1.3386261964334096
-1.3644058768595926
-1.384959695537077
-1.4087616931237221
-1.437374728508786
-1.4575372039304
-1.487460896664686
-1.5304077331342114
-1.550347016847411
-1.563573518427205
-1.5784207528001843
-1.550838409379793
-1.5287924842832297
-1.5046262354800035
-1.4119378547632948
-1.3187319953688643
-1.1927093534587243
-0.9169300310830124
-0.6523693774680908
-0.2591131579779926
-0.2370606008315974
-0.2020497880636185
-0.177299165346966
-0.15776642049050338
-0.14044685719019867
-0.12395369898510467
-0.10793495608692183
-0.09210670747211225
-0.07649870241198187
-0.06107145332131836
-0.04566429465509714
-0.03041825967156342
-0.016291894209729207
-0.9007039066138851
-0.885707186568764
-0.8707104665236428
-0.8557137464785215
-0.8407170264334004
-0.8257203063882791
-0.8107235863431581
-0.7957268662980369
-0.7807301462529156
-0.7657334262077945
-0.7507367061626733
-0.7357399861175522
-0.7207432660724309
-0.7057465460273097
-0.6907498259821886
-0.6757531059370673
-0.6607563858919462
-0.645759665846825
-0.6307629458017038
-0.6157662257565827
-0.6007695057114615
-0.5857727856663402
-0.5707760656212191
-0.5557793455760979
-0.5407826255309767
-0.5257859054858555
-0.5107891854407343
-0.4957924653956131
-0.48079574535049197
-0.4657990253053708
-0.45080230526024956
-0.4358055852151283
-0.42080886517000715
-0.40581214512488606
-0.39081542507976486
-0.3758187050346436
-0.3608219849895224
-0.34582526494440124
-0.33082854489928004
-0.3158318248541589
-0.3008351048090377
-0.2858383847639165
-0.2708416647187953
-0.25584494467367414
-0.24084822462855296
-0.22585150458343184
-0.21085478453831055
-0.19585806449318935
-0.18086134444806817
-0.16586462440294705
-0.15086790435782588
-0.1358711843127046
-0.12087446426758343
-0.10587774422246227
-0.09088102417734109
-0.07588430413221993
-0.06088758408709875
-0.04589086404197749
-0.03089414399685632
-0.015897423951735153
0.8656326455026101
0.8512198619549917
0.8368070784073732
0.8223942948597548
0.8079815113121362
0.7935687277645178
0.7791559442168994
0.764743160669281
0.7503303771216624
0.735917593574044
0.7215048100264256
0.7070920264788072
0.6926792429311887
0.6782664593835701
0.6638536758359519
0.6494408922883333
0.6350281087407148
0.6206153251930964
0.6062025416454778
0.5917897580978596
0.577376974550241
0.5629641910026225
0.5485514074550041
0.5341386239073855
0.5197258403597672
0.5053130568121487
0.49090027326453023
0.4764874897169118
0.4620747061692933
0.4476619226216749
0.43324913907405643
0.41883635552643794
0.4044235719788195
0.39001078843120107
0.3755980048835826
0.36118522133596415
0.34677243778834566
0.3323596542407273
0.3179468706931088
0.3035340871454903
0.2891213035978718
0.2747085200502533
0.2602957365026349
0.2458829529550165
0.23147016940739804
0.21705738585977963
0.20264460231216105
0.1882318187645426
0.17381903521692416
0.15940625166930572
0.14499346812168729
0.13058068457406877
0.11616790102645032
0.10175511747883188
0.08734233393121343
0.072929550383595
0.05851676683597656
0.04410398328835803
0.029691199740739586
0.015278416193121147
-16.649999999999977
-16.649999999999977
-16.65000000000009
-16.649999999999977
-16.649999999999977
-16.649999999999977
-16.649999999999977
-16.65000000000009
-16.649999999999977
-16.649999999999977
-16.649999999999977
-16.649999999999977
-16.65000000000009
-16.649999999999864
-16.65000000000009
-16.649999999999977
-16.649999999999977
-16.65000000000009
-16.649999999999864
-16.65000000000009
-16.649999999999977
-16.649999999999977
-16.65000000000009
-16.649999999999864
-16.65000000000009
-16.649999999999977
-16.649999999999977
-16.649999999999977
-16.649999999999977
-16.650000000000034
-16.650000000000034
-16.649999999999977
-16.649999999999977
-16.649999999999977
-16.65000000000009
-16.649999999999977
-16.649999999999977
-16.649999999999977
-16.649999999999977
-16.65000000000009
-16.649999999999977
-16.649999999999977
-16.649999999999977
-16.649999999999977
-16.649999999999977
-16.65000000000009
-16.649999999999977
-16.649999999999977
-16.649999999999977
-16.649999999999977
-16.65000000000009
-16.649999999999977
-16.649999999999977
-16.649999999999977
-16.649999999999977
-16.649999999999977
-16.65000000000009
-16.649999999999977
-16.649999999999977
-16.65000000000009
-16.649999999999977
-16.649999999999977
-16.65000000000009
-16.649999999999977
-16.649999999999977
-16.649999999999977
-16.649999999999977
-16.65000000000009
-16.649999999999977
-16.649999999999977
-16.649999999999977
-16.649999999999977
-16.65000000000009
-16.649999999999864
-16.65000000000009
-16.649999999999977
-16.649999999999977
-16.65000000000009
-16.649999999999864
-16.65000000000009
-16.649999999999977
-16.649999999999977
-16.65000000000009
-16.649999999999864
-16.65000000000009
-16.649999999999977
-16.649999999999977
-16.649999999999977
-16.649999999999977
-16.650000000000034
-16.650000000000034
-16.649999999999977
-16.649999999999977
-16.649999999999977
-16.65000000000009
-16.649999999999977
-16.649999999999977
-16.649999999999977
-16.649999999999977
-16.65000000000009
-16.649999999999977
-16.649999999999977
-16.649999999999977
-16.649999999999977
-16.649999999999977
-16.65000000000009
-16.649999999999977
-16.649999999999977
-16.649999999999977
-16.649999999999977
-16.65000000000009
-16.649999999999977
-16.649999999999977
-16.649999999999977
-16.649999999999977
-16.649999999999977
-16.65000000000009
-16.649999999999977
-16.649999999999977
-16.65000000000009
290.237641000929
289.3354924435183
288.4206041192276
287.49256881540146
286.5509587780481
285.5953242822417
284.62519207463527
283.64006367400674
282.63941351391105
281.6226869093749
280.5892978271015
279.53862643578617
278.4700164098117
277.38277195570123
276.27615452615487
275.1493791811497
274.00161054928355
272.8319583350952
271.6394723092542
270.42313670798393
269.1818639554843
267.91448760799256
266.61975439986605
265.2963152499454
263.94271505950906
262.557381100138
261.1386097492018
259.6845512804086
258.19319235426076
256.66233577480034
255.0895769800328
253.47227660761405
251.80752831628635
250.09212083557932
248.3224929454723
246.49467973176817
244.6042479904162
242.6462180200144
240.61496818113653
238.50411741828682
236.30637929227584
234.0133787404592
231.61541943324997
229.1011846958677
226.457347654386
223.66805511832658
220.71423229568154
217.57262738455165
214.21448612835047
210.6013922158116
206.76359112215405
205.4730079871077
206.28713285683858
208.17652253158465
211.25552263964153
215.38320900921786
220.71888993164163
227.86795980538204
236.54555607172045
242.30742770998
244.51043030877702
262.9101536677798
262.17462040891
261.434134595333
260.6769632082276
259.9143382068835
259.1340804058838
258.3478082499564
257.54477484901196
256.7331111313053
255.90814231861998
255.06932457301326
254.21613689134088
253.34802736318616
252.46441063801578
251.5646651249624
250.64812989041505
249.7141012131661
248.76182875043705
247.7905112604754
246.79929181831912
245.78725245044026
244.75340810089781
243.69669982583642
242.61598709401497
241.51003904770644
240.37752454971414
239.2170008070307
238.02690031803726
236.8055158357719
235.55098297160575
234.2612599775618
232.9341041360028
231.56704404507227
230.1573469069425
228.70197968958695
227.19756272188351
225.64031386872549
224.02598087792492
222.3497587366881
220.606187837915
218.7890273092919
216.89109580901084
214.90406914320027
212.81821969064697
210.62208707714336
208.29829960283539
205.82725193279757
204.35860774131905
204.49055618483354
205.19019803094682
206.19331371353917
207.29723096597598
208.46475454625175
209.69530832441046
211.14182609575676
212.69776094194657
214.3304669321248
216.37189714294877
219.3698688853595
223.18736226213719
227.13099680357908
1000.0
983.35
966.7
950.05
933.4
916.75
900.1
883.45
866.8
850.15
833.5
816.85
800.2
783.55
766.9000000000001
750.25
733.6
716.95
700.3
683.6500000000001
667.0
650.35
633.7
617.05
600.4000000000001
583.75
567.1
550.45
533.8000000000001
517.1500000000001
500.50000000000006
483.85
467.20000000000005
450.55000000000007
433.9000000000001
417.25
400.6
383.95000000000005
367.30000000000007
350.6500000000001
334.0
317.35
300.70000000000005
284.05000000000007
267.4000000000001
250.7500000000001
234.10000000000002
217.45000000000005
200.80000000000007
184.1500000000001
167.5000000000001
150.85000000000002
134.20000000000005
117.55000000000007
100.90000000000009
84.25000000000011
67.60000000000014
50.950000000000045
34.30000000000007
17.65000000000009
1.0
1000.0
983.35
966.7
950.05
933.4
916.75
900.1
883.45
866.8
850.15
833.5
816.85
800.2
783.55
766.9000000000001
750.25
733.6
716.95
700.3
683.6500000000001
667.0
650.35
633.7
617.05
600.4000000000001
583.75
567.1
550.45
533.8000000000001
517.1500000000001
500.50000000000006
483.85
467.20000000000005
450.55000000000007
433.9000000000001
417.25
400.6
383.95000000000005
367.30000000000007
350.6500000000001
334.0
317.35
300.70000000000005
284.05000000000007
267.4000000000001
250.7500000000001
234.10000000000002
217.45000000000005
200.80000000000007
184.1500000000001
167.5000000000001
150.85000000000002
134.20000000000005
117.55000000000007
100.90000000000009
84.25000000000011
67.60000000000014
50.950000000000045
34.30000000000007
17.65000000000009
1.0
0.0
143.99552348442137
290.02449188862533
438.1519020460195
588.446029474487
740.9786565601739
895.8253211542315
1053.0655878294008
1212.78334433872
1375.0671261594503
1540.0104723996092
1707.712316801814
1878.2774181112338
2051.816834695268
2228.44844902924
2408.2975485157413
2591.497470110611
2778.1903174174613
2968.5277603233994
3162.671928929456
3360.796415539671
3563.0874008876303
3769.7449236929033
3980.984316171202
4197.03783242348
4418.156501895094
4644.612246577686
4876.700308650065
5114.742045246293
5359.088159562174
5610.122453312295
5868.266205629991
6133.983309216076
6407.786327737181
6690.243681701109
6981.988226850625
7283.727564536697
7596.256524728617
7920.472399679818
8257.393695066505
8608.18342846134
8974.178376961383
9356.9262103415
9758.233228124906
10180.226585724831
10625.436673998833
11096.908096452578
11598.352165772805
12134.358463348914
12711.058769590803
13339.69396141604
14042.313459547671
14843.554802788803
15777.240150170826
16899.101302714953
18295.263540405325
20135.08047371307
22785.38796368819
27309.361645730805
40026.08773159798
52742.81381746524
0.0
131.32058442325234
263.5253877049985
398.7091987212807
534.8666867268947
674.1722982576723
814.5517002588463
957.923620225401
1102.836379069476
1250.1246020102833
1399.885384747602
1552.2117461035793
1707.2022230207576
1864.9613227708348
2025.6000228996713
2189.2363251250868
2355.9958703737757
2526.0126232911157
2699.42963591987
2876.3999018676936
3057.087314226733
3241.6677428442053
3430.3302493625115
3623.2784618668875
3820.732135146268
4022.928927678372
4230.126432738072
4442.60450881741
4660.667964252503
4884.649663127174
5114.914134895872
5351.861789719889
5595.933866567311
5847.618273501468
6107.4565217776235
6376.052010877119
6654.079995367428
6942.299663545883
7241.568892443369
7552.86242900226
7877.294505637832
8216.147264240739
8570.906889141708
8943.310129681939
9335.403097332932
9750.287299402149
10191.463031775842
10667.310382060754
11185.481654846604
11755.328248523663
12388.04323188583
13098.577423720062
13907.713400199993
14845.849203386873
15961.262805935572
17330.823787153648
19099.701915771042
21585.87193802479
25734.91304365816
37498.19396967393
49261.474895689775
430.1155285943455
427.5819646210763
425.1592011265686
422.60485304190206
419.95572467052426
417.2564497238889
414.5158565995927
445.25972853671624
442.3704619343292
439.49457785416917
436.64887650080357
433.85039354985804
431.10466828957897
428.4107799738888
425.7527191661085
423.1274517224106
420.5310950126634
417.9482607879923
415.3893018410412
412.85486452071257
410.33983818303324
407.8572084817435
405.4066350674736
402.980353619898
400.58833144647826
398.23158371611845
395.90195075900147
393.6087191204174
391.3497875703457
389.12346832192725
386.93864234667353
384.7969228952576
382.69320253357733
380.6384085511369
378.6295977698205
376.66577079599443
374.761342880958
372.90986093959737
371.10848519007067
369.3744209780584
367.7004760351636
366.0882678445055
364.560588294863
363.1129688215413
361.75118621068276
360.5056256604394
359.36497747395106
358.3412155770399
357.42251451790673
356.57991410758336
355.83879732388357
355.49712509580496
355.646914808454
356.1011236967697
356.78217893799246
357.5584180575793
358.39591668088656
359.24517140475825
360.08169681376
360.780711859726
361.7927115479522
317.3857130987551
315.79557130772287
315.9543205550671
313.8669264495179
313.75431444936464
311.56632348384636
311.33861198031246
309.38278208387356
308.726381172299
306.8136796645838
305.3694357384339
304.01905109789277
302.7113613985062
301.4316702049513
300.1704021833227
298.9231045011218
297.68688920621327
296.45823865825264
295.2403676702899
294.03134726189785
292.8293075332811
291.6375320423066
290.45686602420693
289.2870299524779
288.1312516957613
286.99142167753774
285.8675264651509
284.7607488990734
283.67262063427563
282.60355937306394
281.55831101300475
280.5380114324259
279.54265244252366
278.5751876985218
277.6373289640227
276.73321836487935
275.86819023821545
275.03909734334565
274.2445153174728
273.49432012896267
272.7806050530935
272.1007836748743
271.4675271065938
270.86522097658803
270.2928308091299
269.7668169745323
269.30552498400505
269.02698782321306
269.08421107904934
269.3387632083027
269.73097904387464
270.19493268397446
270.69347470286755
271.2081503400392
271.7361049898988
272.2618410714795
272.77720349409094
273.3089770947618
273.91251227053044
274.6720086892452
275.78907195455355
402.3714679083159
399.4134506627049
396.5586128078185
393.5652328485916
390.4703342846861
387.31829275878
384.1181872688373
378.4488969317378
375.3852488623434
372.2667968916407
369.1294481482446
366.0006617848155
362.8933002106641
359.8117724256897
356.7453228750983
353.6944289391806
350.6576975994601
347.6222122367413
344.5991248078524
341.5900882294819
338.5910895063675
335.615487657797
332.6634934153553
329.7280455852142
326.8193296429739
323.9387628513289
321.0786873191253
318.2485885687691
315.4467388359346
312.6717477503561
309.9325433129505
307.2309356779122
304.5620195695199
301.9367857791883
299.3524770643126
296.8082574311127
294.3185522817677
291.8770719826643
289.4811337406761
287.1479615263904
284.8705260521556
282.6505550788444
280.5108677463959
278.447189489811
276.465402335441
274.5959333052613
272.8277868743961
271.1730867471167
269.6202840396845
268.1407650928466
266.7601136550371
265.7766184370342
265.2830378807189
265.0936917480926
265.1333930587628
265.2933001933462
265.5500019456395
265.9253270550382
266.5307733450437
267.3778366369898
267.9079287280777
270.9174985846977
269.0377295447573
268.9002725034945
266.5103343624109
266.0888763431954
263.5851740807505
263.035289762099
260.7502911724449
259.7582135803402
257.5031849195973
255.7102362376619
254.0049610723766
252.3364449142182
250.6901951109523
249.0569733200597
247.4324972728551
245.813981142236
244.1980638342158
242.5878863821759
240.9815232740709
239.377157220567
237.7779755966338
236.1847614008769
234.5972055820118
233.0184238667513
231.4502195271614
229.8925073486634
228.3463575094566
226.8131981923813
225.2933487656393
223.7914100274701
222.3084129383175
220.8442433526652
219.4017007137458
217.9823843296615
216.5903181072535
215.2306541290797
213.9001644523441
212.5973171124468
211.331786057966
210.095731126846
208.8865226357871
207.7166068367366
206.5706471978385
205.4476254079601
204.3637415317417
203.3375226147031
202.4869724376526
201.9650498140515
201.6333728460415
201.4324217685708
201.2968669642599
201.1919550608328
201.1019036461597
201.0283929164373
200.96876345987
200.9186991419218
200.9217430162237
201.0478402912594
201.389615368373
201.8289112838437
27.74406068602965
28.16851395837138
28.60058831875005
29.03962019331047
29.48539038583816
29.93815696510892
30.39766933075542
66.81083160497842
66.9852130719858
67.2277809625285
67.51942835255895
67.84973176504253
68.21136807891486
68.59900754819913
69.00739629101022
69.43302278322999
69.87339741320328
70.326048551251
70.79017703318883
71.26477629123067
71.74874867666573
72.2417208239465
72.74314165211831
73.25230803468381
73.76900180350437
74.29282086478959
74.82326343987611
75.36013055164831
75.90304873441114
76.45172057157117
77.00609903372307
77.56598721734538
78.13118296405743
78.70162277194856
79.27712070550793
79.85751336488174
80.4427905991903
81.0327889569331
81.62735144939454
82.22645945166802
82.82994998300804
83.43771276566113
84.04972054846714
84.66577933173028
85.28578387524173
85.90969235517811
86.53719059955495
87.1681288299232
87.80223047822221
88.43914901473674
89.07868366884647
89.72050665877079
90.36387692773513
91.00743194867711
91.64878587922966
92.26511786423305
92.84591473524705
93.31984434972001
93.55092346871626
93.40287522273623
93.88478281987449
46.46821451405741
46.75784176296551
47.05404805157264
47.35659208710702
47.66543810616921
47.98114940309588
48.30332221821344
48.63249091142867
48.96816759195878
49.31049474498647
49.65919950077197
50.01409002551618
50.37491648428802
50.74147509399899
51.11342886326301
51.49060722826674
51.87290806397725
52.26017482403685
52.652481288114
53.04982398782697
53.4521503127141
53.85955644567277
54.27210462333004
54.68982437046607
55.11282782901
55.54120215037633
55.97501911648747
56.41439138961678
56.85942244189432
57.31021060742466
57.76690098553463
58.22959849410838
58.69840908985847
59.17348698477601
59.65494463436121
60.14290025762587
60.63753610913574
61.13893289100157
61.647198205026
62.16253407099666
62.68487392624746
63.21426103908725
63.75092026985724
64.29457377874954
64.84520540116978
65.4030754427906
65.96800236930198
66.54001538556048
67.11916126499784
67.70539036226118
68.29855727530386
68.89806571971457
69.50151964203476
70.10624669387947
70.70771207346152
71.29307761160952
71.85850435216916
72.3872340785381
72.86467197927107
73.28239332087222
73.96016067070985
562.974007055021
558.7444465434413
554.5107519341841
550.2968816690159
546.1303377851139
542.0722079665567
538.187970275407
555.1811330580838
550.7350548349143
546.3360580965743
541.9760330650228
537.6756234146843
533.4418132401086
529.2855530845253
525.175283484908
521.0932338028035
517.0255038915841
512.928727561152
508.8199865949993
504.7059138825232
500.57809760284874
496.4557986661596
492.34872228464917
488.24523003274487
484.17333150619913
480.1419384122087
476.1394305683017
472.1783951966933
468.26149629860925
464.37449017382477
460.53439384625943
456.7377404329285
452.97390935025777
449.2547812394684
445.57462766770254
441.9161000251053
438.3022461235894
434.7140739481922
431.1207160734285
427.5604962819081
424.0088044719022
420.4565624118155
416.9647637052045
413.50310880646776
410.070889118506
406.80217960997265
403.73686076580486
401.05461707823474
398.8425662615853
397.1215296161657
396.0772324156753
395.8901447700419
396.17299138461885
396.74600601869963
397.5311188749363
398.39679532738654
399.3089359990946
400.218506041295
401.1013551659433
401.83296464972227
402.8602621655435
341.6871453631428
340.3583423983834
336.7998344796108
335.2807376004615
331.5699338357979
329.8403226336726
325.9802182134463
324.06417753457265
320.4661066592091
317.7119875636094
314.98113414692887
312.2738342053219
309.5961009226648
306.95754164624316
304.3498121519351
301.7692270013388
299.2178462236903
296.6816513603921
294.1715462788044
291.68183455586313
289.1972768523707
286.7241566682545
284.2630844384504
281.80575286156227
279.3588397724893
276.92332813668594
274.4944657446334
272.0682968083905
269.64154234715926
267.20807520908795
264.7778671534917
262.3488058797892
259.9160721613782
257.49107021344594
255.06575058228208
252.63123225000453
250.21585710649316
247.82319069319624
245.45018791452324
243.14915431663326
240.90664675648094
238.7221991427817
236.677004719738
234.75596659436326
232.9908670734463
231.54792320776588
230.4342618397705
229.89661152100055
229.71677417600512
229.7692765171949
229.98419318741978
230.2903804070292
230.64847556873218
231.03919750691855
231.4592172006914
231.89284657479993
232.33171029499937
232.80241244234892
233.36028332346245
234.08936148250567
235.1901328536042
321.7213060838509
315.825803072415
309.8689967971954
303.8766666403212
297.8779544288061
291.9423767723916
286.1261752876885
263.3082912783755
256.6021031772002
249.9383038118245
243.3235831106654
236.7972856048377
230.378204093082
224.0854033048811
217.8736665117495
211.715342907807
205.5887361721839
199.4302272790862
193.2612773329053
187.0860876955863
180.8855305475652
174.6848500930372
168.4944178255395
162.294628199485
156.1219759437299
149.9861194504699
143.8673765600144
137.7852304951865
131.7407008937079
125.7137300513689
119.7337958725884
113.798579323481
107.8948659560623
102.0466309587676
96.24604389379436
90.47213150893634
84.76828617510004
79.11310130137716
73.47195905836136
67.90648633126791
62.38148281514498
56.88133738565943
51.48875034052649
46.16050076206663
40.91135062393929
35.94121073353505
31.29440348283724
27.17776389401942
23.66587540133726
20.74827175368031
18.60950433645713
17.40605655706087
16.71754659895885
16.34299656780555
16.17106635082912
15.97225203866143
15.6543685807738
14.8707110833849
12.8867672440989
7.654475296951779
0.0
185.7535400291088
183.3384259595443
178.6682400132548
176.0126046945159
171.1435014623304
168.243775853029
163.202650252069
160.105210848943
155.3265414743302
151.3987639738912
147.5028766499602
143.6401958429466
139.8160984506815
136.0397788614223
132.2966457486192
128.5798299077178
124.8892069677149
121.2047122020872
117.53966584452
113.8874366529275
110.2279061188483
106.5694488458501
102.9129355211563
99.24742449198835
95.58215188877104
91.91894232903142
88.25189187227468
84.57932148962566
80.89912271653198
77.20499971035532
73.51219954835639
69.81929465320155
66.12107068364739
62.4355775767601
58.75572425319829
55.07323281749153
51.42779557446056
47.82116994810875
44.24757695254434
40.77245627510614
37.37368192729943
34.04898403100441
30.9017214048834
27.90662763772245
25.09776532772722
22.66493607966176
20.59916093910722
19.14959258188904
18.08329858173813
17.2578356906647
16.59258394025348
15.99825210762041
15.40935624313468
14.78208715398466
14.07550168787239
13.18790418532984
12.05168537518255
10.53490427367402
8.452659510796659
5.217739722128757
0.0
241.2527009711701
242.9186434710263
244.6417551369887
246.4202150286947
248.2523833563078
250.1298311941651
252.0617949877185
291.8728417797082
294.1329516577141
296.3977542847498
298.6524499543574
300.8783378098466
303.0636091470266
305.2001497796442
307.3016169731585
309.3778908949965
311.4367677194002
313.4985002820657
315.558709262094
317.6198261869369
319.6925670552835
321.7709485731224
323.8543044591097
325.9506018332599
328.0513555624692
330.1558189617388
332.2720540082873
334.3931647015068
336.5207954049013
338.6607601224559
340.800597973671
342.9391611094475
345.0790433941955
347.2081502807008
349.3285837739082
351.443968516169
353.5339599484893
355.6009726468151
357.6487570150672
359.6540099506402
361.6273216567572
363.5752250261561
365.476013364678
367.3426080444011
369.1595384945667
370.8609688764376
372.4424572829676
373.8768531842153
375.1766908602481
376.3732578624854
377.4677280792182
378.484088212981
379.45544478566
380.4030094508941
381.3600525241072
382.4245432887251
383.6545674183208
385.3477949579101
388.2145879218444
394.1784893527705
402.8602621655435
155.933605334034
157.0199164388391
158.131594466356
159.2681329059456
160.4264323734675
161.5965467806436
162.7775679613773
163.9589666856297
165.1395651848789
166.3132235897182
167.4782574969687
168.6336383623753
169.7800024719833
170.9177627848209
172.0531664033159
173.189397093621
174.3286392559754
175.4769391583049
176.6318804342844
177.7943979029356
178.9693707335224
180.1547078224044
181.3501489172941
182.5583283695739
183.7766878837183
185.0043858076545
186.2425738723587
187.4889753187649
188.7424196306273
190.0030754987326
191.2656676051353
192.5295112265877
193.7950014777308
195.0554926366858
196.3100263290838
197.557999432513
198.7880615320326
200.0020207450875
201.2026109619789
202.3766980415271
203.5329648291815
204.6732151117773
205.7752833148546
206.8493389566408
207.8931017457191
208.8829871281041
209.8351009006633
210.7470189391115
211.633475594267
212.5114408265302
213.3916092471663
214.2921282994088
215.2391193255975
216.2571103529339
217.383715512819
218.7049423894701
220.2800249198168
222.2675081686749
224.9076238126658
228.8716217603769
235.1901328536042
132.85847846067534
131.16248192236503
129.35155080761552
127.69202862711379
126.17461311458962
124.81575824266773
123.67211367581434
109.9214045213673
108.3645929005851
106.8414802424051
105.3271565642193
103.82522986482621
102.3371449505297
100.87477311063648
99.4225643187994
97.96578208039281
96.49440887892061
94.9804667731596
93.4306847539581
91.85104936181071
90.2382594198155
88.59859018441611
86.94208721717558
85.2648764128468
83.58500005972098
81.91035469609022
80.23747980930008
78.56967607627581
76.91170872826339
75.25102185189752
73.59575149958559
71.94081753767102
70.28070681668063
68.6163726883315
66.94502989788214
65.25032922911083
63.54090324263137
61.804213008594786
60.01223088335789
58.18607530384972
56.30832843673852
54.36829456731007
52.40417541034148
50.39013998492649
48.31970290782323
46.296553949533205
44.37188329185369
42.713401501194994
41.42005174367873
40.541615508582396
40.238435091791814
40.39301967423688
40.526076576164826
40.64488232193
40.748939936943714
40.83837726980718
40.913019318208086
40.973334636536805
41.019658352183285
41.05225278999637
41.06755061759128
24.301432264387614
24.56277109066062
20.845513924543695
21.413811150943516
17.81561938643337
18.27399914982618
14.6416062331338
14.6813954506991
11.739725486910103
10.89830789902561
9.611698408495002
8.254783107429091
6.884739524158604
5.525871441291898
4.179409968612404
2.8461225002170067
1.530957017476993
0.22341270213951248
-1.0688213914854998
-2.349512706034801
-3.632030680910404
-4.913375374052109
-6.193781585756611
-7.481277090915697
-8.772411923271903
-10.06809354085189
-11.3730607205176
-12.692452090682906
-14.031078287116316
-15.395484163975908
-16.780443859512985
-18.189205552636707
-19.626580281145493
-21.084117485075893
-22.57157838174058
-24.10198611487479
-25.6523331317222
-27.215906650149407
-28.79432740294959
-30.345165812329384
-31.873958296612614
-33.37858453209262
-34.79052238685591
-36.109254382224776
-37.3019637356835
-38.21889376676651
-38.871263144234604
-39.130376302212596
-39.367436903044194
-39.56948669110781
-39.74678585645478
-39.90455227694528
-40.04499913413548
-40.168952833120585
-40.27688778920751
-40.36899449667962
-40.4454931990916
-40.50656465241292
-40.552228947068016
-40.58264720673958
-40.59893910094931
80.65016182446504
83.58764759028986
86.68961601062318
89.6885662082704
92.59237985587998
95.37591598638846
97.99201198114876
115.1406056533624
118.7831456851432
122.3284930798162
125.8058650375791
129.2033761799778
132.5150961175821
135.7263691208086
138.8716563633489
141.9790860313737
145.0689614272763
148.1919849576551
151.3378474749471
154.5040005338955
157.7055589588023
160.9306375647598
164.1690755898158
167.4334173857292
170.6973536992439
173.952643400859
177.211310759111
180.4633580735827
183.7060379422268
186.9580176989872
190.1987474403622
193.4323563544312
196.6671536134575
199.8901548204207
203.1064331705182
206.3361259221764
209.5502661066676
212.7639706812871
216.0091746823147
219.2414751951225
222.4890432370106
225.7692176931849
229.0221174058694
232.2866887277444
235.5540517115017
238.6547225717263
241.5333833915589
243.9953228530972
245.9544086383472
247.3924933391663
248.15060931858
248.3705618799733
248.56549128176
248.750695180287
248.9623267079338
249.3210481546848
249.8956333648657
251.0546159716533
253.6440061009448
259.723361340038
267.9079287280777
85.16395855558889
85.69930358521299
90.2320324902397
90.49772966789509
94.94537488086493
95.34139822772151
99.83263951003
100.6450803235019
104.4316721060101
106.1044209457061
108.2073595877017
110.36476522943
112.5203464635367
114.65041624953
116.7603275714405
118.8526673651373
120.9247741745211
122.9933516321286
125.0482205376559
127.0940866211434
129.1492511017187
131.2085267507837
133.2718258797206
135.3497810900235
137.4362719779803
139.53127719813
141.6406154763888
143.767036019831
145.9140754758493
148.0883490552839
150.2792104791137
152.489118285116
154.7231726690178
156.9661231369857
159.2266600764632
161.5170852897619
163.8028585546191
166.0789945042354
168.3497401599025
170.5593297828599
172.7220491995466
174.8375386047827
176.8148854318532
178.6640195601161
180.3498600802329
181.6988054520799
182.7383616755959
183.3373798557636
183.8817512323134
184.3755371553768
184.8398378283173
185.2986148566395
185.7825988176982
186.319816492175
186.9528912285649
187.7808592745402
188.8670137667392
190.3868387425497
192.5951807804628
196.1718756462442
201.8289112838437
213.5086402851404
214.7501295126549
216.0411668182387
217.3805948353842
218.7669929704696
220.1916742290562
221.6641256569631
225.0620101747297
227.1477385857283
229.1699733222213
231.1330216017984
233.028606044804
234.8522410681118
236.6011422314451
238.2942206821483
239.9448681117665
241.5633703061969
243.1724517308147
244.7685322289052
246.3550498957062
247.9438183786178
249.5292277491759
251.1111628069914
252.698293798576
254.2823537589649
255.8629980969492
257.4487905684111
259.0330341498585
260.6177466704902
262.2090395508847
263.7944989399478
265.3731738921022
266.9478604301381
268.5065275087522
270.0514630684003
271.5864551512872
273.091169349299
274.5681836898819
276.0214055656726
277.4275504989722
278.7973716737491
280.137512260495
281.4262928162109
282.6768287126709
283.8737546193249
284.9512765212595
285.9052666834126
286.7087243542922
287.3744603820259
287.9341088477487
288.3890444103718
288.7635815542102
289.0915678579248
289.395577502217
289.7112666448775
290.159425424492
290.8086526830738
292.0279506081901
294.6636644531281
300.7756141300344
308.975479345669
109.4653908199765
110.2620746758736
111.0775464147834
111.9115408188386
112.7609942672983
113.6153973775477
114.4742457431638
115.326475774201
116.1713975929202
117.0027288447317
117.8190579961967
118.6195483368591
119.4050859876953
120.1762876908219
120.9397375400529
121.6987898653543
122.4557311919981
123.2167643342681
123.9793991461704
124.7445739151086
125.5172204208083
126.2951513767316
127.078044293964
127.8685039991078
128.6638600547084
129.4631836572781
130.2675547558712
131.0745839291481
131.882997188733
132.692864891308
133.4987666196007
134.2999127324793
135.0965923878723
135.8820056519098
136.6550816947226
137.4150991748871
138.1505254228969
138.863087854086
139.5554127569529
140.2141639705305
140.848090902934
141.4589540726901
142.0243630449973
142.5547651778913
143.0478963445494
143.4799116853134
143.8670985313613
144.207003553551
144.5143143292692
144.806050464269
145.0930519718625
145.3940625796942
145.7375996835627
146.1508636590544
146.6760034393574
147.4118647778606
148.4215205676476
149.8802740901368
152.0429518333948
155.5892284395046
161.2299721828944
-1.0841387421085524
-1.1579323203954246
-1.09636168861279
-1.0403362071452564
-0.9769026489982595
-0.8898352196024852
-8.254412780767725
-1.4168240656354985
-1.374480981859286
-1.3476528810376798
-1.3152285055825483
-1.279351045606228
-1.2357373437790677
-1.2062422760985583
-1.1892949758650686
-1.1814730830993057
-1.1961898348455469
-1.2069467770615088
-1.2159372681529832
-1.2300842646505004
-1.2393196278926368
-1.2435716609794687
-1.2528575872260204
-1.2501704668809028
-1.2437796902468028
-1.2429322547982082
-1.2382317162137082
-1.2327852461575688
-1.2367587791756196
-1.2330704146609972
-1.2318738615203495
-1.2347396369059773
-1.2344749227608138
-1.2373227142299519
-1.250736351852315
-1.255322563782988
-1.2666905027895867
-1.2929035230917476
-1.3033843710402473
-1.3237001711633103
-1.3519064048306793
-1.3611293741645976
-1.3847847726281768
-1.4050897434764533
-1.3516310297440632
-1.2618965582467705
-1.0747774082176444
-0.8365847583398399
-0.5805733699431098
-0.2385449705324861
0.04115434912252841
0.07538413856484981
0.11565171305780321
0.1589697569043183
0.19126834385294722
0.22069922687970595
0.1523077845626627
-0.21545811639202905
-1.281967601894988
-1.286745221040317
0.0
0.1326303311556266
-1.8826630086467895
0.2881274439398852
-1.8223413889192734
0.2324568499648262
-1.8396624963233112
0.020425273088999996
-1.4897913620945025
-0.4259437150799326
-0.6514538920747258
-0.6870712964479364
-0.693725983086148
-0.6880697501126136
-0.6817878257663681
-0.6751161240383596
-0.6659373689951268
-0.6620756793184909
-0.6543200029851346
-0.6484723713719721
-0.6493952666170425
-0.6487992799007438
-0.6483223302308236
-0.6519109047308455
-0.6537527975559738
-0.6560546448490407
-0.6607565069480672
-0.6680620244940072
-0.6778047034230288
-0.6908625596602647
-0.7012750537408222
-0.7133331158469876
-0.7278280465939004
-0.7380446297858669
-0.7532059541439009
-0.774964189558262
-0.7850719496416968
-0.7917789000784436
-0.7993059748922255
-0.7853452058460844
-0.7741860496859614
-0.761952315664313
-0.7150168133398975
-0.6678158721885433
-0.6039927913162326
-0.46432023775546466
-0.3303251637932495
-0.1311420221067429
-0.11998197397088142
-0.1022527073029961
-0.0897171467582408
-0.07981867336467599
-0.07103219870792338
-0.06265568978658101
-0.054506104358899465
-0.0464216220453485
-0.03842867175292486
-0.03047161230353823
-0.02244380793442602
-0.014281784308010081
-0.006461173031991674
0.0
-1.487940227291795
-1.571256497682716
-1.51907413157149
-1.470884110862749
-1.40995930291453
-1.325144963883022
-8.686368003285802
-1.845075099890915
-1.795843598505703
-1.761411640324678
-1.72095931842842
-1.677503044955887
-1.626623127133751
-1.593199010191383
-1.574022812408681
-1.565130953950931
-1.581921654120658
-1.59349040715908
-1.603768282720359
-1.621702350311159
-1.63361615222495
-1.640383169556983
-1.653504343843387
-1.65329895269582
-1.648919138561919
-1.650630040872502
-1.647276755024557
-1.642531813062252
-1.64724253465914
-1.641544004765181
-1.63793705438487
-1.638538993051764
-1.632563876306657
-1.629158512001822
-1.635953379891725
-1.628075455649633
-1.627854803873531
-1.643810375210947
-1.63727430296229
-1.645007845352317
-1.661524145124267
-1.647708524807135
-1.653620606844716
-1.655034682127746
-1.57059923768655
-1.458143315753209
-1.247059238413519
-0.9923461017250222
-0.728440662248028
-0.3840125034293148
-0.1114137361959541
-0.0987386225917201
-0.0938123119014488
-0.1071988388888031
-0.1817050748714817
-0.2910476905732731
-0.5870655999201315
-1.311617500363702
-3.079408016707094
-4.145772279589277
0.0
-0.271171154027616
-2.295987185934081
-0.1345849990188148
-2.252889292636766
-0.2005998039514443
-2.274972240603848
-0.411529949429078
-1.918042396349919
-0.8473063317263497
-1.065212651361724
-1.092802109293808
-1.091877982435807
-1.078955533467297
-1.068744559859193
-1.059843960581972
-1.049595239846752
-1.047807498593602
-1.040863633082706
-1.036303385939348
-1.041013352277701
-1.043095804233057
-1.045133838808338
-1.052557661348212
-1.056881283370891
-1.061194093164157
-1.068454293022361
-1.077107063304856
-1.087551270327712
-1.101346315143785
-1.109748643845006
-1.119396308711508
-1.131627402739687
-1.13613358333171
-1.145041751915771
-1.160181217597672
-1.157824841508342
-1.152943201162388
-1.150212827011425
-1.119235137768127
-1.095493723874968
-1.071570055957901
-1.001595963982435
-0.9366517064050823
-0.8539377299675253
-0.6832884456979516
-0.5265719212996881
-0.3034238523026175
-0.2757433173560637
-0.2501199996079142
-0.2351846796550695
-0.2323867586831585
-0.2451549598644933
-0.272119714745833
-0.3206747001520209
-0.4193950407697774
-0.5501755892059039
-0.7698449967863324
-1.118603191906099
-1.811722199120116
-2.865488231580952
0.0
0.4038014851832426
0.4133241772872912
0.4227124429587
0.4305479037174925
0.4330566539162705
0.4353097442805367
0.431955222518078
0.4282510342554165
0.4213626166464171
0.4137587592869981
0.4057308128458717
0.3981519993496589
0.3908857833546832
0.3869567340928249
0.3847278365436125
0.3836578708516253
0.385731819275111
0.3865436300975713
0.3878310145673759
0.3916180856606585
0.3942965243323131
0.3968115085775144
0.4006467566173665
0.4031284858149171
0.4051394483151162
0.4076977860742938
0.4090450388108489
0.4097465669046832
0.4104837554835203
0.4084735901041837
0.4060631928645205
0.4037993561457867
0.3980889535458431
0.3918357977718701
0.38521702803941
0.3727528918666453
0.3611643010839442
0.3509068521191993
0.3338899319220428
0.3213076741890066
0.3096177402935879
0.2865791506425375
0.268835834216539
0.2499449386512927
0.2189682079424869
0.1962467575064386
0.1722818301958746
0.1557613433851823
0.1478672923049181
0.1454675328968287
0.1525680853184825
0.1741227611565699
0.209464024959252
0.2661685957931214
0.3729734187244289
0.5117469174529791
0.7393733844827942
1.096159383971673
1.797440414812106
2.85902705854896
0.0
0.4038014851832426
0.4133241772872912
0.4227124429587
0.4305479037174925
0.4330566539162705
0.4353097442805367
0.431955222518078
0.4282510342554165
0.4213626166464171
0.4137587592869981
0.4057308128458717
0.3981519993496589
0.3908857833546832
0.3869567340928249
0.3847278365436125
0.3836578708516253
0.385731819275111
0.3865436300975713
0.3878310145673759
0.3916180856606585
0.3942965243323131
0.3968115085775144
0.4006467566173665
0.4031284858149171
0.4051394483151162
0.4076977860742938
0.4090450388108489
0.4097465669046832
0.4104837554835203
0.4084735901041837
0.4060631928645205
0.4037993561457867
0.3980889535458431
0.3918357977718701
0.38521702803941
0.3727528918666453
0.3611643010839442
0.3509068521191993
0.3338899319220428
0.3213076741890066
0.3096177402935879
0.2865791506425375
0.268835834216539
0.2499449386512927
0.2189682079424869
0.1962467575064386
0.1722818301958746
0.1557613433851823
0.1478672923049181
0.1454675328968287
0.1525680853184825
0.1741227611565699
0.209464024959252
0.2661685957931214
0.3729734187244289
0.5117469174529791
0.7393733844827942
1.096159383971673
1.797440414812106
2.85902705854896
0.0
1.0
1.0
1.0
1.0
1.0
1.0
1.0
1.0
1.0
1.0
1.0
1.0
0.0
0.0
1.0
1.0
1.0
1.0
1.0
1.0
0.0
1.0
1.0
1.0
0.0
0.0
0.0
1.0
1.0
0.0
1.0
1.0
1.0
0.0
1.0
1.0
1.0
1.0
1.0
1.0
1.0
1.0
1.0
1.0
0.0
1.0
1.0
0.0
1.0
1.0
0.0
0.0
0.0
0.0
0.0
0.0
0.0
0.0
0.0
0.0
0.0
1.0
1.0
1.0
1.0
1.0
1.0
1.0
1.0
1.0
1.0
1.0
1.0
0.0
1.0
1.0
1.0
1.0
0.0
1.0
1.0
1.0
1.0
0.0
1.0
0.0
1.0
1.0
1.0
1.0
1.0
1.0
1.0
1.0
1.0
0.0
1.0
0.0
1.0
1.0
1.0
1.0
0.0
0.0
1.0
1.0
1.0
1.0
0.0
0.0
0.0
0.0
0.0
0.0
0.0
0.0
0.0
0.0
0.0
0.0
0.0
0.0
1.0
1.0
1.0
1.0
1.0
1.0
1.0
1.0
1.0
1.0
1.0
1.0
1.0
1.0
1.0
1.0
0.7015986081859769
0.7015986081859769
0.7015986081859769
0.7015986081859769
0.7015986081859769
0.7015986081859769
0.7015986081859769
0.7015986081859769
0.7015986081859769
0.7015986081859769
0.7015986081859769
0.7015986081859769
0.7015986081859769
0.7015986081859769
0.7015986081859769
0.7015986081859769
0.7015986081859769
0.7015986081859769
0.7015986081859769
0.7015986081859769
0.7015986081859769
0.7015986081859769
0.7015986081859769
0.7015986081859769
0.7015986081859769
0.7015986081859769
0.7015986081859769
0.7015986081859769
0.7015986081859769
1.0
1.0
1.0
1.0
1.0
1.0
1.0
1.0
1.0
1.0
1.0
1.0
1.0
1.0
1.0
1.0
1.0
1.0
1.0
1.0
1.0
1.0
1.0
1.0
1.0
1.0
1.0
1.0
1.0
0.012713954004375586
0.012522643316805774
0.012241180006835217
0.011870308005544427
0.01135040266031158
0.010807615946805646
0.010242417305406388
0.009627244491207885
0.008979260998492836
0.008306093871310167
0.007603293920370283
0.0069122527476502965
0.006252357025018315
0.005701225607961229
0.0052255857915459785
0.004805950185013031
0.004468973961144485
0.004131997737275937
0.0038109840341600974
0.0035305558891282635
0.00325012774409643
0.0029850657439348524
0.0027512965008038796
0.0025175272576729076
0.00229981876900209
0.0021087215835990263
0.0019176243981959642
0.0017410619733969394
0.0015842915630374572
0.0014275211526779757
0.0012836469802999441
0.001154287935352099
0.0010249288904042534
0.0009090354256542688
0.0008056959447637976
0.0007023564638733273
0.0006122852173578464
0.0005324474494826503
0.00045260968160745426
0.0003851992836228362
0.0003256805706096482
0.0002661618575964602
0.0002166170653874699
0.00017224112879281296
0.00012786519219815638
9.253792268836469e-05
6.333616885667669e-05
4.20429840806223e-05
2.7624225201019283e-05
1.7049318260112626e-05
1.0628768167837769e-05
6.782626702029576e-06
4.202743077801144e-06
2.924316786566879e-06
2.568634166351592e-06
2.3954756135574008e-06
2.4150621409845113e-06
2.474259716154873e-06
2.722521816921607e-06
3.959857006500464e-06
0.0004
0.0004
0.0004
0.0004
0.0004
0.0004
0.0004
0.0004
0.0004
0.0004
0.0004
0.0004
0.0004
0.0004
0.0004
0.0004
0.0004
0.0004
0.0004
0.0004
0.0004
0.0004
0.0004
0.0004
0.0004
0.0004
0.0004
0.0004
0.0004
0.0004
0.0004
0.0004
0.0004
0.0004
0.0004
0.0004
0.0004
0.0004
0.0004
0.0004
0.0004
0.0004
0.0004
0.0004
0.0004
0.0004
0.0004
0.0004
0.0004
0.0004
0.0004
0.0004
0.0004
0.0004
0.0004
0.0004
0.0004
0.0004
0.0004
0.0004
1.162045634587232e-08
1.820430393861804e-08
2.3397995420096767e-08
2.725212375375048e-08
2.960057246018744e-08
3.1556832458202534e-08
3.319749498422714e-08
3.464152348962763e-08
3.592600138599948e-08
3.705020883204817e-08
3.780025092524557e-08
3.837559316289666e-08
3.8829381782503677e-08
3.913902643840657e-08
3.937410144042347e-08
3.955735715982691e-08
3.967034486289783e-08
3.978333256596876e-08
3.9893025990365636e-08
3.999434353600619e-08
4.009566108164673e-08
4.022175415018773e-08
4.0398301931018384e-08
4.0574849711849056e-08
4.077639849341144e-08
4.101937180544153e-08
4.126234511747164e-08
4.152830315333734e-08
4.182555953655365e-08
4.2122815919769966e-08
4.2490072217123994e-08
4.2936115651879853e-08
4.338215908663571e-08
4.392681279327238e-08
4.456340102804553e-08
4.519998926281867e-08
4.592997988028456e-08
4.6732009569508185e-08
4.753403925873179e-08
4.8485534159784347e-08
4.9531943139707e-08
5.057835211962966e-08
5.2002938603837294e-08
5.362351069436888e-08
5.5244082784900455e-08
5.751180313026143e-08
6.028929328200166e-08
6.387341799947444e-08
6.840970116114401e-08
7.370642590357204e-08
8.017592488363205e-08
9.04862884477832e-08
1.0938081657783701e-07
1.4422883304751184e-07
3.6525748107579245e-07
6.672230955892941e-07
1.5515058449280014e-06
3.6506609890247675e-06
7.375069553347444e-06
2.758957962742941e-06
0.0
0.0
0.0
0.0
0.0
0.0
0.0
0.0
0.0
0.0
0.0
0.0
0.0
0.0
0.0
0.0
0.0
0.0
0.0
0.0
0.0
0.0
0.0
0.0
0.0
0.0
0.0
0.0
0.0
0.0
0.0
0.0
0.0
0.0
0.0
0.0
0.0
0.0
0.0
0.0
0.0
0.0
0.0
0.0
0.0
0.0
0.0
0.0
0.0
0.0
0.0
0.0
0.0
0.0
0.0
0.0
0.0
0.0
0.0
0.0
0.0
0.0
0.0
0.0
0.0
0.0
0.0
0.0
0.0
0.0
0.0
0.0
0.0
0.0
0.0
0.0
0.0
0.0
0.0
0.0
0.0
0.0
0.0
0.0
0.0
0.0
0.0
0.0
0.0
0.0
0.0
0.0
0.0
0.0
0.0
0.0
0.0
0.0
0.0
0.0
0.0
0.0
0.0
0.0
0.0
0.0
0.0
0.0
0.0
0.0
0.0
0.0
0.0
0.0
0.0
0.0
0.0
0.0
0.0
0.0
0.0
0.0
0.0
0.0
0.0
0.0
0.0
0.0
0.0
0.0
0.0
0.0
0.0
0.0
0.0
0.0
0.0
0.0
0.0
0.0
0.0
0.0
0.0
0.0
0.0
0.0
0.0
0.0
0.0
0.0
0.0
0.0
0.0
0.0
0.0
0.0
0.0
0.0
0.0
0.0
0.0
0.0
0.0
0.0
0.0
0.0
0.0
0.0
0.0
0.0
0.0
0.0
0.0
0.0
0.0
0.0
0.0
0.0
0.0
0.0
0.0
0.0
0.0
0.0
0.0
0.0
0.0
0.0
0.0
0.0
0.0
0.0
0.0
0.0
0.0
0.0
0.0
0.0
0.0
0.0
0.0
0.0
0.0
0.0
0.0
0.0
0.0
0.0
0.0
0.0
0.0
0.0
0.0
0.0
0.0
0.0
0.0
0.0
0.0
0.0
0.0
0.0
0.0
0.0
0.0
0.0
0.0
0.0
0.0
0.0
0.0
0.0
0.0
0.0
0.0
0.0
0.0
0.0
0.0
0.0
0.0
0.0
0.0
0.0
0.0
0.0
0.0
0.0
0.0
0.0
0.0
0.0
0.0
0.0
0.0
0.0
0.0
0.0
0.0
0.0
0.0
0.0
0.0
0.0
0.0
0.0
0.0
0.0
0.0
0.0
0.0
0.0
0.0
0.0
0.0
0.0
0.0
0.0
0.0
0.0
0.0
0.0
0.0
0.0
0.0
0.0
0.0
0.0
0.0
0.0
0.0
0.0
0.0
0.0
0.0
0.0
0.0
0.0
0.0
0.0
0.003570119022669338
0.0034996041578075655
0.003409540347023282
0.003299771279415631
0.003151251770058267
0.0029839708546992886
0.0028011180721289387
0.002604291313674109
0.0024083964683669027
0.0022150455849895105
0.0020336640534813193
0.0018666491438649583
0.0017126801861556545
0.001583721655396795
0.0014696337966006803
0.001366684215309443
0.0012803628962826381
0.0011940415772558322
0.0011119462292084807
0.0010405956371620795
0.0009692450451156782
0.0009009175021233207
0.0008387463204264312
0.0007765751387295417
0.0007168764676946636
0.0006612745364002989
0.0006056726051059345
0.0005525506983162698
0.0005028058461713033
0.00045306099402633686
0.0004067486529023704
0.000364299712480764
0.00032185077205915737
0.00028328669611704324
0.00024834448609198
0.00021340227606691685
0.00018270909280556347
0.00015529308444175237
0.00012787707607794126
0.00010572038238966507
8.690348263609823e-05
6.808658288253137e-05
5.376356942586015e-05
4.17694544908324e-05
2.9775339555804754e-05
2.1103949537266697e-05
1.4453040429115102e-05
9.93672573768964e-06
6.927207350205891e-06
4.764876598171457e-06
3.525337907350755e-06
2.8814058790235313e-06
2.5001055366884254e-06
2.35643836583194e-06
2.312563767431987e-06
2.298500334632782e-06
2.429364117616755e-06
2.7212248126938336e-06
3.176123844993294e-06
4.107939098779703e-06
0.0004
0.0004
0.0004
0.0004
0.0004
0.0004
0.0004
0.0004
0.0004
0.0004
0.0004
0.0004
0.0004
0.0004
0.0004
0.0004
0.0004
0.0004
0.0004
0.0004
0.0004
0.0004
0.0004
0.0004
0.0004
0.0004
0.0004
0.0004
0.0004
0.0004
0.0004
0.0004
0.0004
0.0004
0.0004
0.0004
0.0004
0.0004
0.0004
0.0004
0.0004
0.0004
0.0004
0.0004
0.0004
0.0004
0.0004
0.0004
0.0004
0.0004
0.0004
0.0004
0.0004
0.0004
0.0004
0.0004
0.0004
0.0004
0.0004
0.0004
1.530423069415213e-08
1.6826539649258388e-08
1.808721999581265e-08
1.9096758113918802e-08
1.9842467105754935e-08
2.052806856901885e-08
2.1163789892716428e-08
2.1754826211472416e-08
2.232117428905451e-08
2.2864743870556376e-08
2.3362715353827973e-08
2.3835625440069187e-08
2.429093676573531e-08
2.4724873785834516e-08
2.5152500193879194e-08
2.5580282996960746e-08
2.6016884610834346e-08
2.645348622470795e-08
2.6897815907637448e-08
2.7361794617209027e-08
2.7825773326780614e-08
2.830593906361297e-08
2.8819069263256004e-08
2.933219946289905e-08
2.9860472421681895e-08
3.041383564361395e-08
3.0967198865545996e-08
3.1551824608466535e-08
3.217902059273311e-08
3.280621657699968e-08
3.354295970468272e-08
3.4403001638466414e-08
3.526304357225011e-08
3.64703563005798e-08
3.8001430195198023e-08
3.9532504089816245e-08
4.2062446211803566e-08
4.536279201979365e-08
4.8663137827783724e-08
5.5497766277502105e-08
6.457675097106768e-08
7.365573566463323e-08
8.992625995249775e-08
1.099237067352801e-07
1.299211535180623e-07
1.5591366465459985e-07
1.8534955496373646e-07
2.1795727292589614e-07
2.5520913026591375e-07
2.989581120925996e-07
3.5573084478974945e-07
4.5121005984659787e-07
5.904474839433308e-07
8.009882108699423e-07
1.2359227430857984e-06
1.7346680040168692e-06
2.5195929471898077e-06
3.6181427137168562e-06
5.093409992380401e-06
2.5854019949177616e-06
0.0
0.0
0.0
0.0
0.0
0.0
0.0
0.0
0.0
0.0
0.0
0.0
0.0
0.0
0.0
0.0
0.0
0.0
0.0
0.0
0.0
0.0
0.0
0.0
0.0
0.0
0.0
0.0
0.0
0.0
0.0
0.0
0.0
0.0
0.0
0.0
0.0
0.0
0.0
0.0
0.0
0.0
0.0
0.0
0.0
0.0
0.0
0.0
0.0
0.0
0.0
0.0
0.0
0.0
0.0
0.0
0.0
0.0
0.0
0.0
0.0
0.0
0.0
0.0
0.0
0.0
0.0
0.0
0.0
0.0
0.0
0.0
0.0
0.0
0.0
0.0
0.0
0.0
0.0
0.0
0.0
0.0
0.0
0.0
0.0
0.0
0.0
0.0
0.0
0.0
0.0
0.0
0.0
0.0
0.0
0.0
0.0
0.0
0.0
0.0
0.0
0.0
0.0
0.0
0.0
0.0
0.0
0.0
0.0
0.0
0.0
0.0
0.0
0.0
0.0
0.0
0.0
0.0
0.0
0.0
0.0
0.0
0.0
0.0
0.0
0.0
0.0
0.0
0.0
0.0
0.0
0.0
0.0
0.0
0.0
0.0
0.0
0.0
0.0
0.0
0.0
0.0
0.0
0.0
0.0
0.0
0.0
0.0
0.0
0.0
0.0
0.0
0.0
0.0
0.0
0.0
0.0
0.0
0.0
0.0
0.0
0.0
0.0
0.0
0.0
0.0
0.0
0.0
0.0
0.0
0.0
0.0
0.0
0.0
0.0
0.0
0.0
0.0
0.0
0.0
0.0
0.0
0.0
0.0
0.0
0.0
0.0
0.0
0.0
0.0
0.0
0.0
0.0
0.0
0.0
0.0
0.0
0.0
0.0
0.0
0.0
0.0
0.0
0.0
0.0
0.0
0.0
0.0
0.0
0.0
0.0
0.0
0.0
0.0
0.0
0.0
0.0
0.0
0.0
0.0
0.0
0.0
0.0
0.0
0.0
0.0
0.0
0.0
0.0
0.0
0.0
0.0
0.0
0.0
0.0
0.0
0.0
0.0
0.0
0.0
0.0
0.0
0.0
0.0
0.0
0.0
0.0
0.0
0.0
0.0
0.0
0.0
0.0
0.0
0.0
0.0
0.0
0.0
0.0
0.0
0.0
0.0
0.0
0.0
0.0
0.0
0.0
0.0
0.0
0.0
0.0
0.0
0.0
0.0
0.0
0.0
0.0
0.0
0.0
0.0
0.0
0.0
0.0
0.0
0.0
0.0
0.0
0.0
0.0
0.0
0.0
0.0
0.0
0.0
0.0
0.0
0.0
0.0
0.0
0.0
2
2
2
2
1
1
290.237641000929
262.9101536677798
41.06755061759128
-40.59893910094931
0.0
0.0
-41.258792542552385
40.741308051912455
49.0
46.0
6.265115300673023
5.601050757580543
1.0
1.0
2.0
2.0
3.0
3.0
4.0
4.0
5.0
5.0
6.0
6.0
7.0
7.0
8.0
8.0
9.0
9.0
10.0
10.0
11.0
11.0
12.0
12.0
13.0
13.0
14.0
14.0
15.0
15.0
16.0
16.0
17.0
17.0
18.0
18.0
19.0
19.0
20.0
20.0
21.0
21.0
22.0
22.0
23.0
23.0
24.0
24.0
25.0
25.0
26.0
26.0
27.0
27.0
28.0
28.0
29.0
29.0
30.0
30.0
31.0
31.0
32.0
32.0
33.0
33.0
34.0
34.0
35.0
35.0
36.0
36.0
37.0
37.0
38.0
38.0
39.0
39.0
40.0
40.0
41.0
41.0
42.0
42.0
43.0
43.0
44.0
44.0
45.0
45.0
46.0
46.0
47.0
47.0
48.0
48.0
49.0
49.0
50.0
50.0
51.0
51.0
52.0
52.0
53.0
53.0
54.0
54.0
55.0
55.0
56.0
56.0
57.0
57.0
58.0
58.0
59.0
59.0
60.0
60.0
0.0
0.0
0.0
0.0
0.0
0.0
0.0
0.0
0.0
0.0
0.0
0.0
0.99
0.0
0.0
0.0
0.0
0.0
0.0
0.0
0.0
0.0
0.0
0.0
0.0
0.0
0.0
0.0
0.0
0.0
0.0
0.0
0.0
0.0
0.0
0.0
0.0
0.0
0.0
0.0
0.0
0.0
0.0
0.0
0.0
0.0
0.0
0.0
0.0
0.0
0.0
0.0
0.0
0.0
0.0
0.0
0.0
0.0
0.0
0.0
0.0
0.0
0.0
0.0
0.0
0.0
0.0
0.0
0.0
0.0
0.0
0.0
0.0
0.0
0.0
0.0
0.0
0.0
0.0
0.0
0.0
0.0
0.0
0.0
0.0
0.0
0.0
0.0
0.0
0.0
0.0
0.0
0.0
0.0
0.0
0.0
0.0
0.0
0.0
0.0
0.0
0.0
0.0
0.0
0.0
0.0
0.0
0.0
0.0
0.0
0.0
0.0
0.0
0.0
0.0
0.0
0.0
0.0
0.0
0.0
0.0
0.0
0.0
0.0
0.0
0.0
0.0
0.0
0.0
0.0
0.0
0.0
2.45
0.0
0.0
0.0
0.0
0.0
0.0
0.0
0.0
0.0
0.0
0.0
0.0
0.0
0.0
0.0
0.0
0.0
0.0
0.0
0.0
0.0
0.0
0.0
0.0
0.0
0.0
0.0
0.0
0.0
0.0
0.0
0.0
0.0
0.0
0.0
0.0
0.0
0.0
0.0
0.0
0.0
0.0
0.0
0.0
0.0
0.0
0.0
0.0
0.0
0.0
0.0
0.0
0.0
0.0
0.0
0.0
0.0
0.0
0.0
0.0
0.0
0.0
0.0
0.0
0.0
0.0
0.0
0.0
0.0
0.0
0.0
0.0
0.0
0.0
0.0
0.0
0.0
0.0
0.0
0.0
0.0
0.0
0.0
0.0
0.0
0.0
0.0
0.0
0.0
0.0
0.0
0.0
0.0
0.0
0.0
0.0
0.0
0.0
0.0
0.0
0.0
0.0
0.0
0.0
0.0
0.0
0.0
0.0
0.0
0.0
0.0
0.0
0.0
0.0
0.0
0.0
0.0
0.0
0.0
0.5
0.0
0.0
0.0
0.0
0.0
0.0
0.0
0.0
0.0
0.0
0.0
0.0
0.0
0.0
0.0
0.0
0.0
0.0
0.0
0.0
0.0
0.0
0.0
0.0
0.0
0.0
0.0
0.0
0.0
0.0
0.0
0.0
0.0
0.0
0.0
0.0
0.0
0.0
0.0
0.0
0.0
0.0
0.0
0.0
0.0
0.0
0.0
0.0
0.0
0.0
0.0
0.0
0.0
0.0
0.0
0.0
0.0
0.0
0.0
0.0
0.0
0.0
0.0
0.0
0.0
0.0
0.0
0.0
0.0
0.0
0.0
0.0
0.0
0.0
0.0
0.0
0.0
0.0
0.0
0.0
0.0
0.0
0.0
0.0
0.0
0.0
0.0
0.0
0.0
0.0
0.0
0.0
0.0
0.0
0.0
0.0
0.0
0.0
0.0
0.0
0.0
0.0
0.0
0.0
0.0
0.0
0.0
14.999999999999998
60.0
