9.81
6.022e+23
0
0
0
3
0
1
275.4904590571193
2
2
0
0
1
1
0
1
60
7
1000.0
1.0


3
3
0
77.072922555375
0
5.783625987995279
150.0
1000.0
287.04
9.81
79000.0
40.0
20000.0
0.0
0.0
0.0
0.0
0.0280134
0.04401
0.0319988
0.039948
0.01604
0.01801528
0.048
99000.0
2.1153802199668344e+29
0.8
1e-06
1000000.0
0.6
3.0
0.0001
500
46
0.8946019947394331
0
1
6
1.0
1
0
1
1
0.1
1000000000000.0
1
275.03608798195717
274.2889693485734
273.4882107105777
272.65854788525104
271.81426311249106
270.95767370381543
270.0909039046418
269.2179264202186
268.33371764774984
267.437772858229
266.5284560537281
265.6052093769014
264.6676161577589
263.71186057642007
262.73780721825597
261.74480640378346
260.7299507030477
259.6956793790185
258.63855989399866
257.55743413396715
256.45385810629483
255.32624912922242
254.17316549153597
252.99376817037304
251.7864733758005
250.54908839578093
249.27959916697228
247.97657630904263
246.63841109838214
245.26386142849876
243.84981283254348
242.39381980053915
240.89220402697327
239.34085413694484
237.7377044655108
236.0805220262732
234.36492913075247
232.58399615501995
230.7327975244458
228.80898477738347
226.80533082813122
224.71087764923345
222.52583011007334
220.24211866645504
217.8432714206394
215.3253313745682
212.68239963497945
210.97211194179465
210.26813804413365
210.09487527088038
210.3399275269102
210.78301736149825
211.41622067209585
212.221176945878
213.76123036215924
215.25642735704136
217.42349265531527
220.2176317306616
224.543240827079
233.61461000544645
991.675
975.0250000000001
958.375
941.7249999999999
925.075
908.425
891.7750000000001
875.125
858.4749999999999
841.825
825.175
808.5250000000001
791.875
775.225
758.575
741.925
725.2750000000001
708.625
691.975
675.325
658.675
642.0250000000001
625.375
608.725
592.075
575.425
558.7750000000001
542.125
525.4750000000001
508.82500000000005
492.17500000000007
475.52500000000003
458.87500000000006
442.2250000000001
425.57500000000005
408.925
392.27500000000003
375.62500000000006
358.9750000000001
342.32500000000005
325.675
309.02500000000003
292.37500000000006
275.7250000000001
259.0750000000001
242.42500000000007
225.77500000000003
209.12500000000006
192.47500000000008
175.8250000000001
159.17500000000007
142.52500000000003
125.87500000000006
109.22500000000008
92.5750000000001
75.92500000000013
59.27500000000009
42.62500000000006
25.97500000000008
9.325000000000045
68.52611691513422
206.5652535976889
346.60579388010086
488.7078727068347
632.9392178118579
779.37254118081
928.0862294866192
1079.163109724169
1232.6892265882284
1388.7550415748196
1547.4559232778643
1708.8930063319224
1873.172529806157
2040.4063075653385
2210.7134864678806
2384.2200655256675
2561.0605873211634
2741.378952984205
2925.3280144862274
3113.0721286249445
3304.788283370371
3500.6662630582623
3700.9102706693866
3905.7406197629407
4115.394900613987
4330.129689721798
4550.223529797444
4775.979682760775
5007.729238985269
5245.834272878115
5490.69141125726
5742.736728997257
6002.45030385079
6270.36431348047
6547.0722802483215
6833.237232710573
7129.601858060954
7437.002175414609
7756.388288754538
8088.8459877254145
8435.618149161863
8798.14605467784
9178.118425905408
9577.517939515612
9998.703755330233
10444.531000524254
10919.729480925376
11431.558179325457
11988.704695316532
12601.619510100674
13283.698877744711
14052.993692367058
14935.302231641577
15970.924498997641
17223.845471193654
18807.789788734037
20959.6156261228
24323.64868116428
32531.338512685954
56560.69457252452
3.521179111399233e+23
3.521179111399233e+23
3.521179111399257e+23
3.521179111399233e+23
3.521179111399233e+23
3.521179111399233e+23
3.521179111399233e+23
3.521179111399257e+23
3.521179111399233e+23
3.521179111399233e+23
3.521179111399233e+23
3.521179111399233e+23
3.521179111399257e+23
3.5211791113992086e+23
3.521179111399257e+23
3.521179111399233e+23
3.521179111399233e+23
3.521179111399257e+23
3.5211791113992086e+23
3.521179111399257e+23
3.521179111399233e+23
3.521179111399233e+23
3.521179111399257e+23
3.5211791113992086e+23
3.521179111399257e+23
3.521179111399233e+23
3.521179111399233e+23
3.521179111399233e+23
3.521179111399233e+23
3.521179111399244e+23
3.521179111399244e+23
3.521179111399233e+23
3.521179111399233e+23
3.521179111399233e+23
3.521179111399257e+23
3.521179111399233e+23
3.521179111399233e+23
3.521179111399233e+23
3.521179111399233e+23
3.521179111399257e+23
3.521179111399233e+23
3.521179111399233e+23
3.521179111399233e+23
3.521179111399233e+23
3.521179111399233e+23
3.521179111399257e+23
3.521179111399233e+23
3.521179111399233e+23
3.521179111399233e+23
3.521179111399233e+23
3.521179111399257e+23
3.521179111399233e+23
3.521179111399233e+23
3.521179111399233e+23
3.521179111399233e+23
3.521179111399233e+23
3.521179111399257e+23
3.521179111399233e+23
3.521179111399233e+23
3.521179111399257e+23
-1.8755697526822133
-1.6625065685013527
-1.6256136126947247
-1.65655905334587
-1.6991914154366201
-1.7383369099607626
-1.766631025769092
-1.764099464368455
-1.7474672546020207
-1.7198566902149246
-1.6842320156806279
-1.6416608305649307
-1.5887189779376818
-1.5413875510522541
-1.4959866915777071
-1.4517346568945177
-1.4188597819278168
-1.3836282100627981
-1.3552729932086964
-1.3353312519503397
-1.3136025175328538
-1.291315614136555
-1.2703351312110818
-1.2486838135106009
-1.2264122470432837
-1.2073607609437207
-1.1937816523745532
-1.1820568823687194
-1.1729355598342723
-1.1622136561103182
-1.153578893609848
-1.1470309045917817
-1.1444506871047668
-1.1533390412433087
-1.163404330283444
-1.1720200261546796
-1.1794496808977506
-1.1914761080572984
-1.2086162318917433
-1.2131081353574849
-1.2045055291410358
-1.1952856758331747
-1.1431317447896336
-1.033981310884598
-0.8793654711033907
-0.6293319184802757
-0.19015601273472585
0.028229080227133774
0.03694472546567909
0.04894439694633762
0.06418022912969465
0.08253788172600895
0.09946407651370184
0.11036669575794283
0.10996964947721076
0.10162840425203536
0.08234604098490432
0.051250891357947206
0.04719891167151656
0.07444578683614479
-1.8761305274799014
-1.6628037141589829
-1.6245709429406077
-1.6570216651028034
-1.6990755563616062
-1.7393363142296039
-1.767074659491385
-1.7637602010511841
-1.7482322160373087
-1.7204138378396863
-1.6848189715755382
-1.6413349485473816
-1.5891385217789775
-1.5414211961706314
-1.495878252757393
-1.4521806389366816
-1.419191507593041
-1.3832931014318604
-1.355093547802511
-1.335456714366103
-1.3136448513133985
-1.2916769382395046
-1.2706380454357031
-1.248716701336889
-1.2267856017228098
-1.2077949997552082
-1.1934227012797862
-1.1823176703980778
-1.173205435862826
-1.162539562413798
-1.153735488182292
-1.1464744322680076
-1.1445097847980037
-1.1521433161180994
-1.163684695528218
-1.1724667519122818
-1.1788319071930005
-1.1914981098945816
-1.2080949350748256
-1.2122581818159972
-1.204149150910382
-1.1946827234557134
-1.1423512665473083
-1.033012619316196
-0.8784358329475026
-0.6263566004396921
-0.18746209634829825
0.02802228956599606
0.03692131775559915
0.048652989088793674
0.06370852576651487
0.08158275981298857
0.09809922212170363
0.10818025249739094
0.107639873941622
0.09907507027588736
0.08001297074420677
0.049683315430399944
0.04570821164949734
0.07149138862970972
0.0004055914082784303
0.00039883831133059443
0.00039208521438275853
0.00038533211743492263
0.0003785790204870868
0.00037182592353925093
0.0003650728265914151
0.00035831972964357924
0.00035156663269574333
0.0003448135357479075
0.0003380604388000717
0.00033130734185223584
0.00032455424490439994
0.00031780114795656404
0.00031104805100872824
0.0003042949540608923
0.0002975418571130565
0.00029078876016522064
0.0002840356632173847
0.0002772825662695489
0.000270529469321713
0.0002637763723738771
0.0002570232754260413
0.0002502701784782054
0.00024351708153036957
0.00023676398458253366
0.00023001088763469781
0.00022325779068686194
0.0002165046937390261
0.00020975159679119027
0.00020299849984335437
0.0001962454028955185
0.00018949230594768267
0.0001827392089998468
0.00017598611205201092
0.00016923301510417502
0.00016247991815633917
0.00015572682120850332
0.00014897372426066747
0.0001422206273128316
0.00013546753036499572
0.00012871443341715987
0.000121961336469324
0.00011520823952148816
0.00010845514257365228
0.00010170204562581645
9.494894867798053e-05
8.819585173014467e-05
8.144275478230882e-05
7.468965783447297e-05
6.793656088663711e-05
6.118346393880121e-05
5.443036699096536e-05
4.767727004312951e-05
4.092417309529365e-05
3.4171076147457794e-05
2.7417979199621942e-05
2.066488225178604e-05
1.3911785303950184e-05
7.15868835611433e-06
-16.649999999999977
-16.649999999999977
-16.65000000000009
-16.649999999999977
-16.649999999999977
-16.649999999999977
-16.649999999999977
-16.65000000000009
-16.649999999999977
-16.649999999999977
-16.649999999999977
-16.649999999999977
-16.65000000000009
-16.649999999999864
-16.65000000000009
-16.649999999999977
-16.649999999999977
-16.65000000000009
-16.649999999999864
-16.65000000000009
-16.649999999999977
-16.649999999999977
-16.65000000000009
-16.649999999999864
-16.65000000000009
-16.649999999999977
-16.649999999999977
-16.649999999999977
-16.649999999999977
-16.650000000000034
-16.650000000000034
-16.649999999999977
-16.649999999999977
-16.649999999999977
-16.65000000000009
-16.649999999999977
-16.649999999999977
-16.649999999999977
-16.649999999999977
-16.65000000000009
-16.649999999999977
-16.649999999999977
-16.649999999999977
-16.649999999999977
-16.649999999999977
-16.65000000000009
-16.649999999999977
-16.649999999999977
-16.649999999999977
-16.649999999999977
-16.65000000000009
-16.649999999999977
-16.649999999999977
-16.649999999999977
-16.649999999999977
-16.649999999999977
-16.65000000000009
-16.649999999999977
-16.649999999999977
-16.65000000000009
275.4867151364275
274.69405627513396
273.89213488770895
273.07693407166914
272.249013120607
271.4085737600033
270.5551819715167
269.68836505509114
268.8076376300624
267.9124897764292
267.00238502327414
266.0767566889582
265.13995343663464
264.19331053286464
263.2283306173755
262.2448408155293
261.2409528109811
260.2162825173883
259.1705125656092
258.1014318121216
257.00909383712906
255.8935157680229
254.7531865541736
253.58689195828094
252.3935391847867
251.17123190587907
249.91769106045467
248.63139822736446
247.31086325926728
245.95449646944644
244.56016575574955
243.12502024735807
241.64618484519613
240.12119592287075
238.54715598791168
236.920445147503
235.23701387608347
233.4923208493051
231.6812369477543
229.79790119866988
227.83561497240015
225.78670022907562
223.64216334096872
221.3914640671717
219.04541772133075
216.58675426156668
214.0061079297455
211.82502554397433
210.61230411430762
210.17120919673363
210.20388783546593
210.54400493274795
211.07802207075156
211.7939085489133
212.96526894969034
214.48398945084216
216.31844072433879
218.80497743466188
222.36897379231488
229.06484492132302
238.13002152304654
1000.0
983.35
966.7
950.05
933.4
916.75
900.1
883.45
866.8
850.15
833.5
816.85
800.2
783.55
766.9000000000001
750.25
733.6
716.95
700.3
683.6500000000001
667.0
650.35
633.7
617.05
600.4000000000001
583.75
567.1
550.45
533.8000000000001
517.1500000000001
500.50000000000006
483.85
467.20000000000005
450.55000000000007
433.9000000000001
417.25
400.6
383.95000000000005
367.30000000000007
350.6500000000001
334.0
317.35
300.70000000000005
284.05000000000007
267.4000000000001
250.7500000000001
234.10000000000002
217.45000000000005
200.80000000000007
184.1500000000001
167.5000000000001
150.85000000000002
134.20000000000005
117.55000000000007
100.90000000000009
84.25000000000011
67.60000000000014
50.950000000000045
34.30000000000007
17.65000000000009
1.0
0.0
137.05223383026845
276.07827336510934
417.1333143950924
560.282431018577
705.5960046051389
853.1490777564812
1003.0233812167572
1155.302838231581
1310.0756149448755
1467.434468204764
1627.4773783509645
1790.3086343128803
1956.0364252994339
2124.776189831243
2296.6507831045183
2471.7893479468166
2650.33182669551
2832.426079272901
3018.2299496995533
3207.9143075503357
3401.6622591904065
3599.6702669261185
3802.150274412654
4009.3309651132276
4221.458836114747
4438.800543328849
4661.646516266038
4890.312849255513
5125.145628715025
5366.522917041207
5614.859905473314
5870.613552521199
6134.287055180382
6406.441571780558
6687.702988716085
6978.77147670506
7280.432239416849
7593.57211141237
7919.204466096706
8258.487509354123
8612.7487889696
8983.543320386081
9372.693531424735
9782.342347606489
10215.065163053976
10673.99683799453
11165.462123856221
11697.65423479469
12279.755155838373
12923.483864362974
13643.913891126449
14462.073493607664
15408.530969675488
16533.318028319794
17914.372914067513
19701.20666340056
22218.024588845037
26429.27277348352
38633.40425188839
50837.53573029334
354.2406194153391
353.4584962198959
352.317397570595
351.0028762864093
349.5828554610484
348.1106668721488
346.6146448300764
345.11646064078747
343.6363585121069
342.17491057358234
340.73322281020955
339.31041350626987
337.9067221361168
336.52364105490875
335.1467308583689
333.774830201819
332.40634979899767
331.03409962750754
329.6657812760869
328.29694457931066
326.9251020036835
325.5579991102782
324.1964664992848
322.840514986384
321.49238867361703
320.1544362361662
318.82541212187783
317.503070476419
316.1901562186325
314.88832945694895
313.6030456517825
312.3328399243054
311.08035027407107
309.84277725170364
308.626874754291
307.43544404424404
306.27267766023994
305.1414707412506
304.0383724154141
302.9656388005762
301.93186635304005
300.94319743015325
299.99750323854107
299.10018346633746
298.25876922796573
297.47331672476355
296.74595206199706
296.12608048043063
295.7794715704476
295.6865326585093
295.7663339321308
295.9727632236559
296.24422610025204
296.55428364732296
296.8968782316177
297.25670067008093
297.6191145464495
298.0129810123907
300.2932983993339
301.025965108242
302.59728232688104
326.5980897034357
325.4159943328625
323.8691857597031
322.1433681615719
320.3064376847943
318.4107182959128
316.4842734477612
314.5486908193648
312.6241615181063
310.7117472374149
308.8129774150636
306.9274998631423
305.0559772713346
303.2002333416348
301.3462061390801
299.4929490606489
297.6390150304958
295.7773847902955
293.9157316005727
292.0496219516962
290.176596815987
288.304333210153
286.4336125345872
284.5644099673743
282.6988861466248
280.8393195197255
278.984401190709
277.1318036711017
275.2841921661589
273.4431673667313
271.6140773703758
269.795367967129
267.9895865720043
266.1938313861348
264.4147676176011
262.6551027257203
260.9189120397845
259.2090145807032
257.521886201584
255.8596728387966
254.2309801119202
252.6419241702154
251.0902840870274
249.5816702319214
248.1236800318938
246.7162789815433
245.3619889698221
244.1104061421514
243.1275964205402
242.3941452017995
241.8292181742603
241.3869445518519
241.0073591428756
240.666420496273
240.3623101630891
240.094478307872
239.853155096672
239.693177754413
238.7070379096375
239.107608856436
240.0182306306308
27.64252971190344
28.0425018870334
28.44821181089193
28.85950812483736
29.27641777625412
29.69994857623599
30.13037138231517
30.56776982142263
31.01219699400059
31.46316333616743
31.92024539514597
32.38291364312757
32.85074486478218
33.32340771327393
33.80052471928881
34.28188114117003
34.76733476850188
35.25671483721204
35.75004967551418
36.24732262761444
36.74850518769648
37.25366590012523
37.76285396469757
38.27610501900971
38.79350252699226
39.31511671644067
39.84101093116883
40.37126680531732
40.90596405247362
41.44516209021765
41.98896828140671
42.5374719571764
43.09076370206673
43.64894586556888
44.2121071366899
44.78034131852373
45.35376562045544
45.9324561605474
46.51648621383009
47.1059659617796
47.70088624111986
48.30127325993784
48.90721915151369
49.51851323441606
50.13508919607192
50.75703774322028
51.38396309217493
52.01567433827925
52.65187514990738
53.29238745670978
53.93711575787049
54.58581867180395
55.23686695737646
55.88786315104999
56.53456806852857
57.16222236220892
57.76595944977754
58.31980325797772
61.58626048969637
61.91835625180603
62.57905169625023
419.22589425757053
416.56764053464747
413.7637381711876
410.82464594406133
407.7476034535976
404.5763393083364
401.34098095203433
398.07572210325395
394.8318597735223
391.6221796189605
388.4600780177481
385.3524497422327
382.3074234235322
379.3352038205451
376.4168724278348
373.5490935185274
370.7284324767695
367.9369907976863
365.1853793448338
362.461449100255
359.75414981026177
357.0734020655432
354.42019251631007
351.7936029579737
349.1967599438698
346.6320219046961
344.0952027906527
341.57943844391406
339.0842065157294
336.609174318183
334.1613509506028
331.7374097349434
329.338445652441
326.95636284527563
324.58831703174485
322.2332016261696
319.89796849025333
317.587929664071
315.2933332283399
313.01250467842715
310.7664740490751
308.5736559752779
306.43327906021
304.3936080214591
302.5191811637712
300.85529282762144
299.50157156441526
298.6942378865006
298.37565126608337
298.31963367190065
298.4480879346112
298.7182257519027
299.0712713883119
299.4794281575045
299.9302029942967
300.3976653067014
300.8591542533459
301.33303369003136
303.66303439240477
304.44140931296266
306.0842179202313
220.3587745609485
216.0992153116327
211.622263177507
206.9405284212651
202.0545771572674
197.0417157852728
191.955823619275
186.8552972196977
181.8202286685704
176.8717281859073
172.0297240162381
167.2978864926873
162.6802815334071
158.1828119191037
153.7730919206965
149.4394756104366
145.1715229722928
140.9380686191528
136.7502949714475
132.5920591327157
128.4443851333865
124.3177913961969
120.2116074615395
116.1206959862393
112.0490947006736
107.9982927113129
103.9616117422293
99.93159015736389
95.90631400370029
91.88187347614868
87.86674344714012
83.85664276905652
79.85167995403623
75.84346714845248
71.82831406768014
67.80448161083932
63.78020862710859
59.76287178472441
55.7424135654419
51.71799968572413
47.72188580568232
43.77945675686532
39.8829396872944
36.09376261122151
32.48134668827352
29.08749134556475
26.04910723614864
23.647744920975
21.87915304400547
20.53456988352944
19.5359408736411
18.78099559314041
18.12057010560752
17.47594569753407
16.78472566255369
15.91289822212636
14.78158008299216
13.18565203331272
9.519290616274478
5.513283350350171
0.0
198.867119696622
200.4684252230148
202.1414749936806
203.8841175227962
205.6930262963302
207.5346235230636
209.3851573327593
211.2204248835563
213.0116311049519
214.7504514330532
216.43035400151
218.0545632495454
219.6271418901251
221.1523919014414
222.6437805071383
224.1096179080908
225.5569095044767
226.9989221785335
228.4350843733863
229.8693899675393
231.3097646768753
232.7556106693463
234.2085850547706
235.6729069717344
237.1476652431962
238.6337291933832
240.1335910484234
241.6478482865502
243.1778925120291
244.7273008420343
246.2946075034627
247.8807669658869
249.4867656984048
251.1128956968232
252.7600029640647
254.4287200153303
256.1177598631447
257.8250578793466
259.550919662898
261.294504992703
263.0445882433928
264.7941992184126
266.5503393729156
268.2998454102376
270.0378344754977
271.7678014820567
273.4524643282666
275.0464929655256
276.4964982220779
277.7850637883712
278.9121470609701
279.9372301587623
280.9507012827044
282.0034824599704
283.145477331743
284.484767084575
286.0775741703537
288.1473816567186
294.1437437761303
298.9281259626125
306.0842179202313
64.98527484223149
63.10914431475159
61.446340600592606
59.821769657652
58.164747992549195
56.46567243618759
54.726336121957985
52.9592614624666
51.195501261415416
49.44726904537811
47.72685520753842
46.04203623596288
44.4007012874155
42.81156276563652
41.27014156946589
39.7742633167085
38.32208267777182
36.902891170178776
35.519598068746916
34.164504520944405
32.8290478065783
31.515402955264904
30.2237260170254
28.953087971589696
27.704371270252807
26.477585668529997
25.26979066877479
24.076367967495003
22.894050297096925
21.7208448612341
20.5583052988203
19.40456981063801
18.25809537837
17.113585593571997
15.961442277453898
14.79775758192568
13.625290830013398
12.446458922820398
11.254960812925816
10.04686587785099
8.834607696034993
7.630458545124611
6.435775821668898
5.2934245551215895
4.260411935805394
3.381976102857891
2.755619502418199
2.5681574060699006
2.5961796956358967
2.633101013391496
2.6817540024802895
2.7454625282468044
2.827045288059793
2.9251445101814966
3.0333247626788875
3.1409646366205095
3.240039706896397
3.3200526776406036
3.3697359930710036
3.415444204720501
3.4869355933502106
106.2393151424871
109.3167790212298
112.2469225821961
115.2028397403069
118.2518605275269
121.36900251064
124.5284498284862
127.6933935996671
130.8039328495359
133.8400190515076
136.7832533988256
139.6296133704549
142.3756957379274
145.017421422531
147.5731142183836
150.0534734502123
152.467492058203
154.8393161711427
157.1654366291252
159.4575628189805
161.7322116826005
163.9865418139561
166.2220050730477
168.443713981135
170.6497914459512
172.8410268084126
175.0227894484797
177.2002135137379
179.3778781624586
181.5612938905826
183.7473339232357
185.9387251980725
188.1379066179681
190.3503642376823
192.5864535499209
194.8506211148809
197.1387034126759
199.4461427959788
201.7794726361421
204.1416731530725
206.5090943062379
208.8624674133501
211.207344399733
213.4879076206999
215.6423333436203
217.6287876359785
219.3128817336734
220.4626612211764
221.2484433765347
221.85957531827
222.2932773006193
222.6059489587115
222.8867890372681
223.1904747987389
223.5775845005354
224.1815800857456
225.0715750136798
226.5075257211003
229.187747293363
233.5943255060859
240.0182306306308
171.2245899847186
172.4259233359814
173.6932631827887
175.0246093979589
176.4166085200761
177.8346749468276
179.2547859504442
180.6526550621337
181.9994341109513
183.2872880968857
184.510108606364
185.6716496064178
186.7763970253429
187.8289841881675
188.8432557878495
189.8277367669208
190.7895747359748
191.7422073413215
192.6850346978721
193.6220673399249
194.5612594891788
195.501944769221
196.4457310900731
197.3968019527247
198.354162716204
199.3186124769426
200.2925801172545
201.2765814812329
202.2719284595555
203.2821387518167
204.305639222056
205.3432950087105
206.3960019963381
207.4639498312543
208.5478958273748
209.6483786968066
210.7639942426893
211.8926017187992
213.0344334490679
214.1885390309235
215.3437020022729
216.4929259584747
217.6431202214019
218.7813321758215
219.9027452794257
221.0107637388364
222.0685012360916
223.0308186272463
223.8446230721706
224.4926763316615
224.9750313030996
225.3514114869583
225.7138343253279
226.1156193089204
226.6109092632143
227.3225447223661
228.3116147205762
229.8275783987409
232.557483286434
237.0097697108064
243.505166223981
-0.9499448460948365
-0.8418663244785923
-0.8224797507791085
-0.8388979263600445
-0.8601914288907553
-0.8805842746031101
-0.8946417886061072
-0.8929791223185639
-0.8851323617538106
-0.8710620229745084
-0.8530514264053041
-0.8310432689359044
-0.8046205001073721
-0.7804621576673965
-0.7574025094220103
-0.7352753159917507
-0.7185680797305942
-0.7003873835796062
-0.6861051544237563
-0.6761577193880213
-0.6651087666889792
-0.6539802585461953
-0.6433210034708053
-0.6322150715191532
-0.6211039442975512
-0.6114815116232998
-0.6041982488752471
-0.5985695558933383
-0.5939491675391965
-0.5885423057922287
-0.5840782363375584
-0.5803954756330671
-0.5793954725342614
-0.583257045298709
-0.5890979099886652
-0.593541526077578
-0.5967615762508726
-0.603173255580679
-0.6115762357434048
-0.6136847313920686
-0.6095791069711287
-0.6047837191951774
-0.5782797941257991
-0.5229012444445148
-0.44460689945861176
-0.3169358373126163
-0.09465058009557192
0.01445270647268565
0.018907743247326914
0.024797630558264006
0.03239013848832359
0.0414396367297063
0.04981830753098179
0.05495439822711118
0.054749379014042254
0.050499104366996006
0.041010795832826186
0.026033247961828154
0.024566668475961784
0.03827555755805312
0.0
-1.558844082409682
-1.484221141366965
-1.497276378072947
-1.544436652573814
-1.578942442824631
-1.600371588153897
-1.603155735780837
-1.575597925374217
-1.537884828582575
-1.49085208673057
-1.44178179598813
-1.390987649899882
-1.338127306461312
-1.294548611533855
-1.256389502243651
-1.222785634588988
-1.201412633471205
-1.178262118995015
-1.161042822264421
-1.152189939614377
-1.141897784515084
-1.132341047753551
-1.125373983471014
-1.117456105697994
-1.109938056961164
-1.105139788701783
-1.102942147418766
-1.103064011434627
-1.105977136153075
-1.107306439029283
-1.110017032082655
-1.113963015530249
-1.120687879359564
-1.132658165770806
-1.146880791875882
-1.158994448195213
-1.168799495268228
-1.181913925545268
-1.196537942400296
-1.199182378930519
-1.192066547738887
-1.187762962694805
-1.155185770374597
-1.091292675232873
-1.006209216624542
-0.8530531053658528
-0.5824038951522454
-0.3980263981015004
-0.3095599001262226
-0.2196853628029071
-0.1583792314577613
-0.1422554128369592
-0.1538275576363024
-0.1960847280961231
-0.3059450836482722
-0.4508138458969222
-0.727359719266283
-1.357626832382364
-2.232087407435233
-3.253934695554979
0.0
0.6088992363148455
0.6423548168883727
0.6747966272938385
0.7055387262137696
0.7187510139338757
0.7197873135507868
0.7085139471747298
0.682618803055653
0.6527524668287644
0.6197900637560615
0.588730369582826
0.5599443809639777
0.5335068063539399
0.5140864538664585
0.4989869928216409
0.4875103185972374
0.4828445537406107
0.477874735415409
0.4749376678406646
0.4760322202263558
0.4767890178261048
0.4783607892073556
0.4820529800002086
0.4852410341788406
0.4888341126636129
0.4936582770784833
0.4987438985435189
0.5044944555412888
0.5120279686138786
0.5187641332370544
0.5259387957450966
0.5335675398971818
0.5412924068253027
0.5494011204720969
0.5577828818872169
0.565452922117635
0.5720379190173553
0.578740669964589
0.5849617066568912
0.5854976475384503
0.5824874407677583
0.5829792434996276
0.5769059762487978
0.5683914307883583
0.5616023171659302
0.5361172680532365
0.4877533150566735
0.4124791045741861
0.3284676433735495
0.2444829933611711
0.1907693699460849
0.1836950495666655
0.2036458651672842
0.2510391263232343
0.3606944626623145
0.5013129502639182
0.7683705150991091
1.383660080344192
2.256654075911195
3.292210253113032
0.0
1.0
1.0
1.0
1.0
1.0
1.0
1.0
1.0
1.0
1.0
1.0
1.0
1.0
1.0
1.0
1.0
1.0
1.0
1.0
1.0
1.0
1.0
1.0
1.0
1.0
1.0
1.0
1.0
1.0
1.0
1.0
1.0
1.0
1.0
1.0
1.0
1.0
1.0
1.0
1.0
1.0
1.0
1.0
1.0
1.0
1.0
1.0
0.0
0.0
0.0
0.0
0.0
0.0
0.0
0.0
0.0
0.0
0.0
0.0
0.0
0.0
1.0
1.0
1.0
1.0
1.0
1.0
1.0
1.0
1.0
1.0
1.0
1.0
1.0
1.0
1.0
1.0
0.8605561031037754
0.8605561031037754
0.8605561031037754
0.8605561031037754
0.8605561031037754
0.8605561031037754
0.8605561031037754
0.8605561031037754
0.8605561031037754
0.8605561031037754
0.8605561031037754
0.8605561031037754
0.8605561031037754
0.8605561031037754
0.8605561031037754
0.8605561031037754
0.8605561031037754
0.8605561031037754
0.8605561031037754
0.8605561031037754
0.8605561031037754
0.8605561031037754
0.8605561031037754
0.8605561031037754
0.8605561031037754
0.8605561031037754
0.8605561031037754
0.8605561031037754
0.8605561031037754
1.0
1.0
1.0
1.0
1.0
1.0
1.0
1.0
1.0
1.0
1.0
1.0
1.0
1.0
1.0
1.0
1.0
1.0
1.0
1.0
1.0
1.0
1.0
1.0
1.0
1.0
1.0
1.0
1.0
0.003684618532972346
0.003651734184130688
0.0035873223655049115
0.003491212317003435
0.003299998831668354
0.0030611183631618463
0.0027899575784628666
0.002491643279578028
0.0022136162894336297
0.0019574956021085263
0.0017355519203883084
0.0015434052696609653
0.0013772862675017598
0.001245271222669986
0.0011343705848539413
0.0010399253762871858
0.0009658025724799224
0.0008950681752037853
0.0008307779095156685
0.0007766892224227648
0.0007245540931832881
0.0006762810424487876
0.0006332578313567815
0.0005914825808914392
0.0005522080833738883
0.0005159039267596011
0.0004804377572386188
0.0004471096855834097
0.0004160983661433426
0.00038569290942362384
0.0003569304745631255
0.00032972170547361203
0.00030300340787859715
0.00027743879906321297
0.00025294228672570793
0.00022908868479082836
0.00020581731721773218
0.00018335088038896188
0.00016194962319700926
0.0001403806586041706
0.00011973582690481002
0.00010097445748460844
8.192355174907862e-05
6.456362796943394e-05
5.010504632255797e-05
3.6384730398596e-05
2.4681372150654073e-05
1.5947557673072995e-05
1.043095893770715e-05
6.586850847168271e-06
4.011229702319768e-06
2.983427028204756e-06
2.5736875027330327e-06
2.891833731639987e-06
3.287011014168071e-06
3.8088113991781766e-06
4.4960012282509916e-06
5.450328543219889e-06
6.35333714741975e-06
1.384097320004645e-07
0.0004
0.0004
0.0004
0.0004
0.0004
0.0004
0.0004
0.0004
0.0004
0.0004
0.0004
0.0004
0.0004
0.0004
0.0004
0.0004
0.0004
0.0004
0.0004
0.0004
0.0004
0.0004
0.0004
0.0004
0.0004
0.0004
0.0004
0.0004
0.0004
0.0004
0.0004
0.0004
0.0004
0.0004
0.0004
0.0004
0.0004
0.0004
0.0004
0.0004
0.0004
0.0004
0.0004
0.0004
0.0004
0.0004
0.0004
0.0004
0.0004
0.0004
0.0004
0.0004
0.0004
0.0004
0.0004
0.0004
0.0004
0.0004
0.0004
0.0004
1.3065442837795994e-08
1.609813246251006e-08
1.8451320475760573e-08
2.016080036876345e-08
2.1358414023579076e-08
2.2454492528502163e-08
2.346184864599769e-08
2.435074770331274e-08
2.5168293008394306e-08
2.59248194795521e-08
2.6578860853539352e-08
2.717492227184444e-08
2.7727500794852817e-08
2.821868937946919e-08
2.867559255048391e-08
2.9106915692640655e-08
2.950022653046024e-08
2.9893537368279825e-08
3.0281774756529767e-08
3.065711262938458e-08
3.1032450502239386e-08
3.142093683129147e-08
3.1836199651687564e-08
3.225146247208365e-08
3.2701440677579656e-08
3.320893932168535e-08
3.3716437965791035e-08
3.428270566534462e-08
3.492899931274215e-08
3.557529296013967e-08
3.6371436914800125e-08
3.733624217274159e-08
3.8301047430683085e-08
3.959226158737696e-08
4.118778732859431e-08
4.278331306981166e-08
4.513146211348355e-08
4.806009189575067e-08
5.0988721678017794e-08
5.632170630050282e-08
6.318151527324084e-08
7.004132424597885e-08
8.255287402060394e-08
9.799336545699721e-08
1.1343385689339041e-07
1.3646888186188418e-07
1.6453988297575865e-07
1.9889493840858378e-07
2.3731543525971197e-07
2.78963375570315e-07
3.2556784487230723e-07
3.9737569592667986e-07
5.064205645747201e-07
6.801946019508522e-07
1.1053081705738778e-06
1.6111307341008319e-06
2.5512822486276946e-06
4.137854497676283e-06
6.1841356611202155e-06
2.780474791942962e-06
0.0
0.0
0.0
0.0
0.0
0.0
0.0
0.0
0.0
0.0
0.0
0.0
0.0
0.0
0.0
0.0
0.0
0.0
0.0
0.0
0.0
0.0
0.0
0.0
0.0
0.0
0.0
0.0
0.0
0.0
0.0
0.0
0.0
0.0
0.0
0.0
0.0
0.0
0.0
0.0
0.0
0.0
0.0
0.0
0.0
0.0
0.0
0.0
0.0
0.0
0.0
0.0
0.0
0.0
0.0
0.0
0.0
0.0
0.0
0.0
0.0
0.0
0.0
0.0
0.0
0.0
0.0
0.0
0.0
0.0
0.0
0.0
0.0
0.0
0.0
0.0
0.0
0.0
0.0
0.0
0.0
0.0
0.0
0.0
0.0
0.0
0.0
0.0
0.0
0.0
0.0
0.0
0.0
0.0
0.0
0.0
0.0
0.0
0.0
0.0
0.0
0.0
0.0
0.0
0.0
0.0
0.0
0.0
0.0
0.0
0.0
0.0
0.0
0.0
0.0
0.0
0.0
0.0
0.0
0.0
0.0
0.0
0.0
0.0
0.0
0.0
0.0
0.0
0.0
0.0
0.0
0.0
0.0
0.0
0.0
0.0
0.0
0.0
0.0
0.0
0.0
0.0
0.0
0.0
0.0
0.0
0.0
0.0
0.0
0.0
0.0
0.0
0.0
0.0
0.0
0.0
0.0
0.0
0.0
0.0
0.0
0.0
0.0
0.0
0.0
0.0
0.0
0.0
0.0
0.0
0.0
0.0
0.0
0.0
0.0
0.0
0.0
0.0
0.0
0.0
0.0
0.0
0.0
0.0
0.0
0.0
0.0
0.0
0.0
0.0
0.0
0.0
0.0
0.0
0.0
0.0
0.0
0.0
0.0
0.0
0.0
0.0
0.0
0.0
0.0
0.0
0.0
0.0
0.0
0.0
0.0
0.0
0.0
0.0
0.0
0.0
0.0
0.0
0.0
0.0
0.0
0.0
0.0
0.0
0.0
0.0
0.0
0.0
0.0
0.0
0.0
0.0
0.0
0.0
0.0
0.0
0.0
0.0
0.0
0.0
0.0
0.0
0.0
0.0
0.0
0.0
0.0
0.0
0.0
0.0
0.0
0.0
0.0
0.0
0.0
0.0
0.0
0.0
0.0
0.0
0.0
0.0
0.0
0.0
0.0
0.0
0.0
0.0
0.0
0.0
0.0
0.0
0.0
0.0
0.0
0.0
0.0
0.0
0.0
0.0
0.0
0.0
0.0
0.0
0.0
0.0
0.0
0.0
0.0
0.0
0.0
0.0
0.0
0.0
0.0
0.0
0.0
0.0
0.0
0.0
2
2
1
275.4867151364275
-0.01823063063079644
0.0
0.0
46.0
5.783625987995279
1.0
2.0
3.0
4.0
5.0
6.0
7.0
8.0
9.0
10.0
11.0
12.0
13.0
14.0
15.0
16.0
17.0
18.0
19.0
20.0
21.0
22.0
23.0
24.0
25.0
26.0
27.0
28.0
29.0
30.0
31.0
32.0
33.0
34.0
35.0
36.0
37.0
38.0
39.0
40.0
41.0
42.0
43.0
44.0
45.0
46.0
47.0
48.0
49.0
50.0
51.0
52.0
53.0
54.0
55.0
56.0
57.0
58.0
59.0
60.0
0.0
0.0
0.0
0.0
0.0
0.0
0.0
0.0
0.0
0.0
0.0
0.0
0.0
0.0
0.0
0.0
0.0
0.0
0.0
0.0
0.0
0.0
0.0
0.0
0.0
0.0
0.0
0.0
0.0
0.0
0.0
0.0
0.0
0.0
0.0
0.0
0.0
0.0
0.0
0.0
0.0
0.0
0.0
0.0
0.0
0.0
0.0
0.0
0.0
0.0
0.0
0.0
0.0
0.0
0.0
0.0
0.0
0.99
0.0
0.0
0.0
0.0
0.0
0.0
0.0
0.0
0.0
0.0
0.0
0.0
0.0
0.0
0.0
0.0
0.0
0.0
0.0
0.0
0.0
0.0
0.0
0.0
0.0
0.0
0.0
0.0
0.0
0.0
0.0
0.0
0.0
0.0
0.0
0.0
0.0
0.0
0.0
0.0
0.0
0.0
0.0
0.0
0.0
0.0
0.0
0.0
0.0
0.0
0.0
0.0
0.0
0.0
0.0
0.0
0.0
0.0
0.0
0.1
0.0
0.0
0.0
0.0
0.0
0.0
0.0
0.0
0.0
0.0
0.0
0.0
0.0
0.0
0.0
0.0
0.0
0.0
0.0
0.0
0.0
0.0
0.0
0.0
0.0
0.0
0.0
0.0
0.0
0.0
0.0
0.0
0.0
0.0
0.0
0.0
0.0
0.0
0.0
0.0
0.0
0.0
0.0
0.0
0.0
0.0
0.0
0.0
0.0
0.0
0.0
0.0
0.0
0.0
0.0
0.0
0.0
0.0
0.0
0.5
0.0
0.0
45.0
