9.81
6.022e+23
0
0
0
3
0
1
280.37236039136167
2
2
0
0
1
1
0
1
60
7
1014.8
1.607


3
3
0
77.072922555375
0
5.783625987995279
150.0
1000.0
287.04
9.81
79000.0
40.0
20000.0
0.0
0.0
0.0
0.0
0.0280134
0.04401
0.0319988
0.039948
0.01604
0.01801528
0.048
99000.0
2.1153802199668344e+29
0.8
1e-06
1000000.0
0.6
3.0
0.0001
1000
51
1.5726374482898677
0
1
7
1.0
1
0
1
1
0.1
1000000000000.0
1
279.37168220616127
278.5613912657002
277.73936120214375
276.9052105587207
276.05853861234993
275.1989237585592
274.4268076943238
273.43835420020105
272.86803798766977
271.61968721860546
271.1569399871834
269.73897016349247
269.2724663873687
267.79169962814797
267.24114473297163
265.77267149880817
265.0976497155582
263.6757891631166
262.8579315761869
261.49451242429996
260.423959405743
259.2206423268672
258.0774340591058
256.8838107337113
255.66017229523092
254.40918961652307
253.12333705671162
251.8027218116877
250.44470098418003
249.0495147863921
247.6127325788136
246.1353242277482
244.61106946231698
243.03452933299414
241.40333560377996
239.71717693444867
237.975231556876
236.1695681868812
234.29338850142454
232.3423390793479
230.31333953697495
228.2031780966845
225.99576018391772
223.6794326882443
221.24765207451495
218.68300999195222
215.9806035502969
213.10757152956216
210.0261262934778
206.70378061563656
203.09207146206262
199.1360314635329
196.3620835669707
195.67492778841668
196.28852383743393
198.74482510907225
203.78885968891305
212.15447538272534
223.67523859031058
244.98664442395628
1006.356725
989.4701749999999
972.583625
955.6970749999999
938.810525
921.9239749999999
905.037425
888.1508749999999
871.264325
854.3777749999999
837.491225
820.6046749999999
803.718125
786.8315749999999
769.945025
753.0584749999999
736.171925
719.2853749999999
702.398825
685.5122749999999
668.625725
651.7391749999999
634.852625
617.9660749999999
601.079525
584.1929749999999
567.306425
550.4198749999999
533.533325
516.6467749999999
499.76022499999993
482.87367499999993
465.987125
449.100575
432.21402499999994
415.32747499999994
398.440925
381.554375
364.66782499999994
347.78127499999994
330.894725
314.008175
297.12162499999994
280.23507499999994
263.348525
246.461975
229.57542499999994
212.68887499999994
195.802325
178.915775
162.02922499999994
145.14267499999994
128.256125
111.369575
94.48302499999994
77.59647499999994
60.709925
43.823375
26.936824999999942
10.050274999999957
69.55103839128469
209.6518924477121
351.78246334954076
496.008705702426
642.3999052938505
791.0289583437815
942.0341770507735
1095.4348037446498
1251.374854625999
1409.8858047897443
1571.09198258578
1735.0653822756817
1901.914869295711
2071.7521838403577
2244.680641846605
2420.8460107113497
2600.3606792407545
2783.4009788306516
2970.056105605756
3160.5479007346976
3355.012755925035
3553.7043915161676
3756.8318132610757
3964.6078011662867
4177.27450536734
4395.091962328066
4618.340993972759
4847.327314604869
5082.385115203746
5323.879905484879
5572.21314506095
5827.826400664289
6091.203973695641
6362.8815225380895
6643.457312973445
6933.60350990119
7234.07410596184
7545.715907920203
7869.488682772209
8206.490420923396
8557.987209766827
8925.439702912503
9310.541999419132
9715.28860672802
10142.048371350455
10593.673791189085
11073.630793687735
11586.16402834819
12136.58106307668
12731.660964218157
13380.27363619448
14097.456039293416
14909.7328917122
15856.999912516498
17002.94012147926
18464.901801875978
20490.094803373613
23737.426252310728
31810.866373785873
54964.779872378
3.519122223737253e+23
3.519122223737277e+23
3.519122223737277e+23
3.519122223737253e+23
3.519122223737253e+23
3.519122223737277e+23
3.519122223737277e+23
3.519122223737253e+23
3.519122223737253e+23
3.519122223737277e+23
3.519122223737277e+23
3.519122223737253e+23
3.519122223737253e+23
3.519122223737277e+23
3.519122223737277e+23
3.519122223737253e+23
3.519122223737253e+23
3.519122223737277e+23
3.519122223737277e+23
3.519122223737253e+23
3.519122223737253e+23
3.519122223737277e+23
3.519122223737277e+23
3.519122223737253e+23
3.519122223737253e+23
3.519122223737277e+23
3.519122223737277e+23
3.519122223737253e+23
3.519122223737253e+23
3.519122223737277e+23
3.519122223737277e+23
3.519122223737253e+23
3.519122223737253e+23
3.519122223737277e+23
3.519122223737277e+23
3.519122223737253e+23
3.519122223737253e+23
3.519122223737277e+23
3.519122223737277e+23
3.519122223737253e+23
3.519122223737253e+23
3.519122223737277e+23
3.519122223737277e+23
3.519122223737253e+23
3.519122223737253e+23
3.519122223737277e+23
3.519122223737277e+23
3.519122223737253e+23
3.519122223737253e+23
3.519122223737277e+23
3.519122223737277e+23
3.519122223737253e+23
3.519122223737253e+23
3.519122223737277e+23
3.519122223737277e+23
3.519122223737253e+23
3.519122223737253e+23
3.519122223737277e+23
3.519122223737277e+23
3.519122223737247e+23
-3.409192039573661
-3.1501223956542805
-2.87478745035683
-2.627445966597653
-2.3961358574150315
-2.1411949636904604
-2.1884574790540396
-1.6432925181141624
-2.3035643025619295
-1.2327788591813944
-2.3399235796122984
-1.0644402950784302
-2.3043091684493198
-1.0951901563134705
-2.2352448417834987
-1.2505671582185967
-2.172194916137148
-1.4391512593604419
-2.07492477942828
-1.8270868674182328
-2.1134308682290133
-2.1137898101858688
-2.0389316983726498
-2.027896098241052
-2.012871416224473
-1.9951674733450033
-1.98365802410722
-1.9758604365211174
-1.972776570994123
-1.9696397751967716
-1.9705113757926236
-1.9686692438020041
-1.9706850245006404
-1.9818289705054284
-1.999647761603005
-2.016671839316543
-2.025404362254385
-2.032249826110077
-2.039843833319633
-2.0439895592021085
-2.0356803737377613
-2.003939574796911
-1.9620172470306898
-1.910134624637263
-1.8332319324812891
-1.7332093700295992
-1.5781041920463346
-1.3854689289463844
-1.1702702111233645
-0.918329537566528
-0.6236824157191748
-0.2189068535953526
0.008342399991884592
0.015187339351030872
0.021730068128753274
0.025972012498113442
0.024774610325610878
0.018044978631786716
0.011264828556690542
0.004542906483783166
-3.4099911774452494
-3.1507272085599993
-2.875768537585401
-2.6293179796254265
-2.401963022003571
-2.1897151482116044
-1.8972088574066674
-2.2573609068480494
-1.4109971633174894
-2.3325367014150515
-1.1196452498390101
-2.329524859734491
-1.0586766317406102
-2.272708613639594
-1.161876666801291
-2.203855397264789
-1.3441945902032018
-2.137081374831027
-1.5585196056977964
-2.1244381714711835
-1.9965678088987033
-2.129246899176593
-2.0441722125031276
-2.02712504771506
-2.0137275713264273
-1.9951674812651845
-1.9839017150636096
-1.9759717844910085
-1.9728765009666915
-1.9696466094110008
-1.970733293081878
-1.9686986111221358
-1.9707599862662732
-1.9818586378850114
-1.9996897428823104
-2.016704569808894
-2.025432839697089
-2.03227808126519
-2.0398733080798195
-2.044003331855208
-2.0357136535998848
-2.0039518225244137
-1.9620086916671937
-1.9101325468427888
-1.833216285497599
-1.7331819553899948
-1.578065981693129
-1.3854129723230812
-1.1701900012831175
-0.9182116111539926
-0.6234890381666958
-0.21847442516440196
0.008228020573397998
0.014928471458318882
0.021264632641504022
0.025251177788788937
0.024089232872086086
0.017495430488907004
0.01070947805098399
0.004386108384039744
0.0001469401267470971
0.0001444950027844235
0.00014204987882174985
0.00013960475485907622
0.00013715963089640262
0.00013471450693372901
0.00013226938297105538
0.00012982425900838173
0.00012737913504570812
0.00012493401108303452
0.00012248888712036086
0.00012004376315768725
0.00011759863919501362
0.00011515351523234001
0.00011270839126966638
0.00011026326730699275
0.00010781814334431915
0.00010537301938164552
0.00010292789541897189
0.00010048277145629826
9.803764749362466e-05
9.559252353095103e-05
9.31473995682774e-05
9.070227560560377e-05
8.825715164293017e-05
8.581202768025655e-05
8.336690371758289e-05
8.092177975490928e-05
7.847665579223566e-05
7.603153182956204e-05
7.358640786688841e-05
7.11412839042148e-05
6.869615994154117e-05
6.625103597886755e-05
6.380591201619392e-05
6.136078805352029e-05
5.891566409084668e-05
5.647054012817306e-05
5.402541616549943e-05
5.1580292202825796e-05
4.9135168240152187e-05
4.669004427747856e-05
4.424492031480494e-05
4.17997963521313e-05
3.9354672389457693e-05
3.690954842678408e-05
3.446442446411045e-05
3.201930050143682e-05
2.95741765387632e-05
2.7129052576089584e-05
2.468392861341595e-05
2.223880465074232e-05
1.9793680688068707e-05
1.734855672539509e-05
1.490343276272146e-05
1.2458308800047829e-05
1.0013184837374214e-05
7.568060874700599e-06
5.122936912026967e-06
2.677812949353336e-06
-16.886549999999943
-16.886550000000057
-16.886550000000057
-16.886549999999943
-16.886549999999943
-16.886550000000057
-16.886550000000057
-16.886549999999943
-16.886549999999943
-16.886550000000057
-16.886550000000057
-16.886549999999943
-16.886549999999943
-16.886550000000057
-16.886550000000057
-16.886549999999943
-16.886549999999943
-16.886550000000057
-16.886550000000057
-16.886549999999943
-16.886549999999943
-16.886550000000057
-16.886550000000057
-16.886549999999943
-16.886549999999943
-16.886550000000057
-16.886550000000057
-16.886549999999943
-16.886549999999943
-16.886550000000057
-16.886550000000057
-16.886549999999943
-16.886549999999943
-16.886550000000057
-16.886550000000057
-16.886549999999943
-16.886549999999943
-16.886550000000057
-16.886550000000057
-16.886549999999943
-16.886549999999943
-16.886550000000057
-16.886550000000057
-16.886549999999943
-16.886549999999943
-16.886550000000057
-16.886550000000057
-16.886549999999943
-16.886549999999943
-16.886550000000057
-16.886550000000057
-16.886549999999943
-16.886549999999943
-16.886550000000057
-16.886550000000057
-16.886549999999943
-16.886549999999943
-16.886550000000057
-16.886550000000057
-16.886549999999914
280.37168220616127
279.56716781989746
278.75110032523907
277.92310769278464
277.082799038393
276.2297638000431
275.3635693308116
274.48304838556976
273.58914562856864
272.6792505238764
271.75560952707093
270.81453804522334
269.858887895498
268.8845479867979
267.89433688323453
266.88424093922015
265.8565876721327
264.8077495349541
263.73931440501553
262.648662650936
261.5358478114003
260.39923867047486
259.237531596996
258.04961259991825
256.8341343903361
255.58964324552122
254.31458498090188
253.00726544309117
251.6658425110953
250.2882926346418
248.87241142102445
247.41575947845138
245.91566848505735
244.36920472637289
242.77310582137727
241.1237138600444
239.41691165163866
237.6480947640348
235.81207240213453
233.90293349435598
231.91388838059297
229.8370815690525
227.66347280317098
225.38250626882768
222.98166681000177
220.44606853822555
217.7576017799658
214.89428495268254
211.8290007085788
208.52747242010054
204.94556154622776
201.11430388171664
197.74721356749302
196.01301430866252
195.9731472108839
197.505651494377
201.25515115648432
207.96181424854052
217.90817384074055
234.32736444413212
255.64176678630201
1014.8
997.91345
981.0269
964.1403499999999
947.2538
930.36725
913.4807
896.5941499999999
879.7076
862.82105
845.9345
829.0479499999999
812.1614
795.27485
778.3883
761.5017499999999
744.6152
727.72865
710.8421
693.9555499999999
677.069
660.18245
643.2959
626.4093499999999
609.5228
592.63625
575.7497
558.8631499999999
541.9766
525.09005
508.20349999999996
491.3169499999999
474.43039999999996
457.54385
440.65729999999996
423.7707499999999
406.88419999999996
389.99765
373.11109999999996
356.2245499999999
339.33799999999997
322.45145
305.56489999999997
288.6783499999999
271.79179999999997
254.90525000000002
238.01869999999997
221.1321499999999
204.24559999999997
187.35905000000002
170.47249999999997
153.5859499999999
136.69939999999997
119.81285000000003
102.92629999999997
86.03974999999991
69.15319999999997
52.26665000000003
35.38009999999997
18.493549999999914
1.607
0.0
139.10207678256938
280.2017081128548
423.36321858622676
568.6541928186252
716.1456177690757
865.9122989184873
1018.1560551830597
1172.71355230624
1330.0361569457577
1489.7354526337306
1652.4485125378296
1817.6822520135336
1986.1474865778882
2157.356881102827
2332.004402590382
2509.6876188323176
2691.0337396491914
2875.768218012112
3064.3439931993994
3256.7518082699958
3453.2737035800737
3654.1350794522614
3859.52854706989
4069.687055262683
4284.861955471997
4505.321969184136
4731.360018761381
4963.294610448357
5201.475619959136
5446.284191010622
5698.142099111278
5957.510702217301
6224.897245173981
6500.865799902198
6786.048826044692
7081.158193757688
7386.990018165992
7704.441797674414
8034.535567870004
8378.445273976788
8737.529145556864
9113.350260268142
9507.733738570121
9922.843474885916
10361.253267814991
10826.094314563179
11321.167272812289
11851.16078388409
12422.001342269268
13041.320586167047
13719.226686221913
14475.68539236492
15343.78039105948
16370.219433973514
17635.660808985005
19294.14279476695
21686.04681198027
25788.805692641185
37832.927054930566
49877.04841721985
364.0054247036857
362.0598447127956
360.01961318275994
357.8841768512728
355.6906300547206
353.46318423307474
351.22073674689136
348.9736330010505
346.92477311854367
344.5494270438306
342.64017502918034
340.1732879169523
338.32185534573546
335.85125936847606
334.00387045427146
331.59839530564767
329.73181643806566
327.4278695609543
325.54712025985833
323.36648986724816
321.3370309350665
319.23515278293746
317.22948627611083
315.35896608269917
313.5041463776926
311.68015207137375
309.88991121372095
308.1280356564327
306.3991759298798
304.703946116699
303.0430175299243
301.4212357225213
299.83799762309025
298.2963506771985
296.79160734062077
295.3291269690629
293.9115861366874
292.5439987983747
291.22770744748425
289.95909378378445
288.74794228623716
287.6042197764832
286.525879402189
285.50805210847966
284.55320622893606
283.6660293674794
282.8432113286639
282.09040598567395
281.4072378329265
280.7784550847955
280.20790390547563
279.70446988942314
279.31401856558625
279.2035231853944
279.4269070333489
279.9398024835102
280.69199131851406
281.616881355488
282.5865213079384
283.874141558411
286.4502091879467
350.3888970034887
347.9830592189219
345.476695877084
342.8700494558159
340.2006613818754
337.4930194262258
334.7662164423152
332.0307341581416
329.4895651445966
326.6180522376156
324.20886137322
321.2382809545969
318.8794174605728
315.8976390888225
313.5353091357394
310.6111057671845
308.2219870911608
305.391650212609
302.9806221016394
300.2657817955229
297.698484262268
295.0546751987295
292.5029417039769
290.0818953291149
287.6723375563169
285.2893160952046
282.9356794239183
280.605962560715
278.3047346891091
276.0325229820936
273.7899094807919
271.5816473697018
269.4070386849263
267.2690244863098
265.1628127793787
263.0936890417654
261.0642291755716
259.0793456492675
257.1402773377861
255.2433060860796
253.3981114506259
251.6145584637109
249.8905016680051
248.2209791830828
246.6083643390422
245.0572557654781
243.5642734741604
242.134997186146
240.7689877931115
239.4509650149948
238.184738793271
236.9791842912363
235.8802004402524
235.0548704043917
234.5574333860793
234.3444712401121
234.3691543791747
234.5766480868039
234.8775227711153
235.6488060842371
238.0047615075668
13.61652770019704
14.07678549387372
14.54291730567594
15.0141273954569
15.48996867284517
15.97016480684891
16.45452030457616
16.94289884290884
17.43520797394704
17.93137480621499
18.43131365596038
18.93500696235539
19.44243788516261
19.9536202796536
20.46856131853205
20.9872895384632
21.50982934690483
22.03621934834532
22.56649815821889
23.10070807172527
23.63854667279848
24.18047758420792
24.72654457213394
25.27707075358429
25.83180882137574
26.3908359761692
26.95423178980263
27.52207309571768
28.09444124077067
28.67142313460538
29.25310804913242
29.83958835281952
30.43095893816395
31.02732619088873
31.62879456124204
32.23543792729748
32.84735696111581
33.46465314910716
34.08743010969817
34.71578769770487
35.3498308356113
35.98966131277231
36.63537773418391
37.28707292539686
37.94484188989387
38.60877360200131
39.27893785450352
39.95540879952797
40.63825003981502
41.32749006980068
42.0231651122046
42.72528559818683
43.43381812533385
44.1486527810027
44.86947364726964
45.59533124339813
46.32283693933938
47.04023326868407
47.70899853682312
48.22533547417393
48.44544768037993
482.9096584630138
477.5540872946785
472.36312855608276
467.35192368701007
462.52905891083253
457.89965006718296
453.46748743278806
449.3231748295405
445.0169540401857
441.2306108021552
436.98882208608984
433.4022897240228
429.2213322930712
425.69205968407164
421.5719621562274
418.0046103408022
413.9341760759553
410.2860346086408
406.2682039327138
402.5290539344059
398.375156830753
394.2767108697252
390.1417974637221
386.2271050578073
382.3451603050857
378.5074384274405
374.72203008852216
370.9762528161705
367.2714213051264
363.603314990979
359.9727397947934
356.3802246943086
352.82828798375544
349.3158810515974
345.8292790771345
342.3671089626943
338.9328635605101
335.5398433825001
332.19127395034457
328.88278697856504
325.6276321491625
322.44819598580847
319.36590378899
316.38606780361346
313.5210893772271
310.80069623027276
308.24469623606745
305.9138249113841
303.8452437863139
302.04627103689955
300.5575082464258
299.43058519220654
298.8216594432053
298.71939208358685
298.95770440299964
299.49186448580235
300.26930449859515
301.2182837684411
302.2054191513805
303.50374887990404
306.0842026178237
288.3878346956469
281.1336755079521
274.0353188036805
267.107539144397
260.3595362493341
253.7977781591828
247.4271625749511
241.3396049620408
235.0870344860336
229.3526445211937
223.1612418584742
217.624953912832
211.4965073610907
206.0239315036211
199.9673902672412
194.4716569620555
188.4827780681328
182.9258245009187
177.0087635252823
171.3778762095929
165.239072447332
159.1462341292382
153.0022812383391
147.1594123347631
141.3440769229575
135.5693348994264
129.8455653901855
124.1609026742739
118.518189557277
112.9161776775699
107.359275270721
101.852582826021
96.40314794487935
91.01332140366667
85.67174451453013
80.38170919889343
75.15178527831027
70.0010111352634
64.93770186786917
59.9594712515473
55.08123614849789
50.32519804791376
45.71181908790421
41.24480797545872
36.94261249153763
32.84081451352176
28.96072520916614
25.3645200591641
22.09161927922967
19.13772778096388
16.54075841816409
14.3567433997616
12.73432185167489
11.64947793577702
10.92047159131255
10.49283412228857
10.27080557219247
10.10649768478667
9.617697234644984
8.25077611045844
0.0
194.5218237673669
196.4204117867264
198.3278097524022
200.2443845426131
202.1695226614984
204.1018719080002
206.040324857837
207.9835698674997
209.9299195541521
211.8779662809615
213.8275802276156
215.7773358111908
217.7248249319805
219.6681281804505
221.6045718889862
223.5329533787467
225.4513980078225
227.3602101077221
229.2594404074315
231.151177724813
233.136084383421
235.130476740487
237.139516225383
239.0676927230442
241.0010833821282
242.9381035280141
244.8764646983367
246.8153501418966
248.7532317478494
250.6871373134091
252.6134645240724
254.5276418682876
256.4251400388761
258.3025596479307
260.1575345626044
261.9853997638009
263.7810782821998
265.5388322472367
267.2535720824754
268.9233157270177
270.5463960006646
272.1229979378947
273.6540847010858
275.1412598281547
276.5784768856895
277.959881716751
279.2839710269013
280.54930485222
281.7536245070842
282.9085432559357
284.0167498282617
285.0738417924449
286.0873375915304
287.0699141478098
288.0372328116871
288.9990303635138
289.9984989264027
291.1117860836544
292.5877219167355
295.2529727694456
306.0842026178237
118.90423375932801
115.49424258188276
112.34351537332276
109.46774683573736
106.83842885611193
104.43646583410836
102.24675068589676
100.34954182849009
98.09218092164204
96.68118375832455
94.3486470569095
93.22900180707049
90.899476947336
89.84080031559539
87.5680917019558
86.4062150351545
84.20235963788971
82.85816504768651
80.72108367285549
79.16256406715769
77.0381258956865
75.0415580867878
72.91231118761121
70.86813897510808
68.84101392739302
66.8272863560666
64.83211887480141
62.8482171597378
60.87224537524679
58.8993688742801
56.9297222648691
54.95898897178722
52.990290360665085
51.01953037439881
49.0376717365138
47.03798199363149
45.021277423822596
42.99584458412551
40.96356650286032
38.9236931947805
36.87968986292529
34.843976209325405
32.84002438680099
30.878015695133797
28.96788314829101
27.13466686279341
25.401484907403415
23.823418925710286
22.438005953387204
21.267815952104087
20.349604340950094
19.7261153027834
19.507640877618996
19.515868898192394
19.530797369650713
19.552062002292217
19.577313180081006
19.601402412953092
19.618897843442
19.629607321492983
19.633993429877023
62.00106230784189
66.84938371096985
71.44137707340354
75.76251031141885
79.84112513254126
83.69524126704295
87.33905386736404
90.69112919610072
94.40253065856297
97.26540771642195
101.0476195147458
103.6133270417649
107.382910099482
109.8737075852015
113.5679188684983
116.139448805129
119.739209023028
122.4658257116903
125.9718585763571
128.88790558593
132.459411814936
135.9084410694913
139.5006604656378
142.9224829943518
146.3282606333595
149.7199811957783
153.0901140337327
156.4450598864411
159.786545131832
163.1163453045237
166.4306342100709
169.7290645436809
173.003890740047
176.2557030826431
179.4910682648485
182.7119798428719
185.9124438972614
189.0783345140041
192.2025754699169
195.2838348345323
198.316875302128
201.2893604157971
204.1786825801009
206.9761712076241
209.6657518475046
212.2164412519563
214.6035482649943
216.7704771269818
218.6773685138819
220.3132372340309
221.643980375107
222.6224408914747
223.1458785885776
223.4053924686147
223.6369617947668
223.8516371178235
224.0983488069823
224.4701504020172
225.2598255364703
227.3980299737787
238.0047615075668
180.9052960671699
182.3436262928526
183.7848924467263
185.2302571471562
186.6795539886532
188.1317071011513
189.5858045532608
191.0406710245908
192.494711580205
193.9465914747465
195.3962665716553
196.8423288488354
198.282387046818
199.7145079007969
201.1360105704541
202.5456638402835
203.9415686609177
205.3239907593768
206.6929422492126
208.0504696530877
209.4975377106225
210.9499991562791
212.412971653249
213.7906219694599
215.1692745607525
216.5472675518449
217.9222329085341
219.2932770461789
220.6587905070788
222.0157141788038
223.36035647494
224.6880535154681
225.9941811007121
227.2752334570419
228.5287400013623
229.7499618365034
230.933721321084
232.0741790981296
233.1661419727772
234.2075280293128
235.1965651650533
236.1333366251225
237.0187069669019
237.8541869027579
238.6336349957956
239.3511081147497
240.0050331723977
240.5938960526921
241.1153744672691
241.581053186135
241.9935847160571
242.3485561942581
242.6535194661966
242.9212613668071
243.1677591644175
243.4036991201157
243.6756619870633
244.0715528149703
244.8787233799123
247.0276372952717
257.6387549374438
-1.7027812931497786
-1.572867349304579
-1.435967837658553
-1.3128798261914625
-1.198899302181193
-1.0933237266056244
-0.9472343233078385
-1.1266783146656847
-0.7044015527162505
-1.1646554071192596
-0.5584620444511724
-1.163153203361782
-0.5284428775811789
-1.134360065649557
-0.5799898087433771
-1.0999850178140467
-0.6710523560159216
-1.0670543009647644
-0.7776981910019705
-1.0607232992347897
-0.9968586313014132
-1.0626885701135986
-1.0206499452936173
-1.012135703684354
-1.005036723775362
-0.996175605817889
-0.990549862908865
-0.9861863140800233
-0.9850464135634153
-0.9834358693245129
-0.9835891776942779
-0.9829705289800089
-0.9840053529891407
-0.9891832326728934
-0.9984666464355382
-1.0069724312474242
-1.0110032358108167
-1.0147698318833456
-1.0185738623532425
-1.0203548504085096
-1.0165184423232199
-1.0006661713204716
-0.9794813332785187
-0.9538314569428452
-0.9152171310295334
-0.8654818031523639
-0.7880244645296416
-0.6916657733775197
-0.5843410205455659
-0.458504235691893
-0.31121516999716897
-0.10905043647829551
0.004165900181272608
0.007580851748492809
0.0106701901892758
0.012668830683347607
0.012231845613896425
0.00890824550805902
0.005802214099107861
0.007570722716024214
0.0
-2.421443969737059
-2.293423581482011
-2.158145294342865
-2.037021979837272
-1.924898433205027
-1.819864508612594
-1.674159346291902
-1.853621066613791
-1.429834330574443
-1.888986556339067
-1.281416082564382
-1.882679262485202
-1.244003037368847
-1.845035609459055
-1.284324024813091
-1.797863001926227
-1.361780498769384
-1.751051844947823
-1.456389512923888
-1.783751839456355
-1.72258198157022
-1.79409681651046
-1.708993863797767
-1.70098040961553
-1.693959748131285
-1.683177982468895
-1.6755929997945
-1.668870238717473
-1.663034250037931
-1.655287308124
-1.647366908424152
-1.635578066258472
-1.624084035067451
-1.615869670953376
-1.608650967864702
-1.598438663711881
-1.581171317935515
-1.560369825692647
-1.538903114556297
-1.514820685256098
-1.484576940172226
-1.443042065418198
-1.397176755475356
-1.343283227336862
-1.273915436608048
-1.19221590344826
-1.082250203611443
-0.952377176722152
-0.8170177094964908
-0.6646258955003619
-0.4886819828932953
-0.2614255429446064
-0.1296115227578828
-0.1156549044015799
-0.1072173693212439
-0.1232176009601244
-0.1856924604163198
-0.3943950768484843
-1.067904086854668
-5.297422339727969
0.0
0.7186626765872804
0.720556232177432
0.7221774566843119
0.7241421536458094
0.7259991310238341
0.7265407820069697
0.7269250229840635
0.7269427519481061
0.7254327778581925
0.7243311492198075
0.7229540381132097
0.71952605912342
0.7155601597876682
0.710675543809498
0.7043342160697138
0.6978779841121803
0.6907281427534624
0.6839975439830585
0.6786913219219175
0.7230285402215654
0.7257233502688067
0.7314082463968613
0.6883439185041497
0.6888447059311762
0.688923024355923
0.687002376651006
0.685043136885635
0.6826839246374496
0.6779878364745157
0.6718514387994872
0.6637777307298741
0.6526075372784631
0.6400786820783103
0.6266864382804825
0.6101843214291639
0.5914662324644567
0.570168082124698
0.5455999938093015
0.5203292522030544
0.4944658348475884
0.4680584978490061
0.4423758940977262
0.4176954221968373
0.3894517703940168
0.3586983055785146
0.3267341002958961
0.2942257390818014
0.2607114033446324
0.2326766889509248
0.2061216598084689
0.1774668128961263
0.1523751064663109
0.1337774229391554
0.1232357561500727
0.1178875595105197
0.135886431643472
0.1979243060302162
0.4033033223565433
1.073706300953776
5.304993062443994
0.0
1.0
1.0
1.0
1.0
1.0
1.0
1.0
1.0
1.0
1.0
1.0
1.0
1.0
1.0
1.0
1.0
1.0
1.0
1.0
1.0
1.0
1.0
1.0
1.0
1.0
1.0
1.0
1.0
1.0
1.0
1.0
1.0
1.0
1.0
1.0
1.0
1.0
1.0
1.0
1.0
1.0
1.0
1.0
1.0
1.0
1.0
1.0
1.0
1.0
1.0
1.0
1.0
0.0
0.0
0.0
0.0
0.0
0.0
0.0
0.0
0.0
1.0
1.0
1.0
1.0
1.0
1.0
1.0
1.0
1.0
1.0
1.0
1.0
1.0
1.0
1.0
1.0
0.93
0.93
0.93
0.93
0.93
0.93
0.93
0.93
0.93
0.93
0.93
0.93
0.93
0.93
0.93
0.93
0.93
0.93
0.93
0.93
0.93
0.93
0.93
0.93
0.93
0.93
0.93
0.93
0.93
1.0
1.0
1.0
1.0
1.0
1.0
1.0
1.0
1.0
1.0
1.0
1.0
1.0
1.0
1.0
1.0
1.0
1.0
1.0
1.0
1.0
1.0
1.0
1.0
1.0
1.0
1.0
1.0
1.0
0.018569944109712945
0.01735462581537747
0.0161999628553389
0.01510390267676258
0.01406442805768614
0.013079557107019404
0.01214734326454449
0.011265875300915714
0.01043327731765966
0.009647708747175132
0.008907364352733206
0.00821047422847717
0.007555303799422571
0.006940153821457187
0.0063633603813410475
0.0058232948967064215
0.005318364116057821
0.0048470101187719885
0.004407710315097926
0.003998977446156858
0.003619359583942273
0.003267440131319882
0.0029418378220276496
0.0026412067206757713
0.0023642362227467
0.002109651054595115
0.0018762112734479475
0.001662712267404364
0.0014679847554357776
0.001290894787385841
0.0011303437439704506
0.000985268336777741
0.0008546406082680926
0.0007374679317741244
0.0006327930115006987
0.0005396938825249207
0.00045728391079613573
0.00038471179313593153
0.00032116155723813724
0.0002658525616688251
0.00021803949586630798
0.00017701238014114062
0.00014209656567612012
0.0001126527345262852
8.807689961891653e-05
6.780040475353613e-05
5.12899246019083e-05
3.804746470803913e-05
2.7610361488176403e-05
1.9551282230809713e-05
1.3478225096670562e-05
9.034519118732276e-06
5.898824202209977e-06
3.785131124560602e-06
2.442761535482939e-06
1.6563679569176039e-06
1.2459337830470229e-06
1.0667732802954535e-06
1.009531587328981e-06
1.0001847150555163e-06
0.0004
0.0004
0.0004
0.0004
0.0004
0.0004
0.0004
0.0004
0.0004
0.0004
0.0004
0.0004
0.0004
0.0004
0.0004
0.0004
0.0004
0.0004
0.0004
0.0004
0.0004
0.0004
0.0004
0.0004
0.0004
0.0004
0.0004
0.0004
0.0004
0.0004
0.0004
0.0004
0.0004
0.0004
0.0004
0.0004
0.0004
0.0004
0.0004
0.0004
0.0004
0.0004
0.0004
0.0004
0.0004
0.0004
0.0004
0.0004
0.0004
0.0004
0.0004
0.0004
0.0004
0.0004
0.0004
0.0004
0.0004
0.0004
0.0004
0.0004
1.7322297340509496e-42
7.561366308704624e-42
3.2998300505338577e-41
1.4397125187342174e-40
6.279847776911085e-40
2.738467500268162e-39
1.1938423932019386e-38
5.203108582763347e-38
2.266995050264513e-37
9.874271728639634e-37
4.29953146414337e-36
1.8715143427037444e-35
8.143577445120726e-35
3.5422649567255867e-34
1.5402240040818125e-33
6.694476415899044e-33
2.908516940467351e-32
1.2631085569134812e-31
5.482960595947378e-31
2.378951458094145e-30
1.0316728290477071e-29
4.471709151312355e-29
1.9371738305416854e-28
8.387152579401898e-28
3.6290903732284034e-27
1.5692912319555803e-26
6.781344287970086e-26
2.9283099488837713e-25
1.2635377117240762e-24
5.447639882999713e-24
2.346684151140806e-23
1.0099542011247964e-22
4.342317556457909e-22
1.8650194879458073e-21
8.00115343869465e-21
3.428394198469216e-20
1.4670828136543546e-19
6.26896051843375e-19
2.674596666428366e-18
1.1391478249474543e-17
4.842714838604314e-17
2.0544789891658218e-16
8.696050884211555e-16
3.671445674122287e-15
1.5456582645888835e-14
6.486227669397576e-14
2.711948856677923e-13
1.1291386817928242e-12
4.67842398008085e-12
1.9274059401311145e-11
7.886772021416647e-11
3.200825208310689e-10
1.2859660379853392e-09
5.100820824343008e-09
1.9897565737926862e-08
7.587512314849466e-08
2.800294557010474e-07
9.819527479310615e-07
3.1415115764051744e-06
8.105230393616113e-06
3.06e-07
3.06e-07
3.06e-07
3.06e-07
3.06e-07
3.06e-07
3.06e-07
3.06e-07
3.06e-07
3.06e-07
3.06e-07
3.06e-07
3.06e-07
3.06e-07
3.06e-07
3.06e-07
3.06e-07
3.06e-07
3.06e-07
3.06e-07
3.06e-07
3.06e-07
3.06e-07
3.06e-07
3.06e-07
3.06e-07
3.06e-07
3.06e-07
3.06e-07
3.06e-07
3.06e-07
3.06e-07
3.06e-07
3.06e-07
3.06e-07
3.06e-07
3.06e-07
3.06e-07
3.06e-07
3.06e-07
3.06e-07
3.06e-07
3.06e-07
3.06e-07
3.06e-07
3.06e-07
3.06e-07
3.06e-07
3.06e-07
3.06e-07
3.06e-07
3.06e-07
3.06e-07
3.06e-07
3.06e-07
3.06e-07
3.06e-07
3.06e-07
3.06e-07
3.06e-07
0.0
0.0
0.0
0.0
0.0
0.0
0.0
0.0
0.0
0.0
0.0
0.0
0.0
0.0
0.0
0.0
0.0
0.0
0.0
0.0
0.0
0.0
0.0
0.0
0.0
0.0
0.0
0.0
0.0
0.0
0.0
0.0
0.0
0.0
0.0
0.0
0.0
0.0
0.0
0.0
0.0
0.0
0.0
0.0
0.0
0.0
0.0
0.0
0.0
0.0
0.0
0.0
0.0
0.0
0.0
0.0
0.0
0.0
0.0
0.0
1.65e-06
1.65e-06
1.65e-06
1.65e-06
1.65e-06
1.65e-06
1.65e-06
1.65e-06
1.65e-06
1.65e-06
1.65e-06
1.65e-06
1.65e-06
1.65e-06
1.65e-06
1.65e-06
1.65e-06
1.65e-06
1.65e-06
1.65e-06
1.65e-06
1.65e-06
1.65e-06
1.65e-06
1.65e-06
1.65e-06
1.65e-06
1.65e-06
1.65e-06
1.65e-06
1.65e-06
1.65e-06
1.65e-06
1.65e-06
1.65e-06
1.65e-06
1.65e-06
1.65e-06
1.65e-06
1.65e-06
1.65e-06
1.65e-06
1.65e-06
1.65e-06
1.65e-06
1.65e-06
1.65e-06
1.65e-06
1.65e-06
1.65e-06
1.65e-06
1.65e-06
1.65e-06
1.65e-06
1.65e-06
1.65e-06
1.65e-06
1.65e-06
1.65e-06
1.65e-06
0.0
0.0
0.0
0.0
0.0
0.0
0.0
0.0
0.0
0.0
0.0
0.0
0.0
0.0
0.0
0.0
0.0
0.0
0.0
0.0
0.0
0.0
0.0
0.0
0.0
0.0
0.0
0.0
0.0
0.0
0.0
0.0
0.0
0.0
0.0
0.0
0.0
0.0
0.0
0.0
0.0
0.0
0.0
0.0
0.0
0.0
0.0
0.0
0.0
0.0
0.0
0.0
0.0
0.0
0.0
0.0
0.0
0.0
0.0
0.0
0.0
0.0
0.0
0.0
0.0
0.0
0.0
0.0
0.0
0.0
0.0
0.0
0.0
0.0
0.0
0.0
0.0
0.0
0.0
0.0
0.0
0.0
0.0
0.0
0.0
0.0
0.0
0.0
0.0
0.0
0.0
0.0
0.0
0.0
0.0
0.0
0.0
0.0
0.0
0.0
0.0
0.0
0.0
0.0
0.0
0.0
0.0
0.0
0.0
0.0
0.0
0.0
0.0
0.0
0.0
0.0
0.0
0.0
0.0
0.0
2
2
1
280.37168220616127
-0.004761507566797718
0.0
0.0
51.0
5.783625987995279
1.0
2.0
3.0
4.0
5.0
6.0
7.0
8.0
9.0
10.0
11.0
12.0
13.0
14.0
15.0
16.0
17.0
18.0
19.0
20.0
21.0
22.0
23.0
24.0
25.0
26.0
27.0
28.0
29.0
30.0
31.0
32.0
33.0
34.0
35.0
36.0
37.0
38.0
39.0
40.0
41.0
42.0
43.0
44.0
45.0
46.0
47.0
48.0
49.0
50.0
51.0
52.0
53.0
54.0
55.0
56.0
57.0
58.0
59.0
60.0
0.0
0.0
0.0
0.0
0.0
0.0
0.0
0.0
0.0
0.0
0.0
0.0
0.0
0.0
0.0
0.0
0.0
0.0
0.0
0.0
0.0
0.0
0.0
0.0
0.0
0.0
0.0
0.0
0.0
0.0
0.0
0.0
0.0
0.0
0.0
0.0
0.0
0.0
0.0
0.0
0.0
0.0
0.0
0.0
0.0
0.0
0.0
0.0
0.0
0.0
0.0
0.0
0.0
0.0
0.0
0.0
0.0
0.0
0.0
0.0
0.0
0.0
0.0
0.0
0.0
0.0
0.0
0.0
0.0
0.0
0.0
0.0
0.0
0.0
0.0
0.0
0.0
0.0
0.0
0.0
0.0
0.0
0.0
0.0
0.0
0.0
0.0
0.0
0.0
0.0
0.0
0.0
0.0
0.0
0.0
0.0
0.0
0.0
0.0
0.0
0.0
0.0
0.0
0.0
0.0
0.0
0.0
0.0
0.0
0.0
0.0
0.0
0.0
0.0
0.0
0.0
0.0
0.0
0.0
0.0
0.0
0.0
0.0
0.0
0.0
0.0
0.0
0.0
0.0
0.0
0.0
0.0
0.0
0.0
0.0
0.0
0.0
0.0
0.0
0.0
0.0
0.0
0.0
0.0
0.0
0.0
0.0
0.0
0.0
0.0
0.5
0.0
0.0
0.0
0.0
0.0
0.0
0.0
0.0
0.0
0.0
0.0
0.0
0.0
0.0
0.0
0.0
0.0
0.0
0.0
0.0
0.0
0.0
0.0
0.0
0.0
0.0
0.0
0.0
0.0
45.0
