9.81
6.022e+23
0
0
0
3
0
1
255.83522165412703
2
2
0
0
1
1
0
1
60
7
1000.0
1.0


3
3
0
80.10220330563587
0
6.7
150.0
1000.0
287.04
9.81
79000.0
40.0
20000.0
0.0
0.0
0.0
0.0
0.0280134
0.04401
0.0319988
0.039948
0.01604
0.01801528
0.048
99000.0
2.1153802199668344e+29
0.8
1e-06
1000000.0
0.6
3.0
0.0001
1000
47
1.5559692902360671
0
1
6
1.0
1
0
1
1
0.02
1000000000000.0
2
265.04437443791596
264.20585432453737
263.34201972674674
262.47144619161526
261.6086236758726
260.7258739165883
259.8133392077504
258.87315467737903
257.90825670090607
256.9176719156506
255.90641594286902
254.87840825320856
253.83208949558616
252.76355548285184
251.6734791869325
250.5615989552301
249.42377975318502
248.2669818809919
247.08988612908132
245.88860898349435
244.6660122613252
243.4206207471316
242.14806192203338
240.85093007517165
239.52674034901852
238.17220479802612
236.78715451906703
235.36761000764704
233.90958781629186
232.4112890108424
230.86961675441592
229.2809621031162
227.64547127096668
225.95783366807856
224.21265688730028
222.4107606001968
220.54461884449464
218.60972338094157
216.60559945221033
214.5210900627711
212.34850105734267
210.08552004322783
207.71336093829888
205.22683848151212
202.62819892782662
199.8979197421897
197.03272506163412
194.00291064888705
192.10401118984188
191.90314018757164
192.56946435802328
193.8476424603195
195.68394290443874
198.32372469548147
202.79649941743273
208.15147739556693
215.68895406954982
225.93816681970583
238.35373616180487
242.1208329036322
255.83562487112405
254.97684362826652
254.10597648459046
253.22266512859588
252.32651087496916
251.4170871893045
250.49394097988502
249.55659699975402
248.6045575697103
247.63729882742862
246.65426653269407
245.65487285977372
244.63849603541388
243.60447634503493
242.5521126569824
241.4806635407486
240.3893346005211
239.2772743854303
238.14358245425066
236.98729836679772
235.80738877133174
234.60274705856747
233.37218266626607
232.11441020670892
230.82804497839857
229.511585968607
228.16340669521134
226.78174284882465
225.36466513119288
223.9100655684476
222.4156431312333
220.87886306649412
219.29693126942917
217.6667612149392
215.98489523682326
214.24747070404075
212.4501867109131
210.58815879861646
208.65585579299156
206.6470241746681
204.55441950090514
202.3696705361219
200.08298582914918
197.6683177140561
197.5564801343916
197.96195274294098
199.00147029950259
200.39519534338666
201.97968149193758
203.64749576178244
205.21134406688248
206.7560766769834
208.2843317888905
209.8581632755204
211.72099531377208
213.4712647454785
215.65988893964843
218.168548385896
221.6092649970831
225.6137386491585
991.675
975.0250000000001
958.375
941.7249999999999
925.075
908.425
891.7750000000001
875.125
858.4749999999999
841.825
825.175
808.5250000000001
791.875
775.225
758.575
741.925
725.2750000000001
708.625
691.975
675.325
658.675
642.0250000000001
625.375
608.725
592.075
575.425
558.7750000000001
542.125
525.4750000000001
508.82500000000005
492.17500000000007
475.52500000000003
458.87500000000006
442.2250000000001
425.57500000000005
408.925
392.27500000000003
375.62500000000006
358.9750000000001
342.32500000000005
325.675
309.02500000000003
292.37500000000006
275.7250000000001
259.0750000000001
242.42500000000007
225.77500000000003
209.12500000000006
192.47500000000008
175.8250000000001
159.17500000000007
142.52500000000003
125.87500000000006
109.22500000000008
92.5750000000001
75.92500000000013
59.27500000000009
42.62500000000006
25.97500000000008
9.325000000000045
991.675
975.0250000000001
958.375
941.7249999999999
925.075
908.425
891.7750000000001
875.125
858.4749999999999
841.825
825.175
808.5250000000001
791.875
775.225
758.575
741.925
725.2750000000001
708.625
691.975
675.325
658.675
642.0250000000001
625.375
608.725
592.075
575.425
558.7750000000001
542.125
525.4750000000001
508.82500000000005
492.17500000000007
475.52500000000003
458.87500000000006
442.2250000000001
425.57500000000005
408.925
392.27500000000003
375.62500000000006
358.9750000000001
342.32500000000005
325.675
309.02500000000003
292.37500000000006
275.7250000000001
259.0750000000001
242.42500000000007
225.77500000000003
209.12500000000006
192.47500000000008
175.8250000000001
159.17500000000007
142.52500000000003
125.87500000000006
109.22500000000008
92.5750000000001
75.92500000000013
59.27500000000009
42.62500000000006
25.97500000000008
9.325000000000045
66.00613017116248
198.94556568261888
333.7703939329293
470.54819130630057
609.3466129079393
750.2269514088595
893.2518664381448
1038.489057561525
1186.0107554342167
1335.8947197881557
1488.226130655455
1643.0961855980813
1800.6001956660775
1960.8386717785106
2123.9189456167287
2289.954189179984
2459.066465348609
2631.388478015583
2807.0607669867813
2986.234059413562
3169.0711660146544
3355.7454757896385
3546.443756598067
3741.3683434653567
3940.7364787226643
4144.783093476403
4353.762595114216
4567.949576197638
4787.642470481893
5013.16713123548
5244.879704936844
5483.1726864773955
5728.479293384747
5981.276666416726
6242.096546721325
6511.532901222566
6790.2494964172765
7078.9972858527335
7378.626159667674
7690.099682959055
8014.525871553794
8353.179837051437
8707.541322394849
9079.364974991191
9470.738887940344
9884.175452216125
10322.729064598185
10791.823553775543
11300.807578602355
11861.365935066398
12487.365468765838
13197.353148067015
14018.330107150932
14994.236904471421
16195.659515603478
17749.83917079783
19927.377610285475
23453.787335767593
32013.744494304738
56560.69457252452
63.643370704561434
191.8196756086727
321.799846306591
453.63736212667925
587.3917283396219
723.1266067970333
860.9096231282999
1000.8117097150182
1142.907147034977
1287.2741234949297
1433.9953615150123
1583.1585962792449
1734.8566297657894
1889.1879268372772
2046.2571340092964
2206.1749125516535
2369.0598290035177
2535.0389655842337
2704.2467165065696
2876.826431051787
3052.9323408228274
3232.7296113846587
3416.395938593824
3604.123171363549
3796.117981559125
3992.604400931
4193.825188004978
4400.043672540304
4611.547809500268
4828.652221850307
5051.700346807664
5281.070505723959
5517.179729166492
5760.4886925232
6011.513465376325
6270.830559821477
6539.081902079335
6816.996515854955
7105.399949530315
7405.225564205456
7717.554619990973
8043.636555033249
8384.93277995455
8745.331006087847
9129.991155928194
9543.606601443771
9991.730096758069
10480.768354975695
11018.520547160379
11614.694404562517
12282.099926248924
13038.530739418416
13909.612277501976
14934.722313491338
16176.692042140614
17747.81697783091
19880.832699950606
23205.812798524523
31177.54011005213
56560.69457252452
3.521179111399233e+23
3.521179111399233e+23
3.521179111399257e+23
3.521179111399233e+23
3.521179111399233e+23
3.521179111399233e+23
3.521179111399233e+23
3.521179111399257e+23
3.521179111399233e+23
3.521179111399233e+23
3.521179111399233e+23
3.521179111399233e+23
3.521179111399257e+23
3.5211791113992086e+23
3.521179111399257e+23
3.521179111399233e+23
3.521179111399233e+23
3.521179111399257e+23
3.5211791113992086e+23
3.521179111399257e+23
3.521179111399233e+23
3.521179111399233e+23
3.521179111399257e+23
3.5211791113992086e+23
3.521179111399257e+23
3.521179111399233e+23
3.521179111399233e+23
3.521179111399233e+23
3.521179111399233e+23
3.521179111399244e+23
3.521179111399244e+23
3.521179111399233e+23
3.521179111399233e+23
3.521179111399233e+23
3.521179111399257e+23
3.521179111399233e+23
3.521179111399233e+23
3.521179111399233e+23
3.521179111399233e+23
3.521179111399257e+23
3.521179111399233e+23
3.521179111399233e+23
3.521179111399233e+23
3.521179111399233e+23
3.521179111399233e+23
3.521179111399257e+23
3.521179111399233e+23
3.521179111399233e+23
3.521179111399233e+23
3.521179111399233e+23
3.521179111399257e+23
3.521179111399233e+23
3.521179111399233e+23
3.521179111399233e+23
3.521179111399233e+23
3.521179111399233e+23
3.521179111399257e+23
3.521179111399233e+23
3.521179111399233e+23
3.521179111399257e+23
3.521179111399233e+23
3.521179111399233e+23
3.521179111399257e+23
3.521179111399233e+23
3.521179111399233e+23
3.521179111399233e+23
3.521179111399233e+23
3.521179111399257e+23
3.521179111399233e+23
3.521179111399233e+23
3.521179111399233e+23
3.521179111399233e+23
3.521179111399257e+23
3.5211791113992086e+23
3.521179111399257e+23
3.521179111399233e+23
3.521179111399233e+23
3.521179111399257e+23
3.5211791113992086e+23
3.521179111399257e+23
3.521179111399233e+23
3.521179111399233e+23
3.521179111399257e+23
3.5211791113992086e+23
3.521179111399257e+23
3.521179111399233e+23
3.521179111399233e+23
3.521179111399233e+23
3.521179111399233e+23
3.521179111399244e+23
3.521179111399244e+23
3.521179111399233e+23
3.521179111399233e+23
3.521179111399233e+23
3.521179111399257e+23
3.521179111399233e+23
3.521179111399233e+23
3.521179111399233e+23
3.521179111399233e+23
3.521179111399257e+23
3.521179111399233e+23
3.521179111399233e+23
3.521179111399233e+23
3.521179111399233e+23
3.521179111399233e+23
3.521179111399257e+23
3.521179111399233e+23
3.521179111399233e+23
3.521179111399233e+23
3.521179111399233e+23
3.521179111399257e+23
3.521179111399233e+23
3.521179111399233e+23
3.521179111399233e+23
3.521179111399233e+23
3.521179111399233e+23
3.521179111399257e+23
3.521179111399233e+23
3.521179111399233e+23
3.521179111399257e+23
-3.5802798868603993
-3.3631049847990027
-3.1987206065194576
-3.0079211532431067
-2.7285059752929413
-2.4739752967264925
-2.283615621032329
-2.1466498698676957
-2.048842189989243
-1.9920749122303256
-1.9530959547339335
-1.9130311129724606
-1.8757789843957262
-1.8546703009784493
-1.8440162248479472
-1.8417040339858097
-1.8615449892296083
-1.870870671220344
-1.8712509308807235
-1.8746481104911878
-1.8646081673651183
-1.8424367146481906
-1.8211254928981133
-1.7842327138812366
-1.7360363410790178
-1.683717613915044
-1.6207864121889475
-1.55623695675256
-1.4982946346829717
-1.445362421645284
-1.4003993216309034
-1.3674806761794056
-1.3339166666466142
-1.3085054502089442
-1.298863087546928
-1.2850131743451656
-1.2797706777524416
-1.2809580008868917
-1.2668488823603625
-1.2570116781151943
-1.2525720181421969
-1.2275942933799073
-1.2190070050577224
-1.1994585722546214
-1.1013649105919385
-0.935920406065353
-0.6315759521142832
-0.16070307259907532
-0.0009011617403761885
-0.0016137488884959972
-0.0022347879174148544
-0.0027185414514040163
-0.0029640633800420285
-0.002863922732826915
-0.002461658430650396
-0.0018494531285506571
-0.0012863348664765156
-0.0007326343607619232
-0.00040185826660712326
-0.00024926316218753554
-1.2238718124692742
-0.9497048924157908
-0.8641509662219715
-0.8348863927700798
-0.8181088972798253
-0.8051519733141134
-0.7878943799272174
-0.7650498199830328
-0.742546603710058
-0.7221659515377422
-0.7054039715869614
-0.689526825350703
-0.6742992954950437
-0.6616731760821917
-0.6491113218907222
-0.6379345591874983
-0.6343321432704313
-0.6231563552886237
-0.6113594300420436
-0.6073228546035296
-0.607215180759948
-0.6074478279399664
-0.6152287919961812
-0.6221883676470683
-0.6319899449656855
-0.645003514214688
-0.6562242526588025
-0.6716058943984022
-0.6896588221918416
-0.7025188603148129
-0.7173903029535398
-0.7375646280488424
-0.752757718147823
-0.7736653206667602
-0.7954078710332624
-0.7916091233267846
-0.7811493361045869
-0.7707717964344898
-0.7137601094650776
-0.6508774100766015
-0.576884090205926
-0.4299561595245168
-0.254637092152734
0.0986161145262747
-0.005902774403150096
-0.010099891950646672
-0.013800089541667865
-0.016340053744284766
-0.017985797380265844
-0.018924157035692668
-0.018817693240975597
-0.01794474937161325
-0.016458079543095333
-0.014698613437532398
-0.012733675420029497
-0.010389690345531263
-0.00815071015115914
-0.006221665085044285
-0.0042838195177375415
-0.0024618272107848147
-2.7048611647818177
-2.5022622229149363
-2.352453575667596
-2.176229887470697
-1.911389897121694
-1.6714349980901204
-1.4956503929197709
-1.3732605549631387
-1.2900283987999046
-1.247836924864771
-1.2234330450574475
-1.1979585768027334
-1.1752462129370258
-1.1687440085778462
-1.1726573716514679
-1.1849192055027942
-1.2193374103325283
-1.2432387908852434
-1.2581950774824548
-1.2761678051356995
-1.280704072758624
-1.2731088621671915
-1.2663740610574052
-1.2440580699390011
-1.2104454912090858
-1.172670463316507
-1.1243409414971097
-1.0743635699073906
-1.0309965042681881
-0.9926401676748071
-0.9622526635510837
-0.9439100289619091
-0.9249217527118105
-0.914086305902913
-0.9190199873625033
-0.919745919149193
-0.9290793013376799
-0.9448425240741187
-0.9453093911265
-0.9500482702896136
-0.9601849065288661
-0.9497833658243167
-0.9557725340349066
-0.9508011373784768
-0.867284833148517
-0.7164187297308047
-0.4266552985381793
0.029625375132269482
0.17489348918940095
0.15961247663580025
0.14442254813292266
0.12936435669180923
0.11455093869508914
0.10007166222570163
0.08589393410548496
0.07192294100590857
0.05790603583918141
0.04387585575861408
0.02962899688660059
0.015204325012604158
-2.09904712698399
-1.8102985061305361
-1.7101628369793076
-1.6664655970063507
-1.635013400264441
-1.6074845027009133
-1.5757411900183484
-1.5382402361030216
-1.5011669239790706
-1.4662112703251466
-1.4348765496911255
-1.4044267072737
-1.3746248277261515
-1.3474533032311058
-1.3203042862702148
-1.2945553171721826
-1.276373653642608
-1.2506304579595025
-1.2242580814217945
-1.2056449542108965
-1.1909660093493954
-1.1766290271248039
-1.169833326229508
-1.1622712976723903
-1.1574641671032992
-1.1559069747971051
-1.1525647855678045
-1.153373968466198
-1.15685442242021
-1.1551413088470923
-1.1554416914528929
-1.1610451089132994
-1.161670517694418
-1.1680065879475876
-1.1751840061662904
-1.156814200978701
-1.131786130697705
-1.1068420516201058
-1.0352650352178898
-0.9578193006289126
-0.8692668051364905
-0.7077856710306065
-0.5179243750217921
-0.15024646117299767
-0.23990099454590563
-0.22941716391990497
-0.21854288876090777
-0.20649986461290837
-0.19355607839767686
-0.17990244125370225
-0.16522811898138912
-0.14982210109202754
-0.1337748186834773
-0.11746775949400501
-0.10098226858210069
-0.08372750180711819
-0.06724392844658666
-0.05075363400951005
-0.03426446878728484
-0.01789300875441313
-0.8754218265098823
-0.8608460530984928
-0.8462702796871032
-0.8316945062757136
-0.8171187328643242
-0.8025429594529345
-0.787967186041545
-0.7733914126301557
-0.7588156392187658
-0.7442398658073764
-0.729664092395987
-0.7150883189845973
-0.7005125455732079
-0.6859367721618183
-0.6713609987504289
-0.6567852253390392
-0.6422094519276498
-0.6276336785162602
-0.6130579051048706
-0.5984821316934812
-0.5839063582820915
-0.569330584870702
-0.5547548114593125
-0.5401790380479229
-0.5256032646365334
-0.5110274912251438
-0.49645171781375436
-0.48187594440236475
-0.4673001709909752
-0.45272439757958577
-0.43814862416819617
-0.42357285075680656
-0.4089970773454171
-0.3944213039340275
-0.379845530522638
-0.36526975711124837
-0.3506939836998589
-0.3361182102884694
-0.3215424368770799
-0.3069666634656903
-0.2923908900543007
-0.27781511664291114
-0.26323934323152165
-0.24866356982013213
-0.2340877964087426
-0.21951202299735312
-0.2049362495859635
-0.19036047617457394
-0.17578470276318442
-0.1612089293517949
-0.1466331559404054
-0.13205738252901575
-0.11748160911762624
-0.10290583570623672
-0.0883300622948472
-0.07375428888345768
-0.05917851547206816
-0.04460274206067854
-0.03002696864928902
-0.015451195237899501
0.875179924126608
0.8606081783899001
0.846036432653192
0.8314646869164839
0.816892941179776
0.8023211954430679
0.7877494497063598
0.773177703969652
0.7586059582329437
0.7440342124962359
0.7294624667595279
0.7148907210228199
0.7003189752861119
0.6857472295494038
0.6711754838126959
0.6566037380759877
0.6420319923392798
0.6274602466025718
0.6128885008658637
0.5983167551291557
0.5837450093924477
0.5691732636557396
0.5546015179190316
0.5400297721823235
0.5254580264456156
0.5108862807089075
0.4963145349721995
0.48174278923549146
0.46717104349878347
0.45259929776207547
0.4380275520253674
0.42345580628865936
0.40888406055195137
0.3943123148152433
0.3797405690785353
0.36516882334182726
0.3505970776051192
0.3360253318684112
0.3214535861317032
0.30688184039499516
0.2923100946582871
0.2777383489215791
0.26316660318487106
0.2485948574481631
0.2340231117114551
0.2194513659747471
0.204879620238039
0.19030787450133096
0.17573612876462297
0.16116438302791497
0.14659263729120697
0.13202089155449884
0.11744914581779084
0.10287740008108284
0.08830565434437483
0.07373390860766683
0.05916216287095883
0.04459041713425072
0.030018671397542718
0.015446925660834712
-16.649999999999977
-16.649999999999977
-16.65000000000009
-16.649999999999977
-16.649999999999977
-16.649999999999977
-16.649999999999977
-16.65000000000009
-16.649999999999977
-16.649999999999977
-16.649999999999977
-16.649999999999977
-16.65000000000009
-16.649999999999864
-16.65000000000009
-16.649999999999977
-16.649999999999977
-16.65000000000009
-16.649999999999864
-16.65000000000009
-16.649999999999977
-16.649999999999977
-16.65000000000009
-16.649999999999864
-16.65000000000009
-16.649999999999977
-16.649999999999977
-16.649999999999977
-16.649999999999977
-16.650000000000034
-16.650000000000034
-16.649999999999977
-16.649999999999977
-16.649999999999977
-16.65000000000009
-16.649999999999977
-16.649999999999977
-16.649999999999977
-16.649999999999977
-16.65000000000009
-16.649999999999977
-16.649999999999977
-16.649999999999977
-16.649999999999977
-16.649999999999977
-16.65000000000009
-16.649999999999977
-16.649999999999977
-16.649999999999977
-16.649999999999977
-16.65000000000009
-16.649999999999977
-16.649999999999977
-16.649999999999977
-16.649999999999977
-16.649999999999977
-16.65000000000009
-16.649999999999977
-16.649999999999977
-16.65000000000009
-16.649999999999977
-16.649999999999977
-16.65000000000009
-16.649999999999977
-16.649999999999977
-16.649999999999977
-16.649999999999977
-16.65000000000009
-16.649999999999977
-16.649999999999977
-16.649999999999977
-16.649999999999977
-16.65000000000009
-16.649999999999864
-16.65000000000009
-16.649999999999977
-16.649999999999977
-16.65000000000009
-16.649999999999864
-16.65000000000009
-16.649999999999977
-16.649999999999977
-16.65000000000009
-16.649999999999864
-16.65000000000009
-16.649999999999977
-16.649999999999977
-16.649999999999977
-16.649999999999977
-16.650000000000034
-16.650000000000034
-16.649999999999977
-16.649999999999977
-16.649999999999977
-16.65000000000009
-16.649999999999977
-16.649999999999977
-16.649999999999977
-16.649999999999977
-16.65000000000009
-16.649999999999977
-16.649999999999977
-16.649999999999977
-16.649999999999977
-16.649999999999977
-16.65000000000009
-16.649999999999977
-16.649999999999977
-16.649999999999977
-16.649999999999977
-16.65000000000009
-16.649999999999977
-16.649999999999977
-16.649999999999977
-16.649999999999977
-16.649999999999977
-16.65000000000009
-16.649999999999977
-16.649999999999977
-16.65000000000009
265.9045024103352
265.0200202660416
264.12311397448167
263.21336756748747
262.2902914896785
261.3534687180255
260.40249495376617
259.43693485663306
258.4563165927129
257.460144105139
256.4478714703701
255.4189031995172
254.3726127341389
253.30834946460604
252.2254171542323
251.12307379517392
250.0005448904847
248.85696929451436
247.69142992074725
246.50296062230032
245.2905078022284
244.05294339384568
242.7890720512436
241.49758643101273
240.17708258722195
238.8260534185648
237.44285794952182
236.0257280966181
234.57275240300396
233.08184331320908
231.5507219489059
229.9768948256108
228.35759599626252
226.6897862930523
224.970111197634
223.19479989697066
221.35966404731735
219.45999752136152
217.49044366888222
215.4449706122413
213.31669845677771
211.0976596850718
208.7787353191093
206.3492157814701
203.92748690913234
201.2630284538633
198.46529288070195
195.51779033118697
193.05355478234543
192.00387449332635
192.23675956443526
193.2091424225286
194.76646819096854
197.0045262644458
200.56074511769472
205.47450100942996
211.9205885591085
220.8138006043452
232.14608660570673
240.23736198930547
244.00442243168752
255.83562487112405
254.98280370368292
254.11806238540896
253.24106941633082
252.35143967341978
251.44876090907738
250.53259230209045
249.6024684902384
248.65790434182844
247.69838963015098
246.7233868572651
245.7323250406819
244.7245995114244
243.6995713919622
242.65656013066646
241.59484401585715
240.51366189819888
239.41218613540218
238.2895414680173
237.1448022730429
235.9769732931114
234.78498308211098
233.56768986758289
232.32385429750818
231.0521449484686
229.7511238408875
228.41922692888548
227.05476529409617
225.6558992361121
224.22060985883266
222.7467001106216
221.2317649844041
219.67313998114324
218.0679013902742
216.41279987216336
214.7041694340423
212.9379508065983
211.109601447787
209.213894982005
207.24499543653718
205.19623174535812
203.05978608901125
200.82673381579164
198.48641667506584
195.99739758560543
197.75921643866627
198.48171152122177
199.69833282144464
201.18743841766212
202.81358862686
204.42941991433247
205.98371037193294
207.52020423293698
209.07124753220546
210.78957929464624
212.59613002962527
214.56557684256347
216.9142186627722
219.88890669148955
223.61150182312082
227.6159754751962
1000.0
983.35
966.7
950.05
933.4
916.75
900.1
883.45
866.8
850.15
833.5
816.85
800.2
783.55
766.9000000000001
750.25
733.6
716.95
700.3
683.6500000000001
667.0
650.35
633.7
617.05
600.4000000000001
583.75
567.1
550.45
533.8000000000001
517.1500000000001
500.50000000000006
483.85
467.20000000000005
450.55000000000007
433.9000000000001
417.25
400.6
383.95000000000005
367.30000000000007
350.6500000000001
334.0
317.35
300.70000000000005
284.05000000000007
267.4000000000001
250.7500000000001
234.10000000000002
217.45000000000005
200.80000000000007
184.1500000000001
167.5000000000001
150.85000000000002
134.20000000000005
117.55000000000007
100.90000000000009
84.25000000000011
67.60000000000014
50.950000000000045
34.30000000000007
17.65000000000009
1.0
1000.0
983.35
966.7
950.05
933.4
916.75
900.1
883.45
866.8
850.15
833.5
816.85
800.2
783.55
766.9000000000001
750.25
733.6
716.95
700.3
683.6500000000001
667.0
650.35
633.7
617.05
600.4000000000001
583.75
567.1
550.45
533.8000000000001
517.1500000000001
500.50000000000006
483.85
467.20000000000005
450.55000000000007
433.9000000000001
417.25
400.6
383.95000000000005
367.30000000000007
350.6500000000001
334.0
317.35
300.70000000000005
284.05000000000007
267.4000000000001
250.7500000000001
234.10000000000002
217.45000000000005
200.80000000000007
184.1500000000001
167.5000000000001
150.85000000000002
134.20000000000005
117.55000000000007
100.90000000000009
84.25000000000011
67.60000000000014
50.950000000000045
34.30000000000007
17.65000000000009
1.0
0.0
132.01226034232496
265.8788710229128
401.66191684294586
539.4344657696553
679.2587600462232
821.1951427714957
965.3085901047938
1111.669525018256
1260.3519858501775
1411.4374537261338
1565.0148075847765
1721.177563611386
1880.0228277207689
2041.6545158362524
2206.183375397205
2373.725002962763
2544.407927734456
2718.369028296711
2895.752505676852
3076.715613150272
3261.426718879037
3450.06423270024
3642.8232804958943
3839.913406434819
4041.559551010509
4248.006635942298
4459.518554286135
4676.380598109141
4898.904342854646
5127.429919616315
5362.329490257374
5604.015882697417
5852.942704072077
6109.610628761375
6374.582464681274
6648.483337763857
6932.015655070697
7225.97891663477
7531.273402700579
7848.925963217531
8180.125779890057
8526.233894212817
8888.848750576879
9269.881199405503
9671.596576475184
10096.754327957067
10548.703801239302
11034.943306311781
11566.671850892928
12156.060019239869
12818.670918291806
13576.035377842225
14460.62483645964
15527.848972483205
16863.47005872375
18636.208282871914
21218.54693769904
25689.02773383614
38338.461254773334
50987.894775710614
0.0
127.28674140912287
256.3526098082225
387.2470828049596
520.0276414483989
654.7558152308449
791.4973983632218
930.321847893378
1071.3015715366585
1214.5127225332956
1360.0355244565637
1507.9551985734608
1658.361993985029
1811.3512655465502
1967.0245881280046
2125.4896798905884
2286.860145212719
2451.259512794316
2618.8184183741514
2789.6750146389877
2963.9778474645864
3141.886834181068
3323.572388588249
3509.2194885994
3699.026854127698
3893.2091089905516
4091.9996928714486
4295.650683138508
4504.436661942101
4718.658957058436
4938.645486642179
5164.755206973149
5397.38580447477
5636.973653858212
5884.003731188188
6139.023199564462
6402.637920078492
6675.525884080178
6958.467147629731
7252.332751430899
7558.118376980013
7876.9908630019345
8210.282247064564
8559.583312844534
8931.078699331161
9328.903612525226
9758.309590362314
10225.150603153823
10736.386106797569
11300.654987523189
11928.733821601843
12635.466030896006
13441.595447940828
14377.629107063125
15491.815519919552
16861.568564361678
18634.065391300144
21127.600008601068
25284.025588447977
37071.05463165628
48858.08367486467
301.32014729557494
308.1612940070279
314.61683494975875
321.66756224320966
329.3606512951287
336.43489930276814
342.35033134219066
346.3303217085392
349.2090262283692
351.16776469618196
351.95975704514484
351.86877436297584
351.4704201374591
350.7186974673164
349.6313546328432
348.39911904925737
347.0023084630132
345.4628158646404
343.9535412534625
342.4713122604412
341.0092246366708
339.5777572849836
338.1754075778571
336.7905568268918
335.43280035821294
334.1378257754879
333.0500031524096
332.1866147648547
331.5568499063662
331.1639344579753
330.89496126599283
330.637863368946
330.3906789215568
330.1587602042443
329.9337740251542
329.7116938252715
329.500725363993
329.2888298259654
329.1907786232818
329.2644054983198
329.5077538452556
329.9273460285052
330.5491273571781
331.3748376126439
332.6296795631688
334.4106384818055
336.74666992314235
339.65605674393316
343.095594403988
346.2803910661295
349.1799507739572
351.6437468136068
353.5104699213709
354.70707313450737
355.5866564349329
356.5215654597936
357.5819179778513
358.79400409004245
360.1533593118315
361.33177376030335
362.4561924512504
263.4571267065227
264.45973819575966
265.1163330109108
265.66021716393624
266.17523770613525
266.70793794004646
267.2937881545068
267.96027036791514
268.6325488908775
269.2161223990343
269.6857103878361
270.01459681931766
270.1744779833854
270.13656810382474
269.87139940390637
269.45197361969133
268.8814511493889
268.14149242136875
267.4299166068804
266.8129299362213
266.29251007653045
265.7675854509009
265.2177188692651
264.63638019970847
264.0247332647675
263.3804538332161
262.7841612343936
262.3215485672929
262.001049578168
261.8291116861801
261.8199961891153
261.8746781941718
261.96547037048606
262.1000796359149
262.2762593732273
262.4881313168124
262.74623664538603
263.04275025113895
263.361171050673
263.69063199755874
264.005691884702
264.29523597864915
264.57209600464364
264.8066523924351
264.9864152589464
265.69601391100014
266.35089619198845
267.03188564082774
267.67312237585435
268.3122453423674
268.9665790425483
269.60080538751066
270.22183674840664
270.83597097387315
271.44946552651345
272.0541652617362
272.64525407720424
273.2355854686334
273.8421887150855
274.5332510878993
275.583123775427
283.4727003835412
281.4921322796253
279.257508807178
276.8571085395272
274.363751899209
271.8577219787907
269.336396554176
266.8029735152776
264.2528535882034
261.7013654899757
259.162419622999
256.6516870453664
254.1777349930564
251.7446067116222
249.3389460566066
246.9563005110465
244.5951858935962
242.2389957364422
239.9051784559815
237.5939066728698
235.3006548197585
233.0365738756182
230.80219621976
228.5883767984041
226.4060652609504
224.2543411388497
222.123878964567
220.0225626164789
217.9493935399566
215.8962232712115
213.875451433818
211.8849522908216
209.9250567779141
208.0033099879368
206.1149893410167
204.2601726682751
202.4503449120838
200.6782083958306
198.9391705526538
197.2475507577928
195.5954699470005
193.9825567422687
192.4266414118816
190.9222371776113
189.4887070767236
188.1149652781281
186.8095929116685
185.5825337500039
184.4784378888865
183.6917524057003
183.2493724415914
183.0366414556722
182.9930246548104
183.0918125842959
183.3630010922795
183.8100192228575
184.4397499959854
185.3766518370689
186.8529491044283
188.8226938892203
189.753525247918
242.9150042786822
242.0479618305503
240.8013023450179
239.3859716538394
237.8681612031523
236.2897450007235
234.6717606192784
233.0290356940255
231.3722667291596
229.7075047259864
228.0369163687314
226.363836960101
224.6918786721224
223.0234926370106
221.3593481134589
219.7005222712608
218.0477772821226
216.3985929916886
214.7585350059362
213.1263147873889
211.499699014783
209.8840957191818
208.2815484518658
206.6899713612934
205.1148597420981
203.5584257584823
202.0176085605764
200.4953940550819
198.9936800915458
197.5117176640518
196.0559764098323
194.6269492039341
193.2242459181163
191.8564364833672
190.5230725150689
189.2203995803957
187.9605949815216
186.7384303118676
185.5401867132715
184.3941731103504
183.2838500742667
182.2043572761588
181.1736180868746
180.169796224028
179.1888247096969
178.8383843500631
178.5483889444088
178.4138221170516
178.3848108107942
178.4249432207546
178.5045048830483
178.5943515538854
178.6870705695012
178.7811366542234
178.8888620760864
179.0191888653976
179.1722271710455
179.390907925153
179.7046534227092
180.1731321240541
180.6613795753043
17.8474469120337
26.66916172740257
35.35932614258076
44.81045370368247
54.99689939591972
64.57717732397745
73.01393478801465
79.52734819326162
84.95617264016587
89.46639920620632
92.79733742214587
95.21708731760945
97.29268514440268
98.97409075569423
100.2924085762366
101.4428185382109
102.407122569417
103.2238201281982
104.048362797481
104.8774055875714
105.7085698169123
106.5411834093654
107.3732113580971
108.2021800284877
109.0267350972625
109.8834846366382
110.9261241878426
112.1640521483758
113.6074563664096
115.2677111867638
117.0195098321748
118.7529110781244
120.4656221436427
122.1554502163075
123.8187846841375
125.4515211569964
127.0503804519092
128.6106214301348
130.251608070628
132.016854740527
133.9122838982551
135.9447892862365
138.1224859452965
140.4526004350326
143.1409724864452
146.2956732036774
149.9370770114739
154.0735229939293
158.6171565151015
162.5886386604292
165.9305783323658
168.6071053579346
170.5174452665605
171.6152605502115
172.2236553426534
172.7115462369361
173.1421679818659
173.4173522529736
173.3004102074032
172.5090798710831
172.7026672033324
20.54212242784046
22.41177636520939
24.31503066589293
26.27424551009684
28.30707650298294
30.41819293932296
32.6220275352284
34.93123467388964
37.2602821617179
39.50861767304787
41.64879401910468
43.65075985921668
45.48259931126297
47.11307546681415
48.51205129044745
49.75145134843054
50.83367386726631
51.74289942968014
52.67138160094418
53.68661514883238
54.79281106174747
55.8834897317191
56.93617041739935
57.94640883841507
58.90987352266941
59.82202807473381
60.76655267381718
61.82615451221099
63.00736948662221
64.31739402212831
65.76401977928295
67.24772899023773
68.74122445236976
70.24364315254772
71.75318685815837
73.26773173641672
74.78564166386444
76.30431993927137
77.82098433740151
79.29645888720833
80.72184181043532
82.09087870249034
83.39847791776904
84.6368561684071
85.79759054924953
86.85762956093704
87.80250724757963
88.61806352377612
89.28831156506014
89.88730212161279
90.4620741595
91.00645383362526
91.53476617890546
92.05483431964979
92.56060345042702
93.03497639633864
93.47302690615874
93.84467754348042
94.13753529237633
94.36011896384525
94.92174420012272
398.2623692085953
402.3986547552664
406.35193347508243
411.0502071928658
416.56706635731416
421.7299244678318
425.97392150916426
428.458261482593
429.9637054474599
430.6324155164727
430.1765709405708
428.8621552133444
427.2658424110249
425.3388735279452
423.08278668489413
420.6778937296568
418.09616393790986
415.3373339292044
412.58482052714146
409.8443964566376
407.1061410277315
404.39396960328565
401.7185110339921
399.0672862219693
396.4654716833513
393.9600516094173
391.69955852302246
389.71182919397046
388.00770076557455
386.58378881291543
385.32217545325807
384.10282489266035
382.9117304163091
381.75488994628483
380.61581746129184
379.4747172740467
378.34400289361906
377.2030280542537
376.160134327496
375.28845181140747
374.5817518880539
374.04115916477446
373.713157127623
373.58309484905396
373.88713566220014
374.80080974768856
376.4204224592945
378.9031539815471
382.3723170167343
385.73200716806525
388.7911793525287
391.3993979403111
393.39548540476704
394.7066395565987
395.68629451924994
396.70709747821616
397.83937293727956
399.10936508531006
400.51259616285756
401.7206396082163
402.8602626241758
280.08218670180486
278.9857510640579
277.83204737307847
276.6657686891246
275.5143236343172
274.41201046796414
273.3903761797235
272.4811172031135
271.6151554899729
270.6975620741505
269.7009387926272
268.5949486744176
267.3504031312116
265.9378684239249
264.3252464207755
262.5855163502901
260.7204385628156
258.70410618115267
256.741899908705
254.900655156624
253.17459034272227
251.45869970774342
249.73220409898266
247.98103210319664
246.2071138705831
244.40537027192846
242.653170698309
241.0379932456405
239.56412028804925
238.2353279736412
237.07107116772926
235.97031148133294
234.90005854873388
233.87299729646833
232.88117044583308
231.91785838325185
231.01914951084677
230.18387698590212
229.395455733816
228.68965164548388
228.04689223199819
227.46716952080888
227.03624387577275
226.7528758885424
226.78239229388072
227.2520899513886
227.67755506845697
228.14000162853532
228.57473849894905
229.02030538706438
229.49473664599154
229.96373487197263
230.4349441317766
230.91530353855956
231.41133033170578
231.91504779834648
232.42240911200741
232.94549657498996
233.50134618743272
234.1581440914591
235.1901237702325
238.9101650162116
233.367418308205
227.6182386719222
221.6853455315462
215.6536526382863
209.7448572458106
203.9629728890667
198.3058124868559
192.7129478177611
187.1826180473037
181.7320189552988
176.3831346818587
171.1395788896153
166.0179608000885
160.984350544567
156.0109077291437
151.084766506323
146.148222495471
141.226414699439
136.3262479450833
131.4297957262901
126.567804150853
121.7533918506865
116.967453421906
112.2442475410193
107.591250407928
102.9830599888472
98.44056691212074
93.95940223190306
89.51353971999335
85.1265477652429
80.79754350560627
76.51561986866297
72.30204032463664
68.14326833928125
64.02165919091428
59.97290064425597
55.9777186331366
52.00959102707742
48.11258675096396
44.26085997021466
40.43917216497716
36.7018090427942
33.013029131708
29.39042352812544
25.93279182609523
22.71160693415983
19.89386883094656
17.68734878526164
16.0635853983604
14.91015348679718
14.11844189403007
13.63299555253965
13.43518249788798
13.47767646285459
13.56837593298552
13.62894836415139
13.40014333788988
12.13752241520744
7.425600780501104
0.0
167.8301518777928
164.4557245367271
160.9562762607061
157.3538481301989
153.6578867612823
149.9021419866147
146.1049423694521
142.2867813778788
138.4689708357244
134.6622808470161
130.870321956154
127.0957823951382
123.3455004105035
119.6262542448147
115.9399512395118
112.2865441165096
108.6667982750033
105.06985484666
101.5030691393055
97.96096909439241
94.42822988882116
90.91301966974632
87.41931327069166
83.93642611689334
80.47466855313662
77.03536512634915
73.60595991795448
70.1885312739516
66.77961320046053
63.37281162038741
59.98379950783325
56.61699193397782
53.26852154745069
49.96171431527385
46.69097680980457
43.45134985489697
40.29390599681927
37.21784114747992
34.2083600503954
31.36324347198447
28.66381354763749
26.11446222196167
23.83021519944315
21.80353456480051
20.20419306435002
19.2026712811478
18.31623822547325
17.6333516075484
17.09186034928016
16.63579040289809
16.22163773473994
15.80275023855913
15.34005741041059
14.80281842118698
14.15996625008919
13.32380535454387
12.22711423005952
10.69885468417857
8.542070901898906
5.275820254359105
0.0
159.3522041923837
169.0312364470614
178.7336948031602
189.3648616613196
200.9134137190279
211.9850672220212
222.0109486200976
230.1524489957371
237.2507576296988
243.449797469169
248.444551985272
252.4790205314857
256.1262635214096
259.3209127278567
262.0984361403271
264.6669860005131
267.0113974315869
269.1891114337334
271.3584058277024
273.5181485115543
275.6763453014414
277.8261654524327
279.9651191833056
282.0998328000633
284.221224142332
286.3688012014893
288.7164985341753
291.2712622818497
294.0482985336715
297.0702490929221
300.1956276880152
303.3052813870541
306.3961105476462
309.4528496216482
312.4725491220106
315.4530580831324
318.3711022493631
321.2253094211171
324.1505433004186
327.1758650604435
330.3208919178392
333.6019869997973
337.0113480848288
340.570065717346
344.4967121340747
348.8680179215933
353.7088155251347
359.0092851506006
364.6849682314727
369.6684217697049
373.8810258657315
377.280956046281
379.7624898522274
381.2714570587107
382.2086180563953
383.1387215452306
384.2104245731282
385.7092217474202
388.3750737476501
394.2950388277152
402.8602626241758
112.2520348240121
114.5300265273308
116.8757711123724
119.3119205589257
121.8564368730349
124.5098684813494
127.2854338102714
130.1943358252347
133.1461846542485
136.0352812271344
138.8306168364732
141.4991662792794
144.0049027207081
146.3116141791102
148.3852951812637
150.2989722337805
152.0536402878123
153.6342513344927
155.2388307693995
156.9396860622316
158.7463604539011
160.5456800379971
162.312890828291
164.0446059863033
165.7324453174465
167.3700051455793
169.0472107803545
170.8494619716889
172.7845070875887
174.8625163532538
177.087271659896
179.3533195473551
181.6315370012832
183.9112829811945
186.1901936360285
188.4665085283549
190.7252435140275
192.9660358384222
195.1870956834206
197.3264081734994
199.3830786843607
201.3527072988472
203.2060286763296
204.9493413237419
206.5781992295307
208.0494186702408
209.3613168429837
210.5066500209869
211.4828781496689
212.3845149841663
213.2730989112516
214.1609846334135
215.094886721366
216.1124851173726
217.2513640816166
218.5912424438026
220.1952948819479
222.2466418908114
224.9592752855338
228.8823238371
235.1901237702325
96.9422219130204
94.23736074823859
91.73509852532365
89.38264494965605
87.20641506218536
85.29502516506366
83.62359016697354
82.12793977405377
80.75467921909063
79.46465082029073
78.21681389542596
76.99338085036851
75.79542227356578
74.62017606062875
73.4514320520509
72.27877468039944
71.09385547489664
69.87451806456411
68.63127927367887
67.37308419619642
66.09691639106072
64.81621231830209
63.5431034561349
62.276729395077496
61.032671325138494
59.82222583392941
58.6495553706129
57.52521442911579
56.4508508592084
55.41985435494021
54.427214187265406
53.46496152371432
52.52105149475241
51.5961297420406
50.68204343613769
49.763023448775186
48.84327752962599
47.91419822828831
46.969355704214195
46.024046313087695
45.07399804279808
44.113813136269215
43.1640297704449
42.20825723640999
41.257456099031515
40.390171265883
39.67375253615219
39.247097237614014
39.27672261274628
39.451616101935684
39.611228578571485
39.75565112670441
39.88501548339622
39.999566422091306
40.09963808431701
40.18553201842249
40.2574549594284
40.31536099526758
40.359236851026196
40.3888658479128
40.4040701729254
16.625059995282214
14.526012868298224
12.715714362167688
11.00555152518838
9.33908592818203
7.704072527917589
6.0965880252166755
4.520846835198327
2.9826065990953055
1.4814396751162349
0.015228404791088224
-1.4196481449000373
-2.8240748521737373
-4.198699679899889
-5.546152983130995
-6.866457269401209
-8.161012586573392
-9.437386240216
-10.688016698175502
-11.912274779597297
-13.117919733808193
-14.308885743157589
-15.485514770282393
-16.6553480965119
-17.81761939418429
-18.97508356128759
-20.130990536084695
-21.2835553216525
-22.436929290118698
-23.593783712538908
-24.748925021386
-25.904366712838893
-27.065411821752193
-28.22708233944661
-29.395088927394198
-30.57027293356049
-31.72708713453919
-32.858873265236895
-33.965715316857
-35.00098035207489
-35.9587996527038
-36.82806645784029
-37.5358521288709
-38.05377650389269
-38.20402296506569
-38.443923959611595
-38.6733411235315
-38.89188401229241
-39.09838387690532
-39.29193995530299
-39.471842396556696
-39.637070515538085
-39.78689261663011
-39.92066743531359
-40.038135194807595
-40.139117463389695
-40.22284496519681
-40.2900888936434
-40.34084252765291
-40.375106996440195
-40.39300000519461
44.56253536732959
48.12471397142031
51.63927013525585
55.17176300798104
58.71009926092273
62.11286473298003
65.37342366510936
68.49716102842171
71.53990577044237
74.51874744267198
77.43040066770024
80.2685523635077
83.03815610344111
85.72664591153364
88.3545955120396
90.94539278190285
93.51041938727325
96.09077324097117
98.67876375654254
101.2676587277865
103.8708590934684
106.4687697247652
109.0488043690736
111.6209233764981
114.1618177199311
116.6630907309217
119.1408189757198
121.5819957043581
123.9899913080535
126.3826835512181
128.748903668575
131.0874087852154
133.4094369092511
135.7012696633001
137.9717210017354
140.2385134773608
142.4774442678279
144.700489762694
146.9295795255764
149.1349640068288
151.3346099767859
153.5433845772916
155.7248323690874
157.9092080459033
160.0982835485981
162.1821734520329
164.0979859775086
165.6886649190573
166.7910891036248
167.62816700734
168.3392189547942
168.9181995616421
169.3600291022707
169.6566300864079
169.8853246294249
170.241643289872
170.810801631834
171.976508499179
174.7154266892208
181.3970931087193
189.753525247918
75.08485240088945
77.59223729382319
79.84502608431177
82.03212352364044
84.21027444186996
86.38760301410888
88.5668182498263
90.7422543161467
92.90329589343528
95.04522387897026
97.16659441257741
99.26805456496275
101.3463782616189
103.3972383921959
105.4193968739472
107.4139781547512
109.3809790071193
111.3287381450286
113.2554658666308
115.1653456929965
117.0714691259618
118.9710760494355
120.8622351811741
122.7535452444001
124.6401911889614
126.5230606321331
128.411648642622
130.3068627811304
132.2140668910852
134.1389060436644
136.072176901999
138.0099572699563
139.9557243706656
141.8947221680934
143.8320957052643
145.7690497254987
147.6666889847023
149.5205891643877
151.3318266628761
153.030929638366
154.6200365266292
156.0898950541972
157.3434028874315
158.3662616592275
158.9846316453469
159.6357130689153
160.2321507189356
160.7804705095032
161.292950461514
161.7891528178565
162.2828671483083
162.7916013153263
163.3470131590906
163.9783182330364
164.7288958259972
165.6953835108537
166.945112940986
168.6920532409744
171.1625825208103
174.897311869695
180.6613795753043
141.50475728035
142.3620747196589
143.3743686605795
144.5544079576371
145.9165143231081
147.4078898980437
148.9970138320829
150.6251008024755
152.294584989533
153.9833982629627
155.6472145631262
157.2619332138762
158.8335783770069
160.3468219721624
161.8060275640905
163.2241674623023
164.6042748621699
165.9652913055353
167.3100430302214
168.6407429239829
169.9677754845291
171.2849820430673
172.5919078252085
173.8976527715756
175.1944890450696
176.4853165648511
177.7903743463327
179.1072101334739
180.4408421672619
181.8025379061583
183.1761178558404
184.5523703089297
185.9304884040035
187.2973994053407
188.6537644378731
190.001536926136
191.3207217974539
192.6146879909823
193.8989352297906
195.1590103199165
196.408608019584
197.6571977135608
198.8888621395323
200.1174652823133
201.3557396476296
202.5723447179159
203.7717385136608
204.9357621566713
206.0678117163711
207.0797831092757
207.9504475333657
208.6738506883465
209.2450445856669
209.6561965084992
209.9849627137419
210.4271753082945
211.0682565912624
212.2918694944466
215.074663540247
221.7859589566321
230.1575954208434
91.70991239617166
92.11825016212141
92.56074044647946
93.03767504882882
93.54936037005199
94.09167554202646
94.66340627504297
95.26310115134503
95.88590249253059
96.5266635540865
97.1818228173685
97.84840642006272
98.52230340944516
99.19853871229601
99.87324389081621
100.54752088535
101.2199664205459
101.8913519048126
102.5674491684553
103.2530709133992
103.9535493921536
104.6621903062779
105.3767204108917
106.0981971478882
106.8225717947771
107.5479770708455
108.2806581065373
109.0233074594779
109.7771376009665
110.5451223311255
111.323251880613
112.1055905571174
112.8903125489134
113.6676398286468
114.4370067778701
115.1987767919382
115.9396018501631
116.6617158991508
117.3661113460191
118.0299492862911
118.6612368739254
119.2618285963569
119.8075507585606
120.3124851553348
120.7806086802812
121.1917891093037
121.5588095954041
121.8885864972108
122.1945665846087
122.4972128625535
122.8110247517516
123.1545307997882
123.5601205424605
124.0576507977228
124.6907606311896
125.556266047464
126.7222679757892
128.401964347331
130.8217399931574
134.5222048732548
140.2683795701097
-1.5974020385819077
-1.5559692902360671
-1.5475966655772555
-1.5329430429157376
-1.4487468298063644
-1.3618048367167785
-1.2783261768033154
-1.2255889776089648
-1.1841168816133398
-1.1427857918779996
-1.0997642138594288
-1.0613354437075313
-1.0190631932312249
-0.9891729890323173
-0.9705710484398236
-0.958445577615678
-0.9667466597500205
-0.9682267197278016
-0.9638573479318344
-0.963573357248287
-0.9567567664125007
-0.9447169950186438
-0.9371865250911252
-0.9199013167200445
-0.899309335950568
-0.8836953412729399
-0.8601282381127714
-0.8376538125344173
-0.8227278266014684
-0.8041768298527173
-0.7880047956735698
-0.7784506271622905
-0.7669036373376594
-0.760107911840225
-0.7621050969334222
-0.7586081805653899
-0.7600454460385369
-0.7720878051711808
-0.7806369312033294
-0.7942284117709416
-0.8144106722135511
-0.8283794721609922
-0.8505359445410625
-0.8715742676444146
-0.8471558194139992
-0.7844012877613796
-0.638586667938918
-0.40332988246170953
-0.2706123758917145
-0.2011164586839746
-0.11916709371354203
-0.0182279397953872
0.10193576142086669
0.20505166680041248
0.2581959106028734
0.30269261353993226
0.2608872225982596
-0.16088855180030093
-1.5089087085066892
-1.3203628044139606
0.0
-1.0631117919416226
-0.9168395779734122
-0.8661063890096614
-0.8439611592801827
-0.8280197847731625
-0.8140660853877555
-0.7979780968897714
-0.7789752024552488
-0.7601905580573989
-0.7424797134014897
-0.7266039434961609
-0.7111777010954594
-0.6960812546194988
-0.6823184042653212
-0.6685666048449554
-0.6555244247028991
-0.6463151069762054
-0.6332737734343457
-0.6199122092833043
-0.6104792855175405
-0.603041289787811
-0.5957772320847005
-0.5923327637695934
-0.5885014091364752
-0.5860661005403445
-0.5852750172177673
-0.583578914911973
-0.5839852440970228
-0.5857437220165758
-0.5848727479843979
-0.5850235657476721
-0.5878611376462136
-0.5881802774972598
-0.5913922485730128
-0.5950302766929676
-0.5857319731267154
-0.573060313867356
-0.56043088397343
-0.5241874778911446
-0.48496881618243703
-0.4401235991295307
-0.3583451288737094
-0.2621866331110289
-0.07595648098749158
-0.12138774931777607
-0.116091342260354
-0.11059496494087018
-0.1045023049148239
-0.0979468789770655
-0.09102728412389777
-0.08358479239208519
-0.07576138554354217
-0.06760367439851533
-0.05930051934031633
-0.05087623790885437
-0.04204066530744599
-0.0335280273201739
-0.024940095232290016
-0.016181061728671065
-0.0072387139368088604
0.0
-1.804369200181108
-1.780246753222605
-1.789332329402268
-1.792292207740637
-1.723620821867008
-1.651588189809849
-1.582283235698257
-1.541257614149442
-1.508888453659974
-1.474855133545456
-1.437624014549926
-1.402902055304971
-1.361814985680992
-1.331149233599874
-1.31233026673232
-1.299276515517901
-1.307040307814567
-1.310908546611111
-1.311366685334624
-1.31861287256697
-1.315933435384679
-1.306878616991353
-1.302869067504792
-1.287052673029928
-1.266983069600363
-1.255056814444518
-1.236542181320049
-1.219734770314385
-1.211983078030001
-1.198574011899542
-1.184535385756941
-1.176189207400475
-1.160894186670895
-1.150063744944741
-1.148210401781578
-1.134097474791576
-1.126051011853101
-1.129112646952927
-1.117105085062141
-1.11419832653397
-1.118822300127789
-1.104980306938944
-1.106463384049631
-1.108844011750998
-1.055563792901332
-0.9704266681967942
-0.8057350314246241
-0.5584167626755288
-0.4240095052733206
-0.3601729099831854
-0.2932741141331027
-0.2238022579566706
-0.1502388678394408
-0.1158418584614247
-0.180487978795396
-0.2882987902636449
-0.5904716752442994
-1.387358741151269
-3.384499889865803
-4.232827842505784
0.0
-1.270078953540823
-1.14111704095995
-1.107842052834674
-1.103310324105082
-1.102893776833806
-1.103849438480826
-1.101935155784713
-1.094643838995726
-1.084962130104033
-1.074549055068946
-1.064463744186658
-1.052744312692899
-1.038833047069266
-1.024294648832878
-1.010325823137452
-0.9963553626051219
-0.9866087550407519
-0.975955600317655
-0.9674215466860938
-0.9655188008362233
-0.9622179587599893
-0.9579388540574097
-0.9580153061832603
-0.9556527654463588
-0.9537398341901394
-0.9566364903893454
-0.9599928581192506
-0.9660662018769905
-0.9749989734451082
-0.9792699300312226
-0.9815541558310432
-0.985599717884398
-0.9821708268304954
-0.9813480816775288
-0.9811355815411233
-0.9612212673529015
-0.9390658796819203
-0.9174557257551761
-0.8606556317499562
-0.8049387309454655
-0.7445352270437686
-0.6349459636516611
-0.5181140726195973
-0.3132262250940749
-0.3297957228051089
-0.3021167226957686
-0.2777433284265763
-0.2595891851286431
-0.2513440083586716
-0.2500837354231086
-0.2576918128116459
-0.2813357037048256
-0.3197783036588228
-0.3801940446021535
-0.4895601273071238
-0.6330320691110232
-0.8848869251627329
-1.251410284583258
-1.891772243087785
-2.919703752028632
0.0
0.2069671615992003
0.2242774629865378
0.2417356638250126
0.2593491648248992
0.2748739920606436
0.2897833530930705
0.3039570588949417
0.3156686365404773
0.3247715720466342
0.3320693416674564
0.3378598006904971
0.3415666115974397
0.3427517924497672
0.3419762445675567
0.3417592182924964
0.3408309379022229
0.3402936480645465
0.3426818268833094
0.3475093374027896
0.3550395153186829
0.3591766689721783
0.3621616219727093
0.3656825424136668
0.3671513563098836
0.367673733649795
0.3713614731715781
0.3764139432072776
0.3820809577799678
0.3892552514285325
0.3943971820468247
0.3965305900833711
0.3977385802381844
0.3939905493332357
0.3899558331045161
0.3861053048481558
0.3754892942261861
0.3660055658145643
0.3570248417817461
0.3364681538588115
0.3199699147630285
0.3044116279142379
0.2766008347779517
0.2559274395085684
0.2372697441065833
0.2084079734873328
0.1860253804354146
0.1671483634857061
0.1550868802138192
0.1533971293816061
0.1590564512992108
0.1741070204195607
0.2055743181612834
0.2521746292603075
0.3208935252618372
0.4386838893982694
0.5909914038035772
0.851358897842559
1.226470189350968
1.875591181359114
2.912465038091823
0.0
0.2069671615992003
0.2242774629865378
0.2417356638250126
0.2593491648248992
0.2748739920606436
0.2897833530930705
0.3039570588949417
0.3156686365404773
0.3247715720466342
0.3320693416674564
0.3378598006904971
0.3415666115974397
0.3427517924497672
0.3419762445675567
0.3417592182924964
0.3408309379022229
0.3402936480645465
0.3426818268833094
0.3475093374027896
0.3550395153186829
0.3591766689721783
0.3621616219727093
0.3656825424136668
0.3671513563098836
0.367673733649795
0.3713614731715781
0.3764139432072776
0.3820809577799678
0.3892552514285325
0.3943971820468247
0.3965305900833711
0.3977385802381844
0.3939905493332357
0.3899558331045161
0.3861053048481558
0.3754892942261861
0.3660055658145643
0.3570248417817461
0.3364681538588115
0.3199699147630285
0.3044116279142379
0.2766008347779517
0.2559274395085684
0.2372697441065833
0.2084079734873328
0.1860253804354146
0.1671483634857061
0.1550868802138192
0.1533971293816061
0.1590564512992108
0.1741070204195607
0.2055743181612834
0.2521746292603075
0.3208935252618372
0.4386838893982694
0.5909914038035772
0.851358897842559
1.226470189350968
1.875591181359114
2.912465038091823
0.0
1.0
1.0
1.0
1.0
1.0
1.0
1.0
1.0
1.0
1.0
1.0
1.0
1.0
1.0
1.0
1.0
1.0
1.0
1.0
1.0
1.0
1.0
1.0
1.0
1.0
1.0
1.0
1.0
1.0
1.0
1.0
1.0
1.0
1.0
1.0
1.0
1.0
1.0
1.0
1.0
1.0
1.0
1.0
1.0
1.0
1.0
1.0
1.0
0.0
0.0
0.0
0.0
0.0
0.0
0.0
0.0
0.0
0.0
0.0
0.0
0.0
1.0
1.0
1.0
1.0
1.0
1.0
1.0
1.0
1.0
1.0
1.0
1.0
1.0
1.0
1.0
1.0
1.0
1.0
1.0
1.0
1.0
1.0
1.0
1.0
1.0
1.0
1.0
1.0
1.0
1.0
1.0
1.0
1.0
1.0
1.0
1.0
1.0
1.0
1.0
1.0
1.0
1.0
1.0
1.0
1.0
0.0
0.0
0.0
0.0
0.0
0.0
0.0
0.0
0.0
0.0
0.0
0.0
0.0
0.0
0.0
0.0
1.0
1.0
1.0
1.0
1.0
1.0
1.0
1.0
1.0
1.0
1.0
1.0
1.0
1.0
1.0
1.0
0.8168299815399483
0.8168299815399483
0.8168299815399483
0.8168299815399483
0.8168299815399483
0.8168299815399483
0.8168299815399483
0.8168299815399483
0.8168299815399483
0.8168299815399483
0.8168299815399483
0.8168299815399483
0.8168299815399483
0.8168299815399483
0.8168299815399483
0.8168299815399483
0.8168299815399483
0.8168299815399483
0.8168299815399483
0.8168299815399483
0.8168299815399483
0.8168299815399483
0.8168299815399483
0.8168299815399483
0.8168299815399483
0.8168299815399483
0.8168299815399483
0.8168299815399483
0.8168299815399483
1.0
1.0
1.0
1.0
1.0
1.0
1.0
1.0
1.0
1.0
1.0
1.0
1.0
1.0
1.0
1.0
1.0
1.0
1.0
1.0
1.0
1.0
1.0
1.0
1.0
1.0
1.0
1.0
1.0
0.013896415640964483
0.013706646773393569
0.013413606753424664
0.013016951764313493
0.01242535151566839
0.011831494532013934
0.011232204583680398
0.0105969603847683
0.009920154613996101
0.009210491152260764
0.008457465884467405
0.007707493805507383
0.00698168054862913
0.006353439362358905
0.005799298203822641
0.005305498022497716
0.004910288874974425
0.0045150797274511306
0.004139594891223515
0.0038142601656306454
0.0034889254400377757
0.003184313668694908
0.002921903658286688
0.0026594936478784685
0.0024173110905398375
0.0022086437014521474
0.001999976312364459
0.001809378783622869
0.0016433870221610756
0.0014773952606992827
0.0013242507556631181
0.001185566247752822
0.0010468817398425253
0.0009237289372480432
0.0008150563705572796
0.0007063838038665167
0.0006135564313943054
0.0005329500863778922
0.00045234374136147906
0.00038550697316766297
0.00032741422429817925
0.00026932147542869564
0.00022092624840567958
0.00017755663680765657
0.00013418702520963385
9.876890521372134e-05
6.886773492699794e-05
4.636733568148065e-05
3.083214562694609e-05
1.9245265183084868e-05
1.2008263899866358e-05
7.574895693572557e-06
4.559167155062377e-06
3.0416349530011603e-06
2.6160926460206626e-06
2.405904106291494e-06
2.4158275575485895e-06
2.42284295030755e-06
2.6920279847764625e-06
3.956637190852884e-06
0.0004
0.0004
0.0004
0.0004
0.0004
0.0004
0.0004
0.0004
0.0004
0.0004
0.0004
0.0004
0.0004
0.0004
0.0004
0.0004
0.0004
0.0004
0.0004
0.0004
0.0004
0.0004
0.0004
0.0004
0.0004
0.0004
0.0004
0.0004
0.0004
0.0004
0.0004
0.0004
0.0004
0.0004
0.0004
0.0004
0.0004
0.0004
0.0004
0.0004
0.0004
0.0004
0.0004
0.0004
0.0004
0.0004
0.0004
0.0004
0.0004
0.0004
0.0004
0.0004
0.0004
0.0004
0.0004
0.0004
0.0004
0.0004
0.0004
0.0004
1.077709902103444e-08
1.803560534109325e-08
2.3706736270116025e-08
2.7854424666635138e-08
3.0407645386303146e-08
3.2501483286972955e-08
3.4201792530497156e-08
3.544206677539131e-08
3.655344417932217e-08
3.752195405376722e-08
3.810671096020631e-08
3.855138696449809e-08
3.8906615726384716e-08
3.918085709782455e-08
3.9363415175102446e-08
3.94812311060027e-08
3.950930268941581e-08
3.953737427282895e-08
3.956171114202737e-08
3.9576552301679917e-08
3.959139346133247e-08
3.964415338845309e-08
3.977413390585825e-08
3.99041144232634e-08
4.006112122631487e-08
4.0262908284572867e-08
4.0464695342830865e-08
4.0674065423368417e-08
4.0893761321478116e-08
4.1113457219587815e-08
4.140408471756015e-08
4.1774547994952335e-08
4.214501127234452e-08
4.260014801413837e-08
4.313422597419448e-08
4.3668303934250605e-08
4.423935627067932e-08
4.483892607824647e-08
4.543849588581362e-08
4.6095530145319335e-08
4.6789055742553654e-08
4.7482581339787966e-08
4.837231723902231e-08
4.936373659263659e-08
5.0355155946250876e-08
5.1752249158890387e-08
5.34822012431228e-08
5.576253265305787e-08
5.875120043930063e-08
6.2338744539503e-08
6.688562046005487e-08
7.358801963515753e-08
8.564265808781442e-08
1.077696630959349e-07
3.030102159861466e-07
5.734598268917054e-07
1.3847733147971254e-06
3.4897444420893106e-06
7.497528831213351e-06
2.7509074805837885e-06
0.0
0.0
0.0
0.0
0.0
0.0
0.0
0.0
0.0
0.0
0.0
0.0
0.0
0.0
0.0
0.0
0.0
0.0
0.0
0.0
0.0
0.0
0.0
0.0
0.0
0.0
0.0
0.0
0.0
0.0
0.0
0.0
0.0
0.0
0.0
0.0
0.0
0.0
0.0
0.0
0.0
0.0
0.0
0.0
0.0
0.0
0.0
0.0
0.0
0.0
0.0
0.0
0.0
0.0
0.0
0.0
0.0
0.0
0.0
0.0
0.0
0.0
0.0
0.0
0.0
0.0
0.0
0.0
0.0
0.0
0.0
0.0
0.0
0.0
0.0
0.0
0.0
0.0
0.0
0.0
0.0
0.0
0.0
0.0
0.0
0.0
0.0
0.0
0.0
0.0
0.0
0.0
0.0
0.0
0.0
0.0
0.0
0.0
0.0
0.0
0.0
0.0
0.0
0.0
0.0
0.0
0.0
0.0
0.0
0.0
0.0
0.0
0.0
0.0
0.0
0.0
0.0
0.0
0.0
0.0
0.0
0.0
0.0
0.0
0.0
0.0
0.0
0.0
0.0
0.0
0.0
0.0
0.0
0.0
0.0
0.0
0.0
0.0
0.0
0.0
0.0
0.0
0.0
0.0
0.0
0.0
0.0
0.0
0.0
0.0
0.0
0.0
0.0
0.0
0.0
0.0
0.0
0.0
0.0
0.0
0.0
0.0
0.0
0.0
0.0
0.0
0.0
0.0
0.0
0.0
0.0
0.0
0.0
0.0
0.0
0.0
0.0
0.0
0.0
0.0
0.0
0.0
0.0
0.0
0.0
0.0
0.0
0.0
0.0
0.0
0.0
0.0
0.0
0.0
0.0
0.0
0.0
0.0
0.0
0.0
0.0
0.0
0.0
0.0
0.0
0.0
0.0
0.0
0.0
0.0
0.0
0.0
0.0
0.0
0.0
0.0
0.0
0.0
0.0
0.0
0.0
0.0
0.0
0.0
0.0
0.0
0.0
0.0
0.0
0.0
0.0
0.0
0.0
0.0
0.0
0.0
0.0
0.0
0.0
0.0
0.0
0.0
0.0
0.0
0.0
0.0
0.0
0.0
0.0
0.0
0.0
0.0
0.0
0.0
0.0
0.0
0.0
0.0
0.0
0.0
0.0
0.0
0.0
0.0
0.0
0.0
0.0
0.0
0.0
0.0
0.0
0.0
0.0
0.0
0.0
0.0
0.0
0.0
0.0
0.0
0.0
0.0
0.0
0.0
0.0
0.0
0.0
0.0
0.0
0.0
0.0
0.0
0.0
0.0
0.0
0.0
0.0
0.0
0.0
0.0
0.003189743255479287
0.003148625522622377
0.0030873268686108183
0.003005543785347356
0.002880878370049621
0.002737266603726558
0.0025788075642412616
0.002414690820259714
0.002256153195427597
0.002102774148762163
0.001959766600946201
0.0018242193276962666
0.0016947064275355313
0.0015749882062276253
0.0014643359311724688
0.001361365380945644
0.0012714297851896812
0.0011814941894337174
0.0010954180116000407
0.0010191546091219634
0.0009428912066438862
0.0008697720116312411
0.0008030559138886233
0.0007363398161460056
0.0006730122430949764
0.0006152991670728295
0.0005575860910506827
0.0005030485563080906
0.0004528351628823393
0.00040262176945658816
0.0003563453176209055
0.0003145000191919172
0.0002726547207629288
0.00023553812255610454
0.00020283009979818388
0.00017012207704026345
0.0001421534377930947
0.0001178401741260271
9.35269104589595e-05
7.508293108119538e-05
6.036609131758775e-05
4.564925155398013e-05
3.5227150305409415e-05
2.703074181311162e-05
1.883433332081389e-05
1.3287990720194076e-05
9.247912556739941e-06
6.556614059161611e-06
4.782644048193431e-06
3.5325737692461015e-06
2.865609170964229e-06
2.5589635411256715e-06
2.3992580903977394e-06
2.3583187163384414e-06
2.360274401385632e-06
2.3803250132472683e-06
2.5277312811302993e-06
2.799063185352138e-06
3.1962080132080272e-06
4.138892728713992e-06
0.0004
0.0004
0.0004
0.0004
0.0004
0.0004
0.0004
0.0004
0.0004
0.0004
0.0004
0.0004
0.0004
0.0004
0.0004
0.0004
0.0004
0.0004
0.0004
0.0004
0.0004
0.0004
0.0004
0.0004
0.0004
0.0004
0.0004
0.0004
0.0004
0.0004
0.0004
0.0004
0.0004
0.0004
0.0004
0.0004
0.0004
0.0004
0.0004
0.0004
0.0004
0.0004
0.0004
0.0004
0.0004
0.0004
0.0004
0.0004
0.0004
0.0004
0.0004
0.0004
0.0004
0.0004
0.0004
0.0004
0.0004
0.0004
0.0004
0.0004
1.2959233613293881e-08
1.3718166282465942e-08
1.4681224319019344e-08
1.5816589377320584e-08
1.667902650024816e-08
1.743929779706772e-08
1.8118545274379428e-08
1.8758024813359357e-08
1.9396942501199397e-08
2.003351596525268e-08
2.065794131878059e-08
2.126516412203864e-08
2.185933455178149e-08
2.243463898180174e-08
2.2990985603989746e-08
2.3529521708562022e-08
2.4035119966900403e-08
2.45407182252388e-08
2.5038384549464836e-08
2.5515883509298826e-08
2.599338246913282e-08
2.647431458129481e-08
2.69622382194743e-08
2.7450161857653787e-08
2.7964412270396886e-08
2.8522283908015316e-08
2.9080155545633746e-08
2.9698718513563477e-08
3.039992499510858e-08
3.110113147665368e-08
3.1964821394707925e-08
3.301139160619477e-08
3.405796181768161e-08
3.561811598070392e-08
3.765708535579603e-08
3.969605473088814e-08
4.301122807898893e-08
4.73107076828677e-08
5.1610187286746474e-08
6.029127808864092e-08
7.175479956947176e-08
8.321832105030261e-08
1.0259731123663057e-07
1.2607839082808692e-07
1.4955947041954318e-07
1.8049784284351185e-07
2.1584612217021064e-07
2.5556577261848574e-07
3.017020856804272e-07
3.568585698388771e-07
4.301229831826702e-07
5.503025151796553e-07
7.169841734138935e-07
9.56411525335898e-07
1.4076545793136882e-06
1.924701387690719e-06
2.7805070392178316e-06
3.869562631954846e-06
5.098718063175626e-06
2.6204743799922416e-06
0.0
0.0
0.0
0.0
0.0
0.0
0.0
0.0
0.0
0.0
0.0
0.0
0.0
0.0
0.0
0.0
0.0
0.0
0.0
0.0
0.0
0.0
0.0
0.0
0.0
0.0
0.0
0.0
0.0
0.0
0.0
0.0
0.0
0.0
0.0
0.0
0.0
0.0
0.0
0.0
0.0
0.0
0.0
0.0
0.0
0.0
0.0
0.0
0.0
0.0
0.0
0.0
0.0
0.0
0.0
0.0
0.0
0.0
0.0
0.0
0.0
0.0
0.0
0.0
0.0
0.0
0.0
0.0
0.0
0.0
0.0
0.0
0.0
0.0
0.0
0.0
0.0
0.0
0.0
0.0
0.0
0.0
0.0
0.0
0.0
0.0
0.0
0.0
0.0
0.0
0.0
0.0
0.0
0.0
0.0
0.0
0.0
0.0
0.0
0.0
0.0
0.0
0.0
0.0
0.0
0.0
0.0
0.0
0.0
0.0
0.0
0.0
0.0
0.0
0.0
0.0
0.0
0.0
0.0
0.0
0.0
0.0
0.0
0.0
0.0
0.0
0.0
0.0
0.0
0.0
0.0
0.0
0.0
0.0
0.0
0.0
0.0
0.0
0.0
0.0
0.0
0.0
0.0
0.0
0.0
0.0
0.0
0.0
0.0
0.0
0.0
0.0
0.0
0.0
0.0
0.0
0.0
0.0
0.0
0.0
0.0
0.0
0.0
0.0
0.0
0.0
0.0
0.0
0.0
0.0
0.0
0.0
0.0
0.0
0.0
0.0
0.0
0.0
0.0
0.0
0.0
0.0
0.0
0.0
0.0
0.0
0.0
0.0
0.0
0.0
0.0
0.0
0.0
0.0
0.0
0.0
0.0
0.0
0.0
0.0
0.0
0.0
0.0
0.0
0.0
0.0
0.0
0.0
0.0
0.0
0.0
0.0
0.0
0.0
0.0
0.0
0.0
0.0
0.0
0.0
0.0
0.0
0.0
0.0
0.0
0.0
0.0
0.0
0.0
0.0
0.0
0.0
0.0
0.0
0.0
0.0
0.0
0.0
0.0
0.0
0.0
0.0
0.0
0.0
0.0
0.0
0.0
0.0
0.0
0.0
0.0
0.0
0.0
0.0
0.0
0.0
0.0
0.0
0.0
0.0
0.0
0.0
0.0
0.0
0.0
0.0
0.0
0.0
0.0
0.0
0.0
0.0
0.0
0.0
0.0
0.0
0.0
0.0
0.0
0.0
0.0
0.0
0.0
0.0
0.0
0.0
0.0
0.0
0.0
0.0
0.0
0.0
0.0
0.0
0.0
0.0
0.0
0.0
0.0
0.0
2
2
2
2
1
1
265.9045024103352
255.83562487112405
40.4040701729254
-40.39300000519461
0.0
0.0
-40.403
40.403
47.0
44.0
6.7
6.7
1.0
1.0
2.0
2.0
3.0
3.0
4.0
4.0
5.0
5.0
6.0
6.0
7.0
7.0
8.0
8.0
9.0
9.0
10.0
10.0
11.0
11.0
12.0
12.0
13.0
13.0
14.0
14.0
15.0
15.0
16.0
16.0
17.0
17.0
18.0
18.0
19.0
19.0
20.0
20.0
21.0
21.0
22.0
22.0
23.0
23.0
24.0
24.0
25.0
25.0
26.0
26.0
27.0
27.0
28.0
28.0
29.0
29.0
30.0
30.0
31.0
31.0
32.0
32.0
33.0
33.0
34.0
34.0
35.0
35.0
36.0
36.0
37.0
37.0
38.0
38.0
39.0
39.0
40.0
40.0
41.0
41.0
42.0
42.0
43.0
43.0
44.0
44.0
45.0
45.0
46.0
46.0
47.0
47.0
48.0
48.0
49.0
49.0
50.0
50.0
51.0
51.0
52.0
52.0
53.0
53.0
54.0
54.0
55.0
55.0
56.0
56.0
57.0
57.0
58.0
58.0
59.0
59.0
60.0
60.0
0.10170418621120697
0.030932163047387846
0.10170418621120697
0.030932163047387846
0.10170418621120697
0.030932163047387846
0.10022217641369287
0.030976188476242984
0.09025213750789142
0.03127236414206286
0.08013310404041815
0.03157296592536569
0.06985993603978569
0.03187814651707795
0.06070990372220141
0.030933863979785623
0.05268836611193439
0.028729534867877878
0.044537348400332175
0.02648962445340034
0.03641004697282365
0.02419112931710246
0.030973052535912933
0.021465802393294674
0.025442705160306583
0.018693681734419473
0.019815333144525486
0.01587292687751275
0.01640818800961236
0.014157967539179965
0.013559769311121694
0.01272104099458185
0.010657886207739904
0.01125714354763012
0.00953671134542369
0.011570714395137847
0.00916172681564058
0.012645796056724003
0.008779178719318735
0.01374256248404352
0.008349167423340083
0.013609370049442784
0.007899772628161071
0.013148523689295637
0.007440579041664559
0.01267762884313807
0.006971095131206684
0.012196181452996453
0.006490790041530811
0.011703637136257975
0.007445353726373959
0.011993266440111542
0.010143312897778228
0.013234123915392216
0.012909300173117113
0.014506269181159541
0.015747307511045708
0.01581153823693148
0.018661679172380343
0.017151929114615137
0.019150949508464823
0.016987635363433607
0.01869393251164535
0.016227703103944113
0.018223247567531343
0.015445043650187434
0.01773794191695153
0.014638072745046637
0.017236940615578837
0.013805002960752114
0.016719053415805124
0.012943855142129099
0.01618294836119319
0.012052414499198444
0.01562709298095907
0.04451253129918374
0.015953588844917117
0.041227917652374504
0.01644817396557076
0.03790520040172659
0.01696392610414691
0.03444027908415697
0.01750299974330629
0.03081867947388725
0.018067967895308422
0.027023115583402178
0.018668838811923306
0.005746587516715285
0.02110816654368377
0.004894531218551348
0.024147417373858688
0.004026560642750979
0.0274516356773443
0.003082918796881527
0.0310700768795161
0.0020495389709827613
0.031184897259045444
0.001309112833752347
0.027527740758593995
0.0008754099727551501
0.023412608857810283
0.0003873957249288904
0.01789995377864425
0.00011714001345470879
0.01071444566766544
7.775143633214542e-05
0.004634701934071184
4.5467275053985505e-05
0.00100681669035685
2.8484597389285873e-05
0.0006405090141377544
2.676985594256775e-05
0.0006405090141377544
2.676985594256775e-05
0.0006405090141377544
2.676985594256775e-05
0.0006405090141377544
2.676985594256775e-05
0.0006405090141377544
2.676985594256775e-05
2.533437202920044
0.22243219108512735
2.533437202920044
0.22243219108512735
2.533437202920044
0.22243219108512735
2.468007027122551
0.22215791005746663
2.027833554984475
0.22031271812858216
1.5810820289229972
0.21843995122579418
1.1275255211279385
0.21653865807559286
0.8138072789265322
0.2060899880777063
0.6409375323580413
0.18701988421152715
0.4652773990344192
0.16764195918922642
0.2936613092446509
0.14794145524886848
0.24330660714604374
0.12784869009193017
0.19208731718136568
0.10741093310252144
0.13996943390214306
0.08661461526996873
0.11156445689086948
0.07201525225430994
0.08923497359571532
0.0589064832184418
0.06648636914518667
0.04555166449341483
0.05834624792633549
0.04434211030019791
0.05633999769775433
0.04829686148947689
0.054293280714168626
0.052331381366230945
0.05234504930979558
0.050214898511400756
0.05039198065403561
0.04643681712193705
0.04839632647571987
0.04257635687203028
0.0463559505752076
0.03862938542558306
0.04426854585688135
0.034591439859599636
0.04939147202042411
0.03464489824592852
0.06327386939194239
0.039679570239103915
0.0775063065940337
0.04484118973884599
0.09210932432165296
0.050137206154564525
0.10710527604685305
0.05557572632808827
0.10855165666521749
0.056364599946648816
0.1046875292259352
0.055336445433906895
0.10070783783488078
0.05427754203920084
0.09660452681166959
0.0531857463331871
0.0923685073873962
0.05205864000567476
0.08798971589161908
0.050893545347829985
0.08345689049063686
0.04968746584741974
0.07875707398056554
0.04843695389360428
0.08326079968539822
0.045670962355014375
0.08955509403603082
0.04254140684065331
0.09611876859194204
0.03927791410316181
0.10297924218858316
0.03586685135657468
0.11016926004179858
0.03229193751120879
0.11781619129381476
0.028489843974658195
0.1409240543084585
0.023884807894889153
0.16924143721894508
0.01879350322802708
0.20002758161698914
0.013258329262836724
0.23374141136860693
0.00719677409388641
0.23475214690280471
0.0035058649411458787
0.2005542063382567
0.0023243197096591314
0.16207375406860267
0.0009948128991877207
0.11319252928413746
0.00025660920294979785
0.051654221460916666
0.00014518905275875957
0.008245990513639955
6.133309401513994e-05
0.0012899608653878015
3.4087121418117924e-05
0.000587610354004587
3.1336094790239785e-05
0.000587610354004587
3.1336094790239785e-05
0.000587610354004587
3.1336094790239785e-05
0.000587610354004587
3.1336094790239785e-05
0.000587610354004587
3.1336094790239785e-05
0.5
0.5
0.5
0.5
0.5
0.5
0.5
0.5
0.5
0.5
0.5
0.5
0.5
0.5
0.5
0.5
0.5
0.5
0.5
0.5
0.5
0.5
0.5
0.5
0.5
0.5
0.5
0.5
0.5
0.5
0.5
0.5
0.5
0.5
0.5
0.5
0.5
0.5
0.5
0.5
0.5
0.5
0.5
0.5
0.5
0.5
0.5
0.5
0.5
0.5
0.5
0.5
0.5
0.5
0.5
0.5
0.5
0.5
0.5
0.5
0.5
0.5
0.5
0.5
0.5
0.5
0.5
0.5
0.5
0.5
0.5
0.5
0.5
0.5
0.5
0.5
0.5
0.5
0.5
0.5
0.5
0.5
0.5
0.5
0.5
0.5
0.5
0.5
0.5
0.5
0.5
0.5
0.5
0.5
0.5
0.5
0.5
0.5
0.5
0.5
0.5
0.5
0.5
0.5
0.5
0.5
0.5
0.5
0.5
0.5
0.5
0.5
0.5
0.5
0.5
0.5
0.5
0.5
0.5
0.5
14.999999999999998
60.0
