9.81
6.022e+23
0
0
0
3
0
1
295.0
2
2
0
0
1
1
0
1
60
7
1000.0
1.0


3
3
0
82.65782219885993
0
9.8
150.0
1000.0
287.04
9.81
79000.0
40.0
20000.0
0.0
0.0
0.0
0.0
0.0280134
0.04401
0.0319988
0.039948
0.01604
0.01801528
0.048
99000.0
2.1153802199668344e+29
0.8
1e-06
1000000.0
0.6
3.0
0.0001
300
26
2.656096017360974
0
1
6
1.0
1
0
1
1
0.1
1000000000000.0
1
294.51360957207146
293.297067973242
291.96029886376084
290.5662754348882
289.13208770211975
287.65910114633664
286.1467651261367
284.597498287455
283.0184894845687
281.40756012730355
279.7715596450288
278.10964270402934
276.4231897605532
274.711095797839
272.9733917336099
271.2099696596144
269.42101807102904
267.6071130539779
265.7657747395125
263.8969949749574
261.99813625542197
260.069335585967
258.11040408461724
256.12256265917415
254.10993267174192
252.0873074762857
250.02809009017508
250.56268491343695
249.18455503724456
247.50043170501408
245.65791136256456
243.711290894575
241.69309633626972
239.62999194444626
237.54150997629833
235.44722956307066
233.36132306344146
231.30577886384845
229.29429484124307
227.42882015627728
225.7086240855752
224.08071635621073
222.78287519783404
221.8215334771597
221.13265890529559
220.91166753970424
221.21344086386338
221.7286469719116
222.06963628508305
222.26390977244066
222.01085922155346
221.51857171257174
220.80704183516997
219.90198690126016
218.74815745234628
217.18599595131386
215.05795571511055
212.55943001538216
211.83764317037352
218.69180336845557
991.675
975.0250000000001
958.375
941.7249999999999
925.075
908.425
891.7750000000001
875.125
858.4749999999999
841.825
825.175
808.5250000000001
791.875
775.225
758.575
741.925
725.2750000000001
708.625
691.975
675.325
658.675
642.0250000000001
625.375
608.725
592.075
575.425
558.7750000000001
542.125
525.4750000000001
508.82500000000005
492.17500000000007
475.52500000000003
458.87500000000006
442.2250000000001
425.57500000000005
408.925
392.27500000000003
375.62500000000006
358.9750000000001
342.32500000000005
325.675
309.02500000000003
292.37500000000006
275.7250000000001
259.0750000000001
242.42500000000007
225.77500000000003
209.12500000000006
192.47500000000008
175.8250000000001
159.17500000000007
142.52500000000003
125.87500000000006
109.22500000000008
92.5750000000001
75.92500000000013
59.27500000000009
42.62500000000006
25.97500000000008
9.325000000000045
73.27393469297077
220.75503724828036
370.1207961393071
521.4130728136081
674.6808809279919
829.9761574270995
987.3543188268857
1146.8766961121141
1308.6096116420872
1472.6247664704185
1639.0000106277548
1807.8182238985721
1979.1676576048685
2153.141972000714
2329.8410403244925
2509.3715700862563
2691.8479631696628
2877.392109193163
3066.1339311576057
3258.2121064632943
3453.7750491056004
3652.982853577935
3856.008989359643
4063.043540735008
4274.300783219438
4490.008258537619
4711.579185885092
4939.658312406415
5173.635789918974
5413.6802893867025
5660.07849499367
5913.192880351686
6173.457975904579
6441.384001900217
6717.565243031472
7002.69040528316
7297.561460779366
7603.113339580716
7920.495949938611
8251.103835300393
8596.508942721692
8958.70173772518
9340.22825025037
9744.05694488284
10173.885564416007
10634.461958490752
11131.328350810702
11670.559763928151
12259.43548971543
12907.003640535753
13625.230274706742
14430.995776517064
15348.57102807807
16414.425782868377
17686.65439697774
19267.068495716205
21365.39439634662
24566.512442082636
32265.440899492147
56560.69457252452
3.521179111399233e+23
3.521179111399233e+23
3.521179111399257e+23
3.521179111399233e+23
3.521179111399233e+23
3.521179111399233e+23
3.521179111399233e+23
3.521179111399257e+23
3.521179111399233e+23
3.521179111399233e+23
3.521179111399233e+23
3.521179111399233e+23
3.521179111399257e+23
3.5211791113992086e+23
3.521179111399257e+23
3.521179111399233e+23
3.521179111399233e+23
3.521179111399257e+23
3.5211791113992086e+23
3.521179111399257e+23
3.521179111399233e+23
3.521179111399233e+23
3.521179111399257e+23
3.5211791113992086e+23
3.521179111399257e+23
3.521179111399233e+23
3.521179111399233e+23
3.521179111399233e+23
3.521179111399233e+23
3.521179111399244e+23
3.521179111399244e+23
3.521179111399233e+23
3.521179111399233e+23
3.521179111399233e+23
3.521179111399257e+23
3.521179111399233e+23
3.521179111399233e+23
3.521179111399233e+23
3.521179111399233e+23
3.521179111399257e+23
3.521179111399233e+23
3.521179111399233e+23
3.521179111399233e+23
3.521179111399233e+23
3.521179111399233e+23
3.521179111399257e+23
3.521179111399233e+23
3.521179111399233e+23
3.521179111399233e+23
3.521179111399233e+23
3.521179111399257e+23
3.521179111399233e+23
3.521179111399233e+23
3.521179111399233e+23
3.521179111399233e+23
3.521179111399233e+23
3.521179111399257e+23
3.521179111399233e+23
3.521179111399233e+23
3.521179111399257e+23
-2.0248683699427668
-1.072651764742977
-0.5439769808292532
-0.1750388574609767
0.1072858653583868
0.3108466277834525
0.43536037281967266
0.4939324596163126
0.518760875398816
0.5037797422696286
0.4807603706117427
0.4494021096086893
0.4191882382801144
0.38931206018061015
0.3639490166872208
0.3470268279675399
0.3440073119382805
0.362186748010223
0.3965922977103564
0.45278867858497707
0.5258765596534465
0.6229650950194539
0.7502900296968673
0.9206478664563269
1.1598434478728183
1.5383495368619835
2.0003754120746957
0.06733031093367181
0.08390154107324355
0.0946664834690627
0.10385095759736185
0.1088822457654266
0.11325676087886238
0.11663781305603327
0.11922524158039338
0.12209185359147812
0.12419003563155995
0.12462178532378099
0.12430578693609928
0.12467099048189212
0.12512261006604208
0.12563513677800953
0.12478469314229224
0.125081636497
0.1248559807221119
0.12892123264405098
0.12968001174185373
0.13741163212807295
0.1455308565894644
0.1518186787668726
0.1558599889111988
0.1541110056750815
0.14828003647120647
0.1370135586192262
0.1184867691428107
0.10157465975190494
0.08164602803662635
0.06218966555019828
0.040528194044342575
0.04217096772012141
-6.2670912779074115
-5.2441853298720815
-4.644846551349843
-4.205241400620054
-3.85223329858745
-3.578019793269192
-3.382632351275049
-3.2535015147044533
-3.1579982227866736
-3.102265991892537
-3.054618374897501
-3.0151931997823027
-2.9746443253620924
-2.933750747991951
-2.8883096935720403
-2.834417464096049
-2.7666227095521947
-2.6775552891881773
-2.572237773490542
-2.4450471001181597
-2.3009077052724933
-2.1327186507656677
-1.9341899040830413
-1.6924854233348583
-1.381709204799904
-0.9310019167939743
-0.39342475548201605
-2.2697299514575207
-2.1823790613583753
-2.1005296659262456
-2.021401231144523
-1.9443915771534819
-1.8698618813424446
-1.7961960210513155
-1.7227679421360165
-1.6503545152458514
-1.5762546674640703
-1.5058042913643135
-1.4344424257708965
-1.3644743023702688
-1.2937938120543038
-1.222627784641503
-1.1532709759540296
-1.0821666749584722
-1.0110731275211435
-0.9374503410508908
-0.8659051156880935
-0.7871986038357193
-0.7095529690585067
-0.6323590338685108
-0.558009586283049
-0.48903219661724506
-0.42440322945373055
-0.3648133680710828
-0.3123393256077236
-0.258604102129425
-0.20682158170319553
-0.15582622157336345
-0.10634307216122352
-0.03372783662319989
4.242309130950132
4.171674683919813
4.101040236889492
4.030405789859173
3.9597713428288532
3.8891368957985337
3.8185024487682138
3.7478680017378943
3.6772335547075743
3.606599107677255
3.535964660646935
3.4653302136166158
3.394695766586296
3.324061319555976
3.2534268725256568
3.1827924254953364
3.112157978465017
3.041523531434698
2.970889084404377
2.9002546373740583
2.8296201903437384
2.7589857433134184
2.688351296283099
2.617716849252779
2.5470824022224594
2.47644795519214
2.40581350816182
2.3351790611315
2.264544614101181
2.1939101670708614
2.1232757200405414
2.0526412730102215
1.982006825979902
1.9113723789495822
1.8407379319192627
1.7701034848889425
1.699469037858623
1.6288345908283035
1.5582001437979838
1.487565696767664
1.4169312497373443
1.3462968027070243
1.2756623556767048
1.2050279086463853
1.1343934616160658
1.0637590145857463
0.9931245675554261
0.9224901205251064
0.8518556734947869
0.7812212264644672
0.7105867794341477
0.6399523324038275
0.5693178853735079
0.49868343834318835
0.4280489913128687
0.35741454428254915
0.2867800972522295
0.2161456502219094
0.1455112031915898
0.07487675616127021
-16.649999999999977
-16.649999999999977
-16.65000000000009
-16.649999999999977
-16.649999999999977
-16.649999999999977
-16.649999999999977
-16.65000000000009
-16.649999999999977
-16.649999999999977
-16.649999999999977
-16.649999999999977
-16.65000000000009
-16.649999999999864
-16.65000000000009
-16.649999999999977
-16.649999999999977
-16.65000000000009
-16.649999999999864
-16.65000000000009
-16.649999999999977
-16.649999999999977
-16.65000000000009
-16.649999999999864
-16.65000000000009
-16.649999999999977
-16.649999999999977
-16.649999999999977
-16.649999999999977
-16.650000000000034
-16.650000000000034
-16.649999999999977
-16.649999999999977
-16.649999999999977
-16.65000000000009
-16.649999999999977
-16.649999999999977
-16.649999999999977
-16.649999999999977
-16.65000000000009
-16.649999999999977
-16.649999999999977
-16.649999999999977
-16.649999999999977
-16.649999999999977
-16.65000000000009
-16.649999999999977
-16.649999999999977
-16.649999999999977
-16.649999999999977
-16.65000000000009
-16.649999999999977
-16.649999999999977
-16.649999999999977
-16.649999999999977
-16.649999999999977
-16.65000000000009
-16.649999999999977
-16.649999999999977
-16.65000000000009
295.0
293.56383088001775
292.1093703899159
290.6362620057536
289.1440417670996
287.63221296671173
286.1002543477171
284.54760100327593
282.97361575292666
281.3776358588885
279.7589187182914
278.11668107340466
276.45008173818337
274.75823217276127
273.0401851760248
271.2949304336152
269.5213867926942
267.7183931291804
265.88472153063356
264.0190534186773
262.11998929464204
260.1860197428881
258.2155163269843
256.20670748156664
254.15763912002714
252.0660655288718
249.92977260379075
250.2861430967814
249.85586478184666
248.32138378349947
246.5556952343441
244.6593394676325
242.67569899407053
240.63421821549252
238.55772605834704
236.46579633295
234.3750736488554
232.30395487347488
230.27037622335558
228.3318902588021
226.5391301170804
224.86500956078555
223.40222546144963
222.27273178104338
221.44751277662618
220.99216642897278
221.0320897737243
221.43950119759205
221.86578783405434
222.13178985106168
222.1011678744411
221.7282523720862
221.12726483174993
220.32102120997462
219.29508785345826
217.94130447318895
216.1004987649851
213.79184007014777
212.18658427163024
215.25507443998686
222.10875950092475
1000.0
983.35
966.7
950.05
933.4
916.75
900.1
883.45
866.8
850.15
833.5
816.85
800.2
783.55
766.9000000000001
750.25
733.6
716.95
700.3
683.6500000000001
667.0
650.35
633.7
617.05
600.4000000000001
583.75
567.1
550.45
533.8000000000001
517.1500000000001
500.50000000000006
483.85
467.20000000000005
450.55000000000007
433.9000000000001
417.25
400.6
383.95000000000005
367.30000000000007
350.6500000000001
334.0
317.35
300.70000000000005
284.05000000000007
267.4000000000001
250.7500000000001
234.10000000000002
217.45000000000005
200.80000000000007
184.1500000000001
167.5000000000001
150.85000000000002
134.20000000000005
117.55000000000007
100.90000000000009
84.25000000000011
67.60000000000014
50.950000000000045
34.30000000000007
17.65000000000009
1.0
0.0
146.54786938594154
294.96220511061915
445.2793871679951
597.5467584592212
751.8150033967626
908.1373114574365
1066.571326196335
1227.1820660278931
1390.0371572562815
1555.2123756845556
1722.7876455709543
1892.84880222619
2065.486512983547
2240.7974310178806
2418.884649631104
2599.8584905414086
2783.8374357979164
2970.9467825884094
3161.321079726802
3355.1031331997865
3552.4469650114147
3753.5187421444557
3958.49923657483
4167.587844895186
4381.013721543689
4599.00279553155
4824.155576238632
5055.161048574197
5292.110531263752
5535.250047509653
5784.906942477687
6041.478818225684
6305.437133583474
6577.330870216961
6857.799615845984
7147.581194720335
7447.541726838397
7758.684952323033
8082.306947554191
8419.900723046598
8773.117162396788
9144.28631305357
9536.170187447171
9951.94370231851
10395.827426513504
10873.096490468
11389.560211153403
11951.559316702898
12567.31166272796
13246.695618343545
14003.76493106994
14858.226621964188
15838.91543419195
16989.936131544804
18383.37266241068
20150.76432902173
22580.024463671507
26553.000420493765
37977.88137849053
49402.76233648737
502.8180080452192
499.5486003292152
495.46883384139676
491.1050867884614
486.6244471939657
482.0877812323571
477.5213423793592
472.96034821220314
468.4133065022493
463.9096732333866
459.4565970044792
455.07712238655637
450.7749120702455
446.55437212725406
442.4150609560978
438.3622764472104
434.39593552766087
430.5163837982925
426.7333280520297
423.04196851433323
419.44781956496155
415.95156367040295
412.5578804660983
409.2680646389485
406.08821223711345
403.02524240290353
400.09045991925615
403.2132120471717
402.1805200988221
400.2031463838892
398.0314478257187
395.8040683975243
393.5812002551337
391.4013196096562
389.29374142968567
387.2776370180887
385.36861437430247
383.5828760546552
381.9222985415292
380.39475893245003
379.0263395267574
377.80029600462285
376.7058557542691
375.7886903811453
375.03595286731644
374.4400559758762
374.039578044895
373.8298358313295
373.7279614660904
373.6545338016351
373.57534686627946
373.425998241972
373.1939870574678
372.86966939145356
372.4393183531246
371.90662102830095
371.2509319285016
370.48984814578745
369.82787317140424
369.67778940232273
370.65463729815457
429.430159409426
426.1558778234357
422.0401911651567
417.6146649128412
413.0499513610534
408.4102577015071
403.7245658541727
399.0300224438091
394.3369404444766
389.675925183956
385.0549908743615
380.4978378723044
376.0089208115212
371.593351540903
367.2513447155481
362.9886830151624
358.8056835637056
354.7029993587895
350.6905272346656
346.7636838847674
342.9281334628208
339.1846334246862
335.537920019566
331.9894087076457
328.5451703298969
325.2120899791406
322.0014267318014
317.8247377108832
316.5284383127859
314.2727627704399
311.8092973222213
309.2783272179124
306.7411260469548
304.2368432371537
301.7952694381903
299.4359054214465
297.1745220772719
295.0275907583942
292.9971478808696
291.0909898672974
289.3358077479246
287.7151639882645
286.2180369238247
284.891173827159
283.7220810072533
282.7027165715088
281.8717523166736
281.2240312190928
280.6755765736909
280.1461788633413
279.6015432470821
278.9782492859578
278.2681640960562
277.4654639839708
276.5625862423732
275.5690777883702
274.469117571396
273.2818376861372
272.1984663251612
271.6352887401231
271.9814235217931
73.38784863579319
73.39272250577956
73.42864267624006
73.49042187562021
73.57449583291229
73.67752353084998
73.79677652518656
73.930325768394
74.0763660577727
74.23374804943062
74.40160613011768
74.57928451425197
74.76599125872427
74.96102058635107
75.1637162405497
75.373593432048
75.59025196395525
75.81338443950298
76.04280081736415
76.27828462956585
76.51968610214074
76.76693024571674
77.01996044653232
77.2786559313028
77.54304190721658
77.8131524237629
78.08903318745472
85.3884743362885
85.65208178603619
85.9303836134493
86.22215050349739
86.52574117961187
86.84007420817892
87.16447637250248
87.49847199149535
87.84173159664219
88.19409229703056
88.55528529626099
88.92515066065958
89.30376906515264
89.69053177883282
90.08513201635832
90.48781883044443
90.89751655398628
91.31387186006314
91.73733940436739
92.16782572822137
92.60580461223668
93.05238489239952
93.50835493829383
93.9738036191974
94.44774895601421
94.92582296141157
95.40420540748276
95.87673211075142
96.3375432399308
96.7818143571056
97.20801045965025
97.62940684624306
98.04250066219964
98.6732137763615
422.67148197078507
413.13498297687374
403.8110311591832
394.802437554898
386.1165565597822
377.7276572995862
369.5831986533191
361.6395721348879
353.83902891022973
346.1773974185803
338.6220551977804
331.18796220496
323.8705586888668
316.6753744205133
309.60231250136496
302.6612182989057
295.8604599152601
289.2142854763395
282.7536744408886
276.4900771297016
270.4508810802117
264.6537174803806
259.1273156253103
253.9033098940775
249.0309720689076
244.5862930298977
240.7205086294563
243.44983600188982
240.1474141020828
235.98766132579152
231.7154331016947
227.4666524423558
223.29939272281177
219.24965019599182
215.3458759949699
211.607003641237
208.04762648220492
204.68563349509358
201.51925169060326
198.5572696557532
195.82437594769027
193.3045386135014
190.98747057850628
188.9170342294284
187.08213004064106
185.47516002167959
184.13723174964747
183.06158442039393
182.17251145131902
181.3895308178053
180.6779848485812
179.9706266379907
179.2495832568692
178.50086236140123
177.70569795500128
176.86066130456993
175.94636810264092
174.97846273822364
174.1606615422672
173.90423470102442
174.8473547602331
324.8210173677015
314.1858210920053
303.7538757099281
293.6338631659302
283.8387183411696
274.3430951604275
265.0932063132462
256.0458365727817
247.1407461926318
238.3752535434291
229.7195429114731
221.1943220196393
212.7970260634365
204.5343666726679
196.4047995603938
188.4174682407014
180.5795559792305
172.9030537300211
165.4189541698805
158.1365039929375
151.0810378881561
144.2712144050808
137.7372409239903
131.5105641894159
125.6439919584104
120.2173979628673
115.3860235598764
109.8209248330137
105.4218839978309
100.1362608127409
94.7410278240346
89.37811591150631
84.1091044486215
78.9740864970566
74.00577732456448
69.22690208955449
64.65407864659024
60.30468941849768
56.17309525829465
52.26343123811719
48.60510294947667
45.18149075972408
41.97800956595549
39.04592701894201
36.36941182356467
33.94161668824629
31.80662285027287
29.95417959258702
28.29758294525684
26.73995369459832
25.23310522811159
23.69098623437242
22.06627579888159
20.31569211756981
18.37796970301588
16.18216048832684
13.65673377920244
10.74172713945076
7.589916358832918
4.218768296923628
0.0
97.8504646030836
98.94916188486846
100.0571554492551
101.1685743889678
102.2778382186126
103.3845621391587
104.4899923400729
105.5937355621062
106.6982827175979
107.8021438751512
108.9025122863073
109.9936401853207
111.0735326254303
112.1410077478454
113.1975129409712
114.2437500582043
115.2809039360296
116.3112317463184
117.3347202710081
118.3535731367641
119.3698431920556
120.3825030752998
121.39007470132
122.3927457046616
123.3869801104972
124.3688950670304
125.3344850695799
133.6289111688761
134.7255301042519
135.8514005130506
136.9744052776601
138.0885365308495
139.1902882741903
140.2755636989352
141.3400986704054
142.3801015516825
143.3935478356147
144.3809440765959
145.3461564323086
146.293838417636
147.2192729982136
148.1230478537773
149.0094610125508
149.8711072104864
150.7127182170764
151.5335433334333
152.3306088993746
153.1074048278069
153.8749285060622
154.649577123207
155.4448796204696
156.2796404036183
157.1833074579876
158.1851702438314
159.3277282519854
160.6785008162431
162.2896343234385
164.2367355987729
166.5707451834343
169.6854664041008
174.8473547602331
-80.14652607443409
-86.4136173523415
-91.65780268221359
-96.30264923356343
-100.50789063418348
-104.36012393277093
-107.93814372604012
-111.32077607731517
-114.57427759201963
-117.7322758148063
-120.83454180669884
-123.88916018159634
-126.90435338137864
-129.87899770674073
-132.81274845473268
-135.70105814830472
-138.53547561240077
-141.30209832195297
-143.97965361114115
-146.5518913846317
-148.99693848474985
-151.29784619002234
-153.430564840788
-155.36475474487105
-157.0572401682059
-158.4389493730058
-159.3699512897998
-159.7633760452818
-162.03310599673932
-164.2154850580977
-166.31601472402394
-168.33741595516847
-170.28180753232195
-172.1516694136644
-173.9478654347157
-175.67063337685173
-177.32098789209758
-178.89724255956165
-180.40304685092596
-181.83748927669686
-183.20196357906713
-184.49575739112143
-185.71838517576293
-186.87165615171696
-187.95382282667543
-188.96489595419658
-189.90234629524747
-190.76825141093556
-191.55545001477128
-192.2650029838298
-192.8973620176983
-193.45537160398135
-193.9444038005986
-194.36880703005232
-194.7336203981234
-195.04595972373113
-195.30456382586055
-195.51138540756375
-195.6672116291371
-195.77355470129834
-195.80728253792154
104.6091420417245
111.9700567314304
118.2863154552286
123.980801746911
129.2112330198838
134.0671625410796
138.6313595409265
142.9841858710274
147.1961942518448
151.3006716405269
155.3354479628885
159.3035158526651
163.2118947480847
167.0589848682351
170.8465451551542
174.571214774461
178.2261275844751
181.7999456287684
185.2715730647851
188.6271798918299
191.8470955746647
194.9134190196054
197.8006790955757
200.4788445182298
202.9011783714866
204.9946920162733
206.615403171925
208.0038128778694
211.106554314955
214.136501957699
217.0682694981867
219.9002113064061
222.6320215983333
225.2627567400971
227.7894921136258
230.209003331892
232.5204434306817
234.7229013398965
236.824052622575
238.8275586291802
240.7307047984479
242.5336732285404
244.2400273578693
245.845246808217
247.3526691836887
248.7610998832625
250.0651294664007
251.2698516265058
252.377993628434
253.406225168743
254.3684380189705
255.2872630515854
256.2018882971746
257.149771866401
258.1846165393574
259.3869173000434
260.8123837921935
262.5401105466864
264.6085499663283
267.4165204431995
271.9814235217931
24.4626159672904
25.5564393790889
26.62851277301502
27.67815251334757
28.70334238570031
29.70703860830866
30.69321581488637
31.66340979371222
32.62191665982516
33.5683958257206
34.50090615618967
35.41435567106876
36.30754136670605
37.17998716149435
38.0337967004215
38.87015662615627
39.69065197207435
40.49784730681543
41.29191945364393
42.07528850719823
42.85015708991485
43.61557282958307
44.3701142547877
45.11408977335877
45.8439382032807
46.55574264326749
47.24545188212522
48.24043683258759
49.07344831821566
49.92101689960132
50.75225477416275
51.56279535123765
52.35021406601135
53.1110873264327
53.84162667891009
54.53836995504029
55.19945553858411
55.82565878033487
56.42100577164906
56.99006935248335
57.52874121938078
58.03791583741898
58.52164218210636
58.97359065650006
59.39884635701326
59.79620392906591
60.16278317115322
60.50160021557025
60.82254361366273
61.1412221849132
61.47107600127219
61.83189144760405
62.25748449657601
62.78096483634869
63.45099614123401
64.34095757631229
65.50781996633293
67.02872513912264
68.94133833719121
71.64296574190115
76.17414098387157
-3.174155597935101
-2.656024535712306
-2.3524454129457917
-2.129777651167236
-1.9509734124806137
-1.812080156143872
-1.7131145955733844
-1.6477089801120217
-1.5993370111522673
-1.57111110485077
-1.5469819578424442
-1.5270181499004012
-1.5064852997784473
-1.4857771774219766
-1.4627652205993467
-1.4354719419673856
-1.4011357292677589
-1.3560241043000065
-1.302680463939241
-1.2382565976873143
-1.1652479081864136
-1.0800576685614958
-0.9794992059875154
-0.857071840970359
-0.6996584465127953
-0.47136631258607004
-0.19896756323650233
-1.1494338100037473
-1.105182878192124
-1.0637284561967217
-1.0236536834475511
-0.9846529178899874
-0.9469094258665502
-0.9096047000678882
-0.8724215183581714
-0.8357528848798491
-0.7982297734763462
-0.7625539697927359
-0.7264150123787627
-0.690983339193883
-0.6551905429794622
-0.6191505193145966
-0.5840289387909732
-0.5480205769326203
-0.5120180448975656
-0.4747352786380087
-0.438503912624912
-0.3986419620678915
-0.3593124265371531
-0.32020742482915265
-0.282536973231433
-0.24757692016040522
-0.21480898242921692
-0.18457807625189826
-0.1579282816084721
-0.13062156289306592
-0.10427946042545022
-0.07832412164647318
-0.053008604404213955
-0.015645442355588735
0.0
-3.72856311472241
-3.1994079938914
-2.88445830980107
-2.649398062685075
-2.459699706307291
-2.311926886716241
-2.204860181561926
-2.133530919680411
-2.07906267655216
-2.043756626163776
-2.009966450395966
-1.97973186786152
-1.948686939826372
-1.918532978020183
-1.886676634969815
-1.851342348798451
-1.81026498749079
-1.758501837291018
-1.699733303569883
-1.631000949423274
-1.553201059455732
-1.462499142522116
-1.356585320027944
-1.226997599826465
-1.060438557593429
-0.820947407940081
-0.7032785239240082
-1.571648057953522
-1.534775431655891
-1.485043744317529
-1.434478487290964
-1.38375833986276
-1.332560208570563
-1.27988065499233
-1.22556783557081
-1.170825998878922
-1.115622673023422
-1.064307290777702
-1.014846511779278
-0.9640107116824185
-0.9132671507323868
-0.8643285971194788
-0.8131003123799163
-0.7635626419296689
-0.7134198638951373
-0.6605370132865992
-0.6102342981828539
-0.5613130389953548
-0.5208355695185264
-0.4873947726751082
-0.4654173115581094
-0.4632899711861878
-0.4801364860553781
-0.5241853546337463
-0.6090077739069156
-0.7220490941617252
-0.8751545861725765
-1.047737577491546
-1.422336161826895
-2.312284540524511
0.0
0.5544075167873094
0.543383458179094
0.5320128968552785
0.5196204115178392
0.5087262938266772
0.499846730572369
0.4917455859885416
0.4858219395683891
0.4797256653998928
0.4726455213130061
0.462984492553522
0.4527137179611187
0.4422016400479248
0.4327558005982064
0.4239114143704683
0.4158704068310656
0.4091292582230311
0.4024777329910113
0.3970528396306418
0.3927443517359596
0.3879531512693184
0.3824414739606204
0.3770861140404287
0.369925758856106
0.3607801110806336
0.349581095354011
0.5043109606875059
0.4222142479497747
0.4295925534637671
0.4213152881208073
0.4108248038434128
0.3991054219727725
0.3856507827040127
0.3702759549244419
0.3531463172126386
0.3350731139990729
0.3173928995470759
0.3017533209849661
0.2884314994005152
0.2730273724885355
0.2580766077529246
0.2451780778048822
0.2290713735889431
0.2155420649970486
0.2014018189975717
0.1858017346485905
0.1717303855579419
0.1626710769274633
0.1615231429813733
0.1671873478459556
0.1828803383266764
0.2157130510257826
0.2653275036261612
0.339607278381848
0.4510794922984435
0.5914275312686593
0.7708751257471262
0.9694134558450729
1.369327557422681
2.296639098168922
0.0
1.0
1.0
1.0
1.0
1.0
1.0
1.0
1.0
1.0
1.0
1.0
1.0
1.0
1.0
1.0
1.0
1.0
1.0
1.0
1.0
1.0
1.0
1.0
1.0
1.0
1.0
1.0
0.0
0.0
0.0
0.0
0.0
0.0
0.0
0.0
0.0
0.0
0.0
0.0
0.0
0.0
0.0
0.0
0.0
0.0
0.0
0.0
0.0
0.0
0.0
0.0
0.0
0.0
0.0
0.0
0.0
0.0
0.0
0.0
0.0
0.0
1.0
1.0
1.0
1.0
1.0
1.0
1.0
1.0
1.0
1.0
1.0
1.0
1.0
1.0
1.0
1.0
0.24991728677190883
0.24991728677190883
0.24991728677190883
0.24991728677190883
0.24991728677190883
0.24991728677190883
0.24991728677190883
0.24991728677190883
0.24991728677190883
0.24991728677190883
0.24991728677190883
0.24991728677190883
0.24991728677190883
0.24991728677190883
0.24991728677190883
0.24991728677190883
0.24991728677190883
0.24991728677190883
0.24991728677190883
0.24991728677190883
0.24991728677190883
0.24991728677190883
0.24991728677190883
0.24991728677190883
0.24991728677190883
0.24991728677190883
0.24991728677190883
0.24991728677190883
0.24991728677190883
1.0
1.0
1.0
1.0
1.0
1.0
1.0
1.0
1.0
1.0
1.0
1.0
1.0
1.0
1.0
1.0
1.0
1.0
1.0
1.0
1.0
1.0
1.0
1.0
1.0
1.0
1.0
1.0
1.0
0.01568678268454082
0.0143418486878378
0.013012057567820099
0.01171716267633564
0.010537552554256117
0.009485914925354035
0.008545548188674193
0.007720827367621916
0.006965756861174189
0.006269251252577414
0.00560910506069489
0.005009300458633812
0.004466986280042104
0.003988343284257841
0.0035588472651117632
0.003171673226008956
0.00282632199586424
0.0025093731215510983
0.0022222081385166806
0.00196630031514798
0.001732317217335938
0.001519900196042749
0.0013283334937613431
0.0011548049597571819
0.0009981219437009158
0.0008572336387443886
0.0007314411550288651
0.0007790549007162865
0.000777123106109839
0.0007030690775782594
0.0006245480928750008
0.0005495072810868475
0.0004785407387825238
0.00041390695700805827
0.0003562148919517927
0.000305250936514813
0.00025955955598047105
0.00021972159112249962
0.0001862865350984853
0.00015487713019725344
0.00012818467022853371
0.00010722172301647026
8.59246492094707e-05
6.787998542283649e-05
5.3919795069380114e-05
4.0836299376459156e-05
2.940833152174743e-05
2.09039202380195e-05
1.5536679274989798e-05
1.1602744676700585e-05
1.00058384806326e-05
9.496446358030795e-06
9.58285623122094e-06
1.038709580556349e-05
1.1772660726517473e-05
1.333548375368089e-05
1.575222794049694e-05
1.5947380696254118e-05
1.1843873729951986e-05
1.6370060395585957e-06
0.0004
0.0004
0.0004
0.0004
0.0004
0.0004
0.0004
0.0004
0.0004
0.0004
0.0004
0.0004
0.0004
0.0004
0.0004
0.0004
0.0004
0.0004
0.0004
0.0004
0.0004
0.0004
0.0004
0.0004
0.0004
0.0004
0.0004
0.0004
0.0004
0.0004
0.0004
0.0004
0.0004
0.0004
0.0004
0.0004
0.0004
0.0004
0.0004
0.0004
0.0004
0.0004
0.0004
0.0004
0.0004
0.0004
0.0004
0.0004
0.0004
0.0004
0.0004
0.0004
0.0004
0.0004
0.0004
0.0004
0.0004
0.0004
0.0004
0.0004
1.2798097602718451e-08
1.514654944636897e-08
1.7430934156170096e-08
1.965248052969695e-08
2.1782297256769883e-08
2.3829228121884234e-08
2.5795186860550286e-08
2.7582171169349828e-08
2.924847428366328e-08
3.0814588656780655e-08
3.222570307165983e-08
3.3557163314431e-08
3.483101364849657e-08
3.6029704387839185e-08
3.71594027231354e-08
3.823274237167072e-08
3.921371150558097e-08
4.019468063949124e-08
4.1139800750823285e-08
4.1993772815387345e-08
4.284774487995141e-08
4.369389924342642e-08
4.4524133060610675e-08
4.5354366877794935e-08
4.620384461302754e-08
4.7085207882686e-08
4.796657115234444e-08
4.891190471051426e-08
4.994434674665702e-08
5.0976788782799764e-08
5.2274218707328765e-08
5.386990095729673e-08
5.546558320726472e-08
5.7835054748063525e-08
6.092593139172592e-08
6.401680803538828e-08
6.97404038606345e-08
7.749455437380443e-08
8.524870488697436e-08
1.0285843749875949e-07
1.267267066968995e-07
1.5059497589503946e-07
1.918716586394871e-07
2.421700268235865e-07
2.924683950076856e-07
3.501006889611816e-07
4.090257658225641e-07
4.6201404120895555e-07
5.132558705922477e-07
5.717484753991169e-07
6.507376288703065e-07
7.913491952431126e-07
9.905077562773157e-07
1.279915687538981e-06
1.7520090509912953e-06
2.2638859331234857e-06
2.8588570747746195e-06
3.3853433161763345e-06
4.137299468470713e-06
2.566868975641626e-06
0.0
0.0
0.0
0.0
0.0
0.0
0.0
0.0
0.0
0.0
0.0
0.0
0.0
0.0
0.0
0.0
0.0
0.0
0.0
0.0
0.0
0.0
0.0
0.0
0.0
0.0
0.0
0.0
0.0
0.0
0.0
0.0
0.0
0.0
0.0
0.0
0.0
0.0
0.0
0.0
0.0
0.0
0.0
0.0
0.0
0.0
0.0
0.0
0.0
0.0
0.0
0.0
0.0
0.0
0.0
0.0
0.0
0.0
0.0
0.0
0.0
0.0
0.0
0.0
0.0
0.0
0.0
0.0
0.0
0.0
0.0
0.0
0.0
0.0
0.0
0.0
0.0
0.0
0.0
0.0
0.0
0.0
0.0
0.0
0.0
0.0
0.0
0.0
0.0
0.0
0.0
0.0
0.0
0.0
0.0
0.0
0.0
0.0
0.0
0.0
0.0
0.0
0.0
0.0
0.0
0.0
0.0
0.0
0.0
0.0
0.0
0.0
0.0
0.0
0.0
0.0
0.0
0.0
0.0
0.0
0.0
0.0
0.0
0.0
0.0
0.0
0.0
0.0
0.0
0.0
0.0
0.0
0.0
0.0
0.0
0.0
0.0
0.0
0.0
0.0
0.0
0.0
0.0
0.0
0.0
0.0
0.0
0.0
0.0
0.0
0.0
0.0
0.0
0.0
0.0
0.0
0.0
0.0
0.0
0.0
0.0
0.0
0.0
0.0
0.0
0.0
0.0
0.0
0.0
0.0
0.0
0.0
0.0
0.0
0.0
0.0
0.0
0.0
0.0
0.0
0.0
0.0
0.0
0.0
0.0
0.0
0.0
0.0
0.0
0.0
0.0
0.0
0.0
0.0
0.0
0.0
0.0
0.0
0.0
0.0
0.0
0.0
0.0
0.0
0.0
0.0
0.0
0.0
0.0
0.0
0.0
0.0
0.0
0.0
0.0
0.0
0.0
0.0
0.0
0.0
0.0
0.0
0.0
0.0
0.0
0.0
0.0
0.0
0.0
0.0
0.0
0.0
0.0
0.0
0.0
0.0
0.0
0.0
0.0
0.0
0.0
0.0
0.0
0.0
0.0
0.0
0.0
0.0
0.0
0.0
0.0
0.0
0.0
0.0
0.0
0.0
0.0
0.0
0.0
0.0
0.0
0.0
0.0
0.0
0.0
0.0
0.0
0.0
0.0
0.0
0.0
0.0
0.0
0.0
0.0
0.0
0.0
0.0
0.0
0.0
0.0
0.0
0.0
0.0
0.0
0.0
0.0
0.0
0.0
0.0
0.0
0.0
0.0
0.0
0.0
0.0
0.0
0.0
0.0
0.0
2
2
1
295.0
-195.80728253792154
0.0
0.0
26.0
9.8
1.0
2.0
3.0
4.0
5.0
6.0
7.0
8.0
9.0
10.0
11.0
12.0
13.0
14.0
15.0
16.0
17.0
18.0
19.0
20.0
21.0
22.0
23.0
24.0
25.0
26.0
27.0
28.0
29.0
30.0
31.0
32.0
33.0
34.0
35.0
36.0
37.0
38.0
39.0
40.0
41.0
42.0
43.0
44.0
45.0
46.0
47.0
48.0
49.0
50.0
51.0
52.0
53.0
54.0
55.0
56.0
57.0
58.0
59.0
60.0
0.0
0.0
0.0
0.0
0.0
0.0
0.0
0.0
0.0
0.0
0.0
0.0
0.0
0.0
0.0
0.0
0.0
0.0
0.0
0.0
0.0
0.0
0.0
0.0
0.0
0.0
0.99
0.0
0.0
0.0
0.0
0.0
0.0
0.0
0.0
0.0
0.0
0.0
0.0
0.0
0.0
0.0
0.0
0.0
0.0
0.0
0.0
0.0
0.0
0.0
0.0
0.0
0.0
0.0
0.0
0.0
0.0
0.0
0.0
0.0
0.0
0.0
0.0
0.0
0.0
0.0
0.0
0.0
0.0
0.0
0.0
0.0
0.0
0.0
0.0
0.0
0.0
0.0
0.0
0.0
0.0
0.0
0.0
0.0
0.0
0.0
0.15
0.0
0.0
0.0
0.0
0.0
0.0
0.0
0.0
0.0
0.0
0.0
0.0
0.0
0.0
0.0
0.0
0.0
0.0
0.0
0.0
0.0
0.0
0.0
0.0
0.0
0.0
0.0
0.0
0.0
0.0
0.0
0.0
0.0
0.0
0.0
0.0
0.0
0.0
0.0
0.0
0.0
0.0
0.0
0.0
0.0
0.0
0.0
0.0
0.0
0.0
0.0
0.0
0.0
0.0
0.0
0.0
0.0
0.0
0.0
0.01
0.0
0.0
0.0
0.0
0.0
0.0
0.0
0.0
0.0
0.0
0.0
0.0
0.0
0.0
0.0
0.0
0.0
0.0
0.0
0.0
0.0
0.0
0.0
0.0
0.0
0.0
0.0
0.0
0.0
0.0
0.0
0.0
0.0
-85.0
