9.81
6.022e+23
0
0
0
3
0
1
285.912829225188
2
2
0
0
1
1
0
1
100
7
1014.8
1.607


3
3
0
72.38857731909356
0
6.5
150.0
1000.0
287.04
9.81
79000.0
40.0
20000.0
0.0
0.0
0.0
0.0
0.0280134
0.04401
0.0319988
0.039948
0.01604
0.01801528
0.048
99000.0
2.1153802199668344e+29
0.8
1e-06
1000000.0
0.6
3.0
0.0001
2000
85
2.0277554060492538
0
1
7
1.0
1
0
1
1
0.06
1000000000000.0
1
284.91183766210656
285.08415075457333
284.6114611666035
284.0815987728967
283.53306339890355
282.9744093695113
282.4063834844813
281.83157980363836
281.2493179264918
280.6606219287221
280.066060919952
279.46426500754546
278.85661820655724
278.2423510591828
277.6217076929498
276.99518404972326
276.3617030507827
275.72201426936886
275.075715148541
274.422253319122
273.7622064685095
273.09546121213305
272.42107186039726
271.7400534219918
271.05184010227686
270.35593939989155
269.65269150940406
268.9423837126355
268.22339442120807
267.49667067483307
266.76190524218146
266.0186801879336
265.26621264010544
264.50508448791766
263.7348704556888
262.9552900084817
262.16561647845174
261.36599240318566
260.55626067116094
259.7360214272183
258.9048848488981
258.0624754454227
257.2081866589277
256.34163155202947
255.46230729827087
254.56955212468952
253.66285643078774
252.74211581855138
251.80690951052898
250.85665602829803
249.89099234414675
248.90978039410388
247.91164967890268
246.89660118446332
245.86260124491994
244.8094126619901
243.73631517980888
242.64232940565998
241.5269716917071
240.3896098587021
239.22912301171857
238.0448269288171
236.83454233344682
235.59700816192566
234.33131178316
233.03629968388393
231.71055886411253
230.35105710219423
228.95781425578497
227.5276286302842
226.05883987658817
224.5480029117604
222.99337941878386
221.39142918309884
219.7391948459433
218.03116646086792
216.26685277950335
214.44034441138373
212.54667220947434
210.57974244570707
208.5314933374405
206.39524352595927
204.1620837929064
201.82034630418232
199.36125622730927
196.76955079034687
195.2786699388832
194.40388799053778
194.06502655382096
194.23401419033976
195.00536094124115
196.38398097473979
199.18959770623954
203.49783118257156
209.3753197747796
216.52897625721383
224.39339957085267
233.03052155707195
243.0575229852272
263.89283965015545
1009.734035
999.6021049999999
989.4701749999999
979.3382449999999
969.2063149999999
959.0743849999999
948.942455
938.810525
928.678595
918.546665
908.414735
898.2828049999999
888.1508749999999
878.0189449999999
867.887015
857.755085
847.623155
837.491225
827.359295
817.227365
807.095435
796.9635049999999
786.8315749999999
776.6996449999999
766.5677149999999
756.4357849999999
746.3038549999999
736.1719249999999
726.0399949999999
715.9080649999999
705.776135
695.6442049999999
685.5122749999999
675.3803449999999
665.248415
655.116485
644.984555
634.852625
624.720695
614.588765
604.456835
594.324905
584.1929749999999
574.0610449999999
563.9291149999999
553.7971849999999
543.6652549999999
533.5333249999999
523.4013949999999
513.2694649999999
503.13753499999996
493.00560499999995
482.87367499999993
472.7417449999999
462.6098149999999
452.4778849999999
442.3459549999999
432.2140249999999
422.0820949999999
411.95016499999997
401.81823499999996
391.68630499999995
381.55437499999994
371.4224449999999
361.2905149999999
351.1585849999999
341.0266549999999
330.8947249999999
320.76279499999987
310.6308649999999
300.49893499999996
290.36700499999995
280.23507499999994
270.1031449999999
259.9712149999999
249.8392849999999
239.7073549999999
229.57542499999988
219.44349499999987
209.31156499999992
199.17963499999996
189.04770499999995
178.91577499999994
168.78384499999993
158.65191499999992
148.5199849999999
138.3880549999999
128.25612499999988
118.12419499999987
107.99226499999986
97.8603349999999
87.72840499999995
77.59647499999994
67.46454499999993
57.33261499999992
47.20068499999991
37.068754999999896
26.936824999999885
16.804894999999874
6.672964999999934
42.27494044252439
127.18689446130278
212.82183145077977
299.1832793124415
386.28208999306065
474.1308977690075
562.7432717344848
652.1335229933811
742.3164906544264
833.3077660814533
925.1233293374744
1017.7797137278669
1111.2941221785986
1205.6842663160187
1300.9686106156314
1397.166173883717
1494.2966065765604
1592.380336901992
1691.438375814111
1791.4925269903479
1892.565504257859
1994.6806960045856
2097.8624164624125
2202.1360197336544
2307.52766681699
2414.06454931588
2521.775098096834
2630.6886526488847
2740.835656687016
2852.2479876668367
2964.9587503701223
3079.0022492761873
3194.4142811226043
3311.2322973496252
3429.4953173617478
3549.2439555392193
3670.5206201226997
3793.369763547709
3917.8378852431742
4043.9736163233447
4171.827858457168
4301.453892524876
4432.907548949122
4566.247410540951
4701.534929003827
4838.83464545157
4978.214585735213
5119.74653591408
5263.506206795373
5409.573564001241
5558.033306351457
5708.974949585807
5862.493285130728
6018.688616244721
6177.667185087452
6339.542135035071
6504.433900026281
6672.470983087178
6843.790861453704
7018.540647907309
7196.878060076614
7378.972115679406
7565.0041319558695
7755.16961562373
7949.679905326124
8148.76380393211
8352.668865118649
8561.664405857697
8776.044180400148
8996.128844764211
9222.26950459762
9454.852035596774
9694.3021280962
9941.09072776372
10195.74006212443
10458.833732460278
10731.026953430823
11013.056633904296
11305.75669994441
11610.075138365739
11927.097496000166
12258.07652290125
12604.467020419821
12967.976332183836
13350.627558201566
13756.176325338405
14190.012105782993
14658.200105121909
15168.305413351547
15730.250364062918
16357.395639834378
17069.654620917994
17897.19656998067
18885.551534356986
20106.779888600606
21683.984248347166
23863.536273033096
27289.708629414527
35295.51864353519
56844.184464672966
2.111473334242361e+23
2.111473334242361e+23
2.111473334242361e+23
2.111473334242361e+23
2.111473334242361e+23
2.1114733342423378e+23
2.111473334242361e+23
2.111473334242361e+23
2.111473334242361e+23
2.111473334242361e+23
2.111473334242361e+23
2.111473334242361e+23
2.111473334242361e+23
2.111473334242361e+23
2.1114733342423378e+23
2.111473334242361e+23
2.111473334242361e+23
2.111473334242361e+23
2.111473334242361e+23
2.111473334242361e+23
2.111473334242361e+23
2.111473334242361e+23
2.111473334242361e+23
2.111473334242361e+23
2.111473334242361e+23
2.111473334242361e+23
2.111473334242361e+23
2.111473334242361e+23
2.111473334242361e+23
2.1114733342423378e+23
2.111473334242361e+23
2.111473334242361e+23
2.111473334242361e+23
2.111473334242361e+23
2.1114733342423378e+23
2.111473334242361e+23
2.111473334242361e+23
2.111473334242361e+23
2.111473334242361e+23
2.111473334242361e+23
2.111473334242361e+23
2.111473334242361e+23
2.111473334242361e+23
2.111473334242361e+23
2.111473334242361e+23
2.111473334242361e+23
2.111473334242361e+23
2.111473334242361e+23
2.111473334242361e+23
2.111473334242349e+23
2.111473334242349e+23
2.111473334242361e+23
2.111473334242361e+23
2.111473334242361e+23
2.111473334242361e+23
2.111473334242361e+23
2.111473334242361e+23
2.111473334242361e+23
2.1114733342423378e+23
2.111473334242361e+23
2.111473334242361e+23
2.111473334242361e+23
2.111473334242361e+23
2.111473334242361e+23
2.111473334242361e+23
2.111473334242361e+23
2.111473334242361e+23
2.111473334242361e+23
2.111473334242361e+23
2.1114733342423378e+23
2.111473334242361e+23
2.111473334242361e+23
2.111473334242361e+23
2.111473334242361e+23
2.111473334242361e+23
2.111473334242361e+23
2.111473334242361e+23
2.111473334242361e+23
2.111473334242361e+23
2.1114733342423378e+23
2.111473334242361e+23
2.111473334242361e+23
2.111473334242361e+23
2.111473334242361e+23
2.111473334242361e+23
2.111473334242361e+23
2.111473334242361e+23
2.111473334242361e+23
2.111473334242361e+23
2.111473334242361e+23
2.1114733342423378e+23
2.111473334242361e+23
2.111473334242361e+23
2.111473334242361e+23
2.111473334242361e+23
2.111473334242361e+23
2.111473334242361e+23
2.111473334242361e+23
2.111473334242361e+23
2.1114733342423314e+23
-8.035239670454306
-1.1641929197145953
-0.8098160957447071
-0.6769101316678645
-0.6025666032587891
-0.550359475110178
-0.5167964472122637
-0.49045693249249617
-0.4739031397658543
-0.46227926058860214
-0.4528406393034584
-0.4508932826093961
-0.4500321002285633
-0.45312517908956074
-0.4585836880343145
-0.46380869808746494
-0.47282366382077734
-0.481860357033866
-0.49209519959557924
-0.5052126072180796
-0.5181906700613518
-0.5308570643054711
-0.5465049146720459
-0.5601669404736804
-0.5735533168558081
-0.5879442478483681
-0.6011527749367468
-0.611161625026293
-0.6239889973830158
-0.6347109842001026
-0.6437649506208661
-0.6519684879108367
-0.6616369814776697
-0.6692711789623591
-0.6756460923277771
-0.6807536464818263
-0.6865649033710131
-0.6912283064192378
-0.6941448513536153
-0.6956612657333924
-0.6959594026054232
-0.6953459138966985
-0.6946624796591809
-0.6940196132648352
-0.6937526189059662
-0.6951246776567108
-0.6981771739563967
-0.7014815280921874
-0.7047219239501861
-0.7081625655393353
-0.7110115400118611
-0.7113996993569377
-0.7124976111038464
-0.7115715238249033
-0.7142751132347063
-0.7184935616022713
-0.7239866597228224
-0.7313492722478633
-0.7388593841657567
-0.7451414533135557
-0.750601144455121
-0.7534869256756466
-0.758046404457843
-0.7642673596538975
-0.7700394540495339
-0.7741269150061153
-0.775633424209409
-0.7799860319888879
-0.7790307093347788
-0.7774927381832276
-0.7727441361581513
-0.7687354185769488
-0.7611287178881219
-0.7519479303768506
-0.7393420940964628
-0.7305641488112575
-0.7097032336517957
-0.6814884624664326
-0.6440127609682781
-0.5970028937935539
-0.5446847085022962
-0.4808953047370528
-0.40333268094783115
-0.3144073288119553
-0.19567226349313727
-0.008601311267212107
0.013030144619722607
0.022811298270473776
0.033751478033927515
0.04611008540373439
0.059566878161145906
0.07233487267046558
0.08087916836638022
0.08182477449688232
0.07405739575984129
0.060501150977876575
0.0454323819753676
0.032851830656066575
0.021203225804595455
0.009350462428371804
-8.295099927483903
-1.4216655895754968
-1.064714929135505
-0.9291912033504843
-0.8522643209498142
-0.7974743305252048
-0.7612961695192837
-0.7323859517943134
-0.7132088868810769
-0.699013861423424
-0.6869597976800748
-0.6823762012311221
-0.6789482028584786
-0.6794381560552978
-0.6823087658015368
-0.6849444570347032
-0.6913530445010849
-0.6978095385246093
-0.7054368344763873
-0.7159685278436996
-0.726342549805679
-0.7363957764953284
-0.7494533683973543
-0.7605345938754056
-0.771310158152545
-0.783113068339901
-0.7937269850116877
-0.8011340139923107
-0.8113445184492889
-0.8194857021211988
-0.8259461677843092
-0.8315489498605757
-0.8386167645525973
-0.8436653948758135
-0.8474194830166937
-0.8499488610461867
-0.8531575477635158
-0.8552239977003069
-0.8555355044876194
-0.8544456425798614
-0.8522033265264497
-0.8489316806225418
-0.8456593495555182
-0.842412292646884
-0.8396269866211981
-0.8383261473215384
-0.8387944501749587
-0.8395027700728406
-0.8401499235950212
-0.840996393705467
-0.8412505616665271
-0.8390389139911747
-0.837546064014191
-0.8340154635545218
-0.8341171594393018
-0.8357477897549188
-0.8386432288631624
-0.8434119120223897
-0.8483231612198949
-0.8520089386496181
-0.8548733831062805
-0.8551670766062216
-0.8571146729659631
-0.8606750957238489
-0.8639018741113773
-0.8653862249699671
-0.8643002897647705
-0.8660547780452532
-0.8625050522375375
-0.8583684987688684
-0.8510199446807292
-0.8444146037715825
-0.8342098035298875
-0.8224279942027124
-0.8072238129682034
-0.7958438615099226
-0.7723825003127445
-0.7415657800404176
-0.7014881701294087
-0.6518618130483276
-0.5969325288255618
-0.5305303240373007
-0.4503460033998863
-0.35878632463814597
-0.23738028299899838
-0.04750494998859267
-0.023752439837409156
-0.011405891240116262
0.0020669661857652954
0.016899019604380783
0.03289118785258438
0.0480705370018768
0.05903369542784276
0.06253483764788825
0.05738346972128738
0.046438960597498635
0.03395528723800112
0.02409085187468918
0.01519517842160667
0.006169833429680693
0.2601074193338176
0.25751046410601813
0.2549135088782187
0.2523165536504192
0.24971959842261973
0.24712264319482027
0.24452568796702084
0.24192873273922139
0.23933177751142196
0.2367348222836225
0.23413786705582304
0.23154091182802358
0.22894395660022415
0.2263470013724247
0.22375004614462524
0.2211530909168258
0.21855613568902632
0.21595918046122686
0.2133622252334274
0.21076527000562795
0.2081683147778285
0.20557135955002903
0.2029744043222296
0.20037744909443014
0.19778049386663066
0.1951835386388312
0.19258658341103174
0.18998962818323228
0.18739267295543283
0.1847957177276334
0.18219876249983394
0.17960180727203448
0.17700485204423505
0.1744078968164356
0.1718109415886361
0.1692139863608367
0.16661703113303727
0.16402007590523782
0.16142312067743833
0.15882616544963887
0.15622921022183942
0.15363225499403996
0.1510352997662405
0.14843834453844104
0.14584138931064156
0.1432444340828421
0.14064747885504267
0.1380505236272432
0.13545356839944372
0.13285661317164427
0.13025965794384484
0.1276627027160454
0.12506574748824595
0.12246879226044649
0.11987183703264703
0.11727488180484757
0.1146779265770481
0.11208097134924866
0.1094840161214492
0.10688706089364976
0.10429010566585031
0.10169315043805087
0.09909619521025141
0.09649923998245194
0.09390228475465248
0.09130532952685302
0.08870837429905355
0.08611141907125411
0.08351446384345466
0.0809175086156552
0.07832055338785576
0.0757235981600563
0.07312664293225685
0.07052968770445739
0.06793273247665793
0.06533577724885849
0.06273882202105902
0.06014186679325957
0.057544911565460106
0.05494795633766064
0.052351001109861225
0.04975404588206176
0.0471570906542623
0.044560135426462845
0.041963180198663394
0.03936622497086393
0.03676926974306447
0.03417231451526502
0.03157535928746556
0.0289784040596661
0.026381448831866647
0.02378449360406722
0.02118753837626776
0.018590583148468304
0.015993627920668847
0.013396672692869389
0.01079971746506993
0.008202762237270473
0.005605807009471015
0.003008851781671558
-10.131930000000011
-10.131930000000011
-10.131930000000011
-10.131930000000011
-10.131930000000011
-10.131929999999898
-10.131930000000011
-10.131930000000011
-10.131930000000011
-10.131930000000011
-10.131930000000011
-10.131930000000011
-10.131930000000011
-10.131930000000011
-10.131929999999898
-10.131930000000011
-10.131930000000011
-10.131930000000011
-10.131930000000011
-10.131930000000011
-10.131930000000011
-10.131930000000011
-10.131930000000011
-10.131930000000011
-10.131930000000011
-10.131930000000011
-10.131930000000011
-10.131930000000011
-10.131930000000011
-10.131929999999898
-10.131930000000011
-10.131930000000011
-10.131930000000011
-10.131930000000011
-10.131929999999898
-10.131930000000011
-10.131930000000011
-10.131930000000011
-10.131930000000011
-10.131930000000011
-10.131930000000011
-10.131930000000011
-10.131930000000011
-10.131930000000011
-10.131930000000011
-10.131930000000011
-10.131930000000011
-10.131930000000011
-10.131930000000011
-10.131929999999954
-10.131929999999954
-10.131930000000011
-10.131930000000011
-10.131930000000011
-10.131930000000011
-10.131930000000011
-10.131930000000011
-10.131930000000011
-10.131929999999898
-10.131930000000011
-10.131930000000011
-10.131930000000011
-10.131930000000011
-10.131930000000011
-10.131930000000011
-10.131930000000011
-10.131930000000011
-10.131930000000011
-10.131930000000011
-10.131929999999898
-10.131930000000011
-10.131930000000011
-10.131930000000011
-10.131930000000011
-10.131930000000011
-10.131930000000011
-10.131930000000011
-10.131930000000011
-10.131930000000011
-10.131929999999898
-10.131930000000011
-10.131930000000011
-10.131930000000011
-10.131930000000011
-10.131930000000011
-10.131930000000011
-10.131930000000011
-10.131930000000011
-10.131930000000011
-10.131930000000011
-10.131929999999898
-10.131930000000011
-10.131930000000011
-10.131930000000011
-10.131930000000011
-10.131930000000011
-10.131930000000011
-10.131930000000011
-10.131930000000011
-10.131929999999869
285.91183766210656
285.36226343635377
284.84878849048516
284.34751082963294
283.8083091286532
283.25471572376733
282.6913732842233
282.119957441299
281.54142261703305
280.95594156787774
280.36431186393713
279.7661244701096
279.1613999176749
278.5507394684034
277.93432804388846
277.31204299250845
276.68375972140336
276.04934736750147
275.4086712271727
274.7615928616439
274.10796726188164
273.4476441571663
272.7804697691742
272.10628179121454
271.42491292664806
270.7361903791312
270.0399334541625
269.3359532449788
268.6240572449858
267.9040421924831
267.1756969422482
266.43880227734036
265.6931314564693
264.93844586333694
264.17449724551807
263.4010266031794
262.61776494921094
261.8244299635941
261.0207260846858
260.20634438155304
259.38096158064354
258.5442392338133
257.69582313776334
256.8353417002981
255.96240493706955
255.07660396028072
254.17750862324888
253.26466473659337
252.33759327092363
251.39578901513656
250.43871762724737
249.46581236458374
248.47647626520086
247.47007400249979
246.44593696071897
245.4033526075443
244.34156261139992
243.25975966265855
242.15708053160824
241.0326012438937
239.88533330771136
238.71421488569274
237.51811058487507
236.2957986740987
235.0459592971929
233.76716490796758
232.45786861531508
231.11639911254258
229.74092658570743
228.32946204349074
226.8798259489746
225.38963346565643
223.8562530459856
222.2767822631639
220.64800125030783
218.96634091647465
217.22778353594182
215.42782904385757
213.56139768978667
211.6227281853361
209.60525799030938
207.50143753608853
205.3025306405953
202.99836106834715
200.59144614522552
198.06601985399305
196.02286895418558
194.83704089646218
194.22777637206298
194.1401022632313
194.6072338674474
195.6791405373311
197.76877782063679
201.32460496246287
206.41827659812733
212.936370643019
220.44880046821834
228.70283512412314
238.0377338837099
253.47163060292337
274.3097002984904
1014.8
1004.66807
994.5361399999999
984.4042099999999
974.2722799999999
964.1403499999999
954.00842
943.87649
933.74456
923.61263
913.4807
903.34877
893.2168399999999
883.0849099999999
872.9529799999999
862.82105
852.68912
842.55719
832.42526
822.29333
812.1614
802.02947
791.8975399999999
781.7656099999999
771.6336799999999
761.5017499999999
751.3698199999999
741.2378899999999
731.1059599999999
720.9740299999999
710.8421
700.71017
690.5782399999999
680.4463099999999
670.3143799999999
660.18245
650.05052
639.91859
629.78666
619.65473
609.5228
599.39087
589.2589399999999
579.1270099999999
568.9950799999999
558.8631499999999
548.7312199999999
538.5992899999999
528.4673599999999
518.3354299999999
508.2034999999999
498.07156999999995
487.93963999999994
477.80770999999993
467.6757799999999
457.5438499999999
447.4119199999999
437.2799899999999
427.1480599999999
417.01613
406.88419999999996
396.75226999999995
386.62033999999994
376.48840999999993
366.3564799999999
356.2245499999999
346.0926199999999
335.9606899999999
325.8287599999999
315.69682999999986
305.56489999999997
295.43296999999995
285.30103999999994
275.16910999999993
265.0371799999999
254.9052499999999
244.7733199999999
234.6413899999999
224.50945999999988
214.37752999999987
204.24559999999997
194.11366999999996
183.98173999999995
173.84980999999993
163.71787999999992
153.5859499999999
143.4540199999999
133.3220899999999
123.19015999999988
113.05822999999987
102.92629999999986
92.79436999999996
82.66243999999995
72.53050999999994
62.398579999999924
52.26664999999991
42.1347199999999
32.00278999999989
21.87085999999988
11.738929999999868
1.607
0.0
84.54988088504878
169.8239080375568
255.81975486400273
342.5468037608804
430.0173762252409
518.2444193127741
607.2421241561955
697.0249218305669
787.6080594782859
879.0074726846207
971.2391859903281
1064.3202414654056
1158.2680028917916
1253.1005297402455
1348.8366914910173
1445.4956562764169
1543.097556876704
1641.6631169272803
1741.2136347009416
1841.7714192797541
1943.3595892359638
2046.0018027732076
2149.723030151617
2254.549009315692
2360.506324318288
2467.622774313472
2575.9274218801957
2685.449883417574
2796.221429956459
2908.274545377215
3021.6429553630296
3136.3615431893445
3252.467019055864
3369.9975756433864
3488.993059080109
3609.494851998329
3731.5463882470704
3855.1931388483476
3980.482631638001
4107.464601008689
4236.191115905647
4366.716669144104
4499.09842875414
4633.3963923277615
4769.673465679891
4907.995825223251
5048.433346247177
5191.059725580983
5335.952688009765
5483.194439992716
5632.872172710199
5785.0777264614135
5939.908843800042
6097.4683886894
6257.865981485504
6421.218288584638
6587.649511467924
6757.292454706432
6930.289268200975
7106.792027613643
7286.964092539585
7470.980138819226
7659.028125092514
7851.311106154946
8048.048704497302
8249.478903366917
8455.858826870379
8667.469984845016
8884.618375955279
9107.639313573145
9336.899695622094
9572.804375571455
9815.799880620945
10066.381574906494
10325.098549342369
10592.568915578187
10869.484991283458
11156.628276525134
11454.885123363685
11765.265153367793
12088.92983863254
12427.223207169962
12781.71083366968
13154.241830697994
13547.01328570514
13965.339364971669
14414.684846594315
14901.715363649504
15434.895463053592
16025.605265072245
16689.18601459651
17450.123227239474
18344.26991272187
19426.8331559921
20786.726621209113
22581.24187548522
25145.830670580977
29433.586588248072
41157.45069882231
52881.31480939638
396.5385405178002
437.44910073838
436.8231931477177
435.8178351464133
434.63470695085294
433.3679126700324
432.0481442005201
430.6935688637695
429.31426658679527
427.9136610033056
426.49890554800606
425.07041595856145
423.634429363787
422.1919826493927
420.7438910121871
419.2938809095464
417.83987351698323
416.3850737779186
414.9330433029813
413.4814933102854
412.03284123111854
410.58718825097094
409.14438391288303
407.70579326468453
406.2717972553341
404.8412648145771
403.41669917729075
401.99839754512124
400.58602075681677
399.18094893592394
397.78420566593115
396.39536971872525
395.0127617082167
393.6371589753294
392.27070286836295
390.9125636993137
389.5626438024808
388.22241401575735
386.8914830755443
385.5712965717481
384.2616544268259
382.9624237716434
381.6744262334588
380.39807569759716
379.1330952617568
377.8790087213389
376.6361737053874
375.40402054524804
374.1828514115921
372.973662392557
371.77761051108706
370.5948368258253
369.4265708156395
368.2735089694794
367.1361178855807
366.0131595905312
364.90524506203474
363.8116761515058
362.7332833265017
361.67076571281575
360.62559933396716
359.5986025086497
358.5907512163922
357.6012700983142
356.629496660314
355.6758868630037
354.7405440991529
353.8253358299911
352.9351408132861
352.06909404423027
351.22655351422657
350.4061458270538
349.6082176401596
348.8331737574991
348.08328175364886
347.3590168776102
346.65831833621473
345.98430170142285
345.3370809317903
344.7178531953307
344.1263581172449
343.56090451537665
343.02214308484156
342.5119428829332
342.0320356254683
341.57766166796966
341.18455910045145
340.9625495768585
340.88047976409143
340.92168858427226
341.0727171440701
341.3263333975065
341.70836394220214
342.22459445546883
342.85693746548077
343.5624929086191
344.276928516358
344.9723994082517
345.7154655405494
346.89572194793016
349.38687374438314
378.9091456763397
377.0115473808784
376.2690440815608
375.1250921860615
373.7856304804773
372.3477287344508
370.8442346675654
369.2949473903077
367.7112243723474
366.0975095959106
364.461790425416
362.8051698871805
361.1344631423044
359.4512014036962
357.7566277404339
356.0548289440848
354.3440337881989
352.6277298605387
350.9097427772044
349.1880201055307
347.4651922891383
345.7415548207303
344.0171328750367
342.2934620515041
340.5710749049129
338.8489657306049
337.1297532525188
335.4138413341252
333.7009895600582
331.9926673246534
330.2899831236386
328.5925975901856
326.8989406546936
325.2098557333413
323.5275460625372
321.8512386219812
320.1808881963077
318.5180170918741
316.8622824914835
315.2151756548459
313.5765418626805
311.946327528931
310.3253877907243
308.7141683306413
307.1124300422631
305.5197351096641
303.9364638674486
302.3620706693711
300.7968814318646
299.2419155340607
297.6983518029883
296.166352117149
294.6471637923038
293.141504836293
291.6498466795023
290.170993758266
288.7055481399391
287.2528501129014
285.8137460195433
284.3889505858005
282.9799551969843
281.5875933643635
280.2128536501189
278.8549738356817
277.5133100629646
276.1883332338227
274.8801619643319
273.5906742799447
272.324764571311
271.0815849488827
269.8605206551729
268.6602199263097
267.4810449691952
266.323418526131
265.1896284798312
264.0801715970988
262.9930487922031
261.9313932164549
260.8953386035578
259.886106029
258.9034896819623
257.9458693992751
257.013912085065
256.1095114589123
255.2344209795501
254.3839175843293
253.5937980824289
252.9739551022182
252.4933398638761
252.135471120694
251.8872002778499
251.7419096226926
251.7263292999797
251.8491318992026
252.0975939048995
252.4398401238964
252.8332210508677
253.2891185340411
253.9356726178724
255.2291762841385
258.0082411700602
17.62939484146051
60.43755335750158
60.55414906615687
60.69274296035178
60.8490764703756
61.02018393558157
61.20390953295472
61.39862147346181
61.60304221444787
61.81615140739503
62.03711512259008
62.26524607138094
62.49996622148258
62.74078124569649
62.98726327175317
63.23905196546156
63.49583972878436
63.75734391737988
64.02330052577685
64.29347320475463
64.56764894198021
64.84563343024061
65.12725103784636
65.41233121318044
65.70072235042119
65.99229908397216
66.28694592477191
66.58455621099603
66.88503119675856
67.18828161127057
67.49422254229259
67.80277212853964
68.11382105352311
68.42730324198807
68.74315680582573
69.06132507733246
69.38175560617313
69.70439692388322
70.02920058406079
70.35612091690223
70.6851125641454
71.01609624271236
71.34903844273451
71.68390736695584
72.02066521949372
72.35927361167481
72.69970983793884
73.04194987587692
73.38596997972749
73.73174685849628
74.07925870809873
74.4284847086763
74.77940702333571
75.13200413318643
75.48627120607841
75.84216583226522
76.19969692209567
76.55882603860441
76.91953730695836
77.28181512701524
77.64564413698287
78.01100914428623
78.3778975662733
78.74629626263254
79.11618659734937
79.48755362918104
79.86038213482101
80.2346615500464
80.61037624197515
80.98750909534756
81.36603285905367
81.74592590074408
82.12717267096441
82.50975523136809
82.89365327381768
83.27884528051138
83.66526954401164
84.05290848496794
84.44174232823254
84.83174716633069
85.22286843528258
85.61503511610152
86.00823099977659
86.40243142402088
86.7976146459182
87.19374408364034
87.59076101802253
87.9885944746403
88.38713990021532
88.78621746357828
89.18551686622024
89.58442377481393
89.98203464222243
90.37546255626623
90.75934356058124
91.1226527847227
91.44370746549029
91.68328087421057
91.77979292267702
91.66654566379162
91.3786325743229
535.6048588136255
568.2203191067213
566.1727459264837
564.1026729960436
561.9903535971328
559.8712949953624
557.7540521953249
555.6381806890549
553.5264924602866
551.4126779899158
549.2989086731928
547.1834592860681
545.0650964900624
542.9437015728097
540.8161717795488
538.6838529111067
536.5449010615089
534.398748277943
532.2489082644811
530.0919214373089
527.9273008302982
525.7553053003448
523.5761051857619
521.3880611691659
519.19353056594
516.9916879670307
514.7840092614042
512.5719806442231
510.3584698419263
508.1420535025841
505.9258245304703
503.71104241548
501.4968854551107
499.28266595767104
497.07254445582856
494.8669858037626
492.66711704588363
490.47372971139663
488.28757477348324
486.1118527651996
483.9477649776974
481.7963309959884
479.6594017771813
477.53739189176406
475.4299991632769
473.3362856362379
471.25512447296484
469.1841768626503
467.1235049589216
465.0741660162915
463.03711774111605
461.0130934941879
459.00578857001085
457.0151806598367
455.0437741123835
453.0866986578946
451.1430363396432
449.21082420025107
447.2890194632246
445.3781786883188
443.48100337082064
441.59913316239675
439.7361147935331
437.8895190024892
436.05707046876506
434.2395587973435
432.43882980852254
430.65932124959613
428.9030714548458
427.1745196335524
425.4736106047799
423.80218297292646
422.1598401822606
420.5505864960702
418.97826649801726
417.44677780901037
415.950235406105
414.50383627100035
413.1150497213274
411.79433381473825
410.55097692360437
409.38859079291046
408.3192990383381
407.35875283302977
406.5200592509268
405.8283050104292
405.38769749292237
405.141935529492
405.0484598254848
405.0917356118514
405.2596631912536
405.54617063254267
405.97627171424017
406.5515359229347
407.2464137705944
408.0093526834541
408.7702272517905
409.49965343092214
410.26681041509454
411.462262000897
413.9595836307795
283.7563617455304
270.9836145889144
267.8153960657986
264.6222925352299
261.3848626293453
258.1388654863137
254.8931427221131
251.6475265317593
248.4050548720234
245.1596257542725
241.913580164683
238.6653659911519
235.4138937433718
232.1591411274752
228.8980493272251
225.6320588158677
222.359346192122
219.0792099405766
215.7949816180845
212.5029819900751
209.2024683530448
205.8934049387493
202.5756605304412
199.247213739773
195.910082763668
192.5632395811885
189.2079868166339
185.8456773259822
182.479093303507
179.1069175784875
175.7323085787196
172.3565719883017
168.9780983009368
165.5963080465705
162.2155057867442
158.8363640052758
155.4602757820752
152.0882647531651
148.7213389165848
145.3629826152483
142.0146716826448
138.6770597129767
135.3524329245236
132.041690093479
128.7446007843871
125.4600942049027
122.1876666672981
118.9256250888241
115.6746371896404
112.4363791456928
109.2125075573928
106.004510039083
102.8167890916931
99.65003498698518
96.50742133199532
93.38370808768688
90.27884972982935
87.19172234463888
84.12218661736127
81.07179574019632
78.04431340313849
75.04245436069449
72.07079963386047
69.12727876121384
66.20990704535978
63.32001044552209
60.45975810564306
57.63388067711743
54.84441578731041
52.09572894849698
49.3872162467455
46.72044564370935
44.0956167931702
41.51762922678979
38.9915344389216
36.52349664277476
34.10607430996301
31.75619646656065
29.48285458817041
27.29859855240204
25.21186056447173
23.22341277714324
21.34611083869451
19.59713305009865
17.9905901326412
16.55152632104611
15.38289745310588
14.42814663208413
13.64781514085702
13.0242009455492
12.54288585621737
12.19334421075506
12.00557841764079
11.95583012653009
11.99710179455691
12.03559883469514
11.91522182906929
11.43555008632123
10.33630402345414
8.355216649698736
0.0
251.8484970680951
297.2367045178069
298.357349860685
299.4803804608137
300.6054909677874
301.7324295090487
302.8609094732118
303.9906541572957
305.1214375882631
306.2530522356433
307.3853285085099
308.5180932949162
309.6512027466906
310.7845604453345
311.9181224523237
313.0517940952389
314.1855548693869
315.3195383373664
316.4539266463966
317.5889394472337
318.7248324772534
319.8619003615956
321.0004446553206
322.1408474293929
323.283447802272
324.4284483858421
325.5760224447703
326.7263033182409
327.8793765384193
329.0351359240966
330.1935159517507
331.3544704271783
332.5187871541739
333.6863579111005
334.8570386690844
336.0306217984868
337.2068412638084
338.3854649582315
339.5662358568984
340.7488701499513
341.9330932950526
343.1192712830117
344.3069688526577
345.4957017982851
346.6853983788898
347.8761914313352
349.0674578056667
350.2585517738262
351.4488677692812
352.6377868705987
353.8246101837232
355.0085834551049
356.1889994783178
357.3651456728515
358.5363527803882
359.7029905702077
360.8641866098138
362.0191018556122
363.1668328458633
364.3063829481225
365.4366899676821
366.5566788017023
367.6653151596726
368.7622402412753
369.8471634234053
370.9195483518214
371.9790717028795
373.0254405724787
374.0586556675354
375.0787906850554
376.0863943580344
377.0817373292171
378.0642233890904
379.0329572692804
379.9867320590957
380.9232811662356
381.844161096142
382.7476398044397
383.632195133157
384.4957352623362
385.3391163591326
386.1651780157672
386.9731881996436
387.7616197829311
388.5294691182856
389.2767786893831
390.0048000398165
390.7137888974079
391.4006446846278
392.0675346663022
392.7167773350362
393.3528264217876
393.9706932965994
394.5957057964046
395.2493119760375
395.973753848759
396.8550054227212
398.0641033446009
399.9305063916404
403.1070453511983
413.9595836307795
139.0663182958252
130.7712183683413
129.3495527787658
128.2848378496303
127.35564664627981
126.50338232533
125.70590799480479
124.9446118252855
124.21222587349119
123.49901698661012
122.80000312518669
122.11304332750662
121.4306671262755
120.75171892341702
120.07228076736172
119.38997200156018
118.70502754452548
118.0136745000244
117.31586496149978
116.6104281270234
115.8944595991797
115.16811704937402
114.43172127287869
113.68226790448134
112.92173331060593
112.15042315245339
111.36731008411348
110.5735830991018
109.77244908510949
108.9611045666602
108.141618864539
107.31567269675469
106.48412374689411
105.64550698234152
104.8018415874657
103.95442210444901
103.10447324340282
102.2513156956393
101.396091697939
100.54055619345138
99.68611055087152
98.83390722434507
97.98497554372253
97.13931619416701
96.29690390152012
95.45727691489893
94.61895076757739
93.78015631740243
92.94065354732959
92.10050362373457
91.2595072300291
90.41825666836257
89.5792177543714
88.74167169035721
87.90765622680269
87.07353906736338
86.23779127760847
85.3991480487453
84.55573613672291
83.70741297550302
82.8554040368534
82.00053065374712
81.1453635771409
80.28824890417494
79.42757380845109
78.56367193433971
77.69828570936974
76.83398541960497
75.96793064155972
75.10542558932218
74.24705709055331
73.39603714587258
72.551622542101
71.71741273857111
70.8949847443684
70.0877609314002
69.29191706989027
68.51953456957753
67.77796878953711
67.0764806194077
66.42461880635938
65.82768627753381
65.29715595349651
64.84680995009663
64.48802362545848
64.25064334245948
64.20313839247089
64.17938595263348
64.16798006139337
64.17004702757913
64.18694604718351
64.2198372350361
64.26790777203797
64.32694146746582
64.3894763051137
64.44685977483499
64.49329873543249
64.52725402267049
64.55134487454518
64.56654005296679
64.57270988639647
95.15278393080939
106.027932791964
108.4536480157623
110.5027996508316
112.400767851132
114.2088632481371
115.9510919454523
117.6474208585484
119.306169500324
120.9378838416381
122.5482102607331
124.1398038960286
125.7205693989325
127.292060276221
128.8585784132088
130.4227701282171
131.984687596077
133.5485199199621
135.11476115912
136.6850381154556
138.2627239360935
139.848149881981
141.4414723445955
143.0462483117311
144.6609921412449
146.2857261494165
147.9217664358849
149.568164008143
151.2218962565512
152.8857497461659
154.557674544919
156.2360256018839
157.9208423537567
159.6135476867709
161.312040275793
163.0148746167053
164.7206124142325
166.429752338709
168.1409435748986
169.8521930395977
171.5618701800357
173.2692678159542
174.9729548662007
176.6724782371623
178.367829257876
180.0596409047615
181.7487972001504
183.4364455805469
185.1222442422242
186.8055363883678
188.4858442455954
190.161842078066
191.8303747006108
193.4914698493079
195.142425347507
196.7872856705791
198.4266984101097
200.0611277682625
201.6915594021821
203.3171548456042
204.9356417938458
206.545139003669
208.1420540162584
209.7276950744678
211.3034030176048
212.8683227883006
214.4204038586888
215.9567936028273
217.4803487840006
218.9858560003857
220.4733044084274
221.9397742826004
223.385428176025
224.8057892993412
226.1980940409096
227.556674954324
228.8869744822401
230.1751967498943
231.4124840153874
232.5875074765979
233.6916291174906
234.7224566221318
235.6678012463705
236.5123784088136
237.2438308469089
237.8323912632832
238.2109006293231
238.5458084701341
238.8455247230191
239.1112701751448
239.3443144216325
239.5485654119375
239.7207508823389
239.8933017726725
240.1004921103426
240.4042412892012
240.9179992217984
241.8535684477199
243.5993685944182
246.8739596344398
258.0082411700602
234.2191022266346
236.7991511603053
237.8032007945281
238.7876375004619
239.7564144974118
240.7122455734671
241.6569999402571
242.5920326838339
243.5183953738152
244.4369008282482
245.3482133859198
246.2528472235352
247.151236525208
248.043779199638
248.9308591805705
249.8127421297773
250.6897151406025
251.5621944199865
252.4306261206198
253.295466242479
254.1571835352732
255.016266931355
255.8731936174742
256.7285162162124
257.5827254518508
258.4361493018699
259.2890765199984
260.1417471072448
260.9943453416607
261.8468543128261
262.699293409458
263.5516982986386
264.4049661006508
265.2590546691124
266.1138818632587
266.9692967211543
267.8250856576353
268.6810680343483
269.5370352728376
270.3927492330491
271.2479807309072
272.1031750402993
272.9579304099232
273.8117944313293
274.6647331593961
275.5169178196604
276.3677479677278
277.2166018979493
278.0628977895538
278.9060400121024
279.7453514756245
280.5800987464286
281.4095924549822
282.2331415396651
283.0500815743097
283.8608247379425
284.6644896877182
285.4602758170078
286.247295538905
287.0245678211072
287.7910458306992
288.5456696574161
289.2874175933993
290.0159439786427
290.7309768260559
291.4319947226403
292.1186895680585
292.7907790224323
293.4482794255603
294.0912815897079
294.7203614989807
295.335811428473
295.937050718126
296.5232020379123
297.093078785278
297.6444358857242
298.1788915521304
298.6947313194718
299.1904528049245
299.6639880960056
300.11624792385
300.5501428996656
300.964957199867
301.3591883589102
301.7318544723674
302.0830346057427
302.414039021794
302.7251944227676
303.0135047844125
303.2813172027239
303.531260468816
303.7684026469736
303.9886586543769
304.2202432401383
304.4899684154563
304.8511010640362
305.4112979572309
306.3808224703904
308.1507134689634
311.4404996874066
322.5809510564567
-9.030912722496474
-2.0277239461413625
-0.8864069426591413
-0.7727989367744702
-0.7087738542303501
-0.6631742357803984
-0.6330661712582788
-0.6097683020019713
-0.5930495922291362
-0.5812385562159508
-0.5712093055879329
-0.567398172164783
-0.5652819804349409
-0.5649602414401197
-0.5673532721062103
-0.5695505613599959
-0.5748881240265328
-0.5802652604609451
-0.5873271949290331
-0.5953853621250104
-0.6040224845035824
-0.6123922523393197
-0.623262475972242
-0.6331890387789744
-0.6414573473683404
-0.651282421000627
-0.6601176137844387
-0.6662832696897483
-0.6754829509833847
-0.6815593126399427
-0.6869370238245158
-0.6916001891623131
-0.6974828754892778
-0.7023871569137701
-0.7048093506932145
-0.7069145489375521
-0.7095853262741076
-0.7113054483159922
-0.712267954404436
-0.7106580466585546
-0.7087915693722823
-0.7060685519162022
-0.7033452720105796
-0.7006430534005827
-0.6990252154935451
-0.6972431833431516
-0.6976343432550836
-0.6982256891663459
-0.6987665255691468
-0.7001632934938716
-0.6996884091276364
-0.6978510101080823
-0.6966124081711105
-0.6936780360689297
-0.694432993495826
-0.6951290575654717
-0.6975445812300699
-0.7015199962001339
-0.7056147506857052
-0.7093198569534993
-0.7110825646912752
-0.7113357974889875
-0.7129659733106827
-0.7159388499959007
-0.7192102969295149
-0.7198796762815086
-0.7189856839238811
-0.7204560473235901
-0.7175111241636581
-0.7145941721507071
-0.7079696775003217
-0.7024810663648161
-0.6939968644034604
-0.6842007685105367
-0.671557420061206
-0.6625353539769244
-0.642579702227005
-0.6169415731826533
-0.583596092212769
-0.5423016198015969
-0.49694749162240803
-0.4413308410805669
-0.374599466217865
-0.2983999180104369
-0.1973562206902143
-0.03958977880613551
-0.01955976505802698
-0.00929805195541189
0.0019027972502528856
0.014236829404173507
0.027345158706094996
0.04016377934575499
0.04929721561544881
0.05223752040218821
0.048011730706272904
0.03857675246219522
0.02892415716799923
0.021257684429603962
0.014887273199883033
0.012717235414458017
0.0
-9.052467661916292
-2.019163958195299
-1.705712643353986
-1.579867639139676
-1.505057569327902
-1.450230166360647
-1.41202321235587
-1.380741416106688
-1.358238079939446
-1.340434785776265
-1.324841627307631
-1.315828296127961
-1.308108103095854
-1.303968796927528
-1.302032284608845
-1.300139202589504
-1.301733127644404
-1.303738307333028
-1.307097635992395
-1.313264770379627
-1.319707646189099
-1.326280702174303
-1.335814592755228
-1.344111835670096
-1.352427654643394
-1.361838994199824
-1.370460392938587
-1.376565773150673
-1.384990688514082
-1.391709241602143
-1.397058455244461
-1.402440495969857
-1.40900694637818
-1.413824254953223
-1.417438326731391
-1.419855162348902
-1.422687090866255
-1.424394601557371
-1.424443070935109
-1.423134269123922
-1.42123681087189
-1.418148121491025
-1.414682277247309
-1.411209215298727
-1.408263042558332
-1.406052729498703
-1.404797541925577
-1.403257837126753
-1.401171415037083
-1.398687294658506
-1.39509963252776
-1.388885596075897
-1.382694647119571
-1.374254407872435
-1.369180787599699
-1.36464622219054
-1.360498058395684
-1.357170355041459
-1.353144712850869
-1.347227605547956
-1.339744552454966
-1.32927113870876
-1.319886705562182
-1.311618386284596
-1.302638317744695
-1.291951390987183
-1.278889940034986
-1.268206457198947
-1.253183341681739
-1.238151199995319
-1.220688680459685
-1.203361470048041
-1.182307782745839
-1.158953666703415
-1.130881971529653
-1.107340562494525
-1.072315475234973
-1.029917208709189
-0.9780888538083073
-0.9190702193240099
-0.8580602224316028
-0.7869043219126994
-0.7030255446267101
-0.6088605890939923
-0.4899173523356167
-0.3150709787566447
-0.2787770942146017
-0.2494836366501311
-0.2212063616215816
-0.1939858968423959
-0.1700184069438558
-0.1433270866045559
-0.1436312619461743
-0.1724651180011823
-0.2528406419127764
-0.4276518078296106
-0.7787672859716299
-1.45320303877451
-2.725767699758086
-9.268169551214374
0.0
0.0215549394198176
-0.0085599879460636
0.8193057006948447
0.8070687023652058
0.7962837150975519
0.7870559305802486
0.7789570410975912
0.7709731141047167
0.7651884877103098
0.7591962295603143
0.7536323217196982
0.748430123963178
0.742826122660913
0.7390085554874083
0.7346790125026347
0.7305886412295081
0.7268450036178712
0.7234730468720829
0.7197704410633619
0.7178794082546166
0.7156851616855167
0.7138884498349833
0.712552116782986
0.7109227968911217
0.7109703072750536
0.7105565731991969
0.7103427791541483
0.7102825034609248
0.7095077375306972
0.7101499289622003
0.7101214314199451
0.710840306807544
0.7115240708889022
0.7114370980394529
0.7126289760381765
0.7129406134113498
0.7131017645921474
0.7130891532413788
0.712175116530673
0.7124762224653673
0.7124452414996078
0.7120795695748228
0.7113370052367295
0.7105661618981443
0.7092378270647869
0.7088095461555515
0.7071631986704934
0.7050321479604071
0.7024048894679363
0.6985240011646344
0.6954112234001236
0.6910345859678148
0.6860822389484604
0.6805763718035053
0.6747477941038731
0.6695171646250683
0.6629534771656141
0.6556503588413252
0.6475299621651637
0.6379077485944566
0.6286619877636909
0.6179353412197724
0.6069207322514992
0.5956795362886953
0.5834280208151801
0.5720717147056743
0.559904256111105
0.547750409875357
0.5356722175180809
0.5235570278446119
0.5127190029593633
0.500880403683225
0.4883109183423786
0.4747528981928783
0.4593245514684469
0.4448052085176005
0.429735773007968
0.4129756355265357
0.3944927615955383
0.376768599522413
0.3611127308091948
0.3455734808321325
0.3284260784088451
0.3104606710835554
0.2925611316454024
0.2754811999505092
0.2592173291565747
0.2401855846947192
0.2231091588718345
0.2082227262465694
0.1973635656499508
0.1834908659503109
0.1929284775616231
0.2247026384033705
0.3008523726190493
0.4662285602918058
0.8076914431396292
1.474460723204114
2.740654972957969
9.280886786628832
0.0
1.0
1.0
1.0
1.0
1.0
1.0
1.0
1.0
1.0
1.0
1.0
1.0
1.0
1.0
1.0
1.0
1.0
1.0
1.0
1.0
1.0
1.0
1.0
1.0
1.0
1.0
1.0
1.0
1.0
1.0
1.0
1.0
1.0
1.0
1.0
1.0
1.0
1.0
1.0
1.0
1.0
1.0
1.0
1.0
1.0
1.0
1.0
1.0
1.0
1.0
1.0
1.0
1.0
1.0
1.0
1.0
1.0
1.0
1.0
1.0
1.0
1.0
1.0
1.0
1.0
1.0
1.0
1.0
1.0
1.0
1.0
1.0
1.0
1.0
1.0
1.0
1.0
1.0
1.0
1.0
1.0
1.0
1.0
1.0
1.0
1.0
0.0
0.0
0.0
0.0
0.0
0.0
0.0
0.0
0.0
0.0
0.0
0.0
0.0
0.0
0.0
1.0
1.0
1.0
1.0
1.0
1.0
1.0
1.0
1.0
1.0
1.0
1.0
1.0
1.0
1.0
1.0
0.93
0.93
0.93
0.93
0.93
0.93
0.93
0.93
0.93
0.93
0.93
0.93
0.93
0.93
0.93
0.93
0.93
0.93
0.93
0.93
0.93
0.93
0.93
0.93
0.93
0.93
0.93
0.93
0.93
1.0
1.0
1.0
1.0
1.0
1.0
1.0
1.0
1.0
1.0
1.0
1.0
1.0
1.0
1.0
1.0
1.0
1.0
1.0
1.0
1.0
1.0
1.0
1.0
1.0
1.0
1.0
1.0
1.0
0.007564980622389696
0.007339543107102121
0.007118629634009693
0.006902194347587886
0.006690191392312179
0.00648257491265805
0.006279299053100981
0.006080317958116445
0.005885585772179917
0.00569505663976688
0.00550868470535281
0.005326424113413185
0.005148229008423482
0.0049740535348591795
0.004803851837195759
0.004637578059908692
0.00447518634747346
0.004316630844365539
0.004161865695060408
0.004010845044033546
0.003863523035760428
0.0037198538147165355
0.003579791525377342
0.003443290312218328
0.00331030431971497
0.0031807876923427465
0.0030546945745771365
0.0029319791108936154
0.0028125954457676626
0.002696497723674756
0.002583640089090374
0.002473976686489992
0.0023674616603490896
0.002264049155143144
0.0021636933153476347
0.0020663482854380378
0.0019719682098898305
0.0018805072331784913
0.0017919194997794983
0.0017061591541683292
0.0016231803408204622
0.0015429372042113747
0.0014653838888165447
0.0013904745391114498
0.0013181632995715679
0.0012484043146723772
0.0011811517288893548
0.0011163596866979792
0.0010539823325737276
0.0009939738109920793
0.0009362882664285102
0.0008808798433584988
0.000827702686257523
0.0007767109396010607
0.0007278587478645894
0.0006811002555235872
0.000636389607053532
0.0005936809469299014
0.0005529284196281735
0.000514086169623826
0.00047710834139233656
0.0004419490794091828
0.00040856252814984304
0.0003769028320897947
0.00034692413570451585
0.00031858058346948416
0.0002918263198601776
0.00026661548935207394
0.00024290223642065088
0.00022064070554138647
0.00019978504118975835
0.00018028938784124426
0.0001621078899713221
0.0001451946920554697
0.000129503938569165
0.00011498977398788558
0.00010160634278710944
8.93077894423143e-05
7.804825842897803e-05
6.778189422257853e-05
5.8462841298593484e-05
5.00452441325007e-05
4.2483247199778035e-05
3.5730994975903336e-05
2.974263193635439e-05
2.4472302556609028e-05
1.987415131214507e-05
1.5902322678440318e-05
1.2510961130972604e-05
9.654211145219745e-06
7.286217196659564e-06
5.3611237607698666e-06
3.8330753130284615e-06
2.656216328913177e-06
1.7846912839018327e-06
1.172644653472245e-06
7.742209131022326e-07
5.43564538269612e-07
4.348200044522009e-07
4.02131787127817e-07
0.0004
0.0004
0.0004
0.0004
0.0004
0.0004
0.0004
0.0004
0.0004
0.0004
0.0004
0.0004
0.0004
0.0004
0.0004
0.0004
0.0004
0.0004
0.0004
0.0004
0.0004
0.0004
0.0004
0.0004
0.0004
0.0004
0.0004
0.0004
0.0004
0.0004
0.0004
0.0004
0.0004
0.0004
0.0004
0.0004
0.0004
0.0004
0.0004
0.0004
0.0004
0.0004
0.0004
0.0004
0.0004
0.0004
0.0004
0.0004
0.0004
0.0004
0.0004
0.0004
0.0004
0.0004
0.0004
0.0004
0.0004
0.0004
0.0004
0.0004
0.0004
0.0004
0.0004
0.0004
0.0004
0.0004
0.0004
0.0004
0.0004
0.0004
0.0004
0.0004
0.0004
0.0004
0.0004
0.0004
0.0004
0.0004
0.0004
0.0004
0.0004
0.0004
0.0004
0.0004
0.0004
0.0004
0.0004
0.0004
0.0004
0.0004
0.0004
0.0004
0.0004
0.0004
0.0004
0.0004
0.0004
0.0004
0.0004
0.0004
1.7322297340509496e-42
4.1938663513526324e-42
1.0152825661371859e-41
2.4576597869801284e-41
5.948648592062906e-41
1.4397125187342174e-40
3.4841218692634965e-40
8.430826108841685e-40
2.0398831182834675e-39
4.9351219064693545e-39
1.1938423932019386e-38
2.887697177734698e-38
6.984106246875111e-38
1.688976187622717e-37
4.0840273563713104e-37
9.874271728639634e-37
2.387105821885825e-36
5.770151871410587e-36
1.3946028737420175e-35
3.3702361083884804e-35
8.143577445120726e-35
1.967496139552248e-34
4.7528583507427e-34
1.1479862660725436e-33
2.772412248563225e-33
6.694476415899044e-33
1.6162608160306225e-32
3.9015803608703607e-32
9.416773918979203e-32
2.272449922433491e-31
5.482960595947378e-31
1.3227035045672308e-30
3.19032054735692e-30
7.693577647010611e-30
1.854992810413511e-29
4.471709151312355e-29
1.0777542401946255e-28
2.597036965467653e-28
6.2567084633927355e-28
1.5070239858603887e-27
3.6290903732284034e-27
8.737265557553344e-27
2.1030520259435822e-26
5.060782156632239e-26
1.2175159068588613e-25
2.9283099488837713e-25
7.041102177778124e-25
1.6925481280732736e-24
4.0673683316538e-24
9.771317444546665e-24
2.346684151140823e-23
5.63394357584912e-23
1.3521372454445198e-22
3.243942972306727e-22
7.779704780823348e-22
1.8650194879458336e-21
4.469164948443862e-21
1.0704934774946363e-20
2.5629941025518158e-20
6.133492098190255e-20
1.4670828136543546e-19
3.507335430409406e-19
8.380390014073332e-19
2.00125712945029e-18
4.7761695929624555e-18
1.1391478249474543e-17
2.71511338528591e-17
6.466749142641618e-17
1.5390588852861173e-16
3.659947534651081e-16
8.696050884211555e-16
2.064294967996154e-15
4.895489843840511e-15
1.1597503451017652e-14
2.7443695892724602e-14
6.486227669397645e-14
1.5309831091070322e-13
3.608518263358168e-13
8.492058731684937e-13
1.9950800865770103e-12
4.67842398008085e-12
1.0948344498346594e-11
2.556297899780953e-11
5.953561714611594e-11
1.382651581914704e-10
3.200825208310689e-10
7.383037364389986e-10
1.6959029826380168e-09
3.876803889089394e-09
8.812393331232568e-09
1.9897565737927054e-08
4.456431009204747e-08
9.881897424579279e-08
2.163830647018953e-07
4.6610603046432306e-07
9.819527479310701e-07
2.0038031137476247e-06
3.891304670470438e-06
6.920981621273131e-06
1.006795183648084e-05
3.06e-07
3.06e-07
3.06e-07
3.06e-07
3.06e-07
3.06e-07
3.06e-07
3.06e-07
3.06e-07
3.06e-07
3.06e-07
3.06e-07
3.06e-07
3.06e-07
3.06e-07
3.06e-07
3.06e-07
3.06e-07
3.06e-07
3.06e-07
3.06e-07
3.06e-07
3.06e-07
3.06e-07
3.06e-07
3.06e-07
3.06e-07
3.06e-07
3.06e-07
3.06e-07
3.06e-07
3.06e-07
3.06e-07
3.06e-07
3.06e-07
3.06e-07
3.06e-07
3.06e-07
3.06e-07
3.06e-07
3.06e-07
3.06e-07
3.06e-07
3.06e-07
3.06e-07
3.06e-07
3.06e-07
3.06e-07
3.06e-07
3.06e-07
3.06e-07
3.06e-07
3.06e-07
3.06e-07
3.06e-07
3.06e-07
3.06e-07
3.06e-07
3.06e-07
3.06e-07
3.06e-07
3.06e-07
3.06e-07
3.06e-07
3.06e-07
3.06e-07
3.06e-07
3.06e-07
3.06e-07
3.06e-07
3.06e-07
3.06e-07
3.06e-07
3.06e-07
3.06e-07
3.06e-07
3.06e-07
3.06e-07
3.06e-07
3.06e-07
3.06e-07
3.06e-07
3.06e-07
3.06e-07
3.06e-07
3.06e-07
3.06e-07
3.06e-07
3.06e-07
3.06e-07
3.06e-07
3.06e-07
3.06e-07
3.06e-07
3.06e-07
3.06e-07
3.06e-07
3.06e-07
3.06e-07
3.06e-07
0.0
0.0
0.0
0.0
0.0
0.0
0.0
0.0
0.0
0.0
0.0
0.0
0.0
0.0
0.0
0.0
0.0
0.0
0.0
0.0
0.0
0.0
0.0
0.0
0.0
0.0
0.0
0.0
0.0
0.0
0.0
0.0
0.0
0.0
0.0
0.0
0.0
0.0
0.0
0.0
0.0
0.0
0.0
0.0
0.0
0.0
0.0
0.0
0.0
0.0
0.0
0.0
0.0
0.0
0.0
0.0
0.0
0.0
0.0
0.0
0.0
0.0
0.0
0.0
0.0
0.0
0.0
0.0
0.0
0.0
0.0
0.0
0.0
0.0
0.0
0.0
0.0
0.0
0.0
0.0
0.0
0.0
0.0
0.0
0.0
0.0
0.0
0.0
0.0
0.0
0.0
0.0
0.0
0.0
0.0
0.0
0.0
0.0
0.0
0.0
1.65e-06
1.65e-06
1.65e-06
1.65e-06
1.65e-06
1.65e-06
1.65e-06
1.65e-06
1.65e-06
1.65e-06
1.65e-06
1.65e-06
1.65e-06
1.65e-06
1.65e-06
1.65e-06
1.65e-06
1.65e-06
1.65e-06
1.65e-06
1.65e-06
1.65e-06
1.65e-06
1.65e-06
1.65e-06
1.65e-06
1.65e-06
1.65e-06
1.65e-06
1.65e-06
1.65e-06
1.65e-06
1.65e-06
1.65e-06
1.65e-06
1.65e-06
1.65e-06
1.65e-06
1.65e-06
1.65e-06
1.65e-06
1.65e-06
1.65e-06
1.65e-06
1.65e-06
1.65e-06
1.65e-06
1.65e-06
1.65e-06
1.65e-06
1.65e-06
1.65e-06
1.65e-06
1.65e-06
1.65e-06
1.65e-06
1.65e-06
1.65e-06
1.65e-06
1.65e-06
1.65e-06
1.65e-06
1.65e-06
1.65e-06
1.65e-06
1.65e-06
1.65e-06
1.65e-06
1.65e-06
1.65e-06
1.65e-06
1.65e-06
1.65e-06
1.65e-06
1.65e-06
1.65e-06
1.65e-06
1.65e-06
1.65e-06
1.65e-06
1.65e-06
1.65e-06
1.65e-06
1.65e-06
1.65e-06
1.65e-06
1.65e-06
1.65e-06
1.65e-06
1.65e-06
1.65e-06
1.65e-06
1.65e-06
1.65e-06
1.65e-06
1.65e-06
1.65e-06
1.65e-06
1.65e-06
1.65e-06
0.0
0.0
0.0
0.0
0.0
0.0
0.0
0.0
0.0
0.0
0.0
0.0
0.0
0.0
0.0
0.0
0.0
0.0
0.0
0.0
0.0
0.0
0.0
0.0
0.0
0.0
0.0
0.0
0.0
0.0
0.0
0.0
0.0
0.0
0.0
0.0
0.0
0.0
0.0
0.0
0.0
0.0
0.0
0.0
0.0
0.0
0.0
0.0
0.0
0.0
0.0
0.0
0.0
0.0
0.0
0.0
0.0
0.0
0.0
0.0
0.0
0.0
0.0
0.0
0.0
0.0
0.0
0.0
0.0
0.0
0.0
0.0
0.0
0.0
0.0
0.0
0.0
0.0
0.0
0.0
0.0
0.0
0.0
0.0
0.0
0.0
0.0
0.0
0.0
0.0
0.0
0.0
0.0
0.0
0.0
0.0
0.0
0.0
0.0
0.0
0.0
0.0
0.0
0.0
0.0
0.0
0.0
0.0
0.0
0.0
0.0
0.0
0.0
0.0
0.0
0.0
0.0
0.0
0.0
0.0
0.0
0.0
0.0
0.0
0.0
0.0
0.0
0.0
0.0
0.0
0.0
0.0
0.0
0.0
0.0
0.0
0.0
0.0
0.0
0.0
0.0
0.0
0.0
0.0
0.0
0.0
0.0
0.0
0.0
0.0
0.0
0.0
0.0
0.0
0.0
0.0
0.0
0.0
0.0
0.0
0.0
0.0
0.0
0.0
0.0
0.0
0.0
0.0
0.0
0.0
0.0
0.0
0.0
0.0
0.0
0.0
0.0
0.0
0.0
0.0
0.0
0.0
0.0
0.0
0.0
0.0
0.0
0.0
0.0
0.0
0.0
0.0
0.0
0.0
0.0
0.0
0.0
0.0
0.0
0.0
2
2
1
285.91183766210656
-20.008241170060217
0.0
0.0
85.0
6.5
1.0
2.0
3.0
4.0
5.0
6.0
7.0
8.0
9.0
10.0
11.0
12.0
13.0
14.0
15.0
16.0
17.0
18.0
19.0
20.0
21.0
22.0
23.0
24.0
25.0
26.0
27.0
28.0
29.0
30.0
31.0
32.0
33.0
34.0
35.0
36.0
37.0
38.0
39.0
40.0
41.0
42.0
43.0
44.0
45.0
46.0
47.0
48.0
49.0
50.0
51.0
52.0
53.0
54.0
55.0
56.0
57.0
58.0
59.0
60.0
61.0
62.0
63.0
64.0
65.0
66.0
67.0
68.0
69.0
70.0
71.0
72.0
73.0
74.0
75.0
76.0
77.0
78.0
79.0
80.0
81.0
82.0
83.0
84.0
85.0
86.0
87.0
88.0
89.0
90.0
91.0
92.0
93.0
94.0
95.0
96.0
97.0
98.0
99.0
100.0
0.5
0.0
0.0
0.0
0.0
0.0
0.0
0.0
0.0
0.0
0.0
0.0
0.0
0.0
0.0
0.0
0.0
0.0
0.0
0.0
0.0
0.0
0.0
0.0
0.0
0.0
0.0
0.0
0.0
0.0
0.0
0.0
0.0
0.0
0.0
0.0
0.0
0.0
0.0
0.0
0.0
0.0
0.0
0.0
0.0
0.0
0.0
0.0
0.0
0.0
0.0
0.0
0.0
0.0
0.0
0.0
0.0
0.0
0.0
0.0
0.0
0.0
0.0
0.0
0.0
0.0
0.0
0.0
0.0
0.0
0.0
0.0
0.0
0.0
0.0
0.0
0.0
0.0
0.0
0.0
0.0
0.0
0.0
0.0
0.0
0.0
0.0
0.0
0.0
0.0
0.0
0.0
0.0
0.0
0.0
0.0
0.0
0.0
0.0
0.0
3.0
0.0
0.0
0.0
0.0
0.0
0.0
0.0
0.0
0.0
0.0
0.0
0.0
0.0
0.0
0.0
0.0
0.0
0.0
0.0
0.0
0.0
0.0
0.0
0.0
0.0
0.0
0.0
0.0
0.0
0.0
0.0
0.0
0.0
0.0
0.0
0.0
0.0
0.0
0.0
0.0
0.0
0.0
0.0
0.0
0.0
0.0
0.0
0.0
0.0
0.0
0.0
0.0
0.0
0.0
0.0
0.0
0.0
0.0
0.0
0.0
0.0
0.0
0.0
0.0
0.0
0.0
0.0
0.0
0.0
0.0
0.0
0.0
0.0
0.0
0.0
0.0
0.0
0.0
0.0
0.0
0.0
0.0
0.0
0.0
0.0
0.0
0.0
0.0
0.0
0.0
0.0
0.0
0.0
0.0
0.0
0.0
0.0
0.0
0.0
0.5
0.0
0.0
0.0
0.0
0.0
0.0
0.0
0.0
0.0
0.0
0.0
0.0
0.0
0.0
0.0
0.0
0.0
0.0
0.0
0.0
0.0
0.0
0.0
0.0
0.0
0.0
0.0
0.0
0.0
0.0
0.0
0.0
0.0
0.0
0.0
0.0
0.0
0.0
0.0
0.0
0.0
0.0
0.0
0.0
0.0
0.0
0.0
0.0
0.0
0.0
0.0
0.0
0.0
0.0
0.0
0.0
0.0
0.0
0.0
0.0
0.0
0.0
0.0
0.0
0.0
0.0
0.0
0.0
0.0
0.0
0.0
0.0
0.0
0.0
0.0
0.0
0.0
0.0
0.0
0.0
0.0
0.0
0.0
0.0
0.0
0.0
0.0
0.0
0.0
0.0
0.0
0.0
0.0
0.0
0.0
0.0
0.0
0.0
0.0
0.0
