9.81
6.022e+23
0
0
0
3
0
1
127.11807180893571
2
2
0
0
1
1
0
1
60
7
1000.0
1.0


3
3
0
80.10220330563587
0
5.601050757580543
0.0
1000.0
287.04
9.81
79000.0
40.0
20000.0
0.0
0.0
0.0
0.0
0.0280134
0.04401
0.0319988
0.039948
0.01604
0.01801528
0.048
99000.0
2.1153802199668344e+29
0.8
1e-06
1000000.0
0.6
3.0
0.0001
400
47
0.3938299906677287
0
1
6
1.0
1
0
1
0
0.1
1000000000000.0
2
126.68055635781717
137.99315804210735
145.70314482381377
150.55583635617086
153.99734539284594
156.45141414727357
158.20477802787653
159.4531709719145
160.33326329925816
160.93909203392752
161.33626340848295
161.58178605485605
161.70781237406
161.69933406820707
161.56275777035134
161.29927244735518
160.8998104555936
160.43230510500092
159.94910361403825
159.45546751442376
159.01401782072168
158.62870908469694
158.283547534589
158.01858511917524
157.80331085705348
157.59703373029706
157.41412183287176
157.18022511618506
156.83327578704774
156.36952996066017
155.7499430414787
154.96191474290512
154.0459165494574
152.99501201983114
151.87451007136798
150.7134484227794
149.50687046341142
148.25018093732263
146.9502531389237
145.5931572220335
144.1740089689981
142.70026068943565
141.15379073547467
139.53487339380416
137.86591431589903
136.12466818731525
134.32612743621127
132.4553359513523
131.6512574731959
132.19890373843594
133.61500749695688
135.5280026921005
137.59838527008742
139.12341021461015
139.6509294981525
139.44304298630834
138.71076700759184
137.76110629783346
136.3844417156694
133.14737044667564
126.88735458959691
137.41629650766689
144.99169950272875
148.93407060622852
151.79336171778795
154.0924514824338
156.06276364014315
157.8028654108516
159.36211135290995
160.7859481036295
162.0680668335172
163.23390460283787
164.29277246638333
165.23247023527384
166.0487861930548
166.7361111775117
167.27788289382653
167.70163042539625
168.00180984332405
168.14466751914432
168.13934085122077
167.97451474924034
167.6391321566831
167.1537279983454
166.5258223992258
165.77176560121106
164.95601269001205
164.11923470873282
163.26022376349505
162.37764499783995
161.4700405779073
160.53578657479238
159.5730851725012
158.5799682991731
157.55420653892014
156.49329206292566
155.39444576568377
154.2544466169124
153.06965052543018
151.83599500849172
150.54867589373805
149.2021762431106
147.79016024637409
146.30484465088833
144.72962380126583
144.48532243480756
145.03318487079113
145.85289883110292
146.6357107487996
147.24141399538337
147.4602281363362
147.2507952636118
146.65411585456295
145.68400892165826
144.3778399083334
142.74273494252506
140.8292037702454
138.74243525312073
136.50450929276292
133.22642447696407
991.675
975.0250000000001
958.375
941.7249999999999
925.075
908.425
891.7750000000001
875.125
858.4749999999999
841.825
825.175
808.5250000000001
791.875
775.225
758.575
741.925
725.2750000000001
708.625
691.975
675.325
658.675
642.0250000000001
625.375
608.725
592.075
575.425
558.7750000000001
542.125
525.4750000000001
508.82500000000005
492.17500000000007
475.52500000000003
458.87500000000006
442.2250000000001
425.57500000000005
408.925
392.27500000000003
375.62500000000006
358.9750000000001
342.32500000000005
325.675
309.02500000000003
292.37500000000006
275.7250000000001
259.0750000000001
242.42500000000007
225.77500000000003
209.12500000000006
192.47500000000008
175.8250000000001
159.17500000000007
142.52500000000003
125.87500000000006
109.22500000000008
92.5750000000001
75.92500000000013
59.27500000000009
42.62500000000006
25.97500000000008
9.325000000000045
991.675
975.0250000000001
958.375
941.7249999999999
925.075
908.425
891.7750000000001
875.125
858.4749999999999
841.825
825.175
808.5250000000001
791.875
775.225
758.575
741.925
725.2750000000001
708.625
691.975
675.325
658.675
642.0250000000001
625.375
608.725
592.075
575.425
558.7750000000001
542.125
525.4750000000001
508.82500000000005
492.17500000000007
475.52500000000003
458.87500000000006
442.2250000000001
425.57500000000005
408.925
392.27500000000003
375.62500000000006
358.9750000000001
342.32500000000005
325.675
309.02500000000003
292.37500000000006
275.7250000000001
259.0750000000001
242.42500000000007
225.77500000000003
209.12500000000006
192.47500000000008
175.8250000000001
159.17500000000007
142.52500000000003
125.87500000000006
109.22500000000008
92.5750000000001
75.92500000000013
59.27500000000009
42.62500000000006
25.97500000000008
9.325000000000045
34.53309200379255
106.16048453423716
182.25959601533836
261.8763560207459
344.50121325353285
429.7888375408083
517.5074814193628
607.5054436173211
699.6876882537471
794.0013077138696
890.4272161288584
988.9710591053521
1089.644538669816
1192.4578267216198
1297.423660644375
1404.5528930861976
1513.877748348396
1625.4735243113714
1739.4407448410616
1855.9130911113757
1975.0594518624011
2097.05723227161
2222.1080454097073
2350.4338134851114
2482.2458566714095
2617.763088400231
2757.196674271812
2900.7153911609926
3048.4740077255033
3200.621441739723
3357.2962414812187
3518.6670131833657
3684.938619869801
3856.372869843865
4033.31795733538
4216.180172704413
4405.412473953404
4601.531239933209
4805.121414064553
5016.841644687049
5237.457172203501
5467.85123384291
5709.047848833715
5962.2848252533095
6229.045928473739
6511.127241339688
6810.738202144563
7132.064033443845
7482.299334802761
7870.466337726367
8307.20232675455
8805.841063602838
9383.225719302907
10061.90422442708
10877.810760907963
11896.437524302055
13255.163539291367
15323.199505599734
20083.121808203807
56560.69457252452
34.330501258230356
105.51336381550448
180.8893917460311
259.38299789039075
340.6719508060937
424.61962177452807
511.1723367431715
600.3147824281094
692.057907843638
786.4246140687251
883.4450032346947
983.1615898696332
1085.6186324676605
1190.8580849236687
1298.9215006532368
1409.8458582596122
1523.6746101623735
1640.461829053524
1760.2514124916634
1883.0817406815618
2008.9932328090626
2138.0208920028404
2270.2064628337853
2405.606485673663
2544.2923615951913
2686.375268631672
2832.0181036113363
2981.4147110508816
3134.780745821263
3292.3545304295512
3454.3963435133346
3621.196117975383
3793.074832159188
3970.38386153801
4153.521241406362
4342.934714326355
4539.120456038247
4742.65354261642
4954.184582551861
5174.438883098736
5404.274171238449
5644.675429663945
5896.7738408103705
6161.959010481527
6443.195677992633
6744.85126276968
7071.21737612072
7426.683507139955
7816.249170892946
8245.899911988417
8723.227362075255
9258.693217929213
9867.391578071289
10572.18569899768
11410.040769772228
12446.733815302141
13818.338655392561
15891.325064116783
20651.60020935581
56560.69457252452
3.521179111399233e+23
3.521179111399233e+23
3.521179111399257e+23
3.521179111399233e+23
3.521179111399233e+23
3.521179111399233e+23
3.521179111399233e+23
3.521179111399257e+23
3.521179111399233e+23
3.521179111399233e+23
3.521179111399233e+23
3.521179111399233e+23
3.521179111399257e+23
3.5211791113992086e+23
3.521179111399257e+23
3.521179111399233e+23
3.521179111399233e+23
3.521179111399257e+23
3.5211791113992086e+23
3.521179111399257e+23
3.521179111399233e+23
3.521179111399233e+23
3.521179111399257e+23
3.5211791113992086e+23
3.521179111399257e+23
3.521179111399233e+23
3.521179111399233e+23
3.521179111399233e+23
3.521179111399233e+23
3.521179111399244e+23
3.521179111399244e+23
3.521179111399233e+23
3.521179111399233e+23
3.521179111399233e+23
3.521179111399257e+23
3.521179111399233e+23
3.521179111399233e+23
3.521179111399233e+23
3.521179111399233e+23
3.521179111399257e+23
3.521179111399233e+23
3.521179111399233e+23
3.521179111399233e+23
3.521179111399233e+23
3.521179111399233e+23
3.521179111399257e+23
3.521179111399233e+23
3.521179111399233e+23
3.521179111399233e+23
3.521179111399233e+23
3.521179111399257e+23
3.521179111399233e+23
3.521179111399233e+23
3.521179111399233e+23
3.521179111399233e+23
3.521179111399233e+23
3.521179111399257e+23
3.521179111399233e+23
3.521179111399233e+23
3.521179111399257e+23
3.521179111399233e+23
3.521179111399233e+23
3.521179111399257e+23
3.521179111399233e+23
3.521179111399233e+23
3.521179111399233e+23
3.521179111399233e+23
3.521179111399257e+23
3.521179111399233e+23
3.521179111399233e+23
3.521179111399233e+23
3.521179111399233e+23
3.521179111399257e+23
3.5211791113992086e+23
3.521179111399257e+23
3.521179111399233e+23
3.521179111399233e+23
3.521179111399257e+23
3.5211791113992086e+23
3.521179111399257e+23
3.521179111399233e+23
3.521179111399233e+23
3.521179111399257e+23
3.5211791113992086e+23
3.521179111399257e+23
3.521179111399233e+23
3.521179111399233e+23
3.521179111399233e+23
3.521179111399233e+23
3.521179111399244e+23
3.521179111399244e+23
3.521179111399233e+23
3.521179111399233e+23
3.521179111399233e+23
3.521179111399257e+23
3.521179111399233e+23
3.521179111399233e+23
3.521179111399233e+23
3.521179111399233e+23
3.521179111399257e+23
3.521179111399233e+23
3.521179111399233e+23
3.521179111399233e+23
3.521179111399233e+23
3.521179111399233e+23
3.521179111399257e+23
3.521179111399233e+23
3.521179111399233e+23
3.521179111399233e+23
3.521179111399233e+23
3.521179111399257e+23
3.521179111399233e+23
3.521179111399233e+23
3.521179111399233e+23
3.521179111399233e+23
3.521179111399233e+23
3.521179111399257e+23
3.521179111399233e+23
3.521179111399233e+23
3.521179111399257e+23
3.2769289347650665
-0.24473384861417624
-0.2507778338704377
-0.24835412222105346
-0.24361692961504677
-0.23795681294792437
-0.2318211911647518
-0.22574828943618425
-0.21902045941238646
-0.21247653322054189
-0.20943191835299396
-0.20557529694548032
-0.2042983930655236
-0.20379966776836494
-0.20410514287522802
-0.20601352148056956
-0.2084932150203126
-0.21174022203077586
-0.21421017469844383
-0.2155128170666289
-0.21631674061806722
-0.21727146895970056
-0.2176590469155072
-0.2184941094948208
-0.21908145225889064
-0.2195895877269336
-0.2202717910668352
-0.22058502445530043
-0.2201936441601649
-0.21960783359467623
-0.21891512137352137
-0.21804748041311622
-0.2170148663489181
-0.21565730739588346
-0.22830234521435536
-0.24442955803790076
-0.2662720479770641
-0.2955562020400945
-0.32096399100933143
-0.3528983748548953
-0.39177275938425016
-0.42316225338448094
-0.46045043744920633
-0.4942420829145496
-0.49193842773675267
-0.46504652224301923
-0.3828792827900204
-0.23456156342410464
-0.18314926832886919
-0.19050869463068087
-0.20006427888940553
-0.20817466232296009
-0.21281404971546217
-0.21084100769948694
-0.20093167430103012
-0.18650148798505414
-0.1671187881658797
-0.14323564670371272
-0.11231183257403474
-0.07376843619727949
2.0272750094424636
-0.2414074528313197
-0.28421108931536365
-0.2955501235067583
-0.2955007502512179
-0.2971650868336976
-0.2981073749556353
-0.2977799885059315
-0.29571116336554415
-0.28955905837160717
-0.28384012635581163
-0.2776425332740151
-0.27151699568123916
-0.26522002563539465
-0.2591167969154899
-0.2520854584385771
-0.24614089531488287
-0.239096026970887
-0.2322339414363198
-0.22575853423938624
-0.2201828020300009
-0.2150547142969122
-0.21154215206182958
-0.20891969307567382
-0.20687002707752034
-0.20455637461861176
-0.207239534530974
-0.22109171856094623
-0.24342645922913558
-0.2675671473551643
-0.29475507118104777
-0.32606040528036867
-0.3534270077217768
-0.3829279363917277
-0.4164141502016774
-0.43933533839538763
-0.46027883570920747
-0.4807808309700572
-0.4750402270330956
-0.46946877715920887
-0.461559778739677
-0.4194643918763577
-0.3809021326663157
-0.3282272102124485
-0.2017128963917958
-0.19820540082749655
-0.21051236104850796
-0.21665597553125737
-0.2177900795068171
-0.21356832992889496
-0.2082465684491785
-0.20300266092789593
-0.19727938699164527
-0.18978183724397718
-0.17871165705619818
-0.16459649281081662
-0.14625641753186758
-0.1239129195248252
-0.09661738908198708
-0.06242053878917575
2.7314586324755905
-0.7774976242473111
-0.7750973554330245
-0.7638913560448981
-0.7504910739721709
-0.735867944070659
-0.7209905679807347
-0.7059160728986349
-0.691008394928236
-0.6743642976276685
-0.6621964255223391
-0.650156532256702
-0.6386048017663768
-0.6288950328719811
-0.6208979886442552
-0.6129615583569432
-0.6063993924295472
-0.6008684105312065
-0.5936752917715538
-0.5856631744152132
-0.577604339337082
-0.5694395217570545
-0.5610211655068973
-0.5526124339367371
-0.5440362006937871
-0.5359233944206707
-0.5275364467899095
-0.5184456700975204
-0.5092008023650898
-0.49987983184944973
-0.4899995206437193
-0.4801311969418798
-0.47013370988708125
-0.4598321667797496
-0.4631965360299297
-0.47019082560533043
-0.48301988734537815
-0.5030990575198118
-0.5194621961771482
-0.5423109023303816
-0.5717387263954983
-0.5942322237859514
-0.6219730020912699
-0.6466055741062604
-0.6351404492087589
-0.5990168520697523
-0.5082285545616081
-0.351053133930499
-0.2912076374825503
-0.2891329961418627
-0.28956080597647826
-0.2886151899703506
-0.2842615312566288
-0.27319291491297193
-0.25434677816062745
-0.230937288012111
-0.2025102578174014
-0.16971015520677923
-0.12997554368707043
-0.08267302284401978
1.5459832117598227
-0.7103856809999272
-0.7450062824950745
-0.748714514262856
-0.7404683149170914
-0.7337923125864982
-0.7272101757087945
-0.7189239873217801
-0.709249052022646
-0.6962152503984129
-0.6815513470736969
-0.6676750162476495
-0.6543352913405087
-0.6402614215347779
-0.625815090809418
-0.611890169095755
-0.5971835293512342
-0.5830062231650599
-0.5678549226535492
-0.5537662631519273
-0.5401702702082973
-0.527410274002964
-0.5164435797489269
-0.5053565731254288
-0.4954518840031028
-0.4855138835524748
-0.4796766487276791
-0.4854549388556286
-0.499747224993186
-0.515804090090004
-0.5352799406617716
-0.5583998305873994
-0.5775449894411793
-0.5992238331109103
-0.6242073976153701
-0.6390026304061909
-0.651921094685779
-0.664113246092711
-0.6504798509768701
-0.6369100722304992
-0.6210283785015207
-0.5709253275745887
-0.524581070565759
-0.4639586670031406
-0.33034151189031036
-0.3171738080541111
-0.3214226037371404
-0.31942410820057887
-0.3128600892462998
-0.30073635389349107
-0.2876180743676997
-0.2745306896159114
-0.2608036078704892
-0.24516573171099765
-0.22602644308622288
-0.20393641598770884
-0.17762226583656826
-0.14739290837745145
-0.1122925854646617
-0.07037198359649821
0.5469983645269504
0.5378908417575766
0.5287833189882029
0.5196757962188292
0.5105682734494554
0.5014607506800817
0.49235322791070796
0.4832457051413343
0.4741381823719605
0.46503065960258677
0.4559231368332131
0.44681561406383946
0.4377080912944657
0.42860056852509193
0.4194930457557183
0.4103855229863445
0.4012780002169708
0.3921704774475971
0.38306295467822327
0.37395543190884967
0.3648479091394759
0.35574038637010214
0.3466328636007284
0.3375253408313547
0.328417818061981
0.31931029529260724
0.3102027725232335
0.30109524975385976
0.2919877269844861
0.28288020421511245
0.2737726814457387
0.2646651586763649
0.2555576359069912
0.2464501131376175
0.23734259036824376
0.22823506759887005
0.2191275448294963
0.21002002206012263
0.2009124992907489
0.19180497652137518
0.18269745375200142
0.1735899309826277
0.16448240821325397
0.15537488544388028
0.14626736267450655
0.1371598399051329
0.1280523171357591
0.11894479436638536
0.10983727159701166
0.10072974882763795
0.09162222605826424
0.08251470328889046
0.07340718051951675
0.06429965775014305
0.05519213498076934
0.04608461221139563
0.03697708944202192
0.02786956667264814
0.01876204390327443
0.009654521133900723
0.4832788900834815
0.47523229656359156
0.46718570304370155
0.4591391095238116
0.45109251600392164
0.44304592248403163
0.4349993289641417
0.4269527354442518
0.4189061419243617
0.41085954840447175
0.40281295488458185
0.3947663613646919
0.38671976784480194
0.37867317432491193
0.37062658080502203
0.36257998728513197
0.354533393765242
0.3464868002453521
0.33844020672546204
0.3303936132055722
0.3223470196856822
0.3143004261657922
0.3062538326459022
0.2982072391260122
0.2901606456061223
0.2821140520862323
0.2740674585663424
0.2660208650464524
0.25797427152656244
0.2499276780066725
0.24188108448678253
0.23383449096689252
0.22578789744700256
0.2177413039271126
0.20969471040722265
0.20164811688733267
0.1936015233674427
0.18555492984755276
0.17750833632766277
0.16946174280777282
0.16141514928788284
0.15336855576799285
0.1453219622481029
0.13727536872821297
0.129228775208323
0.12118218168843305
0.11313558816854302
0.10508899464865307
0.09704240112876311
0.08899580760887317
0.0809492140889832
0.07290262056909319
0.06485602704920324
0.05680943352931329
0.048762840009423325
0.04071624648953338
0.03266965296964341
0.024623059449753404
0.016576465929863445
0.008529872409973492
-16.649999999999977
-16.649999999999977
-16.65000000000009
-16.649999999999977
-16.649999999999977
-16.649999999999977
-16.649999999999977
-16.65000000000009
-16.649999999999977
-16.649999999999977
-16.649999999999977
-16.649999999999977
-16.65000000000009
-16.649999999999864
-16.65000000000009
-16.649999999999977
-16.649999999999977
-16.65000000000009
-16.649999999999864
-16.65000000000009
-16.649999999999977
-16.649999999999977
-16.65000000000009
-16.649999999999864
-16.65000000000009
-16.649999999999977
-16.649999999999977
-16.649999999999977
-16.649999999999977
-16.650000000000034
-16.650000000000034
-16.649999999999977
-16.649999999999977
-16.649999999999977
-16.65000000000009
-16.649999999999977
-16.649999999999977
-16.649999999999977
-16.649999999999977
-16.65000000000009
-16.649999999999977
-16.649999999999977
-16.649999999999977
-16.649999999999977
-16.649999999999977
-16.65000000000009
-16.649999999999977
-16.649999999999977
-16.649999999999977
-16.649999999999977
-16.65000000000009
-16.649999999999977
-16.649999999999977
-16.649999999999977
-16.649999999999977
-16.649999999999977
-16.65000000000009
-16.649999999999977
-16.649999999999977
-16.65000000000009
-16.649999999999977
-16.649999999999977
-16.65000000000009
-16.649999999999977
-16.649999999999977
-16.649999999999977
-16.649999999999977
-16.65000000000009
-16.649999999999977
-16.649999999999977
-16.649999999999977
-16.649999999999977
-16.65000000000009
-16.649999999999864
-16.65000000000009
-16.649999999999977
-16.649999999999977
-16.65000000000009
-16.649999999999864
-16.65000000000009
-16.649999999999977
-16.649999999999977
-16.65000000000009
-16.649999999999864
-16.65000000000009
-16.649999999999977
-16.649999999999977
-16.649999999999977
-16.649999999999977
-16.650000000000034
-16.650000000000034
-16.649999999999977
-16.649999999999977
-16.649999999999977
-16.65000000000009
-16.649999999999977
-16.649999999999977
-16.649999999999977
-16.649999999999977
-16.65000000000009
-16.649999999999977
-16.649999999999977
-16.649999999999977
-16.649999999999977
-16.649999999999977
-16.65000000000009
-16.649999999999977
-16.649999999999977
-16.649999999999977
-16.649999999999977
-16.65000000000009
-16.649999999999977
-16.649999999999977
-16.649999999999977
-16.649999999999977
-16.649999999999977
-16.65000000000009
-16.649999999999977
-16.649999999999977
-16.65000000000009
125.68055635781717
132.57160102399263
142.0853998031513
148.36888895983304
152.51285395234345
155.45586569137816
157.55409513753375
159.04926980633564
160.10779413904578
160.84428220384353
161.34062621548566
161.65902941314658
161.842156127151
161.89940194431983
161.82705441032226
161.62805542233906
161.29830301841812
160.86769637169664
160.39491681485458
159.9078797463446
159.44130261667226
159.02881579931798
158.66430031085528
158.3598407867869
158.12024904989823
157.91014214366714
157.71630736782623
157.50819290132318
157.21764750510147
156.81206695039054
156.26986228247216
155.56525338593883
154.71238255156416
153.72786544819505
152.64068993072564
151.51424270689
150.34938420387866
149.14311833501677
147.89197084090026
146.59208650498283
145.23906752823024
143.82772307096408
142.3521768067077
140.8054738648652
139.17905909538254
137.46289572604374
135.64451519684175
133.7087012964678
132.22985230751272
132.10349439953686
133.0932656869575
134.76625391396516
136.7640841484003
138.56306535345888
139.58365155848384
139.73185248635008
139.24555235080226
138.38385311030953
137.19452649598492
134.85452647316214
131.5806868742166
126.88735458959691
132.7671841583013
141.20399800519783
146.96288505447865
150.36371616200825
152.94290660011086
155.07760756128846
156.93281452549738
158.58248838188078
160.07402972826972
161.42700746857335
162.65098571817754
163.7633385346106
164.76262135082857
165.64062821416434
166.39244868528326
167.00699703566912
167.48975665961137
167.85172013436016
168.0732386812342
168.14200418518254
168.05692780023054
167.80682345296174
167.39643007751425
166.83977519878562
166.14879400021843
165.36211669016035
164.53613584283949
163.6885607276019
162.81811395236394
161.9234031962917
161.00290511249864
160.05489519006187
159.0775023079163
158.06866144340563
157.0259787874104
155.94683249141664
154.8282861929266
153.66683419387388
152.45869400996222
151.199523159997
149.88405578045487
148.50652385874213
147.0600237869818
145.53589266777064
144.59635065969985
144.75925365279934
145.44304185094703
146.24430478995126
146.9385623720915
147.3508210658598
147.355511699974
146.95245555908735
146.1690623881106
145.03092441499584
143.56028742542924
141.78596935638524
139.7858195116831
137.62347227294183
134.8654668848635
131.58738206906463
1000.0
983.35
966.7
950.05
933.4
916.75
900.1
883.45
866.8
850.15
833.5
816.85
800.2
783.55
766.9000000000001
750.25
733.6
716.95
700.3
683.6500000000001
667.0
650.35
633.7
617.05
600.4000000000001
583.75
567.1
550.45
533.8000000000001
517.1500000000001
500.50000000000006
483.85
467.20000000000005
450.55000000000007
433.9000000000001
417.25
400.6
383.95000000000005
367.30000000000007
350.6500000000001
334.0
317.35
300.70000000000005
284.05000000000007
267.4000000000001
250.7500000000001
234.10000000000002
217.45000000000005
200.80000000000007
184.1500000000001
167.5000000000001
150.85000000000002
134.20000000000005
117.55000000000007
100.90000000000009
84.25000000000011
67.60000000000014
50.950000000000045
34.30000000000007
17.65000000000009
1.0
1000.0
983.35
966.7
950.05
933.4
916.75
900.1
883.45
866.8
850.15
833.5
816.85
800.2
783.55
766.9000000000001
750.25
733.6
716.95
700.3
683.6500000000001
667.0
650.35
633.7
617.05
600.4000000000001
583.75
567.1
550.45
533.8000000000001
517.1500000000001
500.50000000000006
483.85
467.20000000000005
450.55000000000007
433.9000000000001
417.25
400.6
383.95000000000005
367.30000000000007
350.6500000000001
334.0
317.35
300.70000000000005
284.05000000000007
267.4000000000001
250.7500000000001
234.10000000000002
217.45000000000005
200.80000000000007
184.1500000000001
167.5000000000001
150.85000000000002
134.20000000000005
117.55000000000007
100.90000000000009
84.25000000000011
67.60000000000014
50.950000000000045
34.30000000000007
17.65000000000009
1.0
0.0
69.0661840075851
143.25478506088922
221.2644069697875
302.4883050717043
386.5141214353614
473.0635536462552
561.9514091924704
653.0594780421719
746.3158984653222
841.6867169624169
939.1677152952998
1038.7744029154044
1140.5146744242275
1244.4009790190123
1350.446342269738
1458.6594439026574
1569.0960527941347
1681.850995828608
1797.030493853515
1914.7956883692364
2035.3232153555657
2158.791249187654
2285.42484163176
2415.442785338463
2549.0489280043553
2686.4772487961063
2827.9160997475174
2973.5146825744678
3123.4333328765388
3277.809550602907
3436.78293235953
3600.5510940072013
3769.3261457324015
3943.4195939553283
4123.216320715432
4309.144024693395
4501.680923213411
4701.381556653007
4908.861271476099
5124.822017897998
5350.092326509003
5585.610141176817
5832.485556490613
6092.084094016005
6366.007762931473
6656.246719747904
6965.229684541223
7298.898382346466
7665.7002872590565
8075.232388193677
8539.172265315423
9072.509861890252
9693.941576715564
10429.866872138597
11325.754649677328
12467.12039892678
14043.206679655956
16603.192331543512
23563.0512848641
30522.910238184737
0.0
68.66100251646071
142.36572511454824
219.41305837751392
299.3529374032676
381.9909642089198
467.2482793401363
555.0963941462066
645.5331707100122
738.5826449772637
834.2665831601863
932.623423309203
1033.6997564300634
1137.5375085052574
1244.17866134208
1353.6643399643935
1466.027376554831
1581.3218437699159
1699.601814337132
1820.9010106461947
1945.262470716929
2072.7239949011964
2203.3177891044843
2337.0951365630863
2474.11783478424
2614.466888406143
2758.2836488572016
2905.7525583654706
3057.0768637362926
3212.4846279062326
3372.2244329528694
3536.5682540738003
3705.8239818769657
3880.3256824414107
4060.44204063461
4246.600442178114
4439.268986474596
4638.971925601897
4846.335159630943
5062.034005472779
5286.843760724693
5521.704581752205
5767.6462775756845
6025.9014040450575
6298.016616917996
6588.37473906727
6901.32778647209
7241.106965769348
7612.260048510561
8020.23829327533
8471.561530701507
8974.893193449003
9542.493242409424
10192.289913733153
10952.081484262208
11868.000055282248
13025.467575322034
14611.209735463088
17171.440392770477
24131.76002594114
31092.079659111856
4.95092139930966
8.717445261382188
16.0841525801855
21.06239959057366
24.5425259756056
27.08582190064598
28.95760300940786
30.33633103852773
31.34584274595279
32.07606537657447
32.59549137898926
32.95505835270578
33.19402789777947
33.33450623772163
33.38467731290668
33.35434158484301
33.24853098706176
33.07782347229291
32.87265716870471
32.65200559650621
32.4291233328679
32.22440715778718
32.04074326576065
31.87971117279154
31.74816526020961
31.63595975457327
31.53465197351646
31.43889421606634
31.32709581293789
31.18444066579779
31.00554758367106
30.78172559547877
30.51368116265022
30.21003686812857
29.87614979128293
29.52873855583725
29.17541861759214
28.81647136195792
28.45182149754228
28.08596172506842
27.71696224811969
27.34515147400466
26.97580046020989
26.60681939810466
26.24140363069496
25.8897350918058
25.55113143159447
25.23281046817929
24.96185487740369
24.82564712000306
24.82439971992997
24.90841076876648
25.03746983529501
25.17375308748146
25.27653958945131
25.32672647508567
25.33134950543564
25.29877244739272
25.23867207688668
25.1495966307103
25.06022865419769
6.083479640773755
7.789915359370379
12.02882084306535
14.80849835025208
16.74383696259246
18.29772575599612
19.61104156180675
20.75070775041988
21.75346621260707
22.64617844361976
23.44589871241483
24.16638464188497
24.81942889605555
25.40937199349837
25.93696364989142
26.4026578496997
26.80502047574051
27.14569609096388
27.42824888648048
27.64880808428753
27.80368674000868
27.89349426665272
27.91680959253415
27.87659397149914
27.77811378319631
27.62808329444073
27.43665441491148
27.22137657894621
26.99240396722078
26.75317105776366
26.50731439833744
26.25632185274688
26.00150970821844
25.74398297507714
25.48327544398537
25.21978782023561
24.9575385348498
24.69613070294659
24.43546396814222
24.18160149891597
23.93100123261685
23.68328926630013
23.44546527975857
23.21155380845433
22.98119391500638
22.79359322796351
22.72127803582131
22.72616985881278
22.76683725811341
22.81668833269139
22.85947096441251
22.88037197746069
22.87458463116156
22.84205904785231
22.78332771747915
22.69973254091036
22.59273111410006
22.46797162252274
22.33564135207311
22.20240831689848
22.09582262709786
4.95092139930966
8.717445261382188
16.0841525801855
21.06239959057366
24.5425259756056
27.08582190064598
28.95760300940786
30.33633103852773
31.34584274595279
32.07606537657447
32.59549137898926
32.95505835270578
33.19402789777947
33.33450623772163
33.38467731290668
33.35434158484301
33.24853098706176
33.07782347229291
32.87265716870471
32.65200559650621
32.4291233328679
32.22440715778718
32.04074326576065
31.87971117279154
31.74816526020961
31.63595975457327
31.53465197351646
31.43889421606634
31.32709581293789
31.18444066579779
31.00554758367106
30.78172559547877
30.51368116265022
30.21003686812857
29.87614979128293
29.52873855583725
29.17541861759214
28.81647136195792
28.45182149754228
28.08596172506842
27.71696224811969
27.34515147400466
26.97580046020989
26.60681939810466
26.24140363069496
25.8897350918058
25.55113143159447
25.23281046817929
24.96185487740369
24.82564712000306
24.82439971992997
24.90841076876648
25.03746983529501
25.17375308748146
25.27653958945131
25.32672647508567
25.33134950543564
25.29877244739272
25.23867207688668
25.1495966307103
25.06022865419769
6.083479640773755
7.789915359370379
12.02882084306535
14.80849835025208
16.74383696259246
18.29772575599612
19.61104156180675
20.75070775041988
21.75346621260707
22.64617844361976
23.44589871241483
24.16638464188497
24.81942889605555
25.40937199349837
25.93696364989142
26.4026578496997
26.80502047574051
27.14569609096388
27.42824888648048
27.64880808428753
27.80368674000868
27.89349426665272
27.91680959253415
27.87659397149914
27.77811378319631
27.62808329444073
27.43665441491148
27.22137657894621
26.99240396722078
26.75317105776366
26.50731439833744
26.25632185274688
26.00150970821844
25.74398297507714
25.48327544398537
25.21978782023561
24.9575385348498
24.69613070294659
24.43546396814222
24.18160149891597
23.93100123261685
23.68328926630013
23.44546527975857
23.21155380845433
22.98119391500638
22.79359322796351
22.72127803582131
22.72616985881278
22.76683725811341
22.81668833269139
22.85947096441251
22.88037197746069
22.87458463116156
22.84205904785231
22.78332771747915
22.69973254091036
22.59273111410006
22.46797162252274
22.33564135207311
22.20240831689848
22.09582262709786
0.0
0.0
0.0
0.0
0.0
0.0
0.0
0.0
0.0
0.0
0.0
0.0
0.0
0.0
0.0
0.0
0.0
0.0
0.0
0.0
0.0
0.0
0.0
0.0
0.0
0.0
0.0
0.0
0.0
0.0
0.0
0.0
0.0
0.0
0.0
0.0
0.0
0.0
0.0
0.0
0.0
0.0
0.0
0.0
0.0
0.0
0.0
0.0
0.0
0.0
0.0
0.0
0.0
0.0
0.0
0.0
0.0
0.0
0.0
0.0
0.0
0.0
0.0
0.0
0.0
0.0
0.0
0.0
0.0
0.0
0.0
0.0
0.0
0.0
0.0
0.0
0.0
0.0
0.0
0.0
0.0
0.0
0.0
0.0
0.0
0.0
0.0
0.0
0.0
0.0
0.0
0.0
0.0
0.0
0.0
0.0
0.0
0.0
0.0
0.0
0.0
0.0
0.0
0.0
0.0
0.0
0.0
0.0
0.0
0.0
0.0
0.0
0.0
0.0
0.0
0.0
0.0
0.0
0.0
0.0
0.0
0.0
7.545865852038893
14.04384834658701
20.63305804114302
24.83620769609815
27.5524427250852
29.3452475761534
30.48116074084462
31.13889820198375
31.44249383651018
31.48170807220362
31.32676977699075
31.02414032518493
30.61295333800191
30.11482687617769
29.53610291849077
28.88486920178285
28.16609704564465
27.38899013844625
26.58295542432685
25.76862856035679
24.96008312230327
24.17776260788547
23.42465919410189
22.70260593562587
22.01844758910721
21.36220588277709
20.7249747072996
20.10168050305957
19.4714364298336
18.81958048032841
18.14080756635223
17.42698605751622
16.67881042774579
15.90503242333705
15.11131317971168
14.30070540823606
13.47719464438562
12.63522750140602
11.76747857947057
10.88215661081956
9.970846231540461
9.027296731029915
8.063713493449203
7.072759429252698
6.060738087736738
5.073929099638823
4.136308587357741
3.30975906938095
2.687750344674858
2.260334949791674
1.969954553576728
1.764404796436749
1.604848672994936
1.456870393924751
1.28646398098163
1.082304088455355
0.855989830793218
0.620902514932907
0.3910919892200813
0.1720409993566311
0.0
12.43130352475025
15.6837224551067
19.21224225780174
21.2469134824934
22.43353758057093
23.24695805905749
23.82648155228162
24.23893756518596
24.52277204005137
24.70623521904141
24.80974023743807
24.84867481983451
24.83404405775744
24.76965186385975
24.65698209871802
24.49686120771689
24.28733366466195
24.03082575053408
23.73037232288562
23.38307659803912
22.98418899060834
22.53382624704408
22.02973129892255
21.47307209813861
20.86923533671035
20.22375296395167
19.54681020086995
18.851855716177
18.13742816559595
17.39844803114564
16.63678728162941
15.85051479537709
15.03730282026124
14.20223109767876
13.34229973347608
12.45460471211095
11.55335279631895
10.64002386972997
9.715243888832877
8.81090156862976
7.923391230100139
7.054650885281907
6.245901571165757
5.487409029295748
4.793090468844663
4.275148269911484
3.88565926971517
3.569128488969497
3.29037178006955
3.02736276540123
2.769409043228865
2.502691981909329
2.222373945994303
1.92904475481456
1.625147692730396
1.315526073075395
1.004588230277381
0.702206472863492
0.4224832940364002
0.176957673397128
0.0
7.545865852038893
14.04384834658701
20.63305804114302
24.83620769609815
27.5524427250852
29.3452475761534
30.48116074084462
31.13889820198375
31.44249383651018
31.48170807220362
31.32676977699075
31.02414032518493
30.61295333800191
30.11482687617769
29.53610291849077
28.88486920178285
28.16609704564465
27.38899013844625
26.58295542432685
25.76862856035679
24.96008312230327
24.17776260788547
23.42465919410189
22.70260593562587
22.01844758910721
21.36220588277709
20.7249747072996
20.10168050305957
19.4714364298336
18.81958048032841
18.14080756635223
17.42698605751622
16.67881042774579
15.90503242333705
15.11131317971168
14.30070540823606
13.47719464438562
12.63522750140602
11.76747857947057
10.88215661081956
9.970846231540461
9.027296731029915
8.063713493449203
7.072759429252698
6.060738087736738
5.073929099638823
4.136308587357741
3.30975906938095
2.687750344674858
2.260334949791674
1.969954553576728
1.764404796436749
1.604848672994936
1.456870393924751
1.28646398098163
1.082304088455355
0.855989830793218
0.620902514932907
0.3910919892200813
0.1720409993566311
0.0
12.43130352475025
15.6837224551067
19.21224225780174
21.2469134824934
22.43353758057093
23.24695805905749
23.82648155228162
24.23893756518596
24.52277204005137
24.70623521904141
24.80974023743807
24.84867481983451
24.83404405775744
24.76965186385975
24.65698209871802
24.49686120771689
24.28733366466195
24.03082575053408
23.73037232288562
23.38307659803912
22.98418899060834
22.53382624704408
22.02973129892255
21.47307209813861
20.86923533671035
20.22375296395167
19.54681020086995
18.851855716177
18.13742816559595
17.39844803114564
16.63678728162941
15.85051479537709
15.03730282026124
14.20223109767876
13.34229973347608
12.45460471211095
11.55335279631895
10.64002386972997
9.715243888832877
8.81090156862976
7.923391230100139
7.054650885281907
6.245901571165757
5.487409029295748
4.793090468844663
4.275148269911484
3.88565926971517
3.569128488969497
3.29037178006955
3.02736276540123
2.769409043228865
2.502691981909329
2.222373945994303
1.92904475481456
1.625147692730396
1.315526073075395
1.004588230277381
0.702206472863492
0.4224832940364002
0.176957673397128
0.0
0.0
0.0
0.0
0.0
0.0
0.0
0.0
0.0
0.0
0.0
0.0
0.0
0.0
0.0
0.0
0.0
0.0
0.0
0.0
0.0
0.0
0.0
0.0
0.0
0.0
0.0
0.0
0.0
0.0
0.0
0.0
0.0
0.0
0.0
0.0
0.0
0.0
0.0
0.0
0.0
0.0
0.0
0.0
0.0
0.0
0.0
0.0
0.0
0.0
0.0
0.0
0.0
0.0
0.0
0.0
0.0
0.0
0.0
0.0
0.0
0.0
0.0
0.0
0.0
0.0
0.0
0.0
0.0
0.0
0.0
0.0
0.0
0.0
0.0
0.0
0.0
0.0
0.0
0.0
0.0
0.0
0.0
0.0
0.0
0.0
0.0
0.0
0.0
0.0
0.0
0.0
0.0
0.0
0.0
0.0
0.0
0.0
0.0
0.0
0.0
0.0
0.0
0.0
0.0
0.0
0.0
0.0
0.0
0.0
0.0
0.0
0.0
0.0
0.0
0.0
0.0
0.0
0.0
0.0
0.0
0.0
0.0
2.594944452729233
5.326403085204824
4.548905460957513
3.773808105524488
3.00991674947959
2.259425675507419
1.52355773143676
0.8025671634560254
0.0966510905573905
-0.5943573043708454
-1.268721601998514
-1.930918027520853
-2.581074559777555
-3.219679361543932
-3.848574394415913
-4.469472383060168
-5.082433941417111
-5.688833333846659
-6.289701744377865
-6.883377036149419
-7.469040210564632
-8.046644549901714
-8.616084071658769
-9.177105237165666
-9.729717671102403
-10.27375387179619
-10.80967726621686
-11.33721371300677
-11.85565938310429
-12.36486018546938
-12.86474001731883
-13.35473953796255
-13.83487073490443
-14.30500444479151
-14.76483661157126
-15.22803314760119
-15.69822397320652
-16.1812438605519
-16.68434291807171
-17.20380511424886
-17.74611601657924
-18.31785474297474
-18.91208696676069
-19.53405996885196
-20.18066554295822
-20.81580599216698
-21.41482284423673
-21.92305139879834
-22.27410453272884
-22.56531217021139
-22.85444516635325
-23.14400597232973
-23.43262116230008
-23.71688269355671
-23.99007560846968
-24.24442238663031
-24.47535967464242
-24.67786993245982
-24.8475800876666
-24.97755563135367
-25.06022865419769
6.347823883976498
7.893807095736321
7.183421414736394
6.438415132241319
5.689700617978463
4.949232303061372
4.215439990474874
3.488229814766079
2.769305827444299
2.060056775421653
1.36384152502324
0.6822901779495432
0.0146151617018937
-0.639720129638615
-1.279981551173393
-1.905796641982811
-2.517686811078566
-3.1148703404298
-3.69787656359486
-4.265731486248409
-4.819497749400337
-5.359668019608634
-5.887078293611598
-6.403521873360525
-6.908878446485954
-7.404330330489056
-7.889844214041531
-8.36952086276921
-8.854975801624839
-9.354723026618025
-9.870527116708029
-10.4058070573698
-10.9642068879572
-11.54175187739838
-12.14097571050929
-12.76518310812466
-13.40418573853085
-14.05610683321663
-14.72022007930934
-15.37069993028621
-16.00761000251671
-16.62863838101823
-17.19956370859282
-17.72414477915858
-18.18810344616172
-18.51844495805203
-18.83561876610614
-19.15704136984328
-19.47646547804386
-19.78932556729016
-20.09006192118365
-20.37767999555135
-20.65221068516726
-20.91301429303775
-21.15818002474875
-21.38420646783497
-21.58814288382268
-21.76576514965925
-21.9131580580367
-22.02545064350136
-22.09582262709786
-2.594944452729233
-5.326403085204824
-4.548905460957513
-3.773808105524488
-3.00991674947959
-2.259425675507419
-1.52355773143676
-0.8025671634560254
-0.0966510905573905
0.5943573043708454
1.268721601998514
1.930918027520853
2.581074559777555
3.219679361543932
3.848574394415913
4.469472383060168
5.082433941417111
5.688833333846659
6.289701744377865
6.883377036149419
7.469040210564632
8.046644549901714
8.616084071658769
9.177105237165666
9.729717671102403
10.27375387179619
10.80967726621686
11.33721371300677
11.85565938310429
12.36486018546938
12.86474001731883
13.35473953796255
13.83487073490443
14.30500444479151
14.76483661157126
15.22803314760119
15.69822397320652
16.1812438605519
16.68434291807171
17.20380511424886
17.74611601657924
18.31785474297474
18.91208696676069
19.53405996885196
20.18066554295822
20.81580599216698
21.41482284423673
21.92305139879834
22.27410453272884
22.56531217021139
22.85444516635325
23.14400597232973
23.43262116230008
23.71688269355671
23.99007560846968
24.24442238663031
24.47535967464242
24.67786993245982
24.8475800876666
24.97755563135367
25.06022865419769
-6.347823883976498
-7.893807095736321
-7.183421414736394
-6.438415132241319
-5.689700617978463
-4.949232303061372
-4.215439990474874
-3.488229814766079
-2.769305827444299
-2.060056775421653
-1.36384152502324
-0.6822901779495432
-0.0146151617018937
0.639720129638615
1.279981551173393
1.905796641982811
2.517686811078566
3.1148703404298
3.69787656359486
4.265731486248409
4.819497749400337
5.359668019608634
5.887078293611598
6.403521873360525
6.908878446485954
7.404330330489056
7.889844214041531
8.36952086276921
8.854975801624839
9.354723026618025
9.870527116708029
10.4058070573698
10.9642068879572
11.54175187739838
12.14097571050929
12.76518310812466
13.40418573853085
14.05610683321663
14.72022007930934
15.37069993028621
16.00761000251671
16.62863838101823
17.19956370859282
17.72414477915858
18.18810344616172
18.51844495805203
18.83561876610614
19.15704136984328
19.47646547804386
19.78932556729016
20.09006192118365
20.37767999555135
20.65221068516726
20.91301429303775
21.15818002474875
21.38420646783497
21.58814288382268
21.76576514965925
21.9131580580367
22.02545064350136
22.09582262709786
0.0
0.0
0.0
0.0
0.0
0.0
0.0
0.0
0.0
0.0
0.0
0.0
0.0
0.0
0.0
0.0
0.0
0.0
0.0
0.0
0.0
0.0
0.0
0.0
0.0
0.0
0.0
0.0
0.0
0.0
0.0
0.0
0.0
0.0
0.0
0.0
0.0
0.0
0.0
0.0
0.0
0.0
0.0
0.0
0.0
0.0
0.0
0.0
0.0
0.0
0.0
0.0
0.0
0.0
0.0
0.0
0.0
0.0
0.0
0.0
0.0
0.0
0.0
0.0
0.0
0.0
0.0
0.0
0.0
0.0
0.0
0.0
0.0
0.0
0.0
0.0
0.0
0.0
0.0
0.0
0.0
0.0
0.0
0.0
0.0
0.0
0.0
0.0
0.0
0.0
0.0
0.0
0.0
0.0
0.0
0.0
0.0
0.0
0.0
0.0
0.0
0.0
0.0
0.0
0.0
0.0
0.0
0.0
0.0
0.0
0.0
0.0
0.0
0.0
0.0
0.0
0.0
0.0
0.0
0.0
0.0
0.0
1.383580211937697
-0.3938299906677287
-0.3926141697889873
-0.3869379355513336
-0.3801502196804896
-0.3727430882204794
-0.3652071720916974
-0.3575714082355011
-0.35002014313467
-0.3415893203512552
-0.3354258636303071
-0.3293272327090401
-0.3234758734645578
-0.3185575327856851
-0.3145067476059532
-0.310486665526588
-0.3071626968540817
-0.304361059290857
-0.300717490737545
-0.2966590704861207
-0.292576986059581
-0.2884412177548754
-0.2841770231643798
-0.2799177038140389
-0.2755735389539743
-0.2714641162121105
-0.2672158311959956
-0.2626110319165225
-0.2579281800861877
-0.2532067795098925
-0.2482020531305495
-0.2432033988450601
-0.2381393187621131
-0.2329212235560269
-0.2346253953362114
-0.2381682498894671
-0.2446666224989636
-0.254837430943645
-0.2631259382570241
-0.2746996144336053
-0.2896058460612055
-0.3009995964613295
-0.3150512798625243
-0.3275285470646908
-0.3217210566099637
-0.3034231795741167
-0.2574357022554748
-0.1778208037530275
-0.1475069473854049
-0.1464560683159859
-0.146672769097984
-0.1461937812126756
-0.1439884993994347
-0.1383818545231197
-0.1288356210301512
-0.1169778879654946
-0.1025785937591167
-0.0859641840140807
-0.0658372007334001
-0.0418768042496009
0.0
0.7830950666238548
-0.3598354225063181
-0.3773719791960477
-0.3792503294790019
-0.37507333843735
-0.3716917076084448
-0.3683576229446758
-0.3641603760421015
-0.3592596798087775
-0.3526575992210644
-0.3452298145829871
-0.3382009632150939
-0.331443921686154
-0.3243150098523561
-0.3169974334156917
-0.3099439690480698
-0.3024945369048586
-0.2953132308932794
-0.2876385623760267
-0.2805021590392081
-0.2736153087040817
-0.2671519202257809
-0.261596902485494
-0.2559809422833139
-0.2509638676287238
-0.2459299196105362
-0.2429731541299984
-0.2459000620409632
-0.2531396094564602
-0.261272978400648
-0.2711381841706941
-0.2828492245001963
-0.2925469232423878
-0.3035280227774475
-0.3161830800648099
-0.3236773877131164
-0.3302210458646073
-0.3363968009088307
-0.3294910050532556
-0.3226174331343426
-0.3145727946711404
-0.2891938308471928
-0.2657188288200709
-0.2350114415757185
-0.1673296361141574
-0.1606597293296244
-0.1628118943163868
-0.1617995857845427
-0.1584746784885125
-0.152333578590647
-0.1456887069639107
-0.1390594846307154
-0.1321062331903369
-0.1241850969323067
-0.1144903716683084
-0.1033009932126875
-0.0899719473284801
-0.0746597107444244
-0.0568801582235209
-0.0356458936706223
0.0
1.383580211937697
-0.3938299906677287
-0.3926141697889873
-0.3869379355513336
-0.3801502196804896
-0.3727430882204794
-0.3652071720916974
-0.3575714082355011
-0.35002014313467
-0.3415893203512552
-0.3354258636303071
-0.3293272327090401
-0.3234758734645578
-0.3185575327856851
-0.3145067476059532
-0.310486665526588
-0.3071626968540817
-0.304361059290857
-0.300717490737545
-0.2966590704861207
-0.292576986059581
-0.2884412177548754
-0.2841770231643798
-0.2799177038140389
-0.2755735389539743
-0.2714641162121105
-0.2672158311959956
-0.2626110319165225
-0.2579281800861877
-0.2532067795098925
-0.2482020531305495
-0.2432033988450601
-0.2381393187621131
-0.2329212235560269
-0.2346253953362114
-0.2381682498894671
-0.2446666224989636
-0.254837430943645
-0.2631259382570241
-0.2746996144336053
-0.2896058460612055
-0.3009995964613295
-0.3150512798625243
-0.3275285470646908
-0.3217210566099637
-0.3034231795741167
-0.2574357022554748
-0.1778208037530275
-0.1475069473854049
-0.1464560683159859
-0.146672769097984
-0.1461937812126756
-0.1439884993994347
-0.1383818545231197
-0.1288356210301512
-0.1169778879654946
-0.1025785937591167
-0.0859641840140807
-0.0658372007334001
-0.0418768042496009
0.0
0.7830950666238548
-0.3598354225063181
-0.3773719791960477
-0.3792503294790019
-0.37507333843735
-0.3716917076084448
-0.3683576229446758
-0.3641603760421015
-0.3592596798087775
-0.3526575992210644
-0.3452298145829871
-0.3382009632150939
-0.331443921686154
-0.3243150098523561
-0.3169974334156917
-0.3099439690480698
-0.3024945369048586
-0.2953132308932794
-0.2876385623760267
-0.2805021590392081
-0.2736153087040817
-0.2671519202257809
-0.261596902485494
-0.2559809422833139
-0.2509638676287238
-0.2459299196105362
-0.2429731541299984
-0.2459000620409632
-0.2531396094564602
-0.261272978400648
-0.2711381841706941
-0.2828492245001963
-0.2925469232423878
-0.3035280227774475
-0.3161830800648099
-0.3236773877131164
-0.3302210458646073
-0.3363968009088307
-0.3294910050532556
-0.3226174331343426
-0.3145727946711404
-0.2891938308471928
-0.2657188288200709
-0.2350114415757185
-0.1673296361141574
-0.1606597293296244
-0.1628118943163868
-0.1617995857845427
-0.1584746784885125
-0.152333578590647
-0.1456887069639107
-0.1390594846307154
-0.1321062331903369
-0.1241850969323067
-0.1144903716683084
-0.1033009932126875
-0.0899719473284801
-0.0746597107444244
-0.0568801582235209
-0.0356458936706223
0.0
0.0
0.0
0.0
0.0
0.0
0.0
0.0
0.0
0.0
0.0
0.0
0.0
0.0
0.0
0.0
0.0
0.0
0.0
0.0
0.0
0.0
0.0
0.0
0.0
0.0
0.0
0.0
0.0
0.0
0.0
0.0
0.0
0.0
0.0
0.0
0.0
0.0
0.0
0.0
0.0
0.0
0.0
0.0
0.0
0.0
0.0
0.0
0.0
0.0
0.0
0.0
0.0
0.0
0.0
0.0
0.0
0.0
0.0
0.0
0.0
0.0
0.0
0.0
0.0
0.0
0.0
0.0
0.0
0.0
0.0
0.0
0.0
0.0
0.0
0.0
0.0
0.0
0.0
0.0
0.0
0.0
0.0
0.0
0.0
0.0
0.0
0.0
0.0
0.0
0.0
0.0
0.0
0.0
0.0
0.0
0.0
0.0
0.0
0.0
0.0
0.0
0.0
0.0
0.0
0.0
0.0
0.0
0.0
0.0
0.0
0.0
0.0
0.0
0.0
0.0
0.0
0.0
0.0
0.0
0.0
0.0
0.0
1.0
0.0
0.0
0.0
0.0
0.0
0.0
0.0
0.0
0.0
0.0
0.0
0.0
0.0
0.0
0.0
0.0
0.0
0.0
0.0
0.0
0.0
0.0
0.0
0.0
0.0
0.0
0.0
0.0
0.0
0.0
0.0
0.0
0.0
1.0
1.0
1.0
1.0
1.0
1.0
1.0
1.0
1.0
1.0
1.0
1.0
1.0
1.0
0.0
0.0
0.0
0.0
0.0
0.0
0.0
0.0
0.0
0.0
0.0
0.0
0.0
1.0
0.0
0.0
0.0
0.0
0.0
0.0
0.0
0.0
0.0
0.0
0.0
0.0
0.0
0.0
0.0
0.0
0.0
0.0
0.0
0.0
0.0
0.0
0.0
0.0
0.0
1.0
1.0
1.0
1.0
1.0
1.0
1.0
1.0
1.0
1.0
1.0
1.0
1.0
1.0
1.0
1.0
1.0
1.0
1.0
0.0
0.0
0.0
0.0
0.0
0.0
0.0
0.0
0.0
0.0
0.0
0.0
0.0
0.0
0.0
0.0
1.0
1.0
1.0
1.0
1.0
1.0
1.0
1.0
1.0
1.0
1.0
1.0
1.0
1.0
1.0
1.0
0.8168299815399483
0.8168299815399483
0.8168299815399483
0.8168299815399483
0.8168299815399483
0.8168299815399483
0.8168299815399483
0.8168299815399483
0.8168299815399483
0.8168299815399483
0.8168299815399483
0.8168299815399483
0.8168299815399483
0.8168299815399483
0.8168299815399483
0.8168299815399483
0.8168299815399483
0.8168299815399483
0.8168299815399483
0.8168299815399483
0.8168299815399483
0.8168299815399483
0.8168299815399483
0.8168299815399483
0.8168299815399483
0.8168299815399483
0.8168299815399483
0.8168299815399483
0.8168299815399483
1.0
1.0
1.0
1.0
1.0
1.0
1.0
1.0
1.0
1.0
1.0
1.0
1.0
1.0
1.0
1.0
1.0
1.0
1.0
1.0
1.0
1.0
1.0
1.0
1.0
1.0
1.0
1.0
1.0
0.013896415640964483
0.013706646773393569
0.013413606753424664
0.013016951764313493
0.01242535151566839
0.011831494532013934
0.011232204583680398
0.0105969603847683
0.009920154613996101
0.009210491152260764
0.008457465884467405
0.007707493805507383
0.00698168054862913
0.006353439362358905
0.005799298203822641
0.005305498022497716
0.004910288874974425
0.0045150797274511306
0.004139594891223515
0.0038142601656306454
0.0034889254400377757
0.003184313668694908
0.002921903658286688
0.0026594936478784685
0.0024173110905398375
0.0022086437014521474
0.001999976312364459
0.001809378783622869
0.0016433870221610756
0.0014773952606992827
0.0013242507556631181
0.001185566247752822
0.0010468817398425253
0.0009237289372480432
0.0008150563705572796
0.0007063838038665167
0.0006135564313943054
0.0005329500863778922
0.00045234374136147906
0.00038550697316766297
0.00032741422429817925
0.00026932147542869564
0.00022092624840567958
0.00017755663680765657
0.00013418702520963385
9.876890521372134e-05
6.886773492699794e-05
4.636733568148065e-05
3.083214562694609e-05
1.9245265183084868e-05
1.2008263899866358e-05
7.574895693572557e-06
4.559167155062377e-06
3.0416349530011603e-06
2.6160926460206626e-06
2.405904106291494e-06
2.4158275575485895e-06
2.42284295030755e-06
2.6920279847764625e-06
3.956637190852884e-06
0.0004
0.0004
0.0004
0.0004
0.0004
0.0004
0.0004
0.0004
0.0004
0.0004
0.0004
0.0004
0.0004
0.0004
0.0004
0.0004
0.0004
0.0004
0.0004
0.0004
0.0004
0.0004
0.0004
0.0004
0.0004
0.0004
0.0004
0.0004
0.0004
0.0004
0.0004
0.0004
0.0004
0.0004
0.0004
0.0004
0.0004
0.0004
0.0004
0.0004
0.0004
0.0004
0.0004
0.0004
0.0004
0.0004
0.0004
0.0004
0.0004
0.0004
0.0004
0.0004
0.0004
0.0004
0.0004
0.0004
0.0004
0.0004
0.0004
0.0004
1.077709902103444e-08
1.803560534109325e-08
2.3706736270116025e-08
2.7854424666635138e-08
3.0407645386303146e-08
3.2501483286972955e-08
3.4201792530497156e-08
3.544206677539131e-08
3.655344417932217e-08
3.752195405376722e-08
3.810671096020631e-08
3.855138696449809e-08
3.8906615726384716e-08
3.918085709782455e-08
3.9363415175102446e-08
3.94812311060027e-08
3.950930268941581e-08
3.953737427282895e-08
3.956171114202737e-08
3.9576552301679917e-08
3.959139346133247e-08
3.964415338845309e-08
3.977413390585825e-08
3.99041144232634e-08
4.006112122631487e-08
4.0262908284572867e-08
4.0464695342830865e-08
4.0674065423368417e-08
4.0893761321478116e-08
4.1113457219587815e-08
4.140408471756015e-08
4.1774547994952335e-08
4.214501127234452e-08
4.260014801413837e-08
4.313422597419448e-08
4.3668303934250605e-08
4.423935627067932e-08
4.483892607824647e-08
4.543849588581362e-08
4.6095530145319335e-08
4.6789055742553654e-08
4.7482581339787966e-08
4.837231723902231e-08
4.936373659263659e-08
5.0355155946250876e-08
5.1752249158890387e-08
5.34822012431228e-08
5.576253265305787e-08
5.875120043930063e-08
6.2338744539503e-08
6.688562046005487e-08
7.358801963515753e-08
8.564265808781442e-08
1.077696630959349e-07
3.030102159861466e-07
5.734598268917054e-07
1.3847733147971254e-06
3.4897444420893106e-06
7.497528831213351e-06
2.7509074805837885e-06
0.0
0.0
0.0
0.0
0.0
0.0
0.0
0.0
0.0
0.0
0.0
0.0
0.0
0.0
0.0
0.0
0.0
0.0
0.0
0.0
0.0
0.0
0.0
0.0
0.0
0.0
0.0
0.0
0.0
0.0
0.0
0.0
0.0
0.0
0.0
0.0
0.0
0.0
0.0
0.0
0.0
0.0
0.0
0.0
0.0
0.0
0.0
0.0
0.0
0.0
0.0
0.0
0.0
0.0
0.0
0.0
0.0
0.0
0.0
0.0
0.0
0.0
0.0
0.0
0.0
0.0
0.0
0.0
0.0
0.0
0.0
0.0
0.0
0.0
0.0
0.0
0.0
0.0
0.0
0.0
0.0
0.0
0.0
0.0
0.0
0.0
0.0
0.0
0.0
0.0
0.0
0.0
0.0
0.0
0.0
0.0
0.0
0.0
0.0
0.0
0.0
0.0
0.0
0.0
0.0
0.0
0.0
0.0
0.0
0.0
0.0
0.0
0.0
0.0
0.0
0.0
0.0
0.0
0.0
0.0
0.0
0.0
0.0
0.0
0.0
0.0
0.0
0.0
0.0
0.0
0.0
0.0
0.0
0.0
0.0
0.0
0.0
0.0
0.0
0.0
0.0
0.0
0.0
0.0
0.0
0.0
0.0
0.0
0.0
0.0
0.0
0.0
0.0
0.0
0.0
0.0
0.0
0.0
0.0
0.0
0.0
0.0
0.0
0.0
0.0
0.0
0.0
0.0
0.0
0.0
0.0
0.0
0.0
0.0
0.0
0.0
0.0
0.0
0.0
0.0
0.0
0.0
0.0
0.0
0.0
0.0
0.0
0.0
0.0
0.0
0.0
0.0
0.0
0.0
0.0
0.0
0.0
0.0
0.0
0.0
0.0
0.0
0.0
0.0
0.0
0.0
0.0
0.0
0.0
0.0
0.0
0.0
0.0
0.0
0.0
0.0
0.0
0.0
0.0
0.0
0.0
0.0
0.0
0.0
0.0
0.0
0.0
0.0
0.0
0.0
0.0
0.0
0.0
0.0
0.0
0.0
0.0
0.0
0.0
0.0
0.0
0.0
0.0
0.0
0.0
0.0
0.0
0.0
0.0
0.0
0.0
0.0
0.0
0.0
0.0
0.0
0.0
0.0
0.0
0.0
0.0
0.0
0.0
0.0
0.0
0.0
0.0
0.0
0.0
0.0
0.0
0.0
0.0
0.0
0.0
0.0
0.0
0.0
0.0
0.0
0.0
0.0
0.0
0.0
0.0
0.0
0.0
0.0
0.0
0.0
0.0
0.0
0.0
0.0
0.0
0.0
0.0
0.0
0.0
0.0
0.003189743255479287
0.003148625522622377
0.0030873268686108183
0.003005543785347356
0.002880878370049621
0.002737266603726558
0.0025788075642412616
0.002414690820259714
0.002256153195427597
0.002102774148762163
0.001959766600946201
0.0018242193276962666
0.0016947064275355313
0.0015749882062276253
0.0014643359311724688
0.001361365380945644
0.0012714297851896812
0.0011814941894337174
0.0010954180116000407
0.0010191546091219634
0.0009428912066438862
0.0008697720116312411
0.0008030559138886233
0.0007363398161460056
0.0006730122430949764
0.0006152991670728295
0.0005575860910506827
0.0005030485563080906
0.0004528351628823393
0.00040262176945658816
0.0003563453176209055
0.0003145000191919172
0.0002726547207629288
0.00023553812255610454
0.00020283009979818388
0.00017012207704026345
0.0001421534377930947
0.0001178401741260271
9.35269104589595e-05
7.508293108119538e-05
6.036609131758775e-05
4.564925155398013e-05
3.5227150305409415e-05
2.703074181311162e-05
1.883433332081389e-05
1.3287990720194076e-05
9.247912556739941e-06
6.556614059161611e-06
4.782644048193431e-06
3.5325737692461015e-06
2.865609170964229e-06
2.5589635411256715e-06
2.3992580903977394e-06
2.3583187163384414e-06
2.360274401385632e-06
2.3803250132472683e-06
2.5277312811302993e-06
2.799063185352138e-06
3.1962080132080272e-06
4.138892728713992e-06
0.0004
0.0004
0.0004
0.0004
0.0004
0.0004
0.0004
0.0004
0.0004
0.0004
0.0004
0.0004
0.0004
0.0004
0.0004
0.0004
0.0004
0.0004
0.0004
0.0004
0.0004
0.0004
0.0004
0.0004
0.0004
0.0004
0.0004
0.0004
0.0004
0.0004
0.0004
0.0004
0.0004
0.0004
0.0004
0.0004
0.0004
0.0004
0.0004
0.0004
0.0004
0.0004
0.0004
0.0004
0.0004
0.0004
0.0004
0.0004
0.0004
0.0004
0.0004
0.0004
0.0004
0.0004
0.0004
0.0004
0.0004
0.0004
0.0004
0.0004
1.2959233613293881e-08
1.3718166282465942e-08
1.4681224319019344e-08
1.5816589377320584e-08
1.667902650024816e-08
1.743929779706772e-08
1.8118545274379428e-08
1.8758024813359357e-08
1.9396942501199397e-08
2.003351596525268e-08
2.065794131878059e-08
2.126516412203864e-08
2.185933455178149e-08
2.243463898180174e-08
2.2990985603989746e-08
2.3529521708562022e-08
2.4035119966900403e-08
2.45407182252388e-08
2.5038384549464836e-08
2.5515883509298826e-08
2.599338246913282e-08
2.647431458129481e-08
2.69622382194743e-08
2.7450161857653787e-08
2.7964412270396886e-08
2.8522283908015316e-08
2.9080155545633746e-08
2.9698718513563477e-08
3.039992499510858e-08
3.110113147665368e-08
3.1964821394707925e-08
3.301139160619477e-08
3.405796181768161e-08
3.561811598070392e-08
3.765708535579603e-08
3.969605473088814e-08
4.301122807898893e-08
4.73107076828677e-08
5.1610187286746474e-08
6.029127808864092e-08
7.175479956947176e-08
8.321832105030261e-08
1.0259731123663057e-07
1.2607839082808692e-07
1.4955947041954318e-07
1.8049784284351185e-07
2.1584612217021064e-07
2.5556577261848574e-07
3.017020856804272e-07
3.568585698388771e-07
4.301229831826702e-07
5.503025151796553e-07
7.169841734138935e-07
9.56411525335898e-07
1.4076545793136882e-06
1.924701387690719e-06
2.7805070392178316e-06
3.869562631954846e-06
5.098718063175626e-06
2.6204743799922416e-06
0.0
0.0
0.0
0.0
0.0
0.0
0.0
0.0
0.0
0.0
0.0
0.0
0.0
0.0
0.0
0.0
0.0
0.0
0.0
0.0
0.0
0.0
0.0
0.0
0.0
0.0
0.0
0.0
0.0
0.0
0.0
0.0
0.0
0.0
0.0
0.0
0.0
0.0
0.0
0.0
0.0
0.0
0.0
0.0
0.0
0.0
0.0
0.0
0.0
0.0
0.0
0.0
0.0
0.0
0.0
0.0
0.0
0.0
0.0
0.0
0.0
0.0
0.0
0.0
0.0
0.0
0.0
0.0
0.0
0.0
0.0
0.0
0.0
0.0
0.0
0.0
0.0
0.0
0.0
0.0
0.0
0.0
0.0
0.0
0.0
0.0
0.0
0.0
0.0
0.0
0.0
0.0
0.0
0.0
0.0
0.0
0.0
0.0
0.0
0.0
0.0
0.0
0.0
0.0
0.0
0.0
0.0
0.0
0.0
0.0
0.0
0.0
0.0
0.0
0.0
0.0
0.0
0.0
0.0
0.0
0.0
0.0
0.0
0.0
0.0
0.0
0.0
0.0
0.0
0.0
0.0
0.0
0.0
0.0
0.0
0.0
0.0
0.0
0.0
0.0
0.0
0.0
0.0
0.0
0.0
0.0
0.0
0.0
0.0
0.0
0.0
0.0
0.0
0.0
0.0
0.0
0.0
0.0
0.0
0.0
0.0
0.0
0.0
0.0
0.0
0.0
0.0
0.0
0.0
0.0
0.0
0.0
0.0
0.0
0.0
0.0
0.0
0.0
0.0
0.0
0.0
0.0
0.0
0.0
0.0
0.0
0.0
0.0
0.0
0.0
0.0
0.0
0.0
0.0
0.0
0.0
0.0
0.0
0.0
0.0
0.0
0.0
0.0
0.0
0.0
0.0
0.0
0.0
0.0
0.0
0.0
0.0
0.0
0.0
0.0
0.0
0.0
0.0
0.0
0.0
0.0
0.0
0.0
0.0
0.0
0.0
0.0
0.0
0.0
0.0
0.0
0.0
0.0
0.0
0.0
0.0
0.0
0.0
0.0
0.0
0.0
0.0
0.0
0.0
0.0
0.0
0.0
0.0
0.0
0.0
0.0
0.0
0.0
0.0
0.0
0.0
0.0
0.0
0.0
0.0
0.0
0.0
0.0
0.0
0.0
0.0
0.0
0.0
0.0
0.0
0.0
0.0
0.0
0.0
0.0
0.0
0.0
0.0
0.0
0.0
0.0
0.0
0.0
0.0
0.0
0.0
0.0
0.0
0.0
0.0
0.0
0.0
0.0
0.0
0.0
0.0
0.0
0.0
0.0
0.0
2
2
2
2
1
1
125.68055635781717
126.88735458959691
-25.06022865419769
-22.09582262709786
0.0
0.0
1.7116503621165293
-0.7823325372346517
47.0
44.0
6.265115300673023
5.601050757580543
1.0
1.0
2.0
2.0
3.0
3.0
4.0
4.0
5.0
5.0
6.0
6.0
7.0
7.0
8.0
8.0
9.0
9.0
10.0
10.0
11.0
11.0
12.0
12.0
13.0
13.0
14.0
14.0
15.0
15.0
16.0
16.0
17.0
17.0
18.0
18.0
19.0
19.0
20.0
20.0
21.0
21.0
22.0
22.0
23.0
23.0
24.0
24.0
25.0
25.0
26.0
26.0
27.0
27.0
28.0
28.0
29.0
29.0
30.0
30.0
31.0
31.0
32.0
32.0
33.0
33.0
34.0
34.0
35.0
35.0
36.0
36.0
37.0
37.0
38.0
38.0
39.0
39.0
40.0
40.0
41.0
41.0
42.0
42.0
43.0
43.0
44.0
44.0
45.0
45.0
46.0
46.0
47.0
47.0
48.0
48.0
49.0
49.0
50.0
50.0
51.0
51.0
52.0
52.0
53.0
53.0
54.0
54.0
55.0
55.0
56.0
56.0
57.0
57.0
58.0
58.0
59.0
59.0
60.0
60.0
0.0
0.0
0.5
0.0
0.0
0.0
0.0
0.0
0.0
0.0
0.0
0.0
0.0
0.0
0.0
0.0
0.0
0.0
0.0
0.0
0.0
0.0
0.0
0.0
0.0
0.0
0.0
0.0
0.0
0.0
0.0
0.0
0.0
0.0
0.0
0.0
0.0
0.0
0.0
0.0
0.0
0.0
0.0
0.0
0.0
0.0
0.0
0.0
0.0
0.0
0.0
0.0
0.0
0.0
0.0
0.0
0.0
0.0
0.0
0.0
0.0
0.0
0.0
0.0
0.0
0.0
0.0
0.0
0.0
0.0
0.0
0.0
0.0
0.0
0.0
0.0
0.0
0.0
0.0
0.0
0.0
0.0
0.0
0.0
0.0
0.0
0.0
0.0
0.0
0.0
0.0
0.0
0.0
0.0
0.0
0.0
0.0
0.0
0.0
0.0
0.0
0.0
0.0
0.0
0.0
0.0
0.0
0.0
0.0
0.0
0.0
0.0
0.0
0.0
0.0
0.0
0.0
0.0
0.0
0.0
0.0
0.0
3.0
0.0
0.0
0.0
0.0
0.0
0.0
0.0
0.0
0.0
0.0
0.0
0.0
0.0
0.0
0.0
0.0
0.0
0.0
0.0
0.0
0.0
0.0
0.0
0.0
0.0
0.0
0.0
0.0
0.0
0.0
0.0
0.0
0.0
0.0
0.0
0.0
0.0
0.0
0.0
0.0
0.0
0.0
0.0
0.0
0.0
0.0
0.0
0.0
0.0
0.0
0.0
0.0
0.0
0.0
0.0
0.0
0.0
0.0
0.0
0.0
0.0
0.0
0.0
0.0
0.0
0.0
0.0
0.0
0.0
0.0
0.0
0.0
0.0
0.0
0.0
0.0
0.0
0.0
0.0
0.0
0.0
0.0
0.0
0.0
0.0
0.0
0.0
0.0
0.0
0.0
0.0
0.0
0.0
0.0
0.0
0.0
0.0
0.0
0.0
0.0
0.0
0.0
0.0
0.0
0.0
0.0
0.0
0.0
0.0
0.0
0.0
0.0
0.0
0.0
0.0
0.0
0.0
0.0
0.0
0.5
0.0
0.0
0.0
0.0
0.0
0.0
0.0
0.0
0.0
0.0
0.0
0.0
0.0
0.0
0.0
0.0
0.0
0.0
0.0
0.0
0.0
0.0
0.0
0.0
0.0
0.0
0.0
0.0
0.0
0.0
0.0
0.0
0.0
0.0
0.0
0.0
0.0
0.0
0.0
0.0
0.0
0.0
0.0
0.0
0.0
0.0
0.0
0.0
0.0
0.0
0.0
0.0
0.0
0.0
0.0
0.0
0.0
0.0
0.0
0.0
0.0
0.0
0.0
0.0
0.0
0.0
0.0
0.0
0.0
0.0
0.0
0.0
0.0
0.0
0.0
0.0
0.0
0.0
0.0
0.0
0.0
0.0
0.0
0.0
0.0
0.0
0.0
0.0
0.0
0.0
0.0
0.0
0.0
0.0
0.0
0.0
0.0
0.0
0.0
0.0
0.0
0.0
0.0
0.0
0.0
0.0
0.0
0.0
0.0
0.0
0.0
0.0
0.0
0.0
0.0
0.0
0.0
14.999999999999998
60.0
