9.81
6.022e+23
0
0
0
3
0
1
295.0
2
2
0
0
1
1
0
1
60
7
1000.0
1.0


3
3
0
72.38857731909356
0
9.8
150.0
1000.0
287.04
9.81
79000.0
40.0
20000.0
0.0
0.0
0.0
0.0
0.0280134
0.04401
0.0319988
0.039948
0.01604
0.01801528
0.048
99000.0
2.1153802199668344e+29
0.8
1e-06
1000000.0
0.6
3.0
0.0001
300
43
5.863824760068124
0
1
6
1.0
1
0
1
1
0.1
1000000000000.0
1
294.0390887849527
292.7383845880257
291.3607030407672
289.94286072169086
288.5012311194734
287.0303555005241
285.5254742084401
283.99491387628626
282.43938653297147
280.8592322324658
279.2564722327104
277.62986015722015
275.9818623749216
274.3075830638631
272.60710336449955
270.87942583208326
269.122055890958
267.3339375185833
265.51431625961595
263.6605389723117
261.7709202610462
259.8452436104467
257.8834686066874
255.88524287712454
253.85030193551668
251.7705005408437
248.6344073461748
246.74666104493167
244.56633988615926
242.30201474217557
239.97138109944038
237.58299360701193
235.13494858724198
232.61990954042687
230.03243022831234
227.37160460419216
224.62901714619468
221.79925366887116
218.87667025076624
215.85885397391274
212.73306950486688
209.48749389479036
206.11063063394832
202.58787713119625
199.76494894519982
197.6358776111697
195.83977125013143
194.3296203878812
193.0947203979399
192.17700642691833
191.65452885358792
191.67255295298224
192.44169120325623
194.2082907845863
198.07091628733144
203.33598552924073
211.7229287919231
221.9056908254811
235.3065674561616
243.26505521370112
991.675
975.0250000000001
958.375
941.7249999999999
925.075
908.425
891.7750000000001
875.125
858.4749999999999
841.825
825.175
808.5250000000001
791.875
775.225
758.575
741.925
725.2750000000001
708.625
691.975
675.325
658.675
642.0250000000001
625.375
608.725
592.075
575.425
558.7750000000001
542.125
525.4750000000001
508.82500000000005
492.17500000000007
475.52500000000003
458.87500000000006
442.2250000000001
425.57500000000005
408.925
392.27500000000003
375.62500000000006
358.9750000000001
342.32500000000005
325.675
309.02500000000003
292.37500000000006
275.7250000000001
259.0750000000001
242.42500000000007
225.77500000000003
209.12500000000006
192.47500000000008
175.8250000000001
159.17500000000007
142.52500000000003
125.87500000000006
109.22500000000008
92.5750000000001
75.92500000000013
59.27500000000009
42.62500000000006
25.97500000000008
9.325000000000045
73.1343757362929
220.3235385147899
369.37568235233965
520.3406317565095
673.2737764890765
828.2308166194521
985.2716194375976
1144.462024376689
1305.8720411899653
1469.576571920552
1635.6553222068353
1804.1933580875698
1975.2803916297203
2149.010467352742
2325.483592456353
2504.8054224992675
2687.0877750520312
2872.4498183609926
3061.0182111517643
3252.927521127108
3448.321952052953
3647.3569837854347
3850.200534294261
4057.0342517999284
4268.0517826932355
4483.019480213995
4702.276483269479
4926.516361798551
5155.8842496101315
5390.648530602644
5631.118475762292
5877.639843273182
6130.591717943104
6390.389717192475
6657.495633930674
6932.42317987718
7215.744203203847
7508.101133859815
7810.222613409105
8122.935208658291
8447.177031452284
8784.023537541374
9134.717375257776
9501.49902841781
9887.863768264691
10297.679619314764
10735.248416166263
11205.87840024206
11716.371936504187
12275.756186167597
12896.450872571791
13596.22753863824
14401.516813154383
15355.592886286002
16528.95429227754
18051.254935286684
20189.36169791418
23664.085398134845
32225.25781399637
56560.69457252452
3.521179111399233e+23
3.521179111399233e+23
3.521179111399257e+23
3.521179111399233e+23
3.521179111399233e+23
3.521179111399233e+23
3.521179111399233e+23
3.521179111399257e+23
3.521179111399233e+23
3.521179111399233e+23
3.521179111399233e+23
3.521179111399233e+23
3.521179111399257e+23
3.5211791113992086e+23
3.521179111399257e+23
3.521179111399233e+23
3.521179111399233e+23
3.521179111399257e+23
3.5211791113992086e+23
3.521179111399257e+23
3.521179111399233e+23
3.521179111399233e+23
3.521179111399257e+23
3.5211791113992086e+23
3.521179111399257e+23
3.521179111399233e+23
3.521179111399233e+23
3.521179111399233e+23
3.521179111399233e+23
3.521179111399244e+23
3.521179111399244e+23
3.521179111399233e+23
3.521179111399233e+23
3.521179111399233e+23
3.521179111399257e+23
3.521179111399233e+23
3.521179111399233e+23
3.521179111399233e+23
3.521179111399233e+23
3.521179111399257e+23
3.521179111399233e+23
3.521179111399233e+23
3.521179111399233e+23
3.521179111399233e+23
3.521179111399233e+23
3.521179111399257e+23
3.521179111399233e+23
3.521179111399233e+23
3.521179111399233e+23
3.521179111399233e+23
3.521179111399257e+23
3.521179111399233e+23
3.521179111399233e+23
3.521179111399233e+23
3.521179111399233e+23
3.521179111399233e+23
3.521179111399257e+23
3.521179111399233e+23
3.521179111399233e+23
3.521179111399257e+23
-3.9998407214904055
-3.4098113089081403
-3.064203342448235
-2.8077332401007595
-2.569991320412644
-2.3714251921813405
-2.229406108125626
-2.106588216847483
-1.9971519107386102
-1.896626474710421
-1.7933469021057755
-1.6890313575452862
-1.5697539242348881
-1.452057104431947
-1.3315239662181773
-1.2079983932690745
-1.0872867853950208
-0.968955843250471
-0.8509519962186021
-0.7388399127008191
-0.6337509987037286
-0.530244410733729
-0.42163865305491577
-0.3019903216292962
-0.16450080920706445
-0.05260721478820829
-11.807843641145142
-2.8731009096724063
-2.5922684529529576
-2.440929419426933
-2.332881883974238
-2.2183880143071546
-2.089912657221453
-1.9610488582851902
-1.8356288998068468
-1.6963986348018956
-1.5550497003092016
-1.4083248659653052
-1.2495021271745048
-1.0550077284896693
-0.8397579800881965
-0.6089615703322462
-0.3598770245471683
-0.06251737487543799
0.07996701728895013
0.10885877305694783
0.13371068235105849
0.15711796883230006
0.18112244087828466
0.2057865792168608
0.23003970687690362
0.24920127817912072
0.25149512453022577
0.2219725856427173
0.15894304991318742
0.10070464223813566
0.054038185197048345
0.025981454354963875
0.013404972324137343
0.01074841819927977
-3.6040974094491673
-3.0206530369770235
-2.6816312304084704
-2.431750515455235
-2.200596758643144
-2.0086197934622305
-1.8731895532639982
-1.7569606728374794
-1.6541134589907927
-1.560176995479111
-1.4634864038688988
-1.365759669892995
-1.2530709534037214
-1.1419628022143797
-1.0280179254870063
-0.9110782326052203
-0.7969660764915716
-0.6852159802814128
-0.5738016382764783
-0.46827739997232243
-0.3697762925336008
-0.2728571491676064
-0.17083839864528727
-0.057776907062020655
0.07312572199953138
0.17843388732777044
-11.58234777830586
-2.655128133290134
-2.3808137235874938
-2.2360335334934973
-2.1345141639149006
-2.0265425474214
-1.904578925202003
-1.7822074036508866
-1.6632602622457284
-1.530553335084079
-1.3957891154065862
-1.2552978264432966
-1.10284918025161
-0.9147692214129961
-0.7058008479534124
-0.481286555718782
-0.2383898343884141
0.05350096647569558
0.1855275463564965
0.20784682644071495
0.22600694618918737
0.24249210727811032
0.2598310120840779
0.27737014306430297
0.29467356752229534
0.3065937623916284
0.30140190119158206
0.26490154762441875
0.19550877424018154
0.13219331758588737
0.07983594258581661
0.045186729882516374
0.026700945147695165
0.017571955229186642
-0.3957486712316631
-0.38915945585565587
-0.3825702404796487
-0.37598102510364145
-0.3693918097276343
-0.3628025943516271
-0.35621337897561994
-0.34962416359961274
-0.34303494822360553
-0.3364457328475983
-0.32985651747159117
-0.32326730209558396
-0.3166780867195768
-0.31008887134356955
-0.30349965596756245
-0.2969104405915552
-0.29032122521554804
-0.2837320098395409
-0.2771427944635336
-0.27055357908752653
-0.26396436371151927
-0.25737514833551206
-0.2507859329595049
-0.24419671758349767
-0.2376075022074905
-0.2310182868314833
-0.22442907145547614
-0.21783985607946893
-0.21125064070346175
-0.2046614253274546
-0.1980722099514474
-0.19148299457544019
-0.184893779199433
-0.17830456382342583
-0.17171534844741862
-0.1651261330714114
-0.15853691769540423
-0.15194770231939705
-0.14535848694338988
-0.13876927156738267
-0.13218005619137546
-0.12559084081536828
-0.11900162543936109
-0.11241241006335392
-0.10582319468734673
-0.09923397931133957
-0.09264476393533233
-0.08605554855932514
-0.07946633318331796
-0.07287711780731079
-0.06628790243130361
-0.05969868705529637
-0.05310947167928919
-0.04652025630328202
-0.039931040927274834
-0.033341825551267655
-0.026752610175260476
-0.02016339479925325
-0.013574179423246069
-0.006984964047238888
-16.649999999999977
-16.649999999999977
-16.65000000000009
-16.649999999999977
-16.649999999999977
-16.649999999999977
-16.649999999999977
-16.65000000000009
-16.649999999999977
-16.649999999999977
-16.649999999999977
-16.649999999999977
-16.65000000000009
-16.649999999999864
-16.65000000000009
-16.649999999999977
-16.649999999999977
-16.65000000000009
-16.649999999999864
-16.65000000000009
-16.649999999999977
-16.649999999999977
-16.65000000000009
-16.649999999999864
-16.65000000000009
-16.649999999999977
-16.649999999999977
-16.649999999999977
-16.649999999999977
-16.650000000000034
-16.650000000000034
-16.649999999999977
-16.649999999999977
-16.649999999999977
-16.65000000000009
-16.649999999999977
-16.649999999999977
-16.649999999999977
-16.649999999999977
-16.65000000000009
-16.649999999999977
-16.649999999999977
-16.649999999999977
-16.649999999999977
-16.649999999999977
-16.65000000000009
-16.649999999999977
-16.649999999999977
-16.649999999999977
-16.649999999999977
-16.65000000000009
-16.649999999999977
-16.649999999999977
-16.649999999999977
-16.649999999999977
-16.649999999999977
-16.65000000000009
-16.649999999999977
-16.649999999999977
-16.65000000000009
295.0
293.56656623556864
292.11509240954143
290.64514421635266
289.15617940121973
287.64765457959436
286.11902141466436
284.5696548443587
282.99888947785814
281.40601851481847
279.79028067553867
278.15087500920737
276.4869351722763
274.7975691517812
273.081825688105
271.3386958997504
269.5671178192639
267.76596178971624
265.93402177040826
264.0700212910171
262.17259929489154
260.24029044487054
258.2715126729349
256.26455685489753
254.21757180982382
252.1286132493887
250.00420493841693
247.83117598950122
245.65645533226188
243.43412067371509
241.1366311592648
238.77710622997196
236.3588738298838
233.87731230682397
231.32602929635368
228.70185714576644
226.0001448846621
223.21392955161082
220.3376917167069
217.36745013215682
214.29559807488056
211.10985180831526
207.79855649957958
204.34866178792566
201.16651959426804
198.6777892856972
196.7087552657
195.04988227666723
193.67171111762048
192.5896318011981
191.86376795498484
191.60644809126012
191.99763827575293
193.26893248330816
196.09468213838232
200.67288765714994
207.511205761786
216.80492686957962
228.60154600188096
239.2829625039467
247.24206063012463
1000.0
983.35
966.7
950.05
933.4
916.75
900.1
883.45
866.8
850.15
833.5
816.85
800.2
783.55
766.9000000000001
750.25
733.6
716.95
700.3
683.6500000000001
667.0
650.35
633.7
617.05
600.4000000000001
583.75
567.1
550.45
533.8000000000001
517.1500000000001
500.50000000000006
483.85
467.20000000000005
450.55000000000007
433.9000000000001
417.25
400.6
383.95000000000005
367.30000000000007
350.6500000000001
334.0
317.35
300.70000000000005
284.05000000000007
267.4000000000001
250.7500000000001
234.10000000000002
217.45000000000005
200.80000000000007
184.1500000000001
167.5000000000001
150.85000000000002
134.20000000000005
117.55000000000007
100.90000000000009
84.25000000000011
67.60000000000014
50.950000000000045
34.30000000000007
17.65000000000009
1.0
0.0
146.2687514725858
294.378325556994
444.3730391476853
596.3082243653338
750.2393286128191
906.2223046260851
1064.32093424911
1224.6031145042678
1387.140967875663
1552.0121759654412
1719.2984684482294
1889.08824772691
2061.4725355325304
2236.5483991729543
2414.4187857397524
2595.192059258782
2778.98349084528
2965.9161458767053
3156.1202764268237
3349.734765827392
3546.909138278514
3747.8048292923554
3952.5962392961674
4161.472264303689
4374.631301082782
4591.407659345208
4813.145307193751
5039.88741640335
5271.881082816914
5509.415978388375
5752.82097313621
6002.458713410154
6258.724722476055
6522.054711908895
6792.936555952451
7071.909803801908
7359.578602605786
7656.623665113844
7963.821561704365
8282.048855612218
8612.305207292351
8955.741867790397
9313.692882725156
9689.305174110463
10086.42236241892
10508.93687621061
10961.559956121917
11450.196844362203
11982.547028646173
12568.965343689022
13223.93640145456
13968.51867582192
14834.514950486846
15876.670822085158
17181.237762469922
18921.272108103443
21457.451287724914
25870.719508544775
38579.796119447965
51288.87273035124
443.8499639680443
440.39760596427743
436.30478834455647
431.9372407383484
427.4361794229634
422.9082770068044
418.35837432895323
413.82040780080234
409.333594535956
404.93483386358963
400.6263658267634
396.42670653244386
392.3296493458169
388.3365744084114
384.44467244360965
380.645988648173
376.93214660383
373.2911209190888
369.73941557611835
366.27393844186105
362.88674756832
359.58214412467606
356.36748489049
353.24926213815695
350.23483141824244
347.33497458045974
344.5581409691376
411.9039717349226
410.157977879462
408.2814717713693
406.41098738498033
404.6080370659036
402.88512283297837
401.2477103818881
399.6946437105263
398.2263933789054
396.8490010721106
395.5558085071501
394.3438253101634
393.2193702098894
392.1723427615258
391.209664771584
390.33188302453084
389.5385999753764
388.86083342289464
388.3831255902726
388.0792995386234
387.89257887558267
387.80074495847
387.79098074765875
387.8621528466708
388.0188646508559
388.2752627601795
388.65263273243056
389.2035711536846
389.9463411049
390.8946987728855
391.9730492217232
393.089071527903
394.2155753738632
395.6966769765007
429.430175842788
425.7696785895162
421.457747373187
416.8628295014351
412.1275072197737
407.3590824853428
402.5636552336942
397.7759659609218
393.0356135635186
388.3799313401357
383.8115438178603
379.3493151899635
374.9874405360265
370.727633607592
366.5673797613858
362.4989523923227
358.5141612999292
354.6011471478884
350.7764776271484
347.0371352240862
343.3752481928869
339.7951404740639
336.3041816200676
332.9088797099328
329.6165939717693
326.4380916688223
323.3817985090237
250.4202017784047
248.6319392129538
246.5868139521392
244.4646423760505
242.3512801412152
240.2742593424418
238.2489555693616
236.2819617901927
234.379138544389
232.5500122769158
230.7911855466409
229.1019962908507
227.4902754084216
225.9475976341609
224.4821057358528
223.095029346659
221.7864893240713
220.5878328440722
219.5840080470493
218.7493536473545
218.0274564666485
217.3965320310336
216.8441843187821
216.3696053755825
215.9777892161125
215.6835887918268
215.5095392001715
215.510303299797
215.7318801755584
216.2028401001974
216.9720142600934
218.1953870490974
220.0946593602565
221.3387348632693
14.4197881252563
14.62792737476122
14.84704097136947
15.07441123691329
15.3086722031897
15.54919452146158
15.79471909525906
16.04444183988055
16.2979809724374
16.55490252345388
16.81482200890307
17.0773913424804
17.34220880979041
17.60894080081941
17.87729268222388
18.14703625585032
18.41798530390082
18.68997377120039
18.96293794896998
19.2368032177748
19.5114993754331
19.78700365061219
20.06330327042242
20.34038242822414
20.61823744647314
20.89688291163744
21.17634246011386
161.4837699565179
161.5260386665082
161.6946578192301
161.9463450089298
162.2567569246884
162.6108634905366
162.9987548125265
163.4126819203336
163.8472548345164
164.2989887951948
164.7646229605092
165.2418290193127
165.7290948014678
166.2247451273649
166.7275590357312
167.2368536778718
167.7521106513051
168.2730005788224
168.7991175432233
169.3299458912689
169.8651224089342
170.4042129274364
170.9467964288766
171.4925474710883
172.0410754347434
172.5916739683527
173.1430935322591
173.6932678538876
174.2144609293416
174.6918586726881
175.0010349616298
174.8936844788056
174.1209160136067
174.3579421132314
528.0849683109225
521.0285128977064
513.9150422410085
506.8658634043917
499.9330515735516
493.2045523987495
486.6460299274362
480.2348738460211
473.9910999083374
467.93822577698006
462.0695807446748
456.40643504648654
450.9436181899663
445.6974722991572
440.6636075321411
435.83690581121743
431.2119855342692
426.7739937730363
422.5370724497846
418.4977936772507
414.6423254037374
410.9679456675598
407.4804292842062
404.1913681332279
401.1191605062513
398.292429390468
395.6940296664738
451.4575126539529
447.0563906652023
442.799070833522
438.6925529136396
434.7550884306479
431.0056316503013
427.46364027400904
424.1283661989964
420.9968556051296
418.08890996325084
415.3999282828838
412.93264725945363
410.7053429789282
408.7435463091515
407.0750674712563
405.71599916848436
404.68432628494145
404.0600606989355
403.76788041266997
403.67190118746146
403.71118747060984
403.8618456607752
404.11191246204805
404.4604547041245
404.9118400758319
405.47483194754716
406.1536038209898
406.9694437898681
407.9077225153238
408.98827350089533
410.14645989231883
411.3076689283809
412.460873719489
413.9595472773556
345.5560024868253
337.2725600801205
328.8911896812018
320.5461035391342
312.3014207891669
304.2652387927607
296.400893702882
288.6856028646503
281.1498818945125
273.8244513709495
266.7092524128831
259.8328003019343
253.1908549395431
246.8006286371285
240.6557102752899
234.7492542659937
229.0740507840727
223.6093187998916
218.3719700823345
213.3580664425855
208.5507990008916
203.9495376985676
199.5626939164774
195.4044282957953
191.4942606970171
187.8638277461685
184.497746803497
88.66886317957724
82.33910829520987
76.20875466456744
70.31096153608719
64.66539663775782
59.2907023058604
54.20821154156142
49.41240873082137
44.8975437166
40.69017518116625
36.77873785849381
33.15968804978803
29.85307096035573
26.8674520329105
24.21431536890133
21.91050168200084
19.97504207656936
18.48575710389966
17.36230426149797
16.4625408424437
15.72037720747304
15.10497090193281
14.59733479628218
14.19250095763191
13.890339683987
13.69443671244963
13.6007578114159
13.62120185523948
13.67689990643652
13.74227239887762
13.4220843207409
11.82741674586455
6.843540571341364
0.0
182.5289658240971
183.7559528175858
185.0238525598066
186.3197598652575
187.6316307843847
188.9393136059888
190.2451362245542
191.5492709813708
192.8412180138249
194.1137744060306
195.3603283317917
196.5736347445522
197.7527632504232
198.8968436620287
200.0078972568512
201.0876515452237
202.1379347501965
203.1646749731447
204.1651023674501
205.1397272346652
206.0915264028458
207.0184079689922
207.9177353677288
208.7869398374326
209.6248998092342
210.4286016442995
211.1962828629768
362.7886494743757
364.7172823699924
366.5903161689546
368.3815913775524
370.0896917928901
371.7149293444409
373.2554287324476
374.715957468175
376.0993118885296
377.3987347820846
378.62119042439
379.7729592096656
380.8522720185724
381.876094276241
382.860752102355
383.8054974864835
384.7092842083721
385.5743035950358
386.405576151172
387.2093603450177
387.9908102631368
388.7568747588424
389.5145776657659
390.2679537464926
391.0215003918449
391.7803952350975
392.5528460095739
393.3482419346286
394.2308226088873
395.2460011020177
396.7243755715779
399.4802521825164
405.6173331481476
413.9595472773556
84.23500434287806
80.63090693342889
77.61025389645187
74.9286226660434
72.49687215058816
70.29627539194502
68.28765559848279
66.41446604521879
64.65750537238131
63.003391913390516
61.443214917911405
59.979728514042506
58.61396884414951
57.36089789074579
56.21893508853141
55.1909171630444
54.27983893043918
53.48287285394761
52.7976568736662
52.22385523538972
51.7555778354174
51.3858015428838
51.11294439371619
50.942105995070904
50.88432908800888
50.957454810008414
51.135888697336185
39.553540919030326
36.89841278574019
34.5175990621527
32.2815655286592
30.1470513647443
28.1205088173229
26.215929892120897
24.43372248847001
22.770462226224282
21.239908891140203
19.844119775733617
18.58882194929032
17.48597276903871
16.571203547625714
15.865402699672302
15.38411614395352
15.145726309565106
15.199227276040801
15.384754822397298
15.592601648838013
15.8186085950272
16.06110070230531
16.32093171438939
16.59830185745369
16.892975424975987
17.199569187367615
17.500971088559197
17.765872636183616
17.961381410423797
18.093574728009685
18.1734106705955
18.218597400478018
18.245298345625713
18.2628703008549
83.87417335596274
88.4971185093957
92.56655769198522
96.3167259623009
99.82608643060684
103.0938436925822
106.1627615308123
109.0903630962715
111.8857316690061
114.5554799691862
117.1022914049772
119.5165148880292
121.7965855964833
123.9270049704635
125.9116694860959
127.749698126329
129.4401105158565
130.9918283479967
132.4045075448139
133.6790687815007
134.8244491919953
135.8456027754963
136.7414877035902
137.5044514141375
138.1223332747522
138.5742639226537
138.8840517055267
161.7513385988275
166.292830917744
170.3780592875718
174.1536808399633
177.6858835034574
180.9835570365814
184.0407440278002
186.8695530593713
189.4815948277889
191.8598370957495
194.0124476881471
195.9423082410626
197.6372044480659
199.0801456012504
200.2677903669515
201.1845276646582
201.8114472475019
202.1020757401726
202.2217037855514
202.2868128049108
202.3070792591754
202.2915611291007
202.2468495225
202.1771044179506
202.0874495321255
201.9891520793772
201.9087813887556
201.8891014445575
202.0549802691219
202.4605677013198
203.5499299393525
206.3679703032328
213.2511187889152
221.3387348632693
168.1091776988408
169.1280254428246
170.1768115884371
171.2453486283443
172.322958581195
173.3901190845272
174.4504171292951
175.5048291414903
176.5432370413874
177.5588718825767
178.5455063228886
179.4962434020717
180.4105544406328
181.2879028612093
182.1306045746273
182.9406152893734
183.7199494462957
184.4747012019443
185.2021644184801
185.9029240168904
186.5800270274127
187.2314043183801
187.8544320973064
188.4465574092084
189.0066623627611
189.5317187326621
190.0199404028629
201.3048795178578
203.1912437034842
204.8956583497245
206.4352463686225
207.8329348682017
209.1040658539043
210.2566739199211
211.3032755478413
212.2520570540132
213.0997459868897
213.8565674638807
214.5311301903529
215.1231772171046
215.6513491488761
216.1331930666238
216.5686438086117
216.957173557067
217.3013030162134
217.6064586079487
217.8794144537488
218.1256878542026
218.352661831406
218.5677812368894
218.7754062754043
218.9804249571015
219.1887212667448
219.4097524773148
219.6549740807411
220.0163616795457
220.5541424293295
221.723340609948
224.5865677037108
231.4964171345409
239.6016051641242
-1.8252790145296496
-1.5297343384570528
-1.3580015546972373
-1.2314252711750209
-1.1143410523965063
-1.0171001223683613
-0.9485017944522853
-0.8896328460738989
-0.8375443336750463
-0.7899714083748811
-0.7410056101422542
-0.6915151371127068
-0.6344460622072471
-0.5781768639877596
-0.5204701431078019
-0.4612458024394311
-0.4034517737200338
-0.34685507106499336
-0.2904282540217292
-0.23698401481107378
-0.18709789634835478
-0.13801393172669618
-0.08634764677898238
-0.029088178691007938
0.03720749365520859
0.0905380995012299
-5.863284392576806
-1.34431709539464
-1.2054249431626545
-1.1321410079738623
-1.0807629247716655
-1.0261116788258289
-0.9643704366666797
-0.902418604426574
-0.8421987419977854
-0.7750101015759595
-0.7067761228397024
-0.6356384476194087
-0.5584440304895291
-0.463195176378199
-0.3573600307818925
-0.24365034928113558
-0.12062948619446501
0.0272094080234051
0.09407315463913932
0.1053684326333621
0.1145587011546736
0.1229028885081809
0.1316818913396919
0.1405637004007928
0.1493276680005217
0.1553667082861952
0.1527408913584912
0.1342598556735752
0.09914685563376889
0.06713135646890722
0.0408110076997068
0.02379790579693486
0.015719228530312268
0.011474658667434134
0.0
-2.341684900190517
-2.061314588393309
-1.899592601753126
-1.777614950040031
-1.655234397962357
-1.554515211233262
-1.482933530915726
-1.415952852561707
-1.352321750388596
-1.290049889169826
-1.222889411039219
-1.154936295402239
-1.079132612122379
-1.005302631537687
-0.9310263847182338
-0.8562535432011378
-0.7859998542662474
-0.7155718777116721
-0.6456102556400029
-0.5801756073695871
-0.5172503345587104
-0.4537973388820898
-0.3864680503628995
-0.3129789722961778
-0.2289188253376736
-0.1569184468646454
-11.58308797728274
-2.300426164398841
-2.069312369053699
-1.912485587570416
-1.789185328182966
-1.670388045278877
-1.548573123148503
-1.432891625338386
-1.323091355135003
-1.204663655536252
-1.090373247552889
-0.977542489960044
-0.8585247550216842
-0.7309006267933772
-0.6015839951221008
-0.4643598001345758
-0.3175568976172559
-0.1472135900956358
-0.0605958275959197
-0.0329800165132737
-0.0102656744470874
0.0078604806392862
0.0226480069664249
0.0353283573057937
0.0454133642941807
0.0497911295047448
0.0407105917115649
0.0099685863958464
-0.0840234798059908
-0.2054443507683827
-0.5518004256971639
-1.427436915042288
-3.486557668269597
-4.096663017035671
0.0
0.5164058856608674
0.5315802499362563
0.5415910470558888
0.5461896788650101
0.5408933455658506
0.5374150888649006
0.5344317364634408
0.5263200064878082
0.5147774167135497
0.5000784807949449
0.4818838008969648
0.4634211582895322
0.4446865499151319
0.4271257675499273
0.4105562416104319
0.3950077407617067
0.3825480805462136
0.3687168066466787
0.3551820016182736
0.3431915925585133
0.3301524382103556
0.3157834071553936
0.3001204035839171
0.2838907936051699
0.2661263189928822
0.2474565463658753
5.719803584705935
0.9561090690042011
0.8638874258910446
0.7803445795965539
0.7084224034113005
0.6442763664530482
0.5842026864818233
0.5304730209118121
0.4808926131372175
0.4296535539602925
0.3835971247131865
0.3419040423406353
0.3000807245321552
0.2677054504151782
0.2442239643402083
0.2207094508534402
0.1969274114227909
0.1744229981190409
0.154668982235059
0.1383484491466358
0.124824375601761
0.1150424078688947
0.109033884373267
0.1052353430949991
0.103914303706341
0.1055755787814504
0.1120302996469263
0.1242912692777288
0.1831703354397597
0.2725757072372899
0.5926114333968707
1.451234820839223
3.502276896799909
4.108137675703105
0.0
1.0
1.0
1.0
1.0
1.0
1.0
1.0
1.0
1.0
1.0
1.0
1.0
1.0
1.0
1.0
1.0
1.0
1.0
1.0
1.0
1.0
1.0
1.0
1.0
1.0
1.0
1.0
1.0
1.0
1.0
1.0
1.0
1.0
1.0
1.0
1.0
1.0
1.0
1.0
1.0
1.0
1.0
1.0
1.0
0.0
0.0
0.0
0.0
0.0
0.0
0.0
0.0
0.0
0.0
0.0
0.0
0.0
0.0
0.0
0.0
0.0
1.0
1.0
1.0
1.0
1.0
1.0
1.0
1.0
1.0
1.0
1.0
1.0
1.0
1.0
1.0
1.0
0.920954420531807
0.920954420531807
0.920954420531807
0.920954420531807
0.920954420531807
0.920954420531807
0.920954420531807
0.920954420531807
0.920954420531807
0.920954420531807
0.920954420531807
0.920954420531807
0.920954420531807
0.920954420531807
0.920954420531807
0.920954420531807
0.920954420531807
0.920954420531807
0.920954420531807
0.920954420531807
0.920954420531807
0.920954420531807
0.920954420531807
0.920954420531807
0.920954420531807
0.920954420531807
0.920954420531807
0.920954420531807
0.920954420531807
1.0
1.0
1.0
1.0
1.0
1.0
1.0
1.0
1.0
1.0
1.0
1.0
1.0
1.0
1.0
1.0
1.0
1.0
1.0
1.0
1.0
1.0
1.0
1.0
1.0
1.0
1.0
1.0
1.0
0.013509746998944071
0.013067027379823662
0.01241092740504909
0.011590722546894788
0.01057768482570268
0.009643877285701262
0.008770802284789488
0.007868346247049591
0.006989054624332036
0.00615384016707124
0.005368445356260107
0.0046722741864582374
0.0040580552110511215
0.0035315910272881224
0.0030797025159912737
0.0026909641768565373
0.00236962211847107
0.002078416167026486
0.001820731639178452
0.0016001494555858036
0.0014000981918846041
0.00121804536687709
0.0010520895612922618
0.0009038527404823858
0.0007676921877562087
0.0006417376339037927
0.0005329835084169353
0.00043907279298831367
0.0003601687858560545
0.00029295246168850337
0.00023644292372473772
0.00018964800522868836
0.00015051339454249567
0.00011952831753511131
9.4830405508242e-05
7.424675995278005e-05
5.825446618238795e-05
4.552889704863109e-05
3.492871853024884e-05
2.6575076987387862e-05
1.989844121466913e-05
1.4503372066245867e-05
1.0196041877522871e-05
6.907458170221676e-06
4.780972020124059e-06
3.6066735123308953e-06
2.9347664608171875e-06
2.5267469466745005e-06
2.3303916263089054e-06
2.2829668716121035e-06
2.401859809438447e-06
2.7418251332738785e-06
3.4717290382335564e-06
5.019811006956217e-06
6.2570772201454454e-06
6.793621771769523e-06
6.956019099642774e-06
9.032207033222129e-06
6.302946975079016e-06
2.3881430332230027e-07
0.0004
0.0004
0.0004
0.0004
0.0004
0.0004
0.0004
0.0004
0.0004
0.0004
0.0004
0.0004
0.0004
0.0004
0.0004
0.0004
0.0004
0.0004
0.0004
0.0004
0.0004
0.0004
0.0004
0.0004
0.0004
0.0004
0.0004
0.0004
0.0004
0.0004
0.0004
0.0004
0.0004
0.0004
0.0004
0.0004
0.0004
0.0004
0.0004
0.0004
0.0004
0.0004
0.0004
0.0004
0.0004
0.0004
0.0004
0.0004
0.0004
0.0004
0.0004
0.0004
0.0004
0.0004
0.0004
0.0004
0.0004
0.0004
0.0004
0.0004
8.60451419224123e-09
1.578021977514803e-08
2.1892415260555535e-08
2.6925828092092847e-08
2.971401735545372e-08
3.191536891169426e-08
3.3615820560817765e-08
3.4746051764151937e-08
3.5661340336177934e-08
3.6398811651530586e-08
3.6864029565337865e-08
3.7202242046694526e-08
3.743385508154835e-08
3.7482031518220545e-08
3.74258526023047e-08
3.730742951458454e-08
3.7124070818281054e-08
3.694071212197757e-08
3.678655663276213e-08
3.670665185093012e-08
3.662674706909812e-08
3.66023509716688e-08
3.6690996875910616e-08
3.6779642780152424e-08
3.6903178538193995e-08
3.7084523814632495e-08
3.726586909107099e-08
3.747683636083778e-08
3.7728139961945275e-08
3.797944356305276e-08
3.8298642947284706e-08
3.8694261202309925e-08
3.9089879457335157e-08
3.957872216284235e-08
4.015447818582019e-08
4.073023420879802e-08
4.1342697689445876e-08
4.198347277308391e-08
4.262424785672194e-08
4.3230986919605434e-08
4.381611227372829e-08
4.440123762785115e-08
4.5133689117812545e-08
4.594249047452311e-08
4.6751291831233675e-08
4.796747172172955e-08
4.949951687407961e-08
5.152241095280844e-08
5.3986620437539895e-08
5.680107822856821e-08
6.015331959489829e-08
6.559586769304933e-08
7.569057461390363e-08
9.442662951156912e-08
2.539995051245074e-07
4.925296956825388e-07
1.3900175836980765e-06
3.720822161311321e-06
7.931814761427643e-06
2.7860567514510038e-06
0.0
0.0
0.0
0.0
0.0
0.0
0.0
0.0
0.0
0.0
0.0
0.0
0.0
0.0
0.0
0.0
0.0
0.0
0.0
0.0
0.0
0.0
0.0
0.0
0.0
0.0
0.0
0.0
0.0
0.0
0.0
0.0
0.0
0.0
0.0
0.0
0.0
0.0
0.0
0.0
0.0
0.0
0.0
0.0
0.0
0.0
0.0
0.0
0.0
0.0
0.0
0.0
0.0
0.0
0.0
0.0
0.0
0.0
0.0
0.0
0.0
0.0
0.0
0.0
0.0
0.0
0.0
0.0
0.0
0.0
0.0
0.0
0.0
0.0
0.0
0.0
0.0
0.0
0.0
0.0
0.0
0.0
0.0
0.0
0.0
0.0
0.0
0.0
0.0
0.0
0.0
0.0
0.0
0.0
0.0
0.0
0.0
0.0
0.0
0.0
0.0
0.0
0.0
0.0
0.0
0.0
0.0
0.0
0.0
0.0
0.0
0.0
0.0
0.0
0.0
0.0
0.0
0.0
0.0
0.0
0.0
0.0
0.0
0.0
0.0
0.0
0.0
0.0
0.0
0.0
0.0
0.0
0.0
0.0
0.0
0.0
0.0
0.0
0.0
0.0
0.0
0.0
0.0
0.0
0.0
0.0
0.0
0.0
0.0
0.0
0.0
0.0
0.0
0.0
0.0
0.0
0.0
0.0
0.0
0.0
0.0
0.0
0.0
0.0
0.0
0.0
0.0
0.0
0.0
0.0
0.0
0.0
0.0
0.0
0.0
0.0
0.0
0.0
0.0
0.0
0.0
0.0
0.0
0.0
0.0
0.0
0.0
0.0
0.0
0.0
0.0
0.0
0.0
0.0
0.0
0.0
0.0
0.0
0.0
0.0
0.0
0.0
0.0
0.0
0.0
0.0
0.0
0.0
0.0
0.0
0.0
0.0
0.0
0.0
0.0
0.0
0.0
0.0
0.0
0.0
0.0
0.0
0.0
0.0
0.0
0.0
0.0
0.0
0.0
0.0
0.0
0.0
0.0
0.0
0.0
0.0
0.0
0.0
0.0
0.0
0.0
0.0
0.0
0.0
0.0
0.0
0.0
0.0
0.0
0.0
0.0
0.0
0.0
0.0
0.0
0.0
0.0
0.0
0.0
0.0
0.0
0.0
0.0
0.0
0.0
0.0
0.0
0.0
0.0
0.0
0.0
0.0
0.0
0.0
0.0
0.0
0.0
0.0
0.0
0.0
0.0
0.0
0.0
0.0
0.0
0.0
0.0
0.0
0.0
0.0
0.0
0.0
0.0
0.0
0.0
0.0
0.0
0.0
0.0
0.0
2
2
1
295.0
18.2628703008549
0.0
0.0
43.0
9.8
1.0
2.0
3.0
4.0
5.0
6.0
7.0
8.0
9.0
10.0
11.0
12.0
13.0
14.0
15.0
16.0
17.0
18.0
19.0
20.0
21.0
22.0
23.0
24.0
25.0
26.0
27.0
28.0
29.0
30.0
31.0
32.0
33.0
34.0
35.0
36.0
37.0
38.0
39.0
40.0
41.0
42.0
43.0
44.0
45.0
46.0
47.0
48.0
49.0
50.0
51.0
52.0
53.0
54.0
55.0
56.0
57.0
58.0
59.0
60.0
0.0
0.0
0.0
0.0
0.0
0.0
0.0
0.0
0.0
0.0
0.0
0.0
0.0
0.0
0.0
0.0
0.0
0.0
0.0
0.0
0.0
0.0
0.0
0.0
0.0
0.0
0.99
0.0
0.0
0.0
0.0
0.0
0.0
0.0
0.0
0.0
0.0
0.0
0.0
0.0
0.0
0.0
0.0
0.0
0.0
0.0
0.0
0.0
0.0
0.0
0.0
0.0
0.0
0.0
0.0
0.0
0.0
0.0
0.0
0.0
0.0
0.0
0.0
0.0
0.0
0.0
0.0
0.0
0.0
0.0
0.0
0.0
0.0
0.0
0.0
0.0
0.0
0.0
0.0
0.0
0.0
0.0
0.0
0.0
0.0
0.0
16.2
0.0
0.0
0.0
0.0
0.0
0.0
0.0
0.0
0.0
0.0
0.0
0.0
0.0
0.0
0.0
0.0
0.0
0.0
0.0
0.0
0.0
0.0
0.0
0.0
0.0
0.0
0.0
0.0
0.0
0.0
0.0
0.0
0.0
0.0
0.0
0.0
0.0
0.0
0.0
0.0
0.0
0.0
0.0
0.0
0.0
0.0
0.0
0.0
0.0
0.0
0.0
0.0
0.0
0.0
0.0
0.0
0.0
0.0
0.0
0.5
0.0
0.0
0.0
0.0
0.0
0.0
0.0
0.0
0.0
0.0
0.0
0.0
0.0
0.0
0.0
0.0
0.0
0.0
0.0
0.0
0.0
0.0
0.0
0.0
0.0
0.0
0.0
0.0
0.0
0.0
0.0
0.0
0.0
0.0
