9.81
6.022e+23
0
0
0
3
0
1
300.0
2
2
0
0
1
1
0
1
60
7
1000.0
1.0


3
3
0
72.38857731909356
0
6.7
150.0
350.0
287.04
9.81
79000.0
40.0
20000.0
0.0
0.0
0.0
0.0
0.0280134
0.04401
0.0319988
0.039948
0.01604
0.01801528
0.048
99000.0
2.1153802199668344e+29
0.8
1e-06
1000000.0
0.6
3.0
0.0001
300
50
1.4969233346217825
0
1
6
1.0
1
0
1
1
0.02
1000000000000.0
1
299.1536840427734
297.20508730031463
295.17318711272355
293.11352341699217
291.038672355331
288.95491915350294
286.84797007722864
284.77832417171896
282.6987868553104
280.602240505252
278.5037026247671
276.4000655955073
274.29242720856223
272.1807019396192
270.0664712621618
267.948692430249
265.8234462726513
263.6946406941454
261.56549516781996
259.4348265716635
257.3013649053887
255.1637736191363
253.02502443236875
250.88818938556432
248.75434105585256
246.62071622771833
244.49016397177306
242.3675761783403
240.24200022688163
238.12724529133055
236.01391621078506
233.91565988027114
231.81410544153866
229.71244322975076
227.60314483789926
225.48411126065062
223.35792249336902
221.21970151106206
219.07871713444905
216.92438566233477
214.75139030291555
212.5715747483849
210.3717673417083
208.15467512935328
205.96977790530423
203.8246776334017
201.7431490974443
199.69570910689612
197.6589176356578
195.64936950993166
193.60693829179013
191.56253529188305
189.56019842417743
188.10423979079624
190.04643066379617
193.89953317668324
203.5494184840183
225.0676080869988
245.30604341254912
242.50147862552572
982.7273942441852
948.6699778906691
915.5760147627456
883.4221984828555
852.1867654498274
821.8479529331258
792.3867115959245
763.784975509846
736.0222269873302
709.0787241669478
682.9356620679225
657.5744641446265
632.9769233077602
609.1252115552788
586.0018345330327
563.5893986727255
541.8708186417132
520.8295961097815
500.4495922701552
480.71484518211344
461.60957608341323
443.11834017152535
425.2261650048167
407.9184651056182
391.1808295253712
374.9990755178692
359.35949329331834
344.24839736629946
329.65239628500046
315.55844302622756
301.9537981689883
288.8257974633199
276.16156961200477
263.94838888274694
252.17354560224874
240.8246255415488
229.88943790371468
219.35616678468028
209.21324211861577
199.4490043197627
190.05222487771385
181.0119351072106
172.31720082404485
163.95834506777854
155.92690613559373
148.21499355160643
140.81458910574838
133.71673560952462
126.9124715305392
120.39229822628255
114.14644461111621
108.16636902655424
102.45019917608563
97.03953192184076
91.9831584859719
87.33382040486745
83.20770070705858
79.61047618465918
76.29744869896163
73.03770203315842
158.33333333333334
475.0
791.6666666666667
1108.3333333333335
1425.0
1741.6666666666667
2058.3333333333335
2375.0
2691.666666666667
3008.3333333333335
3325.0
3641.666666666667
3958.3333333333335
4275.0
4591.666666666667
4908.333333333334
5225.0
5541.666666666667
5858.333333333334
6175.0
6491.666666666667
6808.333333333334
7125.0
7441.666666666667
7758.333333333334
8075.0
8391.666666666668
8708.333333333334
9025.0
9341.666666666668
9658.333333333334
9975.0
10291.666666666668
10608.333333333334
10925.0
11241.666666666668
11558.333333333334
11875.0
12191.666666666668
12508.333333333334
12825.0
13141.666666666668
13458.333333333334
13775.0
14091.666666666668
14408.333333333334
14725.0
15041.666666666668
15358.333333333334
15675.0
15991.666666666668
16308.333333333336
16625.0
16941.666666666668
17258.333333333336
17575.0
17891.666666666668
18208.333333333336
18525.0
18841.666666666668
7.833102463250844e+23
7.747725908677836e+23
7.661243402486021e+23
7.573633315153287e+23
7.484873449433826e+23
7.394941021608586e+23
7.303812641987253e+23
7.211464294627442e+23
7.117871316233889e+23
7.023008374198505e+23
6.926849443740554e+23
6.829367784103447e+23
6.730535913762442e+23
6.63032558459487e+23
6.52870775496214e+23
6.42565256164958e+23
6.321129290606576e+23
6.215106346427948e+23
6.107551220511852e+23
5.998430457826992e+23
5.8877096222183224e+23
5.775353260175027e+23
5.661324862980887e+23
5.545586827162399e+23
5.4281004131443394e+23
5.30882570201724e+23
5.187721550315821e+23
5.064745542700412e+23
4.939853942426864e+23
4.813001639484314e+23
4.6841420962703714e+23
4.553227290667228e+23
4.4202076563723804e+23
4.285032020327416e+23
4.1476475370797736e+23
4.007999619900482e+23
3.866031868468616e+23
3.721685992921911e+23
3.5749017340585916e+23
3.425616779460342e+23
3.2737666752917456e+23
3.119284733513862e+23
2.962101934230791e+23
2.8021468228693597e+23
2.6393454018700455e+23
2.4736210165437994e+23
2.304894234725328e+23
2.1330827198257504e+23
1.9581010968581177e+23
1.779860810978052e+23
1.5982699780470824e+23
1.4132332266884422e+23
1.2246515312654718e+23
1.0324220351674643e+23
8.364378637409134e+22
6.365879261507386e+22
4.327567054001708e+22
2.248240356750234e+22
1.2537446223844598e+21
1.2537446223844598e+21
-7.3090506662234676
-5.650163653589577
-4.7580384452098015
-4.131320243952833
-3.6527082194835576
-3.2642695161583704
-3.0625108430332286
-2.60645269073974
-2.2417571141152406
-2.0087100635880493
-1.799958080617891
-1.633368731483119
-1.499072067977544
-1.3950885719517292
-1.3100149468928226
-1.2481538655540494
-1.2284935287002783
-1.226977634832969
-1.2257561938833983
-1.2304561040213344
-1.2467175415586182
-1.2787390289011555
-1.3122976329635372
-1.3337825598836572
-1.3397853706094052
-1.3426518178919453
-1.3316037582000992
-1.2898456542303867
-1.259680756668096
-1.1922398752313612
-1.1227806120188715
-1.0078250327116374
-0.9095406170235668
-0.8170510590552155
-0.7518723050975319
-0.7172315809789888
-0.7031157931105699
-0.7199306482653636
-0.7412028588433893
-0.7916430694454639
-0.8799767670464727
-0.9753377773809675
-1.1044409447275327
-1.2569395167064434
-1.3317508344180335
-1.3225658075569413
-1.196060014532735
-1.0179477957960512
-0.8342611451553421
-0.6204774121789501
-0.4731981113166592
-0.3399500921610919
-0.157946131497829
0.0009194946521533312
0.0012462646414843244
0.0014021243424511137
0.0012633280918859131
0.001261331951290589
0.011895914273153622
-0.5445771619198431
-7.033763473111833
-5.384385629248371
-4.50150153626079
-3.88376265433493
-3.413874256623501
-3.0339092747838237
-2.8403805767028985
-2.39231301555499
-2.0353742521795937
-1.8098559831680205
-1.6084100324247999
-1.4489093457062836
-1.3214892836288925
-1.2241756287369014
-1.1455702497729305
-1.0899807344329986
-1.076400537743183
-1.0807778625838012
-1.0852661058536057
-1.0955249794602935
-1.1168926791696947
-1.1542539500377984
-1.192808311199002
-1.2191397278008935
-1.229828971433193
-1.2372264943613231
-1.2305581611082061
-1.193032189922178
-1.1669558125823016
-1.1034632563792002
-1.0378158374371083
-0.9265390450111965
-0.831803987047806
-0.7427378220428125
-0.6808600220564642
-0.6494013051509171
-0.6383519349346045
-0.6581209630824958
-0.682238260754815
-0.735417669371202
-0.8263878776541844
-0.9242856803380164
-1.0558289638397866
-1.210673938244696
-1.2877403177541282
-1.2807212799559693
-1.1562944031617235
-0.98017626108998
-0.7984012669336948
-0.5864488222727005
-0.4409226627799967
-0.30935082739551945
-0.12894202952497835
0.028336150681695926
0.027214580383571274
0.02602417898194176
0.024673963466597115
0.023624948404886936
0.033126565539078
-0.5242894869850829
-0.2752882149291169
-0.2657783252817055
-0.2565370041525725
-0.24755756914595825
-0.23883387071585135
-0.2303600758824643
-0.22213003557903296
-0.21413941075645573
-0.20638259378932416
-0.19885389574734258
-0.19154813615589444
-0.18446014190763782
-0.17758485829673323
-0.17091731562683526
-0.16445266790531035
-0.15818612913144153
-0.15211290879929054
-0.1462283906129818
-0.14052810725678405
-0.13500764028663653
-0.12966262099272685
-0.12448873010043697
-0.11948178232843745
-0.11463772020276362
-0.10995257072332242
-0.10542237256734405
-0.10104327837428757
-0.09681158721908982
-0.0927234651222117
-0.08877537304615699
-0.0849636666453788
-0.08128497624072491
-0.07773569887393762
-0.07431235087051244
-0.07101140941675162
-0.06782939967979414
-0.0647629615105675
-0.06180874309255799
-0.05896359068378366
-0.056224287820364045
-0.0535876314726673
-0.05105064251666679
-0.04861026097605208
-0.046263526721849454
-0.04400807197491716
-0.0418416056976411
-0.03976207461433198
-0.0377671173594548
-0.035854163677261096
-0.03402084980924551
-0.03226430977545309
-0.030582029803087742
-0.028971820908032075
-0.027434836114052417
-0.025992822975406987
-0.024650901756569712
-0.02343299316299328
-0.022379146835227726
-0.021452391364320974
-0.020554974663749292
-34.545211511629645
-33.56962119540265
-32.6183050604443
-31.689327499335718
-30.781538566720542
-29.89608646668262
-29.026396207720268
-28.177075964436426
-27.34842108059513
-26.53858456016974
-25.747539637881005
-24.97485620871089
-24.220225465021826
-23.483198039940817
-22.763556004551447
-22.061315716063064
-21.375844345961355
-20.70660071790212
-20.053406961350504
-19.41608721473301
-18.794450982667456
-18.188020841108255
-17.596329492309053
-17.01907030608794
-16.456200854406063
-15.907307160598009
-15.37185728850369
-14.850334565534013
-14.341667597063918
-13.846238920481937
-13.363050793996536
-12.892950617340432
-12.435505085289776
-11.990856373225824
-11.558830187770582
-11.139009933629268
-10.73136534203897
-10.335176896029878
-9.950672436099097
-9.57780316160705
-9.215755722490655
-8.864823818515845
-8.524644747815671
-8.193066764716946
-7.869811099652679
-7.554014068321919
-7.24679482339414
-6.948912169053386
-6.659615988917494
-6.380730619595809
-6.1109766107368415
-5.849174558387105
-5.583165142550115
-5.238169365939626
-4.874577505798101
-4.424098656410806
-3.8281407392069298
-3.3663083055918577
-3.2597466658032346
-3.259746665803192
300.0
297.87833333333333
295.75666666666666
293.635
291.5133333333333
289.39166666666665
287.27
285.1483333333333
283.02666666666664
280.905
278.7833333333333
276.66166666666663
274.53999999999996
272.4183333333333
270.2966666666666
268.17499999999995
266.0533333333333
263.9316666666666
261.80999999999995
259.6883333333333
257.5666666666666
255.44499999999994
253.32333333333327
251.2016666666666
249.07999999999993
246.95833333333326
244.8366666666666
242.71499999999992
240.59333333333325
239.18462136771967
237.07057940854935
234.9647867344774
232.86488137432656
230.7632730665763
228.65779277179576
226.54362678624477
224.4219601195781
222.30029345291143
220.17862678624476
218.0569601195781
215.93529345291142
213.81362678624475
211.69196011957808
209.57029345291141
207.44862678624474
205.32696011957808
203.2052934529114
201.08362678624474
198.96196011957807
196.8402934529114
194.71862678624473
192.59696011957806
190.56134878606628
188.8318627913941
189.07448899904327
191.97185898948874
198.7232057829662
214.3071238211847
235.17892199997132
243.88948066919312
241.76781400252648
1000.0
965.4547884883704
931.8851672929677
899.2668622325234
867.5775347331877
836.7959961664671
806.8999096997845
777.8735134920643
749.6964375276278
722.3480164470327
695.809431886863
670.061892248982
645.0870360402711
620.8668105752492
597.3836125353084
574.620056530757
552.5587408146939
531.1828964687326
510.47629575083045
490.42288878947994
471.00680157474693
452.2123505920795
434.0243297509712
416.42800025866217
399.4089299525742
382.95272909816816
367.04542193757015
351.67356464906646
336.82323008353245
322.48156248646853
308.6353235659866
295.27227277199006
282.3793221546496
269.94381706935985
257.952960696134
246.39413050836345
235.25512057473418
224.5237552326952
214.18857833666533
204.23790590056623
194.66010273895918
185.44434701646853
176.57952319795268
168.054878450137
159.86181168542007
151.99200058576739
144.43798651744547
137.19119169405133
130.24227952499794
123.58266353608045
117.20193291648464
111.0909563057478
105.24178174736069
99.65861660481058
94.42044723887095
89.54586973307285
85.12177107666204
81.29363033745511
77.92732203186326
74.66757536606002
71.40782870025683
0.0
316.6666666666667
633.3333333333334
950.0
1266.6666666666667
1583.3333333333335
1900.0
2216.666666666667
2533.3333333333335
2850.0
3166.666666666667
3483.3333333333335
3800.0
4116.666666666667
4433.333333333334
4750.0
5066.666666666667
5383.333333333334
5700.0
6016.666666666667
6333.333333333334
6650.0
6966.666666666667
7283.333333333334
7600.0
7916.666666666667
8233.333333333334
8550.0
8866.666666666668
9183.333333333334
9500.0
9816.666666666668
10133.333333333334
10450.0
10766.666666666668
11083.333333333334
11400.0
11716.666666666668
12033.333333333334
12350.0
12666.666666666668
12983.333333333334
13300.0
13616.666666666668
13933.333333333334
14250.0
14566.666666666668
14883.333333333334
15200.0
15516.666666666668
15833.333333333334
16150.000000000002
16466.666666666668
16783.333333333336
17100.0
17416.666666666668
17733.333333333336
18050.0
18366.666666666668
18683.333333333336
19000.0
473.05787681201264
476.18600145894163
476.6485060551375
474.1562840782179
469.3922196435411
462.88066286305275
455.93925390579125
458.0683182056979
457.4587942720979
454.323817262652
449.05151696492055
443.3404396562344
437.48338389838733
431.6653420944634
426.18083424485843
421.0291567154513
416.2025247956159
411.6744652383119
407.59763200867206
404.206220313037
401.50766640251413
399.3831962326173
397.3183803385409
395.3073023524739
393.35001084748177
391.42922160635203
389.5101564421787
387.59112918915685
385.962262783378
385.0329767929741
384.0494509394964
383.3720424857403
384.0862856702567
385.3423000936624
387.1301902661676
389.2627893943306
391.28789855622733
393.1604673927824
394.83965165316727
396.3141823121358
397.54096845350375
398.5109149644393
399.26193002596347
399.79372427490716
400.12794046382294
400.309551156254
400.3370292902636
400.21905933190385
400.0779295651181
399.9728254537269
399.8855678048606
399.79847435182467
399.7066876974556
399.61045005410483
399.56140120862267
399.62441999357213
399.7992433295278
400.20402131478534
400.9912260859546
401.15755690143135
401.254483332372
459.2934191355136
453.0334655142802
445.3563839381313
437.2426095568333
428.9775296236278
420.7030100374536
412.4704410567878
404.0767642156257
395.9900479042535
388.1961571516395
380.6575026222827
373.3339164091256
366.2315638268261
359.3640391438011
352.7147545864055
346.2837403146021
340.0622045254756
334.0217167909669
328.184928327962
322.5531984413007
317.1089310417599
311.8476515284511
306.7916172207657
301.9438444732717
297.3158848751208
292.9039927336256
288.6879699320324
284.6797894185523
280.8796660122455
277.6602225708094
274.2642670294897
271.0493554096362
267.9985654077985
265.133882378913
262.4349323026561
259.8784266192861
257.4896429995635
255.25543111157
253.1641639790167
251.2268443520863
249.4185567399035
247.7354760490414
246.1938834643079
244.7841530433874
243.5129956091008
242.4071043041068
241.4500929886974
240.6384086178678
239.9451070688347
239.3468800471442
238.8274060606773
238.3707601124305
237.9735197040064
237.6374811657889
237.406192246086
237.3430560617104
237.4444446010615
237.8567559447199
238.7173750793206
238.8902357985648
238.983998806867
13.76445767649903
23.15253594466147
31.29212211700624
36.91367452138457
40.41469001991333
42.17765282559911
43.46881284900344
53.99155399007221
61.46874636784441
66.12766011101252
68.39401434263783
70.00652324710882
71.25182007156123
72.30130295066235
73.46607965845293
74.74541640084918
76.14032027014032
77.65274844734503
79.4127036807101
81.65302187173631
84.39873536075426
87.53554470416621
90.5267631177752
93.36345787920219
96.034125972361
98.52522887272644
100.8221865101463
102.9113397706046
105.0825967711325
107.3727542221647
109.7851839100067
112.3226870761041
116.0877202624582
120.2084177147494
124.6952579635115
129.3843627750445
133.7982555566638
137.9050362812124
141.6754876741506
145.0873379600495
148.1224117136003
150.7754389153979
153.0680465616556
155.0095712315198
156.6149448547221
157.9024468521472
158.8869363015662
159.580650714036
160.1328224962834
160.6259454065827
161.0581617441833
161.4277142393942
161.7331679934492
161.9729688883159
162.1552089625367
162.2813639318617
162.3547987284663
162.3472653700654
162.273851006634
162.2673211028666
162.270484525505
565.0435257742785
561.1378869480958
556.2160059150432
549.2222824018627
540.5744553128511
530.6490242757392
520.6737060436939
519.9623897668977
516.9605528177427
511.79020155611715
504.7080452752176
497.3885579341068
490.0825928305534
482.9430617430006
476.23437826465874
469.9371304854787
464.02051783121027
458.4160577361631
453.2584466439395
448.7817688424509
444.9876899524676
441.7463271034011
438.5272572592869
435.3233709620208
432.1469397292279
428.9963215166649
425.8400298581305
422.6904444440004
419.8685458482994
417.77230404531286
415.685314935456
413.97009064426294
413.7577947837682
414.18200522012603
415.22715757058836
416.67889667669493
418.0546045334406
419.2888214350612
420.30988473236357
421.10217713057745
421.59354560257407
421.7371042358554
421.5638336170416
421.0397989021455
420.16334115281654
419.05721152749345
417.803968381547
416.5297040200255
415.4083979921499
414.50489261382506
413.8311861426861
413.30317002687013
412.90203254510544
412.67685287222963
412.6561401774294
412.7463735427624
412.94722105769995
413.3766730064239
414.1875027259983
414.38696010701403
413.9595970509696
390.8098847614864
376.2509126281665
361.7426206032684
347.6137192820339
333.9424032613047
320.7585060517721
307.9939539432546
294.8483446328999
282.3869055654571
270.6194491494531
259.4393734178099
248.7410644951895
238.4741898905158
228.6153036248888
219.0987597096129
209.898695832216
200.9744094497944
192.2398863126803
183.6935154318034
175.3191427699543
167.0738780088467
158.9355264581178
150.9338571423661
143.0746552940435
135.3904984238518
127.8984963536469
120.5788224242042
113.467828906996
106.5858399956144
100.2926138699819
93.87892093264799
87.70035018083091
81.70992214778867
75.97375017930013
70.46049457943761
65.11098384242212
59.98447313516875
55.05324499221391
50.28269847544866
45.71470347495415
41.26269642379143
36.87325974296249
32.58514636264194
28.36246665488222
24.23257780609846
20.39682020116568
16.93978586181166
13.99829698215424
11.54190601534876
9.49749818063777
7.86651528495429
6.546359298141874
5.493320375799311
4.736072866626612
4.260720951936868
3.8433081247813
3.448847745050331
2.856812008168744
1.139299075660599
0.7404275718136647
0.0
174.2336410127921
184.8869743199293
194.4733853117748
201.6085631198288
206.6320520515464
209.8905182239671
212.6797521004393
225.1140451339978
234.5736472522856
241.1707524066641
245.2686718574077
248.6474934389173
251.6084029400376
254.3277581181118
257.1356185550458
260.0384346532627
263.0461083814159
266.1761714234828
269.5649312121361
273.4626260724966
277.9138119436209
282.8108006452833
287.5934001169208
292.2487156679773
296.7564413053761
301.097825163018
305.2612074339263
309.2226155370044
313.282705852685
317.479690175331
321.806394002808
326.269740463432
332.0478726359795
338.2082550408259
344.7666629911508
351.5679128342728
358.0701313982719
364.2355764428473
370.0271862569149
375.3874736556233
380.3308491787826
384.8638444928929
388.9786872543997
392.6773322472633
395.9307633467181
398.6603913263278
400.8641825197353
402.5314070378713
403.8664919768011
405.0073944331873
405.9646708577318
406.7568107287283
407.4087121693061
407.940780005603
408.3954192254925
408.9030654179811
409.4983733126496
410.5198609982552
413.0482036503377
413.6465325352004
413.9595970509696
91.98564896226594
84.95188548915411
79.56749985990574
75.06599832364495
71.18223566931002
67.76836141268652
64.7344521379027
61.894071561199794
59.501758545644805
57.46638429346521
55.65652831029719
54.04811827787239
52.59920893216611
51.277719648537214
50.05354401980031
48.90797377002738
47.817993035594384
46.7415924978512
45.6608146352674
44.575548529413794
43.4800235499535
42.363130870783806
41.20887692074601
40.016068609547006
38.79692888174611
37.56709991031292
36.329873415951596
35.09931525484339
33.90628306492121
32.73932725233891
31.63586399595971
30.5980481585226
29.671509113511405
28.8397051264636
28.096967304420787
27.416107282364322
26.766705977213405
26.1283540422788
25.470233079196305
24.78799481844149
24.052577149070288
23.226189271416104
22.301903591078087
21.2460746272383
20.035400688993604
18.747660371239476
17.466939091283507
16.310644688121783
15.330468427031803
14.532067160098109
13.945618337825408
13.504695675045411
13.195344847649892
13.066402818124914
13.09473896880661
13.12195354919018
13.147977728172123
13.17265169163872
13.196276640043607
13.229403205582685
12.705113718597602
68.48353437402716
76.7825528861137
83.61376333486287
89.62889027479935
95.03512636232307
99.94450398568148
104.4764871135332
109.2284195827258
113.6031423387964
117.5767080021864
121.2181292044727
124.5928519139361
127.7573739363103
130.7487355189123
133.6159948767926
136.385044482386
139.0877950756812
141.7818304782866
144.4914128961586
147.2340556713465
150.0350530329132
152.9121250703333
155.8577600783996
158.8691891792282
161.925386451269
165.0054963799787
168.1091475078283
171.2119605115563
174.2938260166312
177.3676087008275
180.3853460968416
183.3490052288053
186.2886432600099
189.1601321996129
191.9744377232185
194.767442776864
197.5051698643947
200.2021861193561
202.881465503568
205.5121408771322
208.155860316112
210.8622163060789
213.608737101666
216.4216863885052
219.2804178030024
222.0102841029411
224.5103071268857
226.6401116357135
228.4032010534859
229.8493818665065
230.9608907757231
231.8244008142886
232.4801993282071
232.9014082991622
233.1454712941492
233.4997479369291
233.9955968560112
234.9999439365511
237.5780760036601
238.1498082267511
238.983998806867
160.4691833362931
161.7344383752678
163.1812631947686
164.6948885984443
166.2173620316331
167.712865398368
169.2109392514359
171.1224911439256
173.1049008844412
175.0430922956516
176.8746575147699
178.6409701918085
180.3565828684764
182.0264551674495
183.6695388965929
185.2930182524134
186.9057881112756
188.5234229761378
190.152227531426
191.8096042007603
193.5150765828667
195.2752559411171
197.0666369991456
198.8852577887752
200.7223153330151
202.5725962902916
204.4390209237799
206.3112757663997
208.2001090815524
210.1069359531664
212.0212100928013
213.9470533873279
215.9601523735213
217.9998373260765
220.0714050276393
222.1835500592283
224.2718758416081
226.3305401616349
228.3516985827643
230.3001356955737
232.2084374651823
234.088405577495
235.9106406927441
237.6677610157435
239.315818491996
240.7579444741806
241.9772462181692
242.9507563238353
243.7336694805177
244.3814490266046
244.9065091135485
245.329096489334
245.675544175857
245.9678111172871
246.2402102629558
246.6217014861193
247.1435745841833
248.1725956281898
250.7743526437037
251.3792114323338
251.6891125254646
-1.7166130515896145
-1.3520802540118122
-1.1630853553254488
-1.032996840570623
-0.9345541495961982
-0.8552444055531849
-0.824629176665726
-0.7153223948798608
-0.626898809601281
-0.574388981978887
-0.5260902157706064
-0.48857704937756463
-0.459550297227991
-0.43895140936218513
-0.4239583767848315
-0.41598521532000465
-0.4244164732329614
-0.4395739434192144
-0.45587215462824626
-0.47555091844506925
-0.5009319701753724
-0.5352556291184364
-0.5713411493981414
-0.6041594908706412
-0.6304885852708195
-0.6561277874834306
-0.6750494000778509
-0.6782947373384571
-0.6861927714147411
-0.6733927011871801
-0.655774629683747
-0.6070021542621691
-0.5648773326439791
-0.5250288737154609
-0.49730693405445314
-0.49367352626733596
-0.5049767343763667
-0.5383759640434791
-0.5804073801085008
-0.6504123058457503
-0.7578482871217922
-0.881224391515534
-1.0466166799598078
-1.2466202323193971
-1.381058770698695
-1.4301090149159081
-1.345485153446402
-1.1891814204302609
-1.0094030060149868
-0.7746315839636819
-0.6080622568255963
-0.4449485639493662
-0.19345403827556362
0.039963372648833595
0.022045681508417236
-0.033418971649830986
-0.324848849996241
-1.155296670803864
-0.1901367577055071
-1.4977295271733286
0.0
-2.02610910374647
-1.716228757866536
-1.55527559616547
-1.4388182413926
-1.345117014339605
-1.278491645373255
-1.38070561844131
-1.309418774183332
-1.225383666474512
-1.15722314640805
-1.105417433524044
-1.068634218434784
-1.041632879560259
-1.029754472788423
-1.025922552167315
-1.033233565248499
-1.06292827810006
-1.103614741609228
-1.153466541170807
-1.216676149126559
-1.291055886250415
-1.365895403118903
-1.443359484952861
-1.514500789848625
-1.578558167939425
-1.645508699824625
-1.702367075133271
-1.750255277345549
-1.807579715821507
-1.838118792880987
-1.870452069656763
-1.922938920674676
-1.947456070243023
-1.979452084219508
-2.03789493198725
-2.072848267314095
-2.119593282995192
-2.186371909140376
-2.229660703950999
-2.327948708335706
-2.476725740709884
-2.61298389163926
-2.782976646918186
-2.942732652787983
-2.925506153472015
-2.79119490746806
-2.478664344167364
-2.139840761517784
-1.831459602613808
-1.469151110566872
-1.191737727036992
-0.9455832679451651
-0.6362673139350103
-0.3929563317227008
-0.6129528552567727
-0.9452490465714366
-2.212677435317
-6.458796098248996
-1.479142768596567
-2.158155364304565
0.0
0.3094960521568555
0.3641485038547238
0.3921902408400213
0.4058214008219771
0.4105628647434068
0.4232472398200702
0.556076441775584
0.5940963793034713
0.5984848568732309
0.582834164429163
0.5793272177534377
0.5800571690572193
0.582082582332268
0.5908030634262378
0.6019641753824835
0.6172483499284943
0.6385118048670986
0.6640407981900135
0.6975943865425607
0.7411252306814897
0.7901239160750425
0.8306397740004666
0.8720183355547196
0.9103412989779837
0.9480695826686054
0.9893809123411945
1.02731767505542
1.071960540007092
1.121386944406766
1.164726091693807
1.214677439973016
1.315936766412507
1.382578737599044
1.454423210504047
1.540587997932797
1.579174741046759
1.614616548618825
1.647995945096897
1.649253323842498
1.677536402489956
1.718877453588092
1.731759500123726
1.736359966958378
1.696112420468586
1.54444738277332
1.361085892552152
1.133179190720962
0.9506593410875229
0.8220565965988211
0.69451952660319
0.5836754702113957
0.5006347039957989
0.4428132756594467
0.4329197043715344
0.6349985367651899
0.9118300749216056
1.887828585320759
5.303499427445132
1.28900601089106
0.6604258371312363
0.0
1.0
1.0
1.0
1.0
1.0
1.0
1.0
1.0
1.0
1.0
1.0
1.0
1.0
1.0
1.0
1.0
1.0
1.0
1.0
1.0
1.0
1.0
1.0
1.0
1.0
1.0
1.0
1.0
1.0
0.0
1.0
1.0
0.0
1.0
1.0
0.0
1.0
1.0
1.0
1.0
1.0
1.0
1.0
1.0
1.0
1.0
1.0
1.0
1.0
1.0
1.0
0.0
0.0
0.0
0.0
0.0
0.0
0.0
0.0
0.0
0.0
1.0
1.0
1.0
1.0
1.0
1.0
1.0
1.0
1.0
1.0
1.0
1.0
1.0
1.0
1.0
1.0
0.920954420531807
0.920954420531807
0.920954420531807
0.920954420531807
0.920954420531807
0.920954420531807
0.920954420531807
0.920954420531807
0.920954420531807
0.920954420531807
0.920954420531807
0.920954420531807
0.920954420531807
0.920954420531807
0.920954420531807
0.920954420531807
0.920954420531807
0.920954420531807
0.920954420531807
0.920954420531807
0.920954420531807
0.920954420531807
0.920954420531807
0.920954420531807
0.920954420531807
0.920954420531807
0.920954420531807
0.920954420531807
0.920954420531807
1.0
1.0
1.0
1.0
1.0
1.0
1.0
1.0
1.0
1.0
1.0
1.0
1.0
1.0
1.0
1.0
1.0
1.0
1.0
1.0
1.0
1.0
1.0
1.0
1.0
1.0
1.0
1.0
1.0
0.016428266785110578
0.016183511718147955
0.0157973984546413
0.015276431664851663
0.01462990928977748
0.013979350982099348
0.013320743685458528
0.012613888156220035
0.011883359184328703
0.011139307430137092
0.010402156387916181
0.009710993302984848
0.009057338821208398
0.008465401644747132
0.007922756096170018
0.007422223578046602
0.006993691725021574
0.00656515987199654
0.006153299276293584
0.005783826239100995
0.005414353201908407
0.005053391373840622
0.0047097624032610315
0.004366133432681442
0.004035789976741098
0.003727459487875888
0.0034191289990106797
0.003120667298251123
0.0028356439472524576
0.0025506205962537933
0.0022817712911057404
0.0020311263907555055
0.0017804814904052693
0.0015594798029767332
0.0013661145345583692
0.001172749266140007
0.0010108103794133824
0.0008731099253745354
0.0007354094713356885
0.0006233181887092625
0.000527489358632785
0.00043166052855630755
0.00034963386168253215
0.0002747599875931357
0.00019988611350373975
0.0001409827624656342
9.316738853219045e-05
6.02406848140796e-05
3.8857020906184794e-05
2.3552399580322037e-05
1.4240414043718155e-05
8.536184692243027e-06
4.669493909029069e-06
2.7585374431471037e-06
2.4021671070193325e-06
2.3439392066089975e-06
2.495075911942513e-06
2.552513353420346e-06
2.7550066196589275e-06
3.918070554768376e-06
0.0004
0.0004
0.0004
0.0004
0.0004
0.0004
0.0004
0.0004
0.0004
0.0004
0.0004
0.0004
0.0004
0.0004
0.0004
0.0004
0.0004
0.0004
0.0004
0.0004
0.0004
0.0004
0.0004
0.0004
0.0004
0.0004
0.0004
0.0004
0.0004
0.0004
0.0004
0.0004
0.0004
0.0004
0.0004
0.0004
0.0004
0.0004
0.0004
0.0004
0.0004
0.0004
0.0004
0.0004
0.0004
0.0004
0.0004
0.0004
0.0004
0.0004
0.0004
0.0004
0.0004
0.0004
0.0004
0.0004
0.0004
0.0004
0.0004
0.0004
8.60451419224123e-09
1.578021977514803e-08
2.1892415260555535e-08
2.6925828092092847e-08
2.971401735545372e-08
3.191536891169426e-08
3.3615820560817765e-08
3.4746051764151937e-08
3.5661340336177934e-08
3.6398811651530586e-08
3.6864029565337865e-08
3.7202242046694526e-08
3.743385508154835e-08
3.7482031518220545e-08
3.74258526023047e-08
3.730742951458454e-08
3.7124070818281054e-08
3.694071212197757e-08
3.678655663276213e-08
3.670665185093012e-08
3.662674706909812e-08
3.66023509716688e-08
3.6690996875910616e-08
3.6779642780152424e-08
3.6903178538193995e-08
3.7084523814632495e-08
3.726586909107099e-08
3.747683636083778e-08
3.7728139961945275e-08
3.797944356305276e-08
3.8298642947284706e-08
3.8694261202309925e-08
3.9089879457335157e-08
3.957872216284235e-08
4.015447818582019e-08
4.073023420879802e-08
4.1342697689445876e-08
4.198347277308391e-08
4.262424785672194e-08
4.3230986919605434e-08
4.381611227372829e-08
4.440123762785115e-08
4.5133689117812545e-08
4.594249047452311e-08
4.6751291831233675e-08
4.796747172172955e-08
4.949951687407961e-08
5.152241095280844e-08
5.3986620437539895e-08
5.680107822856821e-08
6.015331959489829e-08
6.559586769304933e-08
7.569057461390363e-08
9.442662951156912e-08
2.539995051245074e-07
4.925296956825388e-07
1.3900175836980765e-06
3.720822161311321e-06
7.931814761427643e-06
2.7860567514510038e-06
0.0
0.0
0.0
0.0
0.0
0.0
0.0
0.0
0.0
0.0
0.0
0.0
0.0
0.0
0.0
0.0
0.0
0.0
0.0
0.0
0.0
0.0
0.0
0.0
0.0
0.0
0.0
0.0
0.0
0.0
0.0
0.0
0.0
0.0
0.0
0.0
0.0
0.0
0.0
0.0
0.0
0.0
0.0
0.0
0.0
0.0
0.0
0.0
0.0
0.0
0.0
0.0
0.0
0.0
0.0
0.0
0.0
0.0
0.0
0.0
0.0
0.0
0.0
0.0
0.0
0.0
0.0
0.0
0.0
0.0
0.0
0.0
0.0
0.0
0.0
0.0
0.0
0.0
0.0
0.0
0.0
0.0
0.0
0.0
0.0
0.0
0.0
0.0
0.0
0.0
0.0
0.0
0.0
0.0
0.0
0.0
0.0
0.0
0.0
0.0
0.0
0.0
0.0
0.0
0.0
0.0
0.0
0.0
0.0
0.0
0.0
0.0
0.0
0.0
0.0
0.0
0.0
0.0
0.0
0.0
0.0
0.0
0.0
0.0
0.0
0.0
0.0
0.0
0.0
0.0
0.0
0.0
0.0
0.0
0.0
0.0
0.0
0.0
0.0
0.0
0.0
0.0
0.0
0.0
0.0
0.0
0.0
0.0
0.0
0.0
0.0
0.0
0.0
0.0
0.0
0.0
0.0
0.0
0.0
0.0
0.0
0.0
0.0
0.0
0.0
0.0
0.0
0.0
0.0
0.0
0.0
0.0
0.0
0.0
0.0
0.0
0.0
0.0
0.0
0.0
0.0
0.0
0.0
0.0
0.0
0.0
0.0
0.0
0.0
0.0
0.0
0.0
0.0
0.0
0.0
0.0
0.0
0.0
0.0
0.0
0.0
0.0
0.0
0.0
0.0
0.0
0.0
0.0
0.0
0.0
0.0
0.0
0.0
0.0
0.0
0.0
0.0
0.0
0.0
0.0
0.0
0.0
0.0
0.0
0.0
0.0
0.0
0.0
0.0
0.0
0.0
0.0
0.0
0.0
0.0
0.0
0.0
0.0
0.0
0.0
0.0
0.0
0.0
0.0
0.0
0.0
0.0
0.0
0.0
0.0
0.0
0.0
0.0
0.0
0.0
0.0
0.0
0.0
0.0
0.0
0.0
0.0
0.0
0.0
0.0
0.0
0.0
0.0
0.0
0.0
0.0
0.0
0.0
0.0
0.0
0.0
0.0
0.0
0.0
0.0
0.0
0.0
0.0
0.0
0.0
0.0
0.0
0.0
0.0
0.0
0.0
0.0
0.0
0.0
0.0
0.0
0.0
0.0
0.0
0.0
2
2
1
300.0
12.705113718597602
0.0
0.0
50.0
6.7
1.0
2.0
3.0
4.0
5.0
6.0
7.0
8.0
9.0
10.0
11.0
12.0
13.0
14.0
15.0
16.0
17.0
18.0
19.0
20.0
21.0
22.0
23.0
24.0
25.0
26.0
27.0
28.0
29.0
30.0
31.0
32.0
33.0
34.0
35.0
36.0
37.0
38.0
39.0
40.0
41.0
42.0
43.0
44.0
45.0
46.0
47.0
48.0
49.0
50.0
51.0
52.0
53.0
54.0
55.0
56.0
57.0
58.0
59.0
60.0
0.0982309635640605
0.09266793481150429
0.07945574152418328
0.05489655527699537
0.03189225817592904
0.0191988219879332
0.09266793481150429
0.07945574152418328
0.05489655527699537
0.03189225817592904
0.0191988219879332
0.011959178002670243
0.007831886497530503
0.008763944739639738
0.009804611707781853
0.010943026529353559
0.012081441350925266
0.01555919829453593
0.023047256018784764
0.030535313743033598
0.03588808391091338
0.033233525742409245
0.03057896757390511
0.02792440940540097
0.025269851236896824
0.02261529306839269
0.019960734899888553
0.02007800688193518
0.020521376528752487
0.020964746175569794
0.0214081158223871
0.030992418290136315
0.03337045863033687
0.03574849897053745
0.03688487352265967
0.03454458386816253
0.03220429421366538
0.029864004559168253
0.027523714904671114
0.025183425250173964
0.022843135595676824
0.02010264542446555
0.017339921891214593
0.014577198357963641
0.01181447482471269
0.009051751291461723
0.006289027758210771
0.004780608022156888
0.004003865501134605
0.003227122980112326
0.002450380459090043
0.0016736379380677645
0.0008968954170454858
0.0003654400079249829
0.0003654400079249829
0.0003654400079249829
0.0003654400079249829
0.0003654400079249829
0.0003654400079249829
0.0003654400079249829
1.8345569870481322
1.5900933530003412
1.0094922221368376
0.5637817438678556
0.22969674382965535
0.1373454902255188
1.5900933530003412
1.0094922221368376
0.5637817438678556
0.22969674382965535
0.1373454902255188
0.08619775028921384
0.058432109361626565
0.06776975638818442
0.0770844738382176
0.08637855466937855
0.09567263550053952
0.11769192921688121
0.1615258735935325
0.20535981797018377
0.23574069472238257
0.21567256788288486
0.19560444104338712
0.1755363142038894
0.1554681873643916
0.1354000605248939
0.11533193368539618
0.11815678752309855
0.12367493320517736
0.1291930788872562
0.13471122456933504
0.2148338631589498
0.23348820774464168
0.2521425523303337
0.2605136605441761
0.24009170691683993
0.21966975328950367
0.19924779966216763
0.17882584603483148
0.1584038924074952
0.13798193878015902
0.11866178350867293
0.09940283925695627
0.08014389500523962
0.06088495075352296
0.04162600650180619
0.022367062250089532
0.013782500125680051
0.011424660908866287
0.00906682169205254
0.006708982475238778
0.004351143258425028
0.001993304041611279
0.00038004563010714633
0.00038004563010714633
0.00038004563010714633
0.00038004563010714633
0.00038004563010714633
0.00038004563010714633
0.00038004563010714633
0.5
0.5
0.5
0.5
0.5
0.5
0.5
0.5
0.5
0.5
0.5
0.5
0.5
0.5
0.5
0.5
0.5
0.5
0.5
0.5
0.5
0.5
0.5
0.5
0.5
0.5
0.5
0.5
0.5
0.5
0.5
0.5
0.5
0.5
0.5
0.5
0.5
0.5
0.5
0.5
0.5
0.5
0.5
0.5
0.5
0.5
0.5
0.5
0.5
0.5
0.5
0.5
0.5
0.5
0.5
0.5
0.5
0.5
0.5
0.5
0.0
