9.81
6.022e+23
0
0
0
3
0
1
295.0
2
2
0
0
1
1
0
1
60
7
1000.0
1.0


3
3
0
72.38857731909356
0
6.7
150.0
1000.0
287.04
9.81
79000.0
40.0
20000.0
0.0
0.0
0.0
0.0
0.0280134
0.04401
0.0319988
0.039948
0.01604
0.01801528
0.048
99000.0
2.1153802199668344e+29
0.8
1e-06
1000000.0
0.6
3.0
0.0001
300
49
1.4727394257867066
0
1
6
1.0
1
0
1
1
0.1
1000000000000.0
1
294.06071021127843
293.11784873984305
292.14837793639487
291.1616281588812
290.16657212979175
289.1485130026034
288.10920183725983
287.0506041505181
285.97274793116395
284.87316422429967
283.7561797573926
282.61786399835665
281.4575188719787
280.2742720729603
279.06777995763207
277.83721394331496
276.57971794233333
275.29810179517085
273.99129505231406
272.65399302090475
271.28990257287137
269.8991562360137
268.4804454195848
267.0329538066816
265.557971870999
264.06979568845514
262.79337729358326
261.0163654421117
259.3730010247187
257.69761586479
255.9814416931126
254.22009948213474
252.40942761652235
250.54250984187289
248.61351482634814
246.62280858838295
244.5614080516321
242.42103418535388
240.2009144197022
237.89113506130928
235.48247027025982
232.97152781304123
230.34821386917315
227.60192693872756
224.71664828330438
221.67893708074826
218.4734085123793
215.0718154753622
211.43401094600532
207.5269021551687
204.16148214899405
202.1260972522047
200.80045288783649
200.57856085791914
202.89831957262535
207.42345829225823
215.45615901098077
224.68251833173161
236.8984282869952
243.76588914945066
991.675
975.0250000000001
958.375
941.7249999999999
925.075
908.425
891.7750000000001
875.125
858.4749999999999
841.825
825.175
808.5250000000001
791.875
775.225
758.575
741.925
725.2750000000001
708.625
691.975
675.325
658.675
642.0250000000001
625.375
608.725
592.075
575.425
558.7750000000001
542.125
525.4750000000001
508.82500000000005
492.17500000000007
475.52500000000003
458.87500000000006
442.2250000000001
425.57500000000005
408.925
392.27500000000003
375.62500000000006
358.9750000000001
342.32500000000005
325.675
309.02500000000003
292.37500000000006
275.7250000000001
259.0750000000001
242.42500000000007
225.77500000000003
209.12500000000006
192.47500000000008
175.8250000000001
159.17500000000007
142.52500000000003
125.87500000000006
109.22500000000008
92.5750000000001
75.92500000000013
59.27500000000009
42.62500000000006
25.97500000000008
9.325000000000045
73.22917482356604
220.7133371489267
370.2809289118408
521.9996381698761
675.939265108557
832.1700200269377
990.7671099386154
1151.8106326089387
1315.3846871577307
1481.5789769942903
1650.4887868452627
1822.2139521364873
1996.8601864457203
2174.539707257757
2355.371824297775
2539.4827435426528
2727.007474259638
2918.091250529279
3112.8876333286335
3311.561146112498
3514.2903788898893
3721.267548633852
3932.699606223663
4148.810936259695
4369.8517216639375
4596.198322295944
4828.039399906103
5065.554773050204
5309.156778605868
5559.215172736578
5816.131336412533
6080.345160851668
6352.339345018145
6632.645071354002
6921.854086735779
7220.626683994373
7529.698238938707
7849.898419099754
8182.167745304832
8527.573738137919
8887.34276917419
9262.894405958697
9655.88081683307
10068.23941157979
10502.266501470998
10960.72042701628
11446.946607997827
11965.043790172182
12520.133586823595
13120.039411272468
13777.83861199632
14511.755501639926
15347.516726142661
16328.564958925024
17527.76634583313
19078.51605838019
21247.81528003204
24753.30285172847
33342.31151024594
56560.69457252452
3.521179111399233e+23
3.521179111399233e+23
3.521179111399257e+23
3.521179111399233e+23
3.521179111399233e+23
3.521179111399233e+23
3.521179111399233e+23
3.521179111399257e+23
3.521179111399233e+23
3.521179111399233e+23
3.521179111399233e+23
3.521179111399233e+23
3.521179111399257e+23
3.5211791113992086e+23
3.521179111399257e+23
3.521179111399233e+23
3.521179111399233e+23
3.521179111399257e+23
3.5211791113992086e+23
3.521179111399257e+23
3.521179111399233e+23
3.521179111399233e+23
3.521179111399257e+23
3.5211791113992086e+23
3.521179111399257e+23
3.521179111399233e+23
3.521179111399233e+23
3.521179111399233e+23
3.521179111399233e+23
3.521179111399244e+23
3.521179111399244e+23
3.521179111399233e+23
3.521179111399233e+23
3.521179111399233e+23
3.521179111399257e+23
3.521179111399233e+23
3.521179111399233e+23
3.521179111399233e+23
3.521179111399233e+23
3.521179111399257e+23
3.521179111399233e+23
3.521179111399233e+23
3.521179111399233e+23
3.521179111399233e+23
3.521179111399233e+23
3.521179111399257e+23
3.521179111399233e+23
3.521179111399233e+23
3.521179111399233e+23
3.521179111399233e+23
3.521179111399257e+23
3.521179111399233e+23
3.521179111399233e+23
3.521179111399233e+23
3.521179111399233e+23
3.521179111399233e+23
3.521179111399257e+23
3.521179111399233e+23
3.521179111399233e+23
3.521179111399257e+23
-3.9098663084516163
-3.721387762415114
-3.58555918238764
-3.461660582299917
-3.3103974065832706
-3.190986921487235
-3.094044939711951
-3.009153801728579
-2.9338538623575765
-2.8759185482167884
-2.814681841661501
-2.7637196792742693
-2.722990142313321
-2.692994124489207
-2.6718348682884363
-2.6594420166164223
-2.6639381657333296
-2.66957723777606
-2.6765326168633514
-2.7022962339932386
-2.7264578595176
-2.743105560068524
-2.751914122841896
-2.750024166056225
-2.7250871550841764
-2.607099630483402
-1.4544452272806607
-2.227244758832505
-2.2739953103274475
-2.2739717942265556
-2.2524866147017577
-2.2154887136629595
-2.1668355514568276
-2.1205098950310814
-2.0843198519304966
-2.0382431695659293
-1.999233034258626
-1.978596503906609
-1.9533224265978053
-1.9349122036449433
-1.9275745358943857
-1.9058471945649804
-1.865677942385617
-1.7971788206744796
-1.7029858880110373
-1.56183859297009
-1.3446999747816797
-1.055532148450134
-0.7178738490135835
-0.25218259832235157
0.09607441506278094
0.12812937386717133
0.1460357259197585
0.14617509414441993
0.12385430095216539
0.10020251503314666
0.06339592091907384
0.033415216472824166
0.02393610645187215
0.03638592882942959
-3.0831155912214
-2.9083917252894054
-2.7863249611342127
-2.676189948484577
-2.538691090052822
-2.433045932013684
-2.349868257751581
-2.278742777211818
-2.217207567745419
-2.1730379381583873
-2.1255665134473247
-2.088369848188279
-2.061405460914699
-2.0451747170517933
-2.0377806342753217
-2.039152461049383
-2.0574134226216074
-2.076817161015299
-2.0975367986307845
-2.1370647659906865
-2.174990556578649
-2.2054018323212574
-2.2279740008684996
-2.239847175305613
-2.228672469911487
-2.1244462626438008
-0.9855441693674436
-1.772113329615081
-1.832626475842602
-1.846365356002508
-1.8386338771614135
-1.8153917252994916
-1.7804997535078542
-1.747932856406834
-1.7254608720697036
-1.6931455070737513
-1.6678701046150195
-1.6609577398013187
-1.649394284394191
-1.6446736723506206
-1.6509964920506661
-1.6428929511188244
-1.6163016674667006
-1.5613194474736076
-1.4805830387387005
-1.3531131945972277
-1.1496496468534474
-0.8734620653417551
-0.5488270436972584
-0.09530801522578258
0.23320664247796685
0.2508199864823837
0.25400819535082064
0.2395424926993428
0.20330065840181533
0.16657802251364728
0.11686803061468254
0.07448830853132904
0.05167864332412364
0.049373539723376325
-0.8267596884860116
-0.8129941396727195
-0.7992285908594273
-0.7854630420461353
-0.7716974932328431
-0.757931944419551
-0.744166395606259
-0.730400846792967
-0.7166352979796747
-0.7028697491663826
-0.6891042003530906
-0.6753386515397986
-0.6615731027265065
-0.6478075539132143
-0.6340420050999224
-0.6202764562866301
-0.606510907473338
-0.5927453586600461
-0.5789798098467538
-0.5652142610334618
-0.5514487122201697
-0.5376831634068775
-0.5239176145935855
-0.5101520657802934
-0.4963865169670013
-0.4826209681537092
-0.4688554193404172
-0.455089870527125
-0.441324321713833
-0.42755877290054095
-0.4137932240872488
-0.40002767527395666
-0.3862621264606646
-0.37249657764737254
-0.3587310288340805
-0.3449654800207883
-0.3311999312074962
-0.3174343823942042
-0.30366883358091207
-0.28990328476762
-0.2761377359543279
-0.2623721871410358
-0.24860663832774368
-0.23484108951445165
-0.22107554070115956
-0.2073099918878675
-0.19354444307457533
-0.1797788942612832
-0.16601334544799115
-0.1522477966346991
-0.13848224782140703
-0.12471669900811484
-0.11095115019482278
-0.0971856013815307
-0.08342005256823863
-0.06965450375494657
-0.05588895494165449
-0.04212340612836232
-0.028357857315070248
-0.014592308501778176
-16.649999999999977
-16.649999999999977
-16.65000000000009
-16.649999999999977
-16.649999999999977
-16.649999999999977
-16.649999999999977
-16.65000000000009
-16.649999999999977
-16.649999999999977
-16.649999999999977
-16.649999999999977
-16.65000000000009
-16.649999999999864
-16.65000000000009
-16.649999999999977
-16.649999999999977
-16.65000000000009
-16.649999999999864
-16.65000000000009
-16.649999999999977
-16.649999999999977
-16.65000000000009
-16.649999999999864
-16.65000000000009
-16.649999999999977
-16.649999999999977
-16.649999999999977
-16.649999999999977
-16.650000000000034
-16.650000000000034
-16.649999999999977
-16.649999999999977
-16.649999999999977
-16.65000000000009
-16.649999999999977
-16.649999999999977
-16.649999999999977
-16.649999999999977
-16.65000000000009
-16.649999999999977
-16.649999999999977
-16.649999999999977
-16.649999999999977
-16.649999999999977
-16.65000000000009
-16.649999999999977
-16.649999999999977
-16.649999999999977
-16.649999999999977
-16.65000000000009
-16.649999999999977
-16.649999999999977
-16.649999999999977
-16.649999999999977
-16.649999999999977
-16.65000000000009
-16.649999999999977
-16.649999999999977
-16.65000000000009
295.0
294.0187290573642
293.02371222484015
292.01452332774113
290.99068152078246
289.9517323267628
288.89718940487614
287.82653132194633
286.73920620109385
285.6346389909925
284.5122027172839
283.3712475389895
282.21108550238154
281.0309879992458
279.8301799235002
278.60783763090956
277.3630936056189
276.09500623930194
274.8025710036057
273.4847347097906
272.1403459323019
270.76816299057356
269.3668518577328
267.9349734188701
266.47096003524996
264.9730268944532
263.43791558678106
261.90485219992786
260.2937053321009
258.640585325482
256.94292285074937
255.19790873222416
253.40245760326493
251.5531866643934
249.64636087036448
247.6777858582776
245.6428080670993
243.53622702202352
241.35212565294128
239.0838180508755
236.72368534897797
234.26291303498945
231.6912934160656
228.99689512927284
226.16568824645955
223.19747927079206
220.0758448263669
216.77218815878598
213.2523183675261
209.47971073682152
205.8324048298424
203.11726073501035
201.43094070678444
200.65522045093223
201.70693807613864
205.13484458161406
211.42083988580652
220.05812502043128
230.78378350285305
240.32517898814126
247.18988691662219
1000.0
983.35
966.7
950.05
933.4
916.75
900.1
883.45
866.8
850.15
833.5
816.85
800.2
783.55
766.9000000000001
750.25
733.6
716.95
700.3
683.6500000000001
667.0
650.35
633.7
617.05
600.4000000000001
583.75
567.1
550.45
533.8000000000001
517.1500000000001
500.50000000000006
483.85
467.20000000000005
450.55000000000007
433.9000000000001
417.25
400.6
383.95000000000005
367.30000000000007
350.6500000000001
334.0
317.35
300.70000000000005
284.05000000000007
267.4000000000001
250.7500000000001
234.10000000000002
217.45000000000005
200.80000000000007
184.1500000000001
167.5000000000001
150.85000000000002
134.20000000000005
117.55000000000007
100.90000000000009
84.25000000000011
67.60000000000014
50.950000000000045
34.30000000000007
17.65000000000009
1.0
0.0
146.45834964713208
294.96832465072134
445.5935331729603
598.4057431667919
753.472787050322
910.8672530035533
1070.6669668736774
1232.9542983442002
1397.815075971261
1565.34287801732
1735.6346956732054
1908.793208599769
2084.9271642916715
2264.152250223843
2446.5913983717073
2632.374088713598
2821.6408598056782
3014.5416412528803
3211.233625404386
3411.8886668206096
3616.6920909591695
3825.8430063085348
4039.556206138792
4258.0656663805985
4481.637776947276
4710.758867644613
4945.319932167593
5185.789613932815
5432.523943278921
5685.906402194234
5946.35627063083
6214.334051072507
6490.344638963783
6774.94550374422
7068.762669727336
7372.490698261408
7686.905779616005
8012.891058583504
8351.444432026161
8703.703044249674
9070.982494098707
9454.806317818686
9856.955315847455
10279.523507312128
10725.009495629869
11196.43135840269
11697.461857592963
12232.625722751398
12807.64145089579
13432.437371649145
14123.239852343495
14900.271150936356
15794.762301348967
16862.36761650108
18193.165075165176
19963.867041595204
22531.763518468873
26974.84218498807
39709.78083550382
52444.71948601966
449.19947812585514
446.8418456953675
444.1546071443094
441.27813412983835
438.2944709312416
435.27279924035054
432.2096576528723
429.10763073910107
426.0048868059251
422.9169658234486
419.8590099365987
416.8415364211963
413.8638276020841
410.92725657193193
408.0213652162552
405.14536207733613
402.2927951526016
399.44999296973685
396.63385511686494
393.84101015361654
391.0633770051789
388.30992186038316
385.5884286826676
382.9055305605774
380.2649288988793
377.6776356227029
375.16487433124854
413.41855047113717
410.7309511538543
408.20284134399856
405.77977281432305
403.4461065654138
401.1950889592262
399.0200581368432
396.90968696820335
394.85438849685886
392.86275516943056
390.92396134808
389.0288695039566
387.1891620203885
385.4037643726605
383.6836809953081
382.0334606177023
380.4638465719636
378.9836713050228
377.5998409612703
376.3141979521447
375.13101418298845
374.04545605945844
373.04296134192265
372.16042564908065
371.5267152879029
371.18954472082083
371.0571466172734
371.18218345211915
371.5999822901585
372.2926632927806
373.03468844350226
373.6532584625719
374.3634515116503
375.80521212393654
429.430175842788
426.6198556272808
423.4737787593466
420.1326360151953
416.6785758012604
413.1805081829929
409.6356258099948
406.0469321132308
402.4525801517941
398.8681530234308
395.3089097280038
391.785502044911
388.2974656351617
384.8463673988815
381.4219536172692
378.0235786784165
374.6448919721003
371.2723583961514
367.9228327841356
364.5929333649489
361.2745504924544
357.9765321322452
354.7065256709278
351.4710099002331
348.2735236372782
345.1248677617217
342.0460248905118
337.9875749521554
334.9761218695752
332.0549649025595
329.193935624609
326.3902213657599
323.64456358434
320.955018334243
318.3140701733088
315.7147899913399
313.1672910877293
310.6624840990234
308.1924693148902
305.7695548161786
303.3933882792201
301.0754774624417
298.8207860574916
296.6404158581714
294.5435607664233
292.5375203359436
290.6247098913417
288.809756390481
287.0882924661028
285.4463080722283
283.9209444739346
282.6413543210262
281.6558271708362
280.8735583505968
280.3488423855569
280.1359864476814
280.2275616306007
280.483152616336
280.8955123156704
281.8324970209761
282.7912450274508
19.76930228306713
20.22199006808673
20.68082838496283
21.14549811464302
21.61589512998118
22.09229105735759
22.5740318428775
23.06069862587023
23.55230665413098
24.04881280001781
24.55010020859487
25.05603437628523
25.56636196692236
26.08088917305043
26.59941159898601
27.12178339891961
27.64790318050131
28.17763457358544
28.71102233272931
29.24807678866761
29.78882651272449
30.33338972813794
30.88190301173976
31.4345206603443
31.99140526160115
32.55276786098121
33.11884944073678
75.43097551898175
75.75482928427907
76.14787644143902
76.58583718971403
77.05588519965393
77.55052537488622
78.06503980260018
78.59561679489458
79.13959850551899
79.69546408170123
80.2614772490566
80.8364001890664
81.41960720420992
82.01037609344036
82.60820353286643
83.2126745602107
83.82343071379218
84.44011053859954
85.06232062532666
85.689488060803
86.32125779250742
86.95716359335562
87.59665326969433
88.23948117514608
88.8853609668767
89.53371754998466
90.18358826667664
90.83334106656221
91.4639958424771
92.0651016621799
92.55153582716628
92.7577461469015
92.53095449067413
93.01396709648571
580.759283115478
575.3185350937689
569.7229048174214
564.0601068418162
558.4002536947346
552.8398909137907
547.3437033942989
541.8918082227763
536.5103215123884
531.2051929621664
525.974199137158
520.8311591083084
515.7650804410079
510.7671039499409
505.8160378772126
500.90225410401797
496.0105347182342
491.1103191127477
486.2173640988607
481.32698233698136
476.41228442255306
471.4838387211787
466.5569437111419
461.6460715881832
456.76562275117954
451.9496570050914
447.3124494509936
484.5805814215148
480.1208687746166
475.7601324889183
471.4906986032404
467.3183984771698
463.2519891456826
459.2964585697917
455.4381545447451
451.6573952013308
447.97261636682873
444.3659524408632
440.8099028569384
437.3208010889762
433.8907297688976
430.5196498994944
427.2265365707699
424.04062085756453
420.9991261431502
418.1347127606589
415.4959565569361
413.16312314092636
411.2041029520545
409.6527811908216
408.6749374827538
408.274433764054
408.18808318345424
408.30969327525776
408.6742726028026
409.29537209924393
410.15463112437965
411.0135243057161
411.7065826333169
412.46845432571945
413.959588477729
330.5149510889996
323.2352888474121
315.717753621066
308.0680470253171
300.3736486989546
292.7619924495248
285.1956518565138
277.6545883636254
270.1829061640811
262.8017411810071
255.521042111164
248.3666728232714
241.3287537082317
234.3989160614966
227.5500095087111
220.7659544715129
214.0246692665953
207.2800165561956
200.5475869806711
193.8167906347211
187.0506918411459
180.2590484422565
173.4574401691035
166.6614273704081
159.8823138553319
153.1558360353743
146.5968061121361
137.2427232248217
130.5896315770146
124.0558277462417
117.6518289728854
111.3865169668897
105.2712592724645
99.31641726998407
93.5005066417955
87.79745104136072
82.23438146701154
76.78195827569098
71.40346357117487
66.12057481833672
60.9172092334776
55.7894002984836
50.75883890127763
45.86572944903281
41.16102386075898
36.69333420898608
32.5199494034392
28.73398341770141
25.40063525768987
22.53849895742611
20.31340653906249
18.7347091416599
17.54990198706867
16.63800854659311
15.99979487189499
15.58782697579968
15.31300879341905
14.58864314632129
12.42707995324569
6.94667756939455
0.0
250.2443320264783
252.0832462463568
254.0051511963554
255.992059816499
258.02660499578
260.0778984642659
262.1480515377852
264.2372198591508
266.3274153483073
268.4034517811592
270.4531570259941
272.464486285037
274.4363267327762
276.3681878884443
278.2660283685015
280.1362996325051
281.9858654516389
283.8303025565521
285.6697771181896
287.5101917022603
289.3615925814072
291.2247902789222
293.0995035420384
294.9846442177751
296.8833088958476
298.7938209697171
300.7156433388575
347.3378581966931
349.531237197602
351.7043047426766
353.838869630355
355.9318815102801
357.9807298732181
359.9800412998076
361.9376479029496
363.8599441599701
365.7382348998172
367.5839941651722
369.4064392857635
371.2002262706395
372.97352053542
374.7302496010108
376.4676976694923
378.1748914085317
379.8381022823912
381.4413785516728
382.9760071534969
384.4291397232249
385.8034676943646
387.1142822333955
388.3615309436913
389.5397246223941
390.6381811963856
391.6716847286647
392.6744777309076
393.7075451234443
394.8416223309606
396.4248811593948
399.2795026800712
405.5217767563249
413.959588477729
131.5598049896227
128.4766893984013
125.5682976731119
122.78197271197769
120.10578276349311
117.56709167344029
115.1340457414266
112.78417748367502
110.5054347064632
108.28822713871779
106.1151892005594
103.98962268711207
101.9012528389238
99.8398473780091
97.7946726609573
95.75689202668198
93.7177395656326
91.66032614301099
89.58350898199569
87.48597218336491
85.34890741737422
83.17391686079557
80.96851502847431
78.74054102760581
76.5006938523002
74.27202138238871
72.14757511974491
71.16203095037747
69.38991762076239
67.55729114491979
65.71092578891728
63.872291911755866
62.056900186456375
60.27640043294852
58.528467576541686
56.80300670447198
55.10986119739823
53.44199109278321
51.78103335298189
50.1316390685877
48.48696539623708
46.835968904186416
45.19307595306759
43.57677428560089
42.01545483812728
40.53487179938858
39.181758604791355
38.03210895793791
37.15864689259615
36.609819848898894
36.51451183367311
36.74771847615108
36.99853846263346
37.25254665798428
37.492089150683626
37.69538980908544
37.86196783159909
37.97883586221377
38.0533241707451
38.10500281406922
38.1543763537926
98.9152247537884
103.3845667798688
107.7560251382806
112.0645889898783
116.3049271023058
120.418515733468
124.439973953481
128.3923437496055
132.2696739877131
136.0664118424236
139.7878676168398
143.4188292216396
146.96871192693
150.4474513373848
153.8719441085582
157.2576242069036
160.620222705505
163.9923418399558
167.3752458034645
170.7761427302277
174.2238586513085
177.7174836899887
181.2490855018243
184.809582529825
188.3912097819463
191.9690317263473
195.4492187783758
200.7448517273338
204.3864902925606
207.9991371563178
211.5421066517236
215.0037043988702
218.3733043118755
221.6386010642589
224.8135635315133
227.9173389499791
230.9329096207178
233.8805258233324
236.7890057437153
239.6489799978419
242.4761790457425
245.286077163958
248.061947156214
250.7746864091386
253.3825369056643
255.8441861269575
258.1047604879025
260.0757729727796
261.6876572084129
262.9078091148023
263.6075379348721
263.9066451793663
264.1059251837675
264.2355498040038
264.3490475136618
264.5481594718818
264.9145528371816
265.8945094700147
268.4684323624247
274.8858194515816
282.7912450274508
230.4750297434111
231.8612561782701
233.3243228113925
234.846561701856
236.4107098657989
237.9856074069083
239.5740196949076
241.1765212332805
242.7751086941763
244.3546389811414
245.9030568173992
247.4084519087517
248.8699647658538
250.2872987153939
251.6666167695155
253.0145162335856
254.3379622711376
255.6526679829668
256.9587547854602
258.2621149135926
259.5727660686827
260.8914005507843
262.2176005302986
263.5501235574308
264.8919036342465
266.241053108736
267.5967938981207
271.9068826777113
273.776407913323
275.5564283012376
277.2530324406409
278.8759963106261
280.4302044983319
281.9150014972074
283.342031108055
284.7203456544511
286.042770818116
287.3225169161156
288.5700390966972
289.7806190664296
290.9631444419796
292.1220460681444
293.2550231092816
294.3514606947395
295.3979917437916
296.3790579263461
297.2865190926939
298.1078819307175
298.846304101009
299.5176289637012
300.1220497685452
300.6543636555174
301.104463646401
301.4880964619881
301.8411366643454
302.2435492809672
302.7765206687807
303.8733453322285
306.5217565331698
312.9908222656508
320.9456213812434
-1.5612666711196028
-1.4727384646597623
-1.4108885494752061
-1.3550879695402795
-1.2854365308132816
-1.2319192375449761
-1.1897823354269446
-1.153756011892666
-1.12259230793912
-1.100228711375481
-1.0761964212088742
-1.0573689323167468
-1.043724547611642
-1.0355151750730487
-1.031779788282416
-1.0324824322741346
-1.0417350294172676
-1.0515664448015212
-1.062062538481386
-1.08208253389883
-1.1012907503845901
-1.1166927325389395
-1.128124324741455
-1.1341355670686886
-1.1284728441544765
-1.0756764981082647
-0.49784421906530874
-0.8970442761113606
-0.9277247433719753
-0.9347104603735965
-0.9308175782728553
-0.9190664416686014
-0.9014144682159992
-0.884936529616802
-0.8735691460505028
-0.8572180209711625
-0.8444286904099411
-0.8409375665067774
-0.8350919993623424
-0.832709751611886
-0.8359199848119652
-0.8318234877743073
-0.8183656672769827
-0.7905310801677845
-0.749656028019336
-0.6851114261933451
-0.5820772983933067
-0.44220487775751194
-0.27778708746594666
-0.04808493702223293
0.11829643504914078
0.1271921080655396
0.1287859414095878
0.1214488375707774
0.10310674769837438
0.0845468959835568
0.05954608486588886
0.03857197380131594
0.028231341242277885
0.02753552698738826
0.0
-2.263879494327897
-2.214297961571711
-2.18243967383018
-2.147880928719257
-2.083677842475558
-2.037010537223959
-2.002014811852324
-1.964004626982496
-1.923181740054872
-1.885048709090981
-1.839210217931591
-1.798140893420039
-1.762104303381272
-1.734626465795998
-1.714966477005155
-1.703274832004201
-1.708097370119806
-1.713560266718821
-1.722674337719952
-1.746389810951113
-1.769644399507917
-1.78888097560918
-1.803517422535496
-1.814220626903859
-1.812293104224397
-1.762837584936907
-2.682425013049886
-1.844618475261499
-1.829933155122757
-1.794639108592144
-1.753421445851961
-1.706821295534545
-1.653988063003392
-1.608230558980416
-1.572171806019923
-1.527492987859113
-1.493071651108361
-1.473247742731773
-1.448677910627732
-1.43207611178031
-1.423312580209365
-1.406076133291492
-1.374098185441453
-1.320968327978918
-1.246912221484521
-1.145060707209898
-0.9983873960728925
-0.8164762613795687
-0.6180500093125318
-0.3544373462810517
-0.151508377175876
-0.1009423563828492
-0.0656594456187237
-0.0574905961657717
-0.1008572350603675
-0.1855911724186401
-0.4963826248820088
-1.303782798923216
-3.250633080558376
-4.004377098622048
0.0
0.7026128232082943
0.7415594969119484
0.7715511243549741
0.7927929591789773
0.7982413116622764
0.8050912996789831
0.8122324764253793
0.8102486150898301
0.8005894321157522
0.7848199977155002
0.7630137967227169
0.740771961103292
0.7183797557696301
0.6991112907229494
0.683186688722739
0.6707923997300663
0.6663623407025383
0.6619938219172999
0.660611799238566
0.6643072770522829
0.668353649123327
0.6721882430702404
0.675393097794041
0.6800850598351705
0.6838202600699207
0.6871610868286422
2.184580793984577
0.9475741991501383
0.9022084117507816
0.8599286482185475
0.8226038675791058
0.7877548538659436
0.7525735947873928
0.723294029363614
0.6986026599694202
0.6702749668879505
0.64864296069842
0.6323101762249955
0.6135859112653897
0.599366360168424
0.5873925953973997
0.5742526455171847
0.5557325181644702
0.5304372478111334
0.497256193465185
0.4599492810165528
0.4163100976795859
0.3742713836220568
0.3402629218465852
0.3063524092588188
0.2698048122250168
0.2281344644483888
0.1944453870283115
0.1789394337365491
0.2039639827587419
0.2701380684021969
0.5559287097478977
1.342354772724532
3.278864421800654
4.031912625609436
0.0
1.0
1.0
1.0
1.0
1.0
1.0
1.0
1.0
1.0
1.0
1.0
1.0
1.0
1.0
1.0
1.0
1.0
1.0
1.0
1.0
1.0
1.0
1.0
1.0
1.0
1.0
1.0
1.0
1.0
1.0
1.0
1.0
1.0
1.0
1.0
1.0
1.0
1.0
1.0
1.0
1.0
1.0
1.0
1.0
1.0
1.0
1.0
1.0
1.0
1.0
0.0
0.0
0.0
0.0
0.0
0.0
0.0
0.0
0.0
0.0
0.0
1.0
1.0
1.0
1.0
1.0
1.0
1.0
1.0
1.0
1.0
1.0
1.0
1.0
1.0
1.0
1.0
0.920954420531807
0.920954420531807
0.920954420531807
0.920954420531807
0.920954420531807
0.920954420531807
0.920954420531807
0.920954420531807
0.920954420531807
0.920954420531807
0.920954420531807
0.920954420531807
0.920954420531807
0.920954420531807
0.920954420531807
0.920954420531807
0.920954420531807
0.920954420531807
0.920954420531807
0.920954420531807
0.920954420531807
0.920954420531807
0.920954420531807
0.920954420531807
0.920954420531807
0.920954420531807
0.920954420531807
0.920954420531807
0.920954420531807
1.0
1.0
1.0
1.0
1.0
1.0
1.0
1.0
1.0
1.0
1.0
1.0
1.0
1.0
1.0
1.0
1.0
1.0
1.0
1.0
1.0
1.0
1.0
1.0
1.0
1.0
1.0
1.0
1.0
0.013509746998944071
0.013444135544325313
0.013147612256904109
0.012652364504325582
0.011906995122767317
0.011204074057342781
0.01052582759343598
0.009762906870088803
0.008974372531168133
0.008185755553155859
0.007405439840964506
0.0066914816299833485
0.0060414010138741545
0.005472532261598976
0.004974302359630807
0.004537127882664392
0.004177273942668956
0.0038371203252773513
0.003526513537116393
0.003257689752622568
0.003002095904030236
0.002756583015306753
0.002518777597157404
0.002294697390391562
0.002072236332275175
0.0018469120937687847
0.0016389731731854523
0.0014522296161543604
0.0012763577910878546
0.0011159604841575771
0.0009739547020812105
0.0008488067674206603
0.0007352897494120244
0.0006405938533612393
0.0005608059327318184
0.0004875316877511936
0.00042765385754255764
0.0003765803511771668
0.00032829956624157776
0.0002864644914961578
0.0002485408323746826
0.00021245923277151936
0.00017762671116640244
0.00014542966785479047
0.00011667386037996532
9.121942271727408e-05
6.968128428844347e-05
5.218028777700406e-05
3.8572930069094605e-05
2.7535138441708387e-05
1.9852242636686665e-05
1.6103042590639113e-05
1.4979075151218288e-05
1.5712426952575204e-05
1.4587578652757502e-05
1.2897982807343304e-05
1.170778986226813e-05
1.3377386986597356e-05
7.96838337573008e-06
2.642242453308549e-07
0.0004
0.0004
0.0004
0.0004
0.0004
0.0004
0.0004
0.0004
0.0004
0.0004
0.0004
0.0004
0.0004
0.0004
0.0004
0.0004
0.0004
0.0004
0.0004
0.0004
0.0004
0.0004
0.0004
0.0004
0.0004
0.0004
0.0004
0.0004
0.0004
0.0004
0.0004
0.0004
0.0004
0.0004
0.0004
0.0004
0.0004
0.0004
0.0004
0.0004
0.0004
0.0004
0.0004
0.0004
0.0004
0.0004
0.0004
0.0004
0.0004
0.0004
0.0004
0.0004
0.0004
0.0004
0.0004
0.0004
0.0004
0.0004
0.0004
0.0004
8.60451419224123e-09
1.578021977514803e-08
2.1892415260555535e-08
2.6925828092092847e-08
2.971401735545372e-08
3.191536891169426e-08
3.3615820560817765e-08
3.4746051764151937e-08
3.5661340336177934e-08
3.6398811651530586e-08
3.6864029565337865e-08
3.7202242046694526e-08
3.743385508154835e-08
3.7482031518220545e-08
3.74258526023047e-08
3.730742951458454e-08
3.7124070818281054e-08
3.694071212197757e-08
3.678655663276213e-08
3.670665185093012e-08
3.662674706909812e-08
3.66023509716688e-08
3.6690996875910616e-08
3.6779642780152424e-08
3.6903178538193995e-08
3.7084523814632495e-08
3.726586909107099e-08
3.747683636083778e-08
3.7728139961945275e-08
3.797944356305276e-08
3.8298642947284706e-08
3.8694261202309925e-08
3.9089879457335157e-08
3.957872216284235e-08
4.015447818582019e-08
4.073023420879802e-08
4.1342697689445876e-08
4.198347277308391e-08
4.262424785672194e-08
4.3230986919605434e-08
4.381611227372829e-08
4.440123762785115e-08
4.5133689117812545e-08
4.594249047452311e-08
4.6751291831233675e-08
4.796747172172955e-08
4.949951687407961e-08
5.152241095280844e-08
5.3986620437539895e-08
5.680107822856821e-08
6.015331959489829e-08
6.559586769304933e-08
7.569057461390363e-08
9.442662951156912e-08
2.539995051245074e-07
4.925296956825388e-07
1.3900175836980765e-06
3.720822161311321e-06
7.931814761427643e-06
2.7860567514510038e-06
0.0
0.0
0.0
0.0
0.0
0.0
0.0
0.0
0.0
0.0
0.0
0.0
0.0
0.0
0.0
0.0
0.0
0.0
0.0
0.0
0.0
0.0
0.0
0.0
0.0
0.0
0.0
0.0
0.0
0.0
0.0
0.0
0.0
0.0
0.0
0.0
0.0
0.0
0.0
0.0
0.0
0.0
0.0
0.0
0.0
0.0
0.0
0.0
0.0
0.0
0.0
0.0
0.0
0.0
0.0
0.0
0.0
0.0
0.0
0.0
0.0
0.0
0.0
0.0
0.0
0.0
0.0
0.0
0.0
0.0
0.0
0.0
0.0
0.0
0.0
0.0
0.0
0.0
0.0
0.0
0.0
0.0
0.0
0.0
0.0
0.0
0.0
0.0
0.0
0.0
0.0
0.0
0.0
0.0
0.0
0.0
0.0
0.0
0.0
0.0
0.0
0.0
0.0
0.0
0.0
0.0
0.0
0.0
0.0
0.0
0.0
0.0
0.0
0.0
0.0
0.0
0.0
0.0
0.0
0.0
0.0
0.0
0.0
0.0
0.0
0.0
0.0
0.0
0.0
0.0
0.0
0.0
0.0
0.0
0.0
0.0
0.0
0.0
0.0
0.0
0.0
0.0
0.0
0.0
0.0
0.0
0.0
0.0
0.0
0.0
0.0
0.0
0.0
0.0
0.0
0.0
0.0
0.0
0.0
0.0
0.0
0.0
0.0
0.0
0.0
0.0
0.0
0.0
0.0
0.0
0.0
0.0
0.0
0.0
0.0
0.0
0.0
0.0
0.0
0.0
0.0
0.0
0.0
0.0
0.0
0.0
0.0
0.0
0.0
0.0
0.0
0.0
0.0
0.0
0.0
0.0
0.0
0.0
0.0
0.0
0.0
0.0
0.0
0.0
0.0
0.0
0.0
0.0
0.0
0.0
0.0
0.0
0.0
0.0
0.0
0.0
0.0
0.0
0.0
0.0
0.0
0.0
0.0
0.0
0.0
0.0
0.0
0.0
0.0
0.0
0.0
0.0
0.0
0.0
0.0
0.0
0.0
0.0
0.0
0.0
0.0
0.0
0.0
0.0
0.0
0.0
0.0
0.0
0.0
0.0
0.0
0.0
0.0
0.0
0.0
0.0
0.0
0.0
0.0
0.0
0.0
0.0
0.0
0.0
0.0
0.0
0.0
0.0
0.0
0.0
0.0
0.0
0.0
0.0
0.0
0.0
0.0
0.0
0.0
0.0
0.0
0.0
0.0
0.0
0.0
0.0
0.0
0.0
0.0
0.0
0.0
0.0
0.0
0.0
0.0
0.0
0.0
0.0
0.0
0.0
2
2
1
295.0
38.1543763537926
0.0
0.0
49.0
6.7
1.0
2.0
3.0
4.0
5.0
6.0
7.0
8.0
9.0
10.0
11.0
12.0
13.0
14.0
15.0
16.0
17.0
18.0
19.0
20.0
21.0
22.0
23.0
24.0
25.0
26.0
27.0
28.0
29.0
30.0
31.0
32.0
33.0
34.0
35.0
36.0
37.0
38.0
39.0
40.0
41.0
42.0
43.0
44.0
45.0
46.0
47.0
48.0
49.0
50.0
51.0
52.0
53.0
54.0
55.0
56.0
57.0
58.0
59.0
60.0
0.0
0.0
0.0
0.0
0.0
0.0
0.0
0.0
0.0
0.0
0.0
0.0
0.0
0.0
0.0
0.0
0.0
0.0
0.0
0.0
0.0
0.0
0.0
0.0
0.0
0.0
0.1
0.0
0.0
0.0
0.0
0.0
0.0
0.0
0.0
0.0
0.0
0.0
0.0
0.0
0.0
0.0
0.0
0.0
0.0
0.0
0.0
0.0
0.0
0.0
0.0
0.0
0.0
0.0
0.0
0.0
0.0
0.0
0.0
0.0
0.0
0.0
0.0
0.0
0.0
0.0
0.0
0.0
0.0
0.0
0.0
0.0
0.0
0.0
0.0
0.0
0.0
0.0
0.0
0.0
0.0
0.0
0.0
0.0
0.0
0.0
2.45
0.0
0.0
0.0
0.0
0.0
0.0
0.0
0.0
0.0
0.0
0.0
0.0
0.0
0.0
0.0
0.0
0.0
0.0
0.0
0.0
0.0
0.0
0.0
0.0
0.0
0.0
0.0
0.0
0.0
0.0
0.0
0.0
0.0
0.0
0.0
0.0
0.0
0.0
0.0
0.0
0.0
0.0
0.0
0.0
0.0
0.0
0.0
0.0
0.0
0.0
0.0
0.0
0.0
0.0
0.0
0.0
0.0
0.0
0.0
0.5
0.0
0.0
0.0
0.0
0.0
0.0
0.0
0.0
0.0
0.0
0.0
0.0
0.0
0.0
0.0
0.0
0.0
0.0
0.0
0.0
0.0
0.0
0.0
0.0
0.0
0.0
0.0
0.0
0.0
0.0
0.0
0.0
0.0
0.0
