9.81
6.022e+23
0
0
0
3
0
1
279.5769027165081
2
2
0
0
1
1
0
1
120
7
1014.8
1.607


3
3
0
77.072922555375
0
5.783625987995279
150.0
1000.0
287.04
9.81
79000.0
40.0
20000.0
0.0
0.0
0.0
0.0
0.0280134
0.04401
0.0319988
0.039948
0.01604
0.01801528
0.048
99000.0
2.1153802199668344e+29
0.8
1e-06
1000000.0
0.6
3.0
0.0001
500
102
2.879213734224959
0
1
7
1.0
1
0
1
1
0.05
1000000000000.0
1
279.05736799686275
278.08791873960814
277.79917370864496
278.0011424635569
276.87525395240135
277.37757980126565
276.0517037319819
276.6729110586776
275.2157759216549
275.93316239814584
274.3670853964452
275.1680330157254
273.5052067169997
274.37254175616295
272.9465650035367
273.64792031553714
272.4016663543749
272.9754372245169
272.09802588881354
272.84187937066486
271.21973345988323
271.56307721449053
270.692594249122
270.37281524906757
269.8687582627736
269.3847792999284
268.8967015766743
268.4108778891584
267.9050768226489
267.41077204718556
266.8876606606595
266.39293550968574
265.84815287861755
265.34866674816175
264.79725351622056
264.2771326948877
263.727466586313
263.1869825942002
262.63286792123034
262.0772787985477
261.51572295606456
260.94816505608685
260.37635659542764
259.79762167787936
259.21444860316103
258.6246677062022
258.0292267708241
257.4271666413945
256.81891528335296
256.2045396817974
255.58214333211856
254.95276600686813
254.31533700887078
253.6687079067566
253.01428339892541
252.3504620456069
251.67850843439385
250.99687572497183
250.30599993707125
249.60582185879645
248.8956812439032
248.17540161834336
247.44432134208026
246.7028568481856
245.9507314015885
245.1862384215334
244.40869366422427
243.618526589059
242.8154853928867
241.99904487011258
241.169213286042
240.32515401110308
239.46729364239602
238.59443697731552
237.70601061618987
236.80044270371727
235.87754084968313
234.93742576805394
233.97816191290826
232.99871653350294
232.000649482346
230.98257436198995
229.94388143707772
228.88086576402367
227.79356830268745
226.68088442867165
225.54104697329785
224.37259853890137
223.17497935034018
221.94586044260748
220.68206853121944
219.38548264563485
218.0522404714531
216.6792915421844
215.26331859764298
213.7968607764047
212.2816110651634
210.70976844557958
209.07773129146105
207.38025169568346
205.61142158425042
203.76584498819616
201.83777932704592
199.8237808425401
198.55150264500915
198.00357752456003
197.85259971120988
198.071384897629
198.65030803795838
199.547852164883
201.01132317840012
203.09164191257972
205.89933184764928
209.48436203775952
213.8055607206808
218.6864782115345
224.1998014518962
230.50867455099893
238.25254123107266
256.4769056613503
1010.5783624999999
1002.1350875
993.6918125
985.2485374999999
976.8052625
968.3619874999999
959.9187124999999
951.4754375
943.0321624999999
934.5888875
926.1456125
917.7023374999999
909.2590625
900.8157874999999
892.3725124999999
883.9292375
875.4859624999999
867.0426875
858.5994125
850.1561374999999
841.7128625
833.2695875
824.8263124999999
816.3830375
807.9397624999999
799.4964875000001
791.0532125
782.6099374999999
774.1666625
765.7233875
757.2801124999999
748.8368375
740.3935624999999
731.9502875000001
723.5070125
715.0637374999999
706.6204625
698.1771875
689.7339124999999
681.2906375
672.8473624999999
664.4040875000001
655.9608125
647.5175374999999
639.0742625
630.6309875
622.1877124999999
613.7444375
605.3011624999999
596.8578875000001
588.4146125
579.9713374999999
571.5280625
563.0847875
554.6415124999999
546.1982375
537.7549624999999
529.3116875000001
520.8684125
512.4251374999999
503.9818625
495.53858749999995
487.0953124999999
478.65203749999995
470.2087625
461.7654875
453.3222125
444.87893749999995
436.4356625
427.99238749999995
419.5491124999999
411.10583749999995
402.6625625
394.2192875
385.7760125
377.33273749999995
368.8894625
360.44618749999995
352.0029124999999
343.55963749999995
335.1163625
326.6730875
318.2298125
309.78653749999995
301.3432625
292.89998749999995
284.4567124999999
276.01343749999995
267.5701625
259.1268875
250.68361249999998
242.24033749999995
233.79706249999998
225.35378749999995
216.91051249999992
208.46723749999995
200.02396249999998
191.5806875
183.13741249999998
174.69413749999995
166.25086249999998
157.80758749999995
149.36431249999993
140.92103749999995
132.47776249999998
124.03448750000001
115.59121249999998
107.14793749999995
98.70466249999998
90.26138749999996
81.81811249999993
73.37483749999996
64.93156249999998
56.48828750000001
48.045012499999984
39.601737499999956
31.158462499999985
22.715187499999956
14.271912499999928
5.828637499999971
34.3664361798319
103.31661285863532
172.67578906160733
242.5811699669202
312.98867493938013
383.92619739593516
455.38208387156834
527.3811248891209
599.915601782662
673.0090111328122
746.655817517785
820.879911609919
895.6762903551407
971.053829324746
1047.0855821577798
1123.770008687938
1201.1400557077989
1279.2269583707039
1357.951700614773
1437.2986859289963
1517.3572525828736
1598.0414188010013
1679.4477509051665
1761.541229651784
1844.3532848417058
1927.8952842681751
2012.1789934186604
2097.2197091891626
2183.032105889061
2269.63244849293
2357.0346558223446
2445.257337606092
2534.316502199539
2624.2292917452774
2715.015779011599
2806.6928349617074
2899.281759592807
2992.801563258705
3087.2740574193745
3182.720720457076
3279.1643214581145
3376.628447935044
3475.1372666815923
3574.716210482162
3675.3914629652804
3777.190165664684
3880.140795941865
3984.272515484471
4089.615860146333
4196.2025741560155
4304.065423739859
4413.238559121982
4523.7571795604745
4635.658211286613
4748.980519422503
4863.764045000151
4980.050854730811
5097.885332244413
5217.313231276673
5338.382741044552
5461.144591550981
5585.651822446731
5711.960037435067
5840.127624230598
5970.215877834543
6102.289055394165
6236.414710261459
6372.664260852658
6511.113245882796
6651.841538850076
6794.93381948772
6940.479644597168
7088.573896584248
7239.317348890429
7392.816689403831
7549.185337172538
7708.544490183285
7871.023255372405
8036.759310803554
8205.900685359851
8378.60690705738
8555.049100472726
8735.410539258311
8919.88843302654
9108.696129124684
9302.064541978758
9500.244123253224
9703.50766709049
9912.152986133635
10126.504948915277
10346.92099513176
10573.79553861505
10807.562952860895
11048.703897917254
11297.75012292765
11555.296016835237
11822.008850968417
12098.63899743063
12386.037301767898
12685.173027372715
12997.158929062345
13323.283382571359
13665.056617549111
14025.193227715159
14407.515225009884
14816.13427922747
15255.90791748945
15732.851477046188
16254.535244975608
16831.092572800095
17476.4632974707
18210.055982416186
19059.833077074403
20067.606044579094
21299.409499380625
22870.32647083614
25012.614631869175
28328.169956497288
35825.64722156315
57299.69432879885
1.7595611118686264e+23
1.7595611118686264e+23
1.7595611118686502e+23
1.7595611118686264e+23
1.7595611118686264e+23
1.7595611118686502e+23
1.7595611118686264e+23
1.7595611118686264e+23
1.7595611118686264e+23
1.7595611118686264e+23
1.7595611118686502e+23
1.7595611118686264e+23
1.7595611118686264e+23
1.7595611118686502e+23
1.7595611118686264e+23
1.7595611118686264e+23
1.7595611118686264e+23
1.7595611118686264e+23
1.7595611118686502e+23
1.7595611118686264e+23
1.7595611118686264e+23
1.7595611118686502e+23
1.7595611118686264e+23
1.7595611118686264e+23
1.7595611118686264e+23
1.7595611118686264e+23
1.7595611118686502e+23
1.7595611118686264e+23
1.7595611118686264e+23
1.7595611118686502e+23
1.7595611118686264e+23
1.7595611118686264e+23
1.7595611118686264e+23
1.7595611118686264e+23
1.7595611118686502e+23
1.7595611118686264e+23
1.7595611118686264e+23
1.7595611118686502e+23
1.7595611118686264e+23
1.7595611118686264e+23
1.7595611118686264e+23
1.7595611118686264e+23
1.7595611118686502e+23
1.7595611118686264e+23
1.7595611118686264e+23
1.7595611118686502e+23
1.7595611118686264e+23
1.7595611118686264e+23
1.7595611118686264e+23
1.7595611118686264e+23
1.7595611118686502e+23
1.7595611118686264e+23
1.7595611118686264e+23
1.7595611118686502e+23
1.7595611118686264e+23
1.7595611118686264e+23
1.7595611118686264e+23
1.7595611118686264e+23
1.7595611118686502e+23
1.7595611118686264e+23
1.7595611118686264e+23
1.7595611118686502e+23
1.7595611118686264e+23
1.7595611118686264e+23
1.7595611118686264e+23
1.7595611118686264e+23
1.7595611118686502e+23
1.7595611118686264e+23
1.7595611118686264e+23
1.7595611118686502e+23
1.7595611118686264e+23
1.7595611118686264e+23
1.7595611118686264e+23
1.7595611118686264e+23
1.7595611118686502e+23
1.7595611118686264e+23
1.7595611118686264e+23
1.7595611118686502e+23
1.7595611118686264e+23
1.7595611118686264e+23
1.7595611118686264e+23
1.7595611118686264e+23
1.7595611118686502e+23
1.7595611118686264e+23
1.7595611118686264e+23
1.7595611118686502e+23
1.7595611118686264e+23
1.7595611118686264e+23
1.7595611118686264e+23
1.7595611118686264e+23
1.7595611118686502e+23
1.7595611118686264e+23
1.7595611118686264e+23
1.7595611118686502e+23
1.7595611118686264e+23
1.7595611118686264e+23
1.7595611118686264e+23
1.7595611118686264e+23
1.7595611118686502e+23
1.7595611118686264e+23
1.7595611118686264e+23
1.7595611118686502e+23
1.7595611118686264e+23
1.7595611118686264e+23
1.7595611118686264e+23
1.7595611118686264e+23
1.7595611118686502e+23
1.7595611118686264e+23
1.7595611118686264e+23
1.7595611118686502e+23
1.7595611118686264e+23
1.7595611118686264e+23
1.7595611118686264e+23
1.7595611118686264e+23
1.7595611118686502e+23
1.7595611118686264e+23
1.7595611118686264e+23
1.7595611118686502e+23
1.7595611118686264e+23
1.7595611118686207e+23
-2.541550228249271
-0.7809217383110673
-1.2018669903770534
-2.6570180789302
-0.350980082563256
-2.8486301916979757
-0.055411531363041625
-2.873111700716523
0.17209482688383831
-2.8614167998393536
0.36276356768106927
-2.822093338448437
0.5438461516022035
-2.6394126886998794
0.48045001177469554
-2.1952526366688327
0.24574839293404518
-2.633446597141426
0.48736557235401606
-2.326317269929122
0.044408490441231
-1.3969870511384732
-0.6772597857372789
-0.9125090485337747
-0.8760312566451693
-0.8588551606763858
-0.8573389037414041
-0.8742966545448841
-0.864944680899201
-0.8879632959737159
-0.8706498381059962
-0.9215439358506229
-0.8795540095311303
-0.9440678862468049
-0.91041196250582
-0.952023713153931
-0.9443053029729271
-0.9643344081827375
-0.9715947551247515
-0.9811671341039613
-0.9908234135500473
-0.9967918288380521
-1.002835486592039
-1.0083747697594567
-1.0099234019967542
-1.0131183508688846
-1.0128011798156116
-1.0110227359880455
-1.0102006371844876
-1.0057163278427201
-1.0023156377980584
-0.9980266374966983
-0.9945170213590164
-0.9938471605958724
-0.9918298984451377
-0.9894012507788833
-0.9914499212070451
-0.9900507376313975
-0.9893555844925432
-0.9911979287188143
-0.991253334563742
-0.9916919540275445
-0.9916127376336259
-0.9923151636580675
-0.9925658188744393
-0.9941694346957585
-0.9971068687954461
-1.0022184689948685
-1.0070484262868669
-1.0126155391865739
-1.0172381679704612
-1.020929334475577
-1.0241737258427905
-1.0266272839834865
-1.027931837264186
-1.0308010178325915
-1.0329950148130957
-1.0343181741278134
-1.0360348243223185
-1.0383787686236865
-1.0370247518360376
-1.0313106461943176
-1.0227381841195176
-1.0140703917379401
-1.004197262822832
-0.9922874499872584
-0.9790345341186197
-0.9638497131411338
-0.945103108515652
-0.922404347522965
-0.8989321139584698
-0.8661071915628317
-0.8267058795972786
-0.7809792532364846
-0.7296530837305528
-0.6807531495453046
-0.6231050558803908
-0.564031951967762
-0.5001427642152916
-0.43077270637569487
-0.3552409749007226
-0.2682007138937844
-0.1614013897963138
-0.037316256972501086
-0.004712616709320562
-5.187947080610559e-05
0.0014906401243750408
0.0022318786931442153
0.0026390543596872397
0.002745652812253015
0.002985491495145027
0.0032350306583849137
0.0036969037342249158
0.004500716495150808
0.005640839702149885
0.00692440470501952
0.007839883839046527
0.008145848330838182
0.0071840006855998575
0.004919300523219407
-0.9179605317808353
-2.2883161655535673
-1.885079324578328
-0.6052444989715582
-2.818836883202323
-0.19571087637032747
-2.878574785897939
0.06838056400255255
-2.890920690397138
0.2849525408156808
-2.8763217437098945
0.4753335493403057
-2.852219029081411
0.6297418015184064
-2.211550874162441
0.29553837967087304
-2.093101673570729
0.0714215689930171
-2.6873814136540517
0.4181392702080302
-2.028449360758273
-0.31860811713700343
-1.1621187377031106
-0.8348042884419868
-0.8876947527442951
-0.8892928535481985
-0.8904877642740985
-0.8776831363447997
-0.8976263101149016
-0.8836835068949966
-0.9207569245707958
-0.8878956391077111
-0.9504846833298188
-0.907039812405884
-0.9625373764936995
-0.9411101052405968
-0.9709153176437013
-0.9699744018880949
-0.9861747599300088
-0.9935945790518019
-1.0014382579394976
-1.0094924273159052
-1.0137649621501055
-1.0195937061630787
-1.0214066550404084
-1.0234522295970123
-1.0233821730411137
-1.022865077753579
-1.020624798871097
-1.0161324035408086
-1.0129910530599773
-1.0085890637365083
-1.0047567641476292
-1.0034674824557612
-1.0012816822938362
-1.0010921052013657
-0.9997158777333368
-0.9998762558113867
-1.0000943106891782
-0.9999067250138012
-1.000087837616718
-1.0003626352959998
-1.0014488998851903
-1.0017548085580188
-1.0011161981040857
-1.0023508879636154
-1.0060784888726744
-1.0105206005599143
-1.0152865431406894
-1.0205098198952953
-1.025139198313525
-1.0298473256769682
-1.0325753907524131
-1.0346159886739201
-1.0358769966185832
-1.038291675374495
-1.0407865182274918
-1.041530558358005
-1.0429285829547155
-1.0453533774853838
-1.0435648283079217
-1.0384002484586006
-1.028909239891476
-1.0205046953303167
-1.010495571799197
-0.9983944848838178
-0.9848740468165715
-0.9696802382352985
-0.9503588908125948
-0.9278599720232137
-0.9045180198941978
-0.8715516663201015
-0.831810644449007
-0.7858659487899047
-0.7342280217970938
-0.6853889787753076
-0.6276290590591884
-0.5682541160867913
-0.5044792491202088
-0.4355488909641849
-0.36034919700662726
-0.2745413488794952
-0.1718097283906843
-0.026283219518006717
-0.001691802821795818
0.00143508972811901
0.0023142679413865608
0.0026962254251827744
0.002892681924919316
0.0028310720624915575
0.0029998333826881662
0.0032213665404015046
0.0036707505692845643
0.004432765996426724
0.00546603875159235
0.006428043505906089
0.007165713286696018
0.007396225776915344
0.006514275472085274
0.004463428455892426
0.009771877178216974
0.009690573821612807
0.009609270465008639
0.00952796710840447
0.009446663751800302
0.009365360395196134
0.009284057038591965
0.009202753681987797
0.009121450325383628
0.009040146968779462
0.008958843612175292
0.008877540255571121
0.008796236898966954
0.008714933542362786
0.008633630185758617
0.008552326829154449
0.008471023472550281
0.008389720115946114
0.008308416759341946
0.008227113402737777
0.008145810046133609
0.008064506689529441
0.007983203332925272
0.007901899976321104
0.007820596619716937
0.007739293263112768
0.0076579899065085996
0.007576686549904431
0.007495383193300263
0.007414079836696095
0.007332776480091926
0.007251473123487758
0.007170169766883591
0.0070888664102794225
0.007007563053675254
0.0069262596970710855
0.006844956340466917
0.00676365298386275
0.006682349627258581
0.006601046270654412
0.006519742914050245
0.006438439557446077
0.006357136200841908
0.00627583284423774
0.006194529487633571
0.006113226131029405
0.006031922774425235
0.005950619417821066
0.005869316061216898
0.00578801270461273
0.005706709348008563
0.0056254059914043935
0.005544102634800225
0.005462799278196057
0.005381495921591888
0.005300192564987721
0.005218889208383553
0.005137585851779384
0.005056282495175217
0.004974979138571048
0.00489367578196688
0.004812372425362712
0.004731069068758543
0.004649765712154375
0.004568462355550207
0.004487158998946039
0.004405855642341872
0.004324552285737702
0.004243248929133534
0.004161945572529366
0.004080642215925198
0.003999338859321029
0.0039180355027168615
0.003836732146112693
0.0037554287895085253
0.0036741254329043563
0.0035928220763001887
0.00351151871969602
0.0034302153630918508
0.003348912006487683
0.003267608649883515
0.0031863052932793474
0.003105001936675179
0.0030236985800710103
0.0029423952234668422
0.0028610918668626746
0.002779788510258505
0.002698485153654337
0.0026171817970501695
0.002535878440446002
0.0024545750838418337
0.0023732717272376643
0.0022919683706334962
0.002210665014029328
0.0021293616574251596
0.002048058300820991
0.0019667549442168235
0.0018854515876126556
0.0018041482310084877
0.0017228448744043183
0.0016415415178001505
0.0015602381611959828
0.0014789348045918136
0.0013976314479876458
0.0013163280913834777
0.0012350247347793096
0.0011537213781751417
0.0010724180215709728
0.0009911146649668047
0.0009098113083626368
0.0008285079517584677
0.0007472045951542999
0.0006659012385501318
0.0005845978819459638
0.0005032945253417959
0.0004219911687376269
0.00034068781213345884
0.0002593844555292909
0.00017808109892512188
9.677774232095392e-05
-8.443274999999971
-8.443274999999971
-8.443275000000085
-8.443274999999971
-8.443274999999971
-8.443275000000085
-8.443274999999971
-8.443274999999971
-8.443274999999971
-8.443274999999971
-8.443275000000085
-8.443274999999971
-8.443274999999971
-8.443275000000085
-8.443274999999971
-8.443274999999971
-8.443274999999971
-8.443274999999971
-8.443275000000085
-8.443274999999971
-8.443274999999971
-8.443275000000085
-8.443274999999971
-8.443274999999971
-8.443274999999971
-8.443274999999971
-8.443275000000085
-8.443274999999971
-8.443274999999971
-8.443275000000085
-8.443274999999971
-8.443274999999971
-8.443274999999971
-8.443274999999971
-8.443275000000085
-8.443274999999971
-8.443274999999971
-8.443275000000085
-8.443274999999971
-8.443274999999971
-8.443274999999971
-8.443274999999971
-8.443275000000085
-8.443274999999971
-8.443274999999971
-8.443275000000085
-8.443274999999971
-8.443274999999971
-8.443274999999971
-8.443274999999971
-8.443275000000085
-8.443274999999971
-8.443274999999971
-8.443275000000085
-8.443274999999971
-8.443274999999971
-8.443274999999971
-8.443274999999971
-8.443275000000085
-8.443274999999971
-8.443274999999971
-8.443275000000085
-8.443274999999971
-8.443274999999971
-8.443274999999971
-8.443274999999971
-8.443275000000085
-8.443274999999971
-8.443274999999971
-8.443275000000085
-8.443274999999971
-8.443274999999971
-8.443274999999971
-8.443274999999971
-8.443275000000085
-8.443274999999971
-8.443274999999971
-8.443275000000085
-8.443274999999971
-8.443274999999971
-8.443274999999971
-8.443274999999971
-8.443275000000085
-8.443274999999971
-8.443274999999971
-8.443275000000085
-8.443274999999971
-8.443274999999971
-8.443274999999971
-8.443274999999971
-8.443275000000085
-8.443274999999971
-8.443274999999971
-8.443275000000085
-8.443274999999971
-8.443274999999971
-8.443274999999971
-8.443274999999971
-8.443275000000085
-8.443274999999971
-8.443274999999971
-8.443275000000085
-8.443274999999971
-8.443274999999971
-8.443274999999971
-8.443274999999971
-8.443275000000085
-8.443274999999971
-8.443274999999971
-8.443275000000085
-8.443274999999971
-8.443274999999971
-8.443274999999971
-8.443274999999971
-8.443275000000085
-8.443274999999971
-8.443274999999971
-8.443275000000085
-8.443274999999971
-8.443274999999943
279.4867007733245
279.0891755465156
278.6891367058917
278.2868804785287
277.8805235504824
277.47245912751146
277.05997135367494
276.64591088348004
276.22714030419525
275.8068863123058
275.3816504204578
274.9549951456238
274.52308162140446
274.0898065857862
273.651170634813
273.3330975046273
273.05404549093544
272.85527826802013
272.71006072435034
272.25390943600775
271.79223415168553
271.39217875755276
270.92326700543475
270.45053120166267
269.97367105118695
269.4926232926312
269.00731969324295
268.51769239141646
268.023632305707
267.5250787761251
267.0219043216009
266.51407542068796
266.0014103314107
265.48390562306435
264.9613664388709
264.43375544883975
263.900914832279
263.3627560274458
262.8191476985304
262.26996888268906
261.71509209690583
261.15438144843813
260.58769998732737
260.0149051201396
259.43584525288315
258.8503691069209
258.2583140079302
257.6595132254177
257.0537961692877
256.4409802137203
255.82088079104483
255.1933034537356
254.55804762507088
253.91490672308473
253.26366019472133
252.60407903037603
251.9359302316721
251.25896020073742
250.57290913881306
249.8775075996681
249.17246761271835
248.45749034182134
247.73226110011439
246.99645139241366
246.24971432849583
245.49168778386027
244.72199060439394
243.94022253756552
243.14595772109007
242.33874824190178
241.51811809618653
240.68356377594702
239.8345528630921
238.97052024701662
238.09086536653578
237.1949546971497
236.28210981665023
235.35160721959397
234.40267699895986
233.43449650491513
232.44617609990178
231.43676012071856
230.40522478947
229.3504739115335
228.2713225082529
227.16648771575998
226.03458135257247
224.87409456266195
223.68338072347404
222.46064158367895
221.20391755843062
219.91103363754132
218.57960254702158
217.2069870531839
215.79026447382617
214.33777720019182
212.84788713029477
211.30524837339718
209.70430123054672
208.0407448951612
206.308877946191
204.50318097884764
202.61844646286164
200.6524258600076
199.10038723097378
198.2768762529787
197.9265220323374
197.96017317137512
198.35893650689658
199.0971843826457
200.27771275528187
202.0495613620683
204.49345295715221
207.68957225351295
211.64230761521043
216.24293925482593
221.43970319408936
227.35061820964103
234.37718859240965
247.36204503759194
265.58742724017867
1014.8
1006.356725
997.91345
989.4701749999999
981.0269
972.583625
964.1403499999999
955.6970749999999
947.2538
938.810525
930.36725
921.9239749999999
913.4807
905.037425
896.5941499999999
888.1508749999999
879.7076
871.264325
862.82105
854.3777749999999
845.9345
837.491225
829.0479499999999
820.6046749999999
812.1614
803.718125
795.27485
786.8315749999999
778.3883
769.945025
761.5017499999999
753.0584749999999
744.6152
736.171925
727.72865
719.2853749999999
710.8421
702.398825
693.9555499999999
685.5122749999999
677.069
668.625725
660.18245
651.7391749999999
643.2959
634.852625
626.4093499999999
617.9660749999999
609.5228
601.079525
592.63625
584.1929749999999
575.7497
567.306425
558.8631499999999
550.4198749999999
541.9766
533.533325
525.09005
516.6467749999999
508.20349999999996
499.760225
491.3169499999999
482.87367499999993
474.43039999999996
465.987125
457.54385
449.10057499999994
440.65729999999996
432.214025
423.7707499999999
415.32747499999994
406.88419999999996
398.440925
389.99765
381.55437499999994
373.11109999999996
364.667825
356.2245499999999
347.78127499999994
339.33799999999997
330.894725
322.45145
314.00817499999994
305.56489999999997
297.121625
288.6783499999999
280.23507499999994
271.79179999999997
263.348525
254.90525000000002
246.46197499999994
238.01869999999997
229.575425
221.1321499999999
212.68887499999994
204.24559999999997
195.802325
187.35905000000002
178.91577499999994
170.47249999999997
162.029225
153.5859499999999
145.14267499999994
136.69939999999997
128.256125
119.81285000000003
111.36957499999994
102.92629999999997
94.483025
86.03974999999991
77.59647499999994
69.15319999999997
60.709925
52.26665000000003
43.82337499999994
35.38009999999997
26.936825
18.493549999999914
10.050274999999942
1.607
0.0
68.7328723596638
137.90035335760683
207.45122476560783
277.7111151682326
348.26623471052767
419.58616008134265
491.178007661794
563.5842421164479
636.2469614488762
709.7710608167484
783.5405742188216
858.2192490010162
933.1333317092653
1008.9743269402264
1085.1968373753332
1162.3431800005426
1239.9369314150551
1318.5169853263528
1397.3864159031934
1477.210955954799
1557.5035492109482
1638.5792883910547
1720.3162134192783
1802.76624588429
1885.9403237991216
1969.8502447372286
2054.5077421000924
2139.9316762782328
2226.132535499889
2313.132361485971
2400.9369501587184
2489.577725053465
2579.0552793456127
2669.403304144942
2760.628253878256
2852.757416045158
2945.8061031404554
3039.7970233769547
3134.751091461794
3230.690349452358
3327.6382934638714
3425.6186024062163
3524.655930956968
3624.7764900073557
3726.006435923205
3828.3738954061632
3931.907696477566
4036.637334491376
4142.594385801291
4249.810762510741
4358.3200849689765
4468.157033274987
4579.357325845962
4691.959096727264
4806.00194211774
4921.526147882562
5038.5755615790595
5157.195102909766
5277.4313596435795
5399.334122445524
5522.955060656439
5648.348584237022
5775.571490633112
5904.683757828084
6035.747997841002
6168.8301129473275
6303.99930757559
6441.329214129725
6580.897277635866
6722.785800064287
6867.081838911154
7013.877450283182
7163.270342885314
7315.364354895544
7470.269023912119
7628.101650432957
7788.987329933612
7953.059180811199
8120.45944079591
8291.341929923794
8465.871884190963
8644.226316754488
8826.594761762133
9013.182104290943
9204.210153958427
9399.918929999089
9600.569316507359
9806.44601767362
10017.85995459365
10235.149943236906
10458.692047026614
10688.899030203487
10926.226875518301
11171.180920316207
11424.319325539094
11686.27270813138
11957.744993805452
12239.533001055805
12532.541602479989
12837.804452265444
13156.513405859245
13490.053359283473
13840.059875814748
14210.32657961557
14604.703870404199
15027.564688050743
15484.25114692816
15981.451807164216
16527.618682787
17134.566462813185
17818.360132128208
18601.751832704165
19517.91432144464
20617.297767713546
21981.521231047704
23759.131710624577
26266.09755311377
30390.242359880805
41261.05208324549
52131.86180661014
359.510573080846
358.4202287357346
358.02341997941164
356.9790150012955
355.5611262265349
355.18952983500026
353.53143470756424
353.20956078710503
351.4394235588942
351.1547271705716
349.3099170502056
349.05696152306626
347.15817982403973
346.94011714907595
344.9990881209268
344.83232616412846
343.55917070492364
343.583698202109
342.3096133701651
342.21754332626966
340.58711789417265
340.1992141292272
338.81410466753636
337.9647411883159
336.8923433251965
335.8686890438336
334.84495231570617
333.8196407700641
332.788249506332
331.76720981983453
330.73925216740065
329.7272455006571
328.6993108812061
327.70062689828484
326.67890921000634
325.68700433875995
324.6827385151812
323.69509585693976
322.70621034486743
321.7257147310218
320.751254512301
319.7824525348594
318.82234379366685
317.8683853004137
316.92257594901105
315.98399792298363
315.05336427682005
314.1312823063035
313.2168813140562
312.3112151168082
311.41372771264133
310.52494022441203
309.64563414058273
308.7730877431725
307.9076484913608
307.05028845463715
306.2007451978221
305.3592829533857
304.5272547774847
303.70352275431446
302.8880664911501
302.0831396053491
301.28692389663803
300.50043973812666
299.724048331114
298.9582365393511
298.20149818208546
297.45465226780993
296.7174011926553
295.99104282328915
295.2750072817825
294.5698344089923
293.87662556831043
293.1957944639938
292.5277755490789
291.8724541860838
291.2288818680139
290.59714890058484
289.97756829384537
289.37240813566757
288.78395647322446
288.2118304877601
287.65574316197234
287.1159326572202
286.5905912005816
286.08021610660336
285.5850625487424
285.1057281646681
284.64207603076375
284.19448506403864
283.7636935922027
283.34802487765404
282.94926853186314
282.56778035470495
282.2034829931286
281.85738448529753
281.5274630105483
281.20783292695273
280.90220791461536
280.61220749530145
280.3380641276832
280.0782504859642
279.833562506396
279.6075849016143
279.41817057076156
279.3387754531657
279.356484249475
279.456318148766
279.62823015598286
279.86376090147814
280.17258358940506
280.54282591762285
280.96558511358603
281.425416099818
281.9010504016775
282.36984636615773
282.83024458779477
283.3200155586965
283.92486877551534
284.9478816618258
287.0161180203941
345.9863743365753
344.6682019789875
344.0420191968051
342.7678465893223
341.1187546544285
340.5146309238662
338.6227373840977
338.0658647710689
336.0595645041998
335.5375807417826
333.4543876695985
332.9619736118903
330.8226877566899
330.3630818721932
328.1795005210757
327.7686739815318
326.250502774975
326.0290855073218
324.5081166770104
324.1682423368189
322.2890854152175
321.6515337207879
320.0158540498616
318.9150006590703
317.5901885131253
316.3132019131731
315.0352069248033
313.7547124918665
312.4672088330279
311.1891243515912
309.903185195926
308.6322562472472
307.3444546647801
306.084954101597
304.8014651969774
303.5468290239409
302.2788661413234
301.0265546816249
299.7720263785351
298.5249072752933
297.282835738364
296.0454272462731
294.8157088572807
293.5911296667931
292.3736805704358
291.1624404571463
289.9581132514702
288.7612968500369
287.5711112653439
286.3886008844917
285.2132001343026
284.0454203498985
282.8860329119812
281.7323078365848
280.5845826946857
279.4438191128273
278.3097441535198
277.1826114310485
276.0637632198556
274.9520507041729
273.8474422362851
272.7521801556272
271.6644344770327
270.5852148410543
269.5148637720305
268.4538645005428
267.4006999714069
266.3561642061219
265.3199607054786
264.2933750829925
263.2758253656332
262.2678392635458
261.2705059625849
260.2842269539658
259.3094241618697
258.3459703768401
257.3929058401335
256.4503085192506
255.518478958911
254.5996725496802
253.6961652425681
252.8075621619562
251.9335643988275
251.0743983062917
250.2282459797895
249.3955933215068
248.5766841606485
247.7721051026258
246.9817086216789
246.2058633744355
245.445298387921
244.6983311237319
243.9667418834354
243.2508777446609
242.550653619191
241.8670708236639
241.1981046411098
240.5378665255824
239.8900655269671
239.2563181219854
238.6368554034702
238.0301498274739
237.4370009361072
236.8610001971908
236.3200123295511
235.8875127659003
235.5506200649258
235.2944137354448
235.1089514285608
234.985966644894
234.935477561412
234.9462733271261
235.0106925633759
235.1155968409085
235.2439067777014
235.3803120763365
235.5353467640084
235.7648710807531
236.1769335946842
237.0882522545759
239.0815560525325
13.52419874427065
13.7520267567471
13.98140078260653
14.21116841197322
14.44237157210635
14.67489891113405
14.90869732346655
15.14369601603612
15.3798590546944
15.61714642878899
15.85552938060715
16.09498791117598
16.33549206734985
16.57703527688271
16.8195875998511
17.06365218259668
17.30866792994863
17.55461269478722
17.8014966931547
18.04930098945077
18.2980324789551
18.54768040843929
18.79825061767474
19.04974052924559
19.30215481207122
19.55548713066056
19.8097453909029
20.0649282781976
20.32104067330414
20.57808546824336
20.83606697147464
21.09498925340987
21.354856216426
21.61567279668783
21.87744401302894
22.14017531481904
22.40387237385779
22.66854117531488
22.93418396633236
23.20080745572852
23.46841877393703
23.73702528858629
24.00663493638613
24.27725563362061
24.54889537857524
24.82155746583731
25.09525102534987
25.36998545626659
25.64577004871226
25.92261423231653
26.20052757833871
26.47951987451351
26.75960122860155
27.04077990658763
27.32306579667509
27.60646934180981
27.89100104430232
28.17667152233717
28.46349155762906
28.75147205014155
29.04062425486498
29.33095944972195
29.62248941960532
29.91522489707236
30.2091845590835
30.50437203880827
30.80079821067856
31.09848806168807
31.39744048717668
31.69766774029664
31.99918191614933
32.30199514544648
32.60611960572553
32.911567510028
33.21835138720922
33.52648380924373
33.83597602788043
34.14684038133423
34.45908933493435
34.77273558598738
35.08779123065634
35.40426832580388
35.72217876314482
36.04153435092851
36.36234522079211
36.68462278509657
37.0083783880939
37.33362306204228
37.66036740908485
37.98862168960314
38.31839520428167
38.64969375392216
38.98252664842777
39.31690261004404
39.65282937393763
39.99031366163359
40.32935836943846
40.66996640137035
41.01214238764824
41.35588937331606
41.70120872421302
42.0481006584903
42.39656157028876
42.74658470442349
43.09815824121044
43.45126268726539
43.8058641845492
44.16190441332118
44.51927872742204
44.87779425658412
45.23710602799308
45.59655259049672
45.95489255021015
46.30981925890947
46.6571436239761
46.9895342898212
47.29489782378638
47.55514447794341
47.74793518083116
47.85962940724991
47.93456196786159
481.0207531885972
479.01244831170493
476.3273233898285
473.3978390871339
471.3747058134017
468.1842725386648
466.3304665348584
463.1300178285012
461.42826116429296
458.2526440855733
456.6927865060229
453.5635092351738
452.1400610854875
449.06977938144223
447.7584921548115
445.3801793238508
444.40256224431675
442.3339880679315
441.1313248049806
438.3518733474311
437.13958718554204
434.72323405983855
433.01951648101067
431.008034264087
429.1008321125256
427.1894830784186
425.2764534967429
423.3606541868265
421.4515797867498
419.5329137901373
417.62127263080845
415.6885090394941
413.7726787809354
411.8235101146842
409.894752614
407.94031036625984
405.99493443744063
404.0363764615554
402.0775165475949
400.1108461738195
398.1427913760467
396.17255114066563
394.20294997215706
392.235226516754
390.26982345918816
388.30983877812037
386.3557529023598
384.41028875880204
382.47302268880117
380.5467316926821
378.6331118849745
376.73133334368504
374.84343819611945
372.96613503456126
371.097228300294
369.2385865812765
367.3879512192601
365.5467730970904
363.714868665378
361.8910423315185
360.0756793433405
358.2706646199227
356.4740862759155
354.6861532175189
352.90800700194836
351.1410790120813
349.3819897668521
347.62906536370394
345.88129368798934
344.13964877548244
342.40310341408053
340.6727913429768
338.949735176618
337.2363286815489
335.5336937779603
333.84249541834663
332.16063142490214
330.4881119392456
328.82700077414813
327.17891203301565
325.54510699308696
323.9294161793149
322.3349286050684
320.7662088604248
319.2203627084559
317.6994920426785
316.20594399993365
314.7417355690427
313.30840319690316
311.9104533393654
310.5518018955063
309.2316151610634
307.9613071489525
306.7480083273453
305.597845016979
304.5175184873508
303.5022080338262
302.5549488911715
301.68106976274726
300.88659009431336
300.17689783573087
299.5567349970052
299.0375056685575
298.639718335385
298.42402078501436
298.3429338645967
298.36207775063394
298.46422591786643
298.6388341505085
298.8772575779287
299.18891133791817
299.56215349951856
299.98813406202237
300.45163579882353
300.9317028666794
301.40596486991126
301.87279113505423
302.36972781924254
302.98197726183827
304.0115044236208
306.0842042106452
287.8179145024506
284.8815285933478
281.2665188883575
277.3542637225737
274.3450883956412
270.1646014017269
267.3173633035337
263.1194998709212
260.4166825001497
256.2362383975497
253.667868519842
249.5266724178256
247.0875674411346
242.9984419148925
240.6645132736962
237.3133583433081
235.3621435512877
232.3190403369005
230.141427808486
226.3864438554544
224.1981935211601
220.8056675525394
218.1257786822043
215.1384093681863
212.2556420420337
209.3697393221906
206.4829991121413
203.5949274188202
200.7149990277883
197.8271961688097
194.9483227903148
192.0502714236903
189.1711242328719
186.2605440721567
183.3722087930775
180.4598568570395
177.5580519389422
174.6443096366958
171.7305799127634
168.8090342840364
165.8858170748341
162.9598666511478
160.0338530115474
157.1088701291106
154.1852507904878
151.2653795598142
148.3498317740483
145.4415603056164
142.5403114899978
139.649078943047
136.7698150476708
133.90199786252
131.0480573534751
128.2044401390684
125.3691071753788
122.5442529439159
119.7279698590689
116.9220923908248
114.1268635223455
111.3415506307571
108.5671089262977
105.8060356737363
103.0569641572803
100.3206493710698
97.59891567939857
94.89346060710164
92.20094313350639
89.52018695560412
86.85070853924135
84.1941171974315
81.54999206693834
78.92011927475076
76.30623352660689
73.71147193424541
71.13770729579382
68.58631934278202
66.05515746756573
63.54463631467953
61.05709070061121
58.59431166776043
56.1574403644876
53.75033835642578
51.37607140067969
49.03913575185351
46.73585839774946
44.4684524970221
42.24001772651585
40.05340946630101
37.91093218677008
35.81785031304187
33.77882707391545
31.79233679869744
29.87023615388693
28.01994587433651
26.24769644357123
24.56079555329583
22.95285549401225
21.4254117817754
19.98325917180975
18.63165953586303
17.37785590190298
16.22656089292491
15.18815535977395
14.28226293465714
13.56805703674323
12.99632136312271
12.53058113131967
12.15170671481448
11.84649879538541
11.6035615939659
11.43280010076166
11.3123875363851
11.22513093938185
11.14114954443392
11.01261128294667
10.76903787180778
10.32235326413174
9.560640204889857
8.319821460473872
6.465824765658248
0.0
193.2028386861466
194.1309197183571
195.060804501471
196.0435753645602
197.0296174177605
198.0196711369379
199.0131032313247
200.01051795758
201.0115786641433
202.0164056880236
203.0249179861809
204.0368368173482
205.0524936443529
206.0713374665497
207.0939788811153
208.0668209805427
209.0404186930291
210.014947731031
210.9898969964946
211.9654294919767
212.9413936643819
213.9175665072991
214.8937377988064
215.8696248959007
216.8451900704919
217.819743756228
218.7934543846016
219.7657267680063
220.7365807589615
221.7057176213276
222.6729498404937
223.6382376158038
224.6015545480635
225.5629660425275
226.5225438209225
227.4804535092203
228.4368824984984
229.3920668248596
230.3469366348315
231.3018118897831
232.2569743012126
233.2126844895178
234.1690969606097
235.1263563876434
236.0845726687004
237.0444592183062
238.0059211283115
238.9687284531856
239.9327111988034
240.8976527496351
241.8632968373037
242.829335481165
243.7953808426444
244.7616948954929
245.7281211249152
246.6943336373606
247.6599813601912
248.6246807062656
249.5880051430325
250.5494917007614
251.5085704170428
252.4646289461864
253.4171221186352
254.3655038464491
255.3090913225498
256.2476184049797
257.1810466333457
258.1088784080998
259.030585148748
259.945531578051
260.8531113471422
261.752672068226
262.6435016500111
263.5248567473035
264.3959864821665
265.2561760755646
266.1054739573364
266.9434756245661
267.7699100735369
268.5846003652552
269.3876666285994
270.1790778228891
270.9588572043887
271.7270731085713
272.4845043107065
273.2310395456564
273.9659262734178
274.6883261027417
275.3974710101331
276.0926030263235
276.7729748215908
277.439278362366
278.0910709950656
278.7280624530088
279.3501485734078
279.956722934055
280.549352539814
281.1295371093961
281.6978105909375
282.2549305584503
282.7990419338279
283.3301741040803
283.8493503087836
284.3574554007279
284.8559637482711
285.346612501474
285.8314966193143
286.3125192030519
286.7923353551231
287.2736959839628
287.7561112371565
288.2497659631335
288.7630031226405
289.3104862543896
289.9190915837327
290.6369269981035
291.5504378709225
292.8090876143527
294.6621558013644
297.5456796579626
306.0842042106452
121.51018010775115
120.59221957597032
118.30390341041675
116.41882408583842
115.81357958686687
112.99474270366454
112.79903182729421
109.92045704139628
109.98883760539883
107.09791691500169
107.38286945581737
104.50654771210748
104.98188126144778
102.12966223236637
102.75940403388478
100.54785315972234
100.84339153939321
98.75028986582248
98.8217114348155
96.13433002116145
96.55246929136948
94.5240199306112
94.2054118134742
93.04329307577109
92.2084887873291
91.32079403458481
90.43150118103661
89.54101341676251
88.66333028041771
87.76570397030281
86.88202046340781
85.96126353883702
85.0733678997293
84.12288321639949
83.2158434039936
82.2533060274999
81.3121959222593
80.3412806046156
79.37130620272751
78.3851314427975
77.3915368637457
76.3900986058062
75.3806061784903
74.36684121634019
73.34724751017711
72.3258408551367
71.30238862553969
70.27900645249858
69.256141374745
68.2355165758739
67.2193841723331
66.20639311927312
65.19780405553661
64.19304729138898
63.18957980893322
62.18829812663938
61.187206021438016
60.18749014370468
59.18761388789329
58.187519577204114
57.18761285219031
56.187525014573595
55.187162379277595
54.185713479392405
53.183958670834386
52.1828424727303
51.180491584766685
50.17441309589401
49.163892495334096
48.14860595219341
47.12809613229811
46.102956933984586
45.07310960830762
44.040534217555205
43.005918228881285
41.9700412322627
40.93174955688821
39.890963038660715
38.84943248030271
37.806503897347994
36.76115051986261
35.71758569155469
34.67918544309609
33.65027620320461
32.629771507874295
31.6192759360751
30.62088145119128
29.63600740437471
28.66632716613941
27.715968275326816
26.788108303303602
25.883590283409404
25.012038617089303
24.180227972640296
23.39436202385039
22.660134002053297
21.97474502327799
21.3471159642188
20.77886184813201
20.2743825990118
19.838833708047616
19.47848451104099
19.203943162161494
19.03213343377081
19.005850214252803
19.004158411431007
19.005593501159126
19.007907769100512
19.010603994525695
19.013496676450615
19.016327748513106
19.019327581895794
19.022548948436196
19.02621969900548
19.030652465001907
19.0361185037535
19.042546547259406
19.0497122605461
19.057108486323017
19.063622761795102
19.068086190250995
58.16845983412475
59.78667338563969
62.77550030844765
65.41358286674858
66.77366625878733
70.35002952213927
71.30537408056398
74.94636490014761
75.64288200405008
79.30134234423292
79.78651914975643
83.43530119406472
83.7351203155553
87.36463995730062
87.51498724737942
90.45531563822365
90.8883592236872
93.71004517042132
94.3666888685244
97.78179848136446
98.09089189405734
100.8458661682486
101.8900753676574
103.776591290884
105.3345464710916
106.9434625909826
108.5522078126621
110.1597850730462
111.7522098052396
113.3619281827815
114.9548624056112
116.5819848235569
118.1733304319082
119.8244100294402
121.4292564038999
123.0869721669013
124.7208142023813
126.3822450449291
128.0414464657716
129.715872991257
131.3970186635298
133.0855605951254
134.7818558457333
136.4822595376826
138.188429779948
139.8970608973322
141.6082814774219
143.3197365444204
145.0307997753461
146.7395219414447
148.4433850866318
150.1434224873784
151.8379755585062
153.5278676975163
155.2154755193069
156.8995661689114
158.5817742944509
160.2605190402238
161.9368996975101
163.6105000734157
165.2803333099875
166.9461444818909
168.6074703197523
170.2645654699844
171.9159480926319
173.5604038934411
175.1997568379005
176.8359772505178
178.4692521662372
180.099257885561
181.7258332986948
183.347719988795
184.964272435978
186.5727550197203
188.1717168660759
189.7596510340581
191.3377483725678
192.9056722045711
194.4613882582998
196.0053608819198
197.5387248780805
199.0572238055305
200.5574929981478
202.0352625544382
203.4923875820401
204.9271408244847
206.3366664341326
207.7186956363247
209.0707764349088
210.3880130613936
211.6664713140055
212.9059943250345
214.0965057295485
215.2309318703244
216.3029571756198
217.3062752703681
218.2452491470976
219.1124547438069
219.9068063551573
220.6246585861224
221.2589995015672
221.803588934549
222.2488455763333
222.5787372625336
222.7519552928079
222.8911914027776
223.0200389336061
223.1427070206303
223.2624526331754
223.3824050509281
223.5026774606503
223.633885790741
223.7855616239941
223.9744472964746
224.2312954947547
224.6112742045288
225.2129934998767
226.2042308758632
227.8571121342103
230.6224274889176
239.0815560525325
179.6786399418759
180.37889296161
181.0794037188644
181.832406952587
182.5872458456542
183.3447722258038
184.1044059078582
184.8668219415439
185.6317196094489
186.3992592592346
187.1693886055738
187.9418489061722
188.7170015770031
189.494302189667
190.2743912812642
191.003168797946
191.7317507630804
192.4603350362438
193.1884003033399
193.9161285025259
194.6433611854268
195.3698860988598
196.0954871811316
196.8198843666551
197.5430352584207
198.2642566255674
198.9837089936987
199.7007984898087
200.4155400856573
201.1276321530843
201.836882869019
202.5432483623939
203.2466983316375
203.9472932458397
204.6450998078935
205.3402781944012
206.0330101246406
206.7235256495447
207.4127526684991
208.1010044340545
208.7885555272755
209.4756592009316
210.1624620242236
210.8491007540228
211.5356772901251
212.2229017524689
212.9106701029616
213.598742996919
214.2869411500911
214.9750385173186
215.6627692589649
216.3498156066515
217.0357796140428
217.7209149889053
218.4050553282401
219.0878642955508
219.7689803158889
220.4480091839285
221.1245135854034
221.7980196506198
222.4679461621778
223.1336694964645
223.7946326990299
224.4502789493768
225.0999067634663
225.7432463661714
226.3802484226672
227.0103903464118
227.6331446615713
228.2478638377544
228.8539294309929
229.4506769227796
230.0373820442856
230.6132892372755
231.1776350949572
231.7296922663208
232.269497929456
232.7966352432318
233.3108207386025
233.8118647792678
234.2998753979431
234.7748094970852
235.2366784412439
235.6855387576428
236.1221590899144
236.5464167605598
236.9575478853239
237.3547030406994
237.7371036010482
238.1039813367204
238.4545796173091
238.7895846084439
239.1085443466378
239.4111598429647
239.6973191994702
239.9664092724214
240.2199941703756
240.4595707080257
240.6856682032893
240.8990411851342
241.0978332096148
241.28207344559
241.4527887384948
241.6108706963044
241.7578055070607
241.8953498142086
242.0256324347652
242.1506147897308
242.2730566277011
242.3959017273787
242.5190052091634
242.6532133726368
242.8081105724303
243.0006669954801
243.2619479597566
243.6473927082823
244.2555400471361
245.2539431364093
246.9142206205333
249.6860502507127
258.1496422427835
-1.6105399898571011
-2.9861348467801045
-2.6343325889108704
-0.6038007598794969
-2.8158060540871395
-0.19472123519582796
-2.8745756654304313
0.06817447078590588
-2.886902538375775
0.28541415064618314
-2.8732290194894947
0.4755868950687489
-2.8482343514624593
0.6289040254024312
-2.2083333917867685
0.2959459947488208
-2.090879269913793
0.07207982550277092
-2.68363173697907
0.4175475808693961
-2.0254393626175906
-0.31751525720965845
-1.160938968324445
-0.8331354174311494
-0.885968564580188
-0.8884180004002004
-0.8887626359537814
-0.8759747389375068
-0.8958982493656171
-0.8828132134420525
-0.919008748639679
-0.8861872469801166
-0.9495380614848369
-0.9053156883240717
-0.9607537219792528
-0.9401726585689898
-0.9691270024535579
-0.9681884477878583
-0.9851860514927683
-0.9917838535435318
-0.9996191958091774
-1.0084773417748365
-1.011932557088338
-1.017754831956014
-1.0203782887105004
-1.0216078226177694
-1.0215375357498726
-1.0218352417827417
-1.0187832269232544
-1.0142962379523408
-1.011972087862092
-1.0067631434558333
-1.0029359789642838
-1.0024586983795558
-0.9994671507029474
-0.999279502808225
-0.9987104329192469
-0.9980696924412295
-0.9982905434239954
-0.9988995257346259
-0.998291969719843
-0.9985712864694307
-1.0004375553557496
-0.9999733942399938
-0.9993418760596973
-1.001335377033953
-1.0043119888072607
-1.0087566137042994
-1.014252763952384
-1.0187515614999332
-1.0233852008850897
-1.0287924869586882
-1.030834192860629
-1.0328842277301726
-1.0348095363043195
-1.036580680223648
-1.0390855735297184
-1.040450352330141
-1.0412516976704378
-1.043686991360472
-1.0424756991498707
-1.0367681637182886
-1.0273009830850084
-1.0194349247749046
-1.008932899425883
-0.9968586851074768
-0.9833675716513257
-0.968658249363469
-0.9489217993819539
-0.9264646031542145
-0.9035610358909565
-0.8702514847960182
-0.83057157423054
-0.7850336697548637
-0.7331323080238943
-0.6843637215064337
-0.6269662302732413
-0.5673880043739129
-0.5036975125921812
-0.43509442160942796
-0.35975852773214795
-0.2740605586033158
-0.1716439385614852
-0.026104764266937697
-0.0015504294003121089
0.0014114309517707924
0.0024384132955149046
0.002817366500736898
0.0028686484492714964
0.0029527329596193003
0.003132565904204687
0.0031915398558926833
0.0038618995210382145
0.004692751401589923
0.005394676043668112
0.007037534262285372
0.008170117977893021
0.0071069329953479254
0.009317761540813763
0.013040970616861713
0.0
-1.61640003632376
-2.985477375386823
-2.63512608646154
-1.358559160647656
-3.572355270030412
-0.9542739136584919
-3.636910398828237
-0.6957365243876991
-3.654360341516383
-0.4846330728953877
-3.644692892007825
-0.2994831173019599
-3.625452076620272
-0.1501787974257373
-2.93703319522628
-0.4325582779959898
-2.818523712476239
-0.6559078043018182
-3.411282334816871
-0.3087470149019969
-2.751886803014828
-1.043038964958485
-1.884401724342379
-1.55620919594992
-1.607113024235232
-1.606942317547668
-1.605775665174411
-1.590640118265254
-1.607914382804355
-1.59114903792072
-1.625298918680033
-1.589562203786179
-1.649229249702989
-1.603047839725595
-1.655857978090289
-1.632011005608417
-1.659568894185595
-1.657341970970069
-1.67255001299559
-1.679261629704808
-1.686649600116112
-1.69439423006409
-1.698498067117748
-1.70425815492061
-1.70671627216203
-1.709302832883506
-1.709537057005298
-1.709145660059054
-1.706807218839087
-1.701953643382144
-1.698132186413801
-1.692654003026441
-1.687998294367329
-1.685716537158342
-1.682203306630822
-1.680322892291047
-1.676863393898304
-1.674501954821262
-1.671724789273191
-1.667961871733399
-1.663944314551376
-1.659464007176764
-1.655238060835344
-1.649531935221341
-1.642612876200625
-1.637515738569207
-1.634386717323014
-1.631444521413199
-1.628178988772107
-1.624752526890782
-1.620069058460567
-1.61474079357424
-1.60667997394608
-1.597169906351249
-1.586154586582966
-1.57632878114354
-1.566166675980643
-1.553972578836959
-1.542242309468845
-1.531645570988704
-1.516797161406691
-1.498587856449332
-1.476113435232195
-1.455492042653385
-1.433145329324388
-1.407945968874914
-1.380480376358528
-1.350565535616699
-1.315760413020677
-1.27702549767038
-1.238133890409983
-1.189177210695572
-1.13315480113247
-1.070823897622942
-1.002193686536065
-0.9379215784169826
-0.8662337283659792
-0.7934613897149347
-0.7170477413940338
-0.6336300161413572
-0.5439791172366119
-0.4447576472707655
-0.3295219799994439
-0.1730239066191967
-0.1390800695012894
-0.1287031327332988
-0.1225306141677741
-0.1196114148754806
-0.1198179883187324
-0.1201376216765026
-0.131061286272202
-0.1515058517153984
-0.1886739902608523
-0.2565603511607329
-0.3795528715638008
-0.6010449547568284
-0.9901265065108594
-1.651028891415383
-2.762216294388934
-8.449648505720273
0.0
0.005860046466659
-0.0006574713932815
0.0007934975506695
0.754758400768159
0.7565492159432727
0.7595526784626639
0.7623347333978058
0.763910995173605
0.7674578031406079
0.7700472235415708
0.7714638725183304
0.7750700123707088
0.7772177251578127
0.7790828228281685
0.7286998034395116
0.7285042727448106
0.727644442562446
0.7279876298045891
0.7276505978378013
0.726294595771393
0.7264474403972372
0.7255237077488266
0.7234627560179339
0.7230737785187706
0.721144459655044
0.7185243171474677
0.7170130292206297
0.7146653793277473
0.7120161334387378
0.7083358244786675
0.7062901700403541
0.7033749568060623
0.6996911882181521
0.6977321514015232
0.6951042561110361
0.6918383470394271
0.6904418917320372
0.6891535231822107
0.6873639615028216
0.6874777761612761
0.6870304043069346
0.6859168882892533
0.6865655100294102
0.686503322964596
0.6863379834515294
0.6876950102657365
0.6879995212554253
0.6873104182763123
0.6880239919158326
0.6876574054298032
0.6861600985517092
0.6858908595706078
0.6850623154030454
0.6832578387787862
0.6827361559278745
0.681043389482822
0.6781529609790571
0.6764322623800326
0.6734342458491956
0.6690623459987731
0.6656523448315329
0.6608927207073332
0.6548005054795945
0.6495585409813471
0.6432710001409276
0.6361803615352538
0.6300747285157533
0.6226879077088997
0.613926224819723
0.606000965390849
0.5966838575754773
0.5859483066155518
0.5758457810854509
0.5642856786210764
0.5513450502786466
0.539748100919892
0.5270811024509245
0.5135222265068181
0.5009906117984072
0.4879585796282321
0.4743214622568203
0.4618196927310433
0.4488124521471867
0.4360571178784804
0.424212429898505
0.4110872837674373
0.3971128047072024
0.38190728625323
0.3668386136387231
0.3505608945161656
0.3345728545190265
0.3189257258995538
0.30258322690193
0.2857902278680784
0.2690613785121707
0.253557856910549
0.239267498092738
0.2260733853410218
0.2133502288018526
0.1985355945319292
0.1842205895044639
0.1706970886674497
0.1578780414379587
0.146919142352259
0.1375296401009773
0.1301145636850696
0.124969027463289
0.1224287813762175
0.1226866367680039
0.1230903546361219
0.1341938521764067
0.1546973915712911
0.1925358897818905
0.2612531025623228
0.3849475476074689
0.6080824890191138
0.9982966244887524
1.658135824410731
2.771534055929748
8.462689476337134
0.0
1.0
1.0
1.0
1.0
1.0
1.0
1.0
1.0
1.0
1.0
1.0
1.0
1.0
1.0
1.0
1.0
0.0
1.0
0.0
1.0
1.0
1.0
1.0
1.0
1.0
1.0
1.0
1.0
1.0
1.0
1.0
1.0
1.0
1.0
1.0
1.0
1.0
1.0
1.0
1.0
1.0
1.0
1.0
1.0
1.0
1.0
1.0
1.0
1.0
1.0
1.0
1.0
1.0
1.0
1.0
1.0
1.0
1.0
1.0
1.0
1.0
1.0
1.0
1.0
1.0
1.0
1.0
1.0
1.0
1.0
1.0
1.0
1.0
1.0
1.0
1.0
1.0
1.0
1.0
1.0
1.0
1.0
1.0
1.0
1.0
1.0
1.0
1.0
1.0
1.0
1.0
1.0
1.0
1.0
1.0
1.0
1.0
1.0
1.0
1.0
1.0
1.0
1.0
1.0
0.0
0.0
0.0
0.0
0.0
0.0
0.0
0.0
0.0
0.0
0.0
0.0
0.0
0.0
0.0
0.0
0.0
1.0
1.0
1.0
1.0
1.0
1.0
1.0
1.0
1.0
1.0
1.0
1.0
1.0
1.0
1.0
1.0
0.93
0.93
0.93
0.93
0.93
0.93
0.93
0.93
0.93
0.93
0.93
0.93
0.93
0.93
0.93
0.93
0.93
0.93
0.93
0.93
0.93
0.93
0.93
0.93
0.93
0.93
0.93
0.93
0.93
1.0
1.0
1.0
1.0
1.0
1.0
1.0
1.0
1.0
1.0
1.0
1.0
1.0
1.0
1.0
1.0
1.0
1.0
1.0
1.0
1.0
1.0
1.0
1.0
1.0
1.0
1.0
1.0
1.0
0.018880227825783153
0.018257155190472545
0.017649633795736416
0.017057402701266152
0.01648020317455057
0.015917778690875954
0.015369874933326049
0.0148362397927821
0.014316623367922764
0.013810777965224202
0.013318458098960012
0.012839420491201266
0.012373424071816524
0.01192022997847177
0.011479601556630472
0.011051304359553581
0.010635106148299463
0.010230776891724004
0.00983808876648051
0.009456816157019772
0.009086735655590062
0.008727626062237067
0.008379268384803983
0.008041445838931467
0.007713943848057604
0.0073965500434179906
0.007089054264045642
0.006791248556771072
0.0065029271762222585
0.00622388658482461
0.0059539254528010324
0.005692844658171894
0.005440447286754997
0.005196538632165651
0.004960926195816586
0.00473341968691803
0.004513831022477671
0.004301974327300635
0.004097665933989541
0.0039007243829444643
0.003710970422362933
0.003528227008239961
0.0033523193043679986
0.003183074682336986
0.003020322721534317
0.002863895209144842
0.0027136261401508907
0.00256935171733225
0.002430910351266166
0.0022981426603273574
0.0021708914706879993
0.0020490018163177395
0.0019323209389836855
0.001820698288250405
0.0017139855214799394
0.0016120365038317878
0.001514707308262913
0.0014218562155277456
0.001333343714178176
0.0012490325005635645
0.0011687874788307321
0.0010924757609239637
0.0010199666665850096
0.0009511317233530847
0.0008858446665648667
0.0008239814393544982
0.0007654201926535861
0.0007100412851912019
0.0006577272834938811
0.0006083629618856228
0.0005618353024878906
0.0005180334952196136
0.0004768489377971833
0.0004381752357344563
0.0004019082023427527
0.0003679458587308583
0.00033618843380502214
0.0003065383642689572
0.0002789002946238413
0.0002531810771683163
0.0002292897719984883
0.00020713764700792755
0.0001866381778876684
0.00016770704812620968
0.00015026214900951438
0.00013422357962100966
0.00011951364684158697
0.00010605686534960201
9.377995762087447e-05
8.26118539286886e-05
7.248369234379258e-05
6.332881873439899e-05
5.508278676618465e-05
4.768335790229047e-05
4.1070501403321706e-05
3.5186394327347845e-05
2.9975421529902506e-05
2.5384175663983556e-05
2.1361457180053127e-05
1.7858274326037564e-05
1.4827843147327473e-05
1.2225587486777592e-05
1.0009138984706978e-05
8.138337078898874e-06
6.575229004600744e-06
5.284069794524277e-06
4.231322278845394e-06
3.3856570852042524e-06
2.717952638705223e-06
2.2012951619168993e-06
1.8109786748721092e-06
1.5245049950679032e-06
1.321583737465554e-06
1.1841323144905624e-06
1.096275936032654e-06
1.0443476094457809e-06
1.016888139548121e-06
1.0046461286220764e-06
1.0005779764142757e-06
9.998478801355723e-07
0.0004
0.0004
0.0004
0.0004
0.0004
0.0004
0.0004
0.0004
0.0004
0.0004
0.0004
0.0004
0.0004
0.0004
0.0004
0.0004
0.0004
0.0004
0.0004
0.0004
0.0004
0.0004
0.0004
0.0004
0.0004
0.0004
0.0004
0.0004
0.0004
0.0004
0.0004
0.0004
0.0004
0.0004
0.0004
0.0004
0.0004
0.0004
0.0004
0.0004
0.0004
0.0004
0.0004
0.0004
0.0004
0.0004
0.0004
0.0004
0.0004
0.0004
0.0004
0.0004
0.0004
0.0004
0.0004
0.0004
0.0004
0.0004
0.0004
0.0004
0.0004
0.0004
0.0004
0.0004
0.0004
0.0004
0.0004
0.0004
0.0004
0.0004
0.0004
0.0004
0.0004
0.0004
0.0004
0.0004
0.0004
0.0004
0.0004
0.0004
0.0004
0.0004
0.0004
0.0004
0.0004
0.0004
0.0004
0.0004
0.0004
0.0004
0.0004
0.0004
0.0004
0.0004
0.0004
0.0004
0.0004
0.0004
0.0004
0.0004
0.0004
0.0004
0.0004
0.0004
0.0004
0.0004
0.0004
0.0004
0.0004
0.0004
0.0004
0.0004
0.0004
0.0004
0.0004
0.0004
0.0004
0.0004
0.0004
0.0004
1.7322297340509496e-42
3.619225162066857e-42
7.561366308704624e-42
1.5796434918876458e-41
3.2998300505338577e-41
6.892825674646795e-41
1.4397125187342174e-40
3.00695239225996e-40
6.279847776911085e-40
1.3114235225429752e-39
2.738467500268162e-39
5.7179775976362136e-39
1.1938423932019386e-38
2.492416796947263e-38
5.203108582763347e-38
1.0861081204902775e-37
2.266995050264513e-37
4.731455856125977e-37
9.874271728639634e-37
2.0605385773305826e-36
4.29953146414337e-36
8.970683024894967e-36
1.8715143427037444e-35
3.9041214986506867e-35
8.143577445120726e-35
1.69850988421416e-34
3.5422649567255867e-34
7.3867478092276676e-34
1.5402240040818125e-33
3.211234206852346e-33
6.694476415899044e-33
1.395458167722491e-32
2.908516940467351e-32
6.061497170570706e-32
1.2631085569134812e-31
2.631799496908664e-31
5.482960595947378e-31
1.1421587279457943e-30
2.378951458094145e-30
4.9544015073515434e-30
1.0316728290477071e-29
2.1480114169299013e-29
4.471709151312355e-29
9.307893347446819e-29
1.9371738305416854e-28
4.031099620674611e-28
8.387152579401898e-28
1.7447768759645678e-27
3.6290903732284034e-27
7.54720803378583e-27
1.5692912319555803e-26
3.262476693493061e-26
6.781344287970086e-26
1.4093097161335698e-25
2.9283099488837713e-25
6.083382824994248e-25
1.2635377117240762e-24
2.6238775020924667e-24
5.447639882999713e-24
1.1307843228063876e-23
2.346684151140806e-23
4.868887507865525e-23
1.0099542011247964e-22
2.0944349772068455e-22
4.342317556457909e-22
9.000399912249097e-22
1.8650194879458073e-21
3.863508413539671e-21
8.00115343869465e-21
1.6564969505120536e-20
3.428394198469216e-20
7.093284503033173e-20
1.4670828136543546e-19
3.0332362478548542e-19
6.26896051843375e-19
1.2951361217574793e-18
2.674596666428366e-18
5.520978802362589e-18
1.1391478249474543e-17
2.3493137390369134e-17
4.842714838604314e-17
9.977298873440456e-17
2.0544789891658218e-16
4.228073924572569e-16
8.696050884211555e-16
1.7874156490555952e-15
3.671445674122287e-15
7.53597396944899e-15
1.5456582645888835e-14
3.167660733671245e-14
6.486227669397576e-14
1.3269330781657043e-13
2.711948856677923e-13
5.536801484976846e-13
1.1291386817928242e-12
2.299897077951367e-12
4.67842398008085e-12
9.503261410895271e-12
1.9274059401311145e-11
3.9024655753662483e-11
7.886772021416647e-11
1.5906400994545738e-10
3.200825208310689e-10
6.424779234165031e-10
1.2859660379853392e-09
2.565780716776253e-09
5.100820824343008e-09
1.009860814622666e-08
1.9897565737926862e-08
3.898507550334603e-08
7.587512314849466e-08
1.4648851693451803e-07
2.800294557010474e-07
5.286597330370821e-07
9.819527479310615e-07
1.7842240191579028e-06
3.1415115764051744e-06
5.267906257107895e-06
8.105230393616113e-06
1.0266491638764594e-05
3.06e-07
3.06e-07
3.06e-07
3.06e-07
3.06e-07
3.06e-07
3.06e-07
3.06e-07
3.06e-07
3.06e-07
3.06e-07
3.06e-07
3.06e-07
3.06e-07
3.06e-07
3.06e-07
3.06e-07
3.06e-07
3.06e-07
3.06e-07
3.06e-07
3.06e-07
3.06e-07
3.06e-07
3.06e-07
3.06e-07
3.06e-07
3.06e-07
3.06e-07
3.06e-07
3.06e-07
3.06e-07
3.06e-07
3.06e-07
3.06e-07
3.06e-07
3.06e-07
3.06e-07
3.06e-07
3.06e-07
3.06e-07
3.06e-07
3.06e-07
3.06e-07
3.06e-07
3.06e-07
3.06e-07
3.06e-07
3.06e-07
3.06e-07
3.06e-07
3.06e-07
3.06e-07
3.06e-07
3.06e-07
3.06e-07
3.06e-07
3.06e-07
3.06e-07
3.06e-07
3.06e-07
3.06e-07
3.06e-07
3.06e-07
3.06e-07
3.06e-07
3.06e-07
3.06e-07
3.06e-07
3.06e-07
3.06e-07
3.06e-07
3.06e-07
3.06e-07
3.06e-07
3.06e-07
3.06e-07
3.06e-07
3.06e-07
3.06e-07
3.06e-07
3.06e-07
3.06e-07
3.06e-07
3.06e-07
3.06e-07
3.06e-07
3.06e-07
3.06e-07
3.06e-07
3.06e-07
3.06e-07
3.06e-07
3.06e-07
3.06e-07
3.06e-07
3.06e-07
3.06e-07
3.06e-07
3.06e-07
3.06e-07
3.06e-07
3.06e-07
3.06e-07
3.06e-07
3.06e-07
3.06e-07
3.06e-07
3.06e-07
3.06e-07
3.06e-07
3.06e-07
3.06e-07
3.06e-07
3.06e-07
3.06e-07
3.06e-07
3.06e-07
3.06e-07
3.06e-07
0.0
0.0
0.0
0.0
0.0
0.0
0.0
0.0
0.0
0.0
0.0
0.0
0.0
0.0
0.0
0.0
0.0
0.0
0.0
0.0
0.0
0.0
0.0
0.0
0.0
0.0
0.0
0.0
0.0
0.0
0.0
0.0
0.0
0.0
0.0
0.0
0.0
0.0
0.0
0.0
0.0
0.0
0.0
0.0
0.0
0.0
0.0
0.0
0.0
0.0
0.0
0.0
0.0
0.0
0.0
0.0
0.0
0.0
0.0
0.0
0.0
0.0
0.0
0.0
0.0
0.0
0.0
0.0
0.0
0.0
0.0
0.0
0.0
0.0
0.0
0.0
0.0
0.0
0.0
0.0
0.0
0.0
0.0
0.0
0.0
0.0
0.0
0.0
0.0
0.0
0.0
0.0
0.0
0.0
0.0
0.0
0.0
0.0
0.0
0.0
0.0
0.0
0.0
0.0
0.0
0.0
0.0
0.0
0.0
0.0
0.0
0.0
0.0
0.0
0.0
0.0
0.0
0.0
0.0
0.0
1.65e-06
1.65e-06
1.65e-06
1.65e-06
1.65e-06
1.65e-06
1.65e-06
1.65e-06
1.65e-06
1.65e-06
1.65e-06
1.65e-06
1.65e-06
1.65e-06
1.65e-06
1.65e-06
1.65e-06
1.65e-06
1.65e-06
1.65e-06
1.65e-06
1.65e-06
1.65e-06
1.65e-06
1.65e-06
1.65e-06
1.65e-06
1.65e-06
1.65e-06
1.65e-06
1.65e-06
1.65e-06
1.65e-06
1.65e-06
1.65e-06
1.65e-06
1.65e-06
1.65e-06
1.65e-06
1.65e-06
1.65e-06
1.65e-06
1.65e-06
1.65e-06
1.65e-06
1.65e-06
1.65e-06
1.65e-06
1.65e-06
1.65e-06
1.65e-06
1.65e-06
1.65e-06
1.65e-06
1.65e-06
1.65e-06
1.65e-06
1.65e-06
1.65e-06
1.65e-06
1.65e-06
1.65e-06
1.65e-06
1.65e-06
1.65e-06
1.65e-06
1.65e-06
1.65e-06
1.65e-06
1.65e-06
1.65e-06
1.65e-06
1.65e-06
1.65e-06
1.65e-06
1.65e-06
1.65e-06
1.65e-06
1.65e-06
1.65e-06
1.65e-06
1.65e-06
1.65e-06
1.65e-06
1.65e-06
1.65e-06
1.65e-06
1.65e-06
1.65e-06
1.65e-06
1.65e-06
1.65e-06
1.65e-06
1.65e-06
1.65e-06
1.65e-06
1.65e-06
1.65e-06
1.65e-06
1.65e-06
1.65e-06
1.65e-06
1.65e-06
1.65e-06
1.65e-06
1.65e-06
1.65e-06
1.65e-06
1.65e-06
1.65e-06
1.65e-06
1.65e-06
1.65e-06
1.65e-06
1.65e-06
1.65e-06
1.65e-06
1.65e-06
1.65e-06
1.65e-06
0.0
0.0
0.0
0.0
0.0
0.0
0.0
0.0
0.0
0.0
0.0
0.0
0.0
0.0
0.0
0.0
0.0
0.0
0.0
0.0
0.0
0.0
0.0
0.0
0.0
0.0
0.0
0.0
0.0
0.0
0.0
0.0
0.0
0.0
0.0
0.0
0.0
0.0
0.0
0.0
0.0
0.0
0.0
0.0
0.0
0.0
0.0
0.0
0.0
0.0
0.0
0.0
0.0
0.0
0.0
0.0
0.0
0.0
0.0
0.0
0.0
0.0
0.0
0.0
0.0
0.0
0.0
0.0
0.0
0.0
0.0
0.0
0.0
0.0
0.0
0.0
0.0
0.0
0.0
0.0
0.0
0.0
0.0
0.0
0.0
0.0
0.0
0.0
0.0
0.0
0.0
0.0
0.0
0.0
0.0
0.0
0.0
0.0
0.0
0.0
0.0
0.0
0.0
0.0
0.0
0.0
0.0
0.0
0.0
0.0
0.0
0.0
0.0
0.0
0.0
0.0
0.0
0.0
0.0
0.0
0.0
0.0
0.0
0.0
0.0
0.0
0.0
0.0
0.0
0.0
0.0
0.0
0.0
0.0
0.0
0.0
0.0
0.0
0.0
0.0
0.0
0.0
0.0
0.0
0.0
0.0
0.0
0.0
0.0
0.0
0.0
0.0
0.0
0.0
0.0
0.0
0.0
0.0
0.0
0.0
0.0
0.0
0.0
0.0
0.0
0.0
0.0
0.0
0.0
0.0
0.0
0.0
0.0
0.0
0.0
0.0
0.0
0.0
0.0
0.0
0.0
0.0
0.0
0.0
0.0
0.0
0.0
0.0
0.0
0.0
0.0
0.0
0.0
0.0
0.0
0.0
0.0
0.0
0.0
0.0
0.0
0.0
0.0
0.0
0.0
0.0
0.0
0.0
0.0
0.0
0.0
0.0
0.0
0.0
0.0
0.0
0.0
0.0
0.0
0.0
0.0
0.0
0.0
0.0
0.0
0.0
0.0
0.0
0.0
0.0
0.0
0.0
0.0
0.0
0.0
0.0
0.0
0.0
0.0
0.0
2
2
1
279.4867007733245
-1.0815560525325054
0.0
0.0
103.0
5.783625987995279
1.0
2.0
3.0
4.0
5.0
6.0
7.0
8.0
9.0
10.0
11.0
12.0
13.0
14.0
15.0
16.0
17.0
18.0
19.0
20.0
21.0
22.0
23.0
24.0
25.0
26.0
27.0
28.0
29.0
30.0
31.0
32.0
33.0
34.0
35.0
36.0
37.0
38.0
39.0
40.0
41.0
42.0
43.0
44.0
45.0
46.0
47.0
48.0
49.0
50.0
51.0
52.0
53.0
54.0
55.0
56.0
57.0
58.0
59.0
60.0
61.0
62.0
63.0
64.0
65.0
66.0
67.0
68.0
69.0
70.0
71.0
72.0
73.0
74.0
75.0
76.0
77.0
78.0
79.0
80.0
81.0
82.0
83.0
84.0
85.0
86.0
87.0
88.0
89.0
90.0
91.0
92.0
93.0
94.0
95.0
96.0
97.0
98.0
99.0
100.0
101.0
102.0
103.0
104.0
105.0
106.0
107.0
108.0
109.0
110.0
111.0
112.0
113.0
114.0
115.0
116.0
117.0
118.0
119.0
120.0
0.0
0.0
0.0
0.0
0.0
0.0
0.0
0.0
0.0
0.0
0.0
0.0
0.0
0.0
0.0
0.0
0.0
0.0
0.0
0.0
0.0
0.0
0.0
0.0
0.0
0.0
0.0
0.0
0.0
0.0
0.0
0.0
0.0
0.0
0.0
0.0
0.0
0.0
0.0
0.0
0.0
0.0
0.0
0.0
0.0
0.0
0.0
0.0
0.0
0.0
0.0
0.0
0.0
0.0
0.0
0.0
0.0
0.0
0.0
0.0
0.0
0.0
0.0
0.0
0.0
0.0
0.0
0.0
0.0
0.0
0.0
0.0
0.0
0.0
0.0
0.0
0.0
0.0
0.0
0.0
0.0
0.0
0.0
0.0
0.0
0.0
0.0
0.0
0.0
0.0
0.0
0.0
0.0
0.0
0.0
0.0
0.0
0.0
0.0
0.0
0.0
0.0
0.0
0.0
0.0
0.0
0.0
0.0
0.0
0.0
0.0
0.0
0.0
0.0
0.0
0.0
0.0
0.0
0.0
0.0
0.0
0.0
0.0
0.0
0.0
0.0
0.0
0.0
0.0
0.0
0.0
0.0
0.0
0.0
0.0
0.0
0.0
0.0
0.0
0.0
0.0
0.0
0.0
0.0
0.0
0.0
0.0
0.0
0.0
0.0
0.0
0.0
0.0
0.0
0.0
0.0
0.0
0.0
0.0
0.0
0.0
0.0
0.0
0.0
0.0
0.0
0.0
0.0
0.0
0.0
0.0
0.0
0.0
0.0
0.0
0.0
0.0
0.0
0.0
0.0
0.0
0.0
0.0
0.0
0.0
0.0
0.0
0.0
0.0
0.0
0.0
0.0
0.0
0.0
0.0
0.0
0.0
0.0
0.0
0.0
0.0
0.0
0.0
0.0
0.0
0.0
0.0
0.0
0.0
0.0
0.0
0.0
0.0
0.0
0.0
0.0
0.0
0.0
0.0
0.0
0.0
0.0
0.0
0.0
0.0
0.0
0.0
0.0
0.0
0.0
0.0
0.0
0.0
0.0
0.0
0.0
0.0
0.0
0.0
0.0
0.0
0.0
0.0
0.0
0.0
0.0
0.0
0.0
0.0
0.0
0.0
0.0
0.0
0.0
0.0
0.0
0.0
0.0
0.0
0.0
0.0
0.0
0.0
0.0
0.0
0.0
0.0
0.0
0.0
0.0
0.0
0.0
0.0
0.0
0.0
0.0
0.0
0.0
0.0
0.0
0.0
0.0
0.0
0.0
0.0
0.0
0.0
0.0
0.0
0.0
0.0
0.0
0.0
0.0
0.0
0.0
0.0
0.0
0.0
0.0
0.0
0.5
0.0
0.0
0.0
0.0
0.0
0.0
0.0
0.0
0.0
0.0
0.0
0.0
0.0
0.0
0.0
0.0
0.0
0.0
0.0
0.0
0.0
0.0
0.0
0.0
0.0
0.0
0.0
0.0
0.0
0.0
0.0
0.0
0.0
0.0
0.0
0.0
0.0
0.0
0.0
0.0
0.0
0.0
0.0
0.0
0.0
0.0
0.0
0.0
0.0
0.0
0.0
0.0
0.0
0.0
0.0
0.0
0.0
0.0
45.0
