9.81
6.022e+23
0
0
0
3
0
1
295.030344568952
2
2
0
0
1
1
0
1
100
7
1000.0
1.0


3
3
0
72.38857731909356
0
6.7
150.0
1000.0
287.04
9.81
79000.0
40.0
20000.0
0.0
0.0
0.0
0.0
0.0280134
0.04401
0.0319988
0.039948
0.01604
0.01801528
0.048
99000.0
2.1153802199668344e+29
0.8
1e-06
1000000.0
0.6
3.0
0.0001
2000
81
1.5208538983445357
0
1
6
1.0
1
0
1
1
0.06
1000000000000.0
1
294.6762057776384
294.14728655735166
293.58019458565184
293.00009355004767
292.41183052472314
291.8162716671097
291.21703613459914
290.61114075885774
289.99787536873885
289.37590348972043
288.74847487126954
288.1148020628962
287.4727361165038
286.8246335427074
286.16999149874545
285.50733545499827
284.8386639187953
284.16307830995606
283.48004150090424
282.789907999628
282.09236969815515
281.38605582438544
280.6727231946987
279.95172449899115
279.22198905559856
278.48447829864824
277.7376770081048
276.9824252836493
276.21831058370566
275.446222994718
274.6649208622835
273.8732321320156
273.07189228010395
272.2603615094102
271.43942190334946
270.60861523732444
269.7680427119568
268.9169844024214
268.05448744179364
267.18045360739694
266.2949641501409
265.3991456477651
264.4912314089353
263.5707372503341
262.6369417738956
261.68975341885204
260.72857816787285
259.75329327647967
258.76282317109514
257.7573307572786
256.73572442638897
255.69728899945173
254.64214840517565
253.5686127490559
252.47668127259035
251.36435824925846
250.22993972890612
249.07408858708015
247.8955799413749
246.69521827205057
245.46895665114707
244.21542943797567
242.9344127835208
241.62520549737118
240.28700166082334
238.91719800918415
237.51235543009858
236.07372285231213
234.5988922223698
233.08531583423576
231.53195462984806
229.9361864963311
228.294548992048
226.60449241352117
224.86166844895104
223.0647010183718
221.21038200451673
219.2929002764993
217.3059537074095
215.24366651413604
213.09812957972972
210.86304840837386
209.03034251702806
207.49279827753108
206.08111074031436
205.09312283298533
203.43483004709935
202.38343183552703
201.65384469120846
201.33963585375233
202.23066218333918
203.6064628379865
205.99804258854996
210.08337887588584
214.68361914428124
220.1140130964474
225.72477556145637
233.20718118322503
242.4892453272019
250.5670339028677
995.005
985.015
975.025
965.035
955.045
945.055
935.0649999999999
925.075
915.085
905.095
895.105
885.115
875.125
865.135
855.145
845.155
835.165
825.175
815.1850000000001
805.195
795.205
785.215
775.225
765.235
755.245
745.255
735.265
725.275
715.285
705.295
695.305
685.3149999999999
675.3249999999999
665.3349999999999
655.3449999999999
645.355
635.365
625.375
615.385
605.395
595.405
585.415
575.4250000000001
565.4350000000001
555.445
545.455
535.465
525.475
515.485
505.495
495.505
485.515
475.525
465.53499999999997
455.54499999999996
445.55499999999995
435.56499999999994
425.575
415.58500000000004
405.595
395.605
385.615
375.625
365.635
355.645
345.655
335.66499999999996
325.67499999999995
315.68499999999995
305.69499999999994
295.705
285.71500000000003
275.725
265.735
255.745
245.755
235.765
225.77499999999998
215.78499999999997
205.79499999999996
195.80499999999995
185.81499999999994
175.82499999999993
165.83499999999998
155.84500000000003
145.85500000000002
135.865
125.875
115.88499999999999
105.89499999999998
95.90499999999997
85.91499999999996
75.92499999999995
65.93499999999995
55.944999999999936
45.954999999999984
35.96500000000003
25.975000000000023
15.985000000000014
5.9950000000000045
43.64494090161667
131.29698932862235
219.67891488515343
308.8026901715874
398.6815368673339
489.3298123106635
580.7624029114518
672.9941193777386
766.0399399178717
859.915638040773
954.6379181023606
1050.2235503072689
1146.6899528004265
1244.0554534660382
1342.3386796039426
1441.5589978932562
1541.7366943719958
1642.8925565550594
1745.0480643313736
1848.2255420933388
1952.4478398749116
2057.738730822558
2164.1231683198566
2271.626760224918
2380.27608797055
2490.098714910125
2601.123184649652
2713.3793110639554
2826.898264613961
2941.712499689594
3057.855418357525
3175.361711428316
3294.2676896559497
3414.611400829051
3536.432661621295
3659.773101052975
3784.676178881279
3911.187059533497
4039.3528772562363
4169.223127282244
4300.850121670821
4434.288666915589
4569.595925697731
4706.831784475242
4846.059160285988
4987.344297928163
5130.756955005015
5276.370621724719
5424.262810422458
5574.515394633417
5727.21474066607
5882.452427674547
6040.3253324856
6200.93614165799
6364.39377692564
6530.813240784266
6700.317220704982
6873.037020863774
7049.113346170032
7228.696222369852
7411.945198064574
7599.031775153115
7790.140965056603
7985.472557916356
8185.241982411608
8389.681082699353
8599.041777755183
8813.598953864952
9033.651754712047
9259.527395899542
9491.585022354486
9730.21898975551
9975.864165306419
10229.001579773318
10490.166483760091
10759.957979847402
11039.04752561251
11328.189868574613
11628.2386202177
11940.165071729978
12265.082685798803
12604.681528124613
12961.275349132722
13337.370215897085
13736.101602997755
14160.397022080615
14614.154820452075
15103.384479963152
15635.497520856945
16221.46103962055
16875.895317701124
17618.675332131148
18480.770893455654
19507.183367040212
20767.973001258008
22385.21954792262
24614.614620839857
28143.833324588035
36469.40919971965
59139.587012315664
2.1127074668395445e+23
2.1127074668395445e+23
2.1127074668395445e+23
2.1127074668395445e+23
2.1127074668395445e+23
2.1127074668395445e+23
2.1127074668395445e+23
2.11270746683952e+23
2.1127074668395445e+23
2.1127074668395445e+23
2.1127074668395445e+23
2.1127074668395445e+23
2.1127074668395445e+23
2.1127074668395445e+23
2.1127074668395445e+23
2.1127074668395445e+23
2.1127074668395445e+23
2.11270746683952e+23
2.1127074668395445e+23
2.1127074668395445e+23
2.1127074668395445e+23
2.1127074668395445e+23
2.1127074668395445e+23
2.1127074668395445e+23
2.1127074668395445e+23
2.1127074668395445e+23
2.1127074668395445e+23
2.1127074668395445e+23
2.1127074668395445e+23
2.1127074668395445e+23
2.1127074668395445e+23
2.1127074668395445e+23
2.1127074668395445e+23
2.1127074668395445e+23
2.1127074668395445e+23
2.11270746683952e+23
2.1127074668395445e+23
2.1127074668395445e+23
2.1127074668395445e+23
2.1127074668395445e+23
2.1127074668395445e+23
2.11270746683952e+23
2.1127074668395445e+23
2.1127074668395445e+23
2.1127074668395445e+23
2.1127074668395445e+23
2.1127074668395445e+23
2.1127074668395445e+23
2.1127074668395445e+23
2.1127074668395445e+23
2.1127074668395445e+23
2.1127074668395445e+23
2.1127074668395445e+23
2.1127074668395445e+23
2.1127074668395445e+23
2.1127074668395445e+23
2.1127074668395445e+23
2.11270746683952e+23
2.1127074668395445e+23
2.1127074668395445e+23
2.1127074668395445e+23
2.1127074668395445e+23
2.1127074668395445e+23
2.1127074668395445e+23
2.1127074668395445e+23
2.1127074668395445e+23
2.1127074668395445e+23
2.1127074668395445e+23
2.1127074668395445e+23
2.1127074668395445e+23
2.11270746683952e+23
2.1127074668395445e+23
2.1127074668395445e+23
2.1127074668395445e+23
2.1127074668395445e+23
2.1127074668395445e+23
2.1127074668395445e+23
2.1127074668395445e+23
2.1127074668395445e+23
2.1127074668395445e+23
2.1127074668395445e+23
2.1127074668395445e+23
2.1127074668395445e+23
2.11270746683952e+23
2.1127074668395445e+23
2.1127074668395445e+23
2.1127074668395445e+23
2.1127074668395445e+23
2.1127074668395445e+23
2.1127074668395445e+23
2.1127074668395445e+23
2.1127074668395445e+23
2.1127074668395445e+23
2.1127074668395445e+23
2.1127074668395445e+23
2.11270746683952e+23
2.1127074668395445e+23
2.1127074668395445e+23
2.1127074668395445e+23
2.1127074668395445e+23
-1.4656919677681883
-1.2227453721146195
-1.1186439191184245
-1.0475686522822163
-0.9898150305779038
-0.9406662069163877
-0.8849615589603343
-0.8351293751317163
-0.7926587932281248
-0.7634801660563173
-0.7332678061980726
-0.7051860039960149
-0.6876943920938512
-0.6697053819723638
-0.6537828250092683
-0.644686171263847
-0.634831834256786
-0.6254030116639147
-0.6196277636366327
-0.6148610147052113
-0.6115605869788903
-0.6151645012002294
-0.617952667868179
-0.6205874877711397
-0.6280539724771496
-0.634983304732768
-0.6470967876378418
-0.6602540908648267
-0.675171850005466
-0.6874046284155555
-0.7005088888682574
-0.7181023260035845
-0.7381720947963595
-0.7593431954464762
-0.7791590108924518
-0.7975063160156184
-0.8130748113139525
-0.8273545778448239
-0.8432538970821106
-0.8595176009149966
-0.8744356047825839
-0.8816637125280267
-0.8877436154322402
-0.8914476725465406
-0.8958689568733453
-0.8979867129399224
-0.8994839515657764
-0.8982082811975842
-0.8962904318860543
-0.8914668386442399
-0.8852905515280021
-0.8783996195446759
-0.8673484820407729
-0.8571317241720917
-0.8434727535518738
-0.8319756088689486
-0.827125214348782
-0.8214543445213364
-0.8163052886034767
-0.804532964764972
-0.7982354691174227
-0.7983977343520107
-0.8008446319159479
-0.8028799623360282
-0.8018484381012191
-0.8023038228576493
-0.8109100815081466
-0.8155724295493922
-0.817626351750771
-0.8184560885291088
-0.8128074681993671
-0.8000619775037829
-0.7830140766383141
-0.7580604008064564
-0.7291456722088102
-0.6849028093141991
-0.6208396032393171
-0.5381678136549449
-0.4411136280575252
-0.32659438346509073
-0.1965067881257101
-0.029701262201060744
0.05952579420659539
0.07857159989652779
0.0947506950701167
0.1072795583686633
0.12372549695830899
0.13701871622194434
0.1479366164926758
0.15477518244248706
0.15702596357208157
0.14788047289396422
0.14067221523486773
0.11073763984171656
0.09189781527493886
0.06025392495889642
0.04480556198304131
0.031134889819291117
0.020857342296179162
0.022024762709153163
-2.0507565975156865
-1.802030470014273
-1.6918430594741096
-1.615116615780721
-1.551306456532103
-1.4964067932018565
-1.4349377197832496
-1.3789036223314497
-1.3308428647368373
-1.2958786187499811
-1.2600179386079162
-1.226070886931069
-1.2024966898823948
-1.1789752302458396
-1.1570800989078975
-1.1424089129381798
-1.1260771333354
-1.1112453622946532
-1.0995503461002443
-1.0888938458525104
-1.079921102101082
-1.0776749503753535
-1.0741467238176483
-1.0713166795817415
-1.0729002071612967
-1.0741266295298715
-1.080507004592505
-1.087712945725201
-1.0965923520470824
-1.1025351263663197
-1.1097781132484101
-1.122232505734729
-1.1358242226445725
-1.151739064302518
-1.1656111712342465
-1.178186921987134
-1.1878330306697649
-1.196286604945243
-1.20619943816709
-1.2166000220544788
-1.2256912317521937
-1.2272552028200039
-1.227051592212831
-1.2254256545328985
-1.2236255316898905
-1.2201848607644763
-1.2156307865371332
-1.208424682856105
-1.2008819025989226
-1.1900410008206563
-1.1780371501048137
-1.165293254797092
-1.1485916880459968
-1.1321028359618026
-1.1127921648027836
-1.0957596103584422
-1.0846762649350694
-1.0731209997310032
-1.0622683037181844
-1.0445854972869313
-1.0324683070153924
-1.0268182386870706
-1.0234073265585266
-1.019582378412764
-1.0126899942751493
-1.0071004196971955
-1.0101032545264843
-1.0088335979551175
-1.0049722290895033
-0.9999983401536099
-0.9882209072460455
-0.9695563882789031
-0.9462892938359175
-0.9156174178639276
-0.8807131379499253
-0.8305961648547395
-0.7598941741937324
-0.6717470334060067
-0.5685811884799818
-0.4477664894915847
-0.3111715532199355
-0.13786339869858466
-0.046302242481999656
-0.02165335425053172
-0.00017309588173475277
0.018072904867267425
0.040017728126201746
0.05895351859322773
0.07553170512164797
0.08775479034102318
0.09553025378079383
0.09203815964298201
0.09058558866689737
0.06668144945365384
0.05429118834484825
0.029384922057772656
0.01983946530447156
0.012020005177703297
0.007685056462662487
0.01501067397322231
0.5852228602308204
0.5793764838571145
0.5735301074834086
0.5676837311097027
0.5618373547359968
0.5559909783622908
0.550144601988585
0.5442982256148791
0.5384518492411732
0.5326054728674674
0.5267590964937614
0.5209127201200556
0.5150663437463496
0.5092199673726437
0.5033735909989379
0.4975272146252319
0.4916808382515261
0.48583446187782015
0.47998808550411426
0.47414170913040843
0.4682953327567025
0.4624489563829966
0.4566025800092907
0.4507562036355848
0.4449098272618789
0.43906345088817295
0.4332170745144671
0.42737069814076123
0.42152432176705523
0.4156779453933494
0.4098315690196435
0.4039851926459376
0.3981388162722317
0.39229243989852586
0.38644606352481986
0.380599687151114
0.3747533107774082
0.3689069344037022
0.36306055802999637
0.3572141816562905
0.35136780528258454
0.34552142890887866
0.33967505253517283
0.3338286761614669
0.327982299787761
0.32213592341405506
0.31628954704034923
0.3104431706666433
0.30459679429293746
0.2987504179192315
0.2929040415455256
0.2870576651718197
0.2812112887981138
0.2753649124244079
0.269518536050702
0.2636721596769961
0.2578257833032902
0.2519794069295843
0.24613303055587848
0.24028665418217254
0.23444027780846663
0.22859390143476077
0.22274752506105486
0.216901148687349
0.21105477231364303
0.20520839593993714
0.19936201956623126
0.19351564319252534
0.18766926681881946
0.18182289044511357
0.17597651407140763
0.17013013769770183
0.1642837613239959
0.15843738495029
0.15259100857658411
0.1467446322028782
0.14089825582917231
0.1350518794554664
0.12920550308176051
0.12335912670805461
0.1175127503343487
0.11166637396064281
0.1058199975869369
0.099973621213231
0.09412724483952518
0.08828086846581927
0.08243449209211336
0.07658811571840747
0.07074173934470157
0.06489536297099567
0.059048986597289764
0.05320261022358386
0.047356233849877964
0.04150985747617206
0.03566348110246616
0.02981710472876026
0.023970728355054427
0.018124351981348524
0.012277975607642624
0.006431599233936721
-9.990000000000009
-9.990000000000009
-9.990000000000009
-9.990000000000009
-9.990000000000009
-9.990000000000009
-9.990000000000009
-9.989999999999895
-9.990000000000009
-9.990000000000009
-9.990000000000009
-9.990000000000009
-9.990000000000009
-9.990000000000009
-9.990000000000009
-9.990000000000009
-9.990000000000009
-9.989999999999895
-9.990000000000009
-9.990000000000009
-9.990000000000009
-9.990000000000009
-9.990000000000009
-9.990000000000009
-9.990000000000009
-9.990000000000009
-9.990000000000009
-9.990000000000009
-9.990000000000009
-9.990000000000009
-9.990000000000009
-9.990000000000009
-9.990000000000009
-9.990000000000009
-9.990000000000009
-9.989999999999895
-9.990000000000009
-9.990000000000009
-9.990000000000009
-9.990000000000009
-9.990000000000009
-9.989999999999895
-9.990000000000009
-9.990000000000009
-9.990000000000009
-9.990000000000009
-9.990000000000009
-9.990000000000009
-9.990000000000009
-9.990000000000009
-9.990000000000009
-9.990000000000009
-9.990000000000009
-9.990000000000009
-9.990000000000009
-9.990000000000009
-9.990000000000009
-9.989999999999895
-9.990000000000009
-9.990000000000009
-9.990000000000009
-9.990000000000009
-9.990000000000009
-9.990000000000009
-9.990000000000009
-9.990000000000009
-9.990000000000009
-9.990000000000009
-9.990000000000009
-9.990000000000009
-9.989999999999895
-9.990000000000009
-9.990000000000009
-9.990000000000009
-9.990000000000009
-9.990000000000009
-9.990000000000009
-9.990000000000009
-9.990000000000009
-9.990000000000009
-9.990000000000009
-9.990000000000009
-9.990000000000009
-9.989999999999895
-9.990000000000009
-9.990000000000009
-9.990000000000009
-9.990000000000009
-9.990000000000009
-9.990000000000009
-9.990000000000009
-9.990000000000009
-9.990000000000009
-9.990000000000009
-9.990000000000009
-9.989999999999895
-9.990000000000009
-9.990000000000009
-9.990000000000009
-9.990000000000009
295.0282873975906
294.4434451895089
293.8657421324699
293.2921360793857
292.7079480293863
292.1160190696387
291.5186389174203
290.9160362637414
290.3064395440674
289.68885456846147
289.0641810395392
288.43364749894664
287.79574306486234
287.15066358613075
286.49930919565713
285.84067299399794
285.17496135389797
284.50280552436334
283.8235339592586
283.1369298500889
282.44310467838574
281.7412765940639
281.0322067396873
280.3157251316001
279.5916586081595
278.8598241398086
278.12003540716915
277.37209624529896
276.6158033132175
275.8509422677289
275.077292563204
274.2946271575786
273.5027082360554
272.7012870493283
271.89010250633584
271.0688821547122
270.2373406179513
269.39518091181293
268.5420948172116
267.6777589543282
266.8018334668631
265.9139572295213
265.01375696058324
264.1008399618406
263.1747964529646
262.23519312597665
261.2815756085595
260.31346352114684
259.33035247451545
258.33170819259715
257.3169678460886
256.2855369557596
255.23678284017498
254.1700400312915
253.08459799726492
251.97970771870501
250.85457718155934
249.70835438776743
248.54013185943154
247.3489316286636
246.13372131835396
244.89339535435434
243.62676118536754
242.3325322096476
241.00931784104685
239.65562192141124
238.26983389719106
236.85018860766314
235.39476773732017
233.90148107631205
232.36803414540776
230.7919088818158
229.17033898223403
227.50026352943362
225.7782976283776
224.00065381601087
222.16309158080765
220.26085390275844
218.30057889786633
216.27586650465594
214.17181192957332
211.9813779338247
209.93992023538246
208.2450135311967
206.76626112465988
205.56305599982056
204.2364924470562
202.87814088454644
201.98478678386908
201.4608337012105
201.7482447396594
202.88254823339213
204.76823691021565
208.01114530068986
212.35969778673257
217.38089948081495
222.90702055496317
229.45709499470422
237.84219438707777
246.52316602785487
254.6005992158607
1000.0
990.01
980.02
970.03
960.04
950.05
940.06
930.0699999999999
920.08
910.09
900.1
890.11
880.12
870.13
860.14
850.15
840.16
830.17
820.1800000000001
810.19
800.2
790.21
780.22
770.23
760.24
750.25
740.26
730.27
720.28
710.29
700.3
690.31
680.3199999999999
670.3299999999999
660.3399999999999
650.3499999999999
640.36
630.37
620.38
610.39
600.4
590.41
580.4200000000001
570.4300000000001
560.44
550.45
540.46
530.47
520.48
510.49
500.5
490.51
480.52
470.53
460.53999999999996
450.54999999999995
440.55999999999995
430.56999999999994
420.58000000000004
410.59000000000003
400.6
390.61
380.62
370.63
360.64
350.65
340.65999999999997
330.66999999999996
320.67999999999995
310.68999999999994
300.69999999999993
290.71000000000004
280.72
270.73
260.74
250.75
240.76
230.76999999999998
220.77999999999997
210.78999999999996
200.79999999999995
190.80999999999995
180.81999999999994
170.82999999999993
160.84000000000003
150.85000000000002
140.86
130.87
120.88
110.88999999999999
100.89999999999998
90.90999999999997
80.91999999999996
70.92999999999995
60.93999999999994
50.94999999999993
40.960000000000036
30.970000000000027
20.980000000000018
10.990000000000009
1.0
0.0
87.28988180323334
175.30409685401133
264.05373291629553
353.55164742687936
443.81142630778834
534.8481983135387
626.6766075093649
719.3116312461123
812.7682485896312
907.063027491915
1002.212808712806
1098.2342919017315
1195.1456136991217
1292.9652932329545
1391.7120659749307
1491.4059298115817
1592.06745893241
1693.7176541777085
1796.3784744850389
1900.0726097016388
2004.823070048184
2110.6543915969314
2217.5919450427823
2325.6615754070535
2434.890600534047
2545.3068292862035
2656.9395400131
2769.81908211481
2883.977447113112
2999.4475522660764
3116.2632844489735
3234.460138407658
3354.0752409042416
3475.1475607538605
3597.71776248873
3721.82843961722
3847.523918145339
3974.8502009216554
4103.855553590817
4234.59070097367
4367.109542367971
4501.467791463207
4637.724059932256
4775.939509018229
4916.178811553746
5058.509784302581
5203.004125707449
5349.737117741989
5498.788503102926
5650.242286163907
5804.187195168232
5960.717660180862
6119.933004790336
6281.939278525646
6446.848275325634
6614.778206242899
6785.856235167065
6960.217806560483
7138.00888577958
7319.383558960123
7504.506837169024
7693.5567131372045
7886.725216976001
8084.219898856711
8286.264065966505
8493.098099432204
8704.985456078162
8922.21245165174
9145.091057772355
9373.963734026727
9609.206310682244
9851.231668828777
10100.496661784062
10357.506497762573
10622.826469757609
10897.089489937196
11181.005561287822
11475.374175861401
11781.103064574001
12099.227078885955
12430.938292711653
12778.424763537574
13144.12593472787
13530.614497066299
13941.588708929208
14379.20533523202
14849.10430567213
15357.664654254171
15913.330387459719
16529.59169178138
17222.198943620868
18015.151720641432
18946.390066269876
20067.976667810544
21467.96933470547
23302.469761139768
25926.759480539942
30360.907168636128
42577.911230803176
54794.915292970225
451.81391814922375
450.84115120905193
449.55992979926066
448.1251203100742
446.57919921519346
444.9642500943855
443.29777898643835
441.60552400200913
439.8889655334713
438.14520520873384
436.3788574165528
434.5962672980067
432.8062999817449
431.01279070178833
429.22268006236135
427.43606677053464
425.65897270047725
423.8950656770566
422.142225417647
420.4013076702402
418.67412257906346
416.9593921335412
415.2552967633734
413.56336754392885
411.8793953077222
410.2059342395455
408.54166219097004
406.87965963577574
405.2220951481212
403.5723330235041
401.9342392973435
400.30473912266854
398.67840000950054
397.05857906463785
395.44721513252335
393.84532804227626
392.2550310253356
390.67766355865194
389.11306748101345
387.5623935308474
386.02615825293844
384.5081221382303
383.0125539130742
381.5384988668234
380.08492791859277
378.652217411246
377.24096885407704
375.85114377071255
374.4838632165641
373.13838367203414
371.8153068168096
370.51375096112235
369.23288620146144
367.9746999640212
366.7376009773873
365.52240092963615
364.3260525049835
363.1451122976706
361.98101454551704
360.8362376292663
359.71282905642846
358.60608783267514
357.5122307544909
356.4324815772422
355.3705709380313
354.32875189382065
353.304000980414
352.2999487499934
351.31871058241194
350.3616792344747
349.4284350567319
348.5234298683331
347.64839152114604
346.804799272993
345.9938670175692
345.21493586693407
344.47032663266054
343.7624721184445
343.09203880800237
342.4576722767012
341.8563065552917
341.2841769995231
340.76074900893724
340.3360833235274
340.00013994743415
339.73815748562293
339.7537975628378
339.5439539610182
339.4239494279545
339.375016308761
339.42009051076747
339.5646104092415
339.8063317556056
340.1819743760904
340.584724549488
341.0251561261524
341.40253833862033
341.8701233073486
342.57176995553027
343.62212353165484
344.95433839068846
429.5957917296538
428.3040080217028
426.7016367624842
424.9438134157132
423.0728921561404
421.1308638137097
419.1353782407254
417.1119305838933
415.062152533035
412.9832805882867
410.8800376466376
408.7588390933194
406.6284714479998
404.4928306963585
402.3588500941282
400.2266388803673
398.1022748552599
395.9894399665388
393.8860744593928
391.7931030467654
389.7123886853828
387.6427012660898
385.5822955028342
383.532730870682
381.4898553536076
379.456255155571
377.4306515517542
375.4061883023513
373.3850402912489
371.3705773204225
369.3666715164275
367.3702717662509
365.3759704815956
363.3871205335371
361.4056564567375
359.4325936950829
357.470039272028
355.5193249478876
353.5802889628556
351.6540783603161
349.7412060145095
347.8454176667879
345.9709618759198
344.1168853696631
342.2821620979585
340.4671672746007
338.6725014301943
336.8981251821734
335.1451610581455
333.4128661731174
331.7018396766081
330.0112026052689
328.3401282085117
326.6906004117865
325.0610268790512
323.4522161231258
321.8611278769303
320.2843248962769
318.7232361504207
317.1803352396513
315.6576654666505
314.1505318025368
312.6551545068523
311.1727538966873
309.7070558378406
308.2603097034666
306.8294922637039
305.4182339189152
304.0286481758523
302.6621280390238
301.318257909886
300.0014935708927
298.7135684250156
297.4559678337112
296.229913714663
295.0347616991873
293.8728594221813
292.7466570331732
291.6568401577533
290.6020884917382
289.579367776996
288.584953060868
287.6383379961095
286.7896165293087
286.0287951680765
285.3411497470077
284.5782426250399
283.9431389058627
283.3973407787415
282.9224913742107
282.541624353303
282.264646445166
282.0899577132004
282.0544481449673
282.0702371189797
282.1501500327385
282.2334329852705
282.4720812732171
283.0581395341085
284.087146275405
285.0166811126659
22.21812641956998
22.5371431873491
22.85829303677644
23.18130689436103
23.50630705905302
23.83338628067577
24.16240074571294
24.49359341811584
24.82681300043637
25.16192462044719
25.49881976991522
25.83742820468726
26.17782853374514
26.5199600054298
26.86382996823316
27.2094278901673
27.55669784521735
27.90562571051784
28.25615095825424
28.60820462347482
28.96173389368069
29.31669086745141
29.67300126053919
30.03063667324689
30.38953995411459
30.74967908397449
31.11101063921586
31.47347133342441
31.83705485687229
32.20175570308155
32.56756778091599
32.93446735641764
33.30242952790498
33.67145853110075
34.04155867578586
34.41273434719332
34.78499175330762
35.15833861076438
35.53277851815786
35.90831517053129
36.28495223842893
36.66270447144238
37.04159203715442
37.42161349716028
37.80276582063424
38.1850501366453
38.56846742388272
38.95301858853917
39.33870215841859
39.72551749891679
40.11346714020151
40.50254835585341
40.89275799294971
41.28409955223477
41.67657409833606
42.07018480651033
42.46492462805319
42.86078740139367
43.25777839509638
43.655902389615
44.05516358977798
44.45555603013831
44.85707624763859
45.25972768055489
45.6635151001907
46.06844219035408
46.47450871671007
46.88171483107825
47.29006240655962
47.69955119545089
48.11017714684597
48.52193629744039
48.93482309613048
49.34883143928179
49.76395330290621
50.18017416774677
50.59746721047926
51.01581508527127
51.43519865024902
51.855583784963
52.27693877829575
52.69922393865508
53.12241101282772
53.54646679421873
53.97134477935768
54.39700773861525
55.17555493779792
55.60081505515545
56.02660864921296
56.45252493455031
56.87846615746446
57.29996396407548
57.71637404240519
58.1275262311231
58.51448743050828
58.87500609341389
59.16910535334983
59.39804203413147
59.51363042142181
59.53497725624982
59.93765727802257
611.6878941455532
608.6643706078657
605.5811187280603
602.4544661793996
599.293428468738
596.1271728913979
592.9642949902491
589.8371022860365
586.7416401951674
583.6670370056931
580.6048105947621
577.5622025376078
574.5461643344154
571.550158364576
568.5810724949032
565.637379104169
562.717876121173
559.8278919644172
556.963806342713
554.1233382492057
551.3072593121765
548.5126077645532
545.73083744401
542.964761500748
540.2094725849595
537.4631113096216
534.724712631516
531.9822030717294
529.2369256383495
526.4905711616854
523.7499423091585
521.0106640212354
518.2620924023327
515.5064472348251
512.7433442384082
509.97584597692685
507.207362037999
504.44216154064566
501.68127885806183
498.9244054697287
496.17157016976523
493.4278428233049
490.7050193953288
488.00391275686513
485.32491615410163
482.668580115065
480.0371466971315
477.4316908272301
474.85598559022543
472.3096241430966
469.79650628705133
467.3169132812593
464.87075526680127
462.46397734131506
460.0947755187192
457.7667833061654
455.4746752711543
453.2090587989063
450.9718400470219
448.76479482705287
446.59680075692813
444.45759122615937
442.336915909288
440.23375940548067
438.1522663878571
436.09775734937125
434.06590601626755
432.0517505313205
430.0616787657838
428.09967518875715
426.16643267086073
424.2732065752159
422.4286118397498
420.6387302977609
418.9121806244732
417.25253633588824
415.6773309367598
414.2095822483503
412.86740190450183
411.66445418472074
410.6153219738198
409.7320208648311
409.07072947554684
408.5997615476549
408.2421648173112
407.98000925961816
408.01372224170035
407.84389636800677
407.7828453535364
407.80944393946453
407.9422729318121
408.18232308406687
408.51608259007384
408.9823107992258
409.45174242207685
409.9464651870861
410.3532323216118
410.8406567556446
411.5543234090039
412.6123620415913
413.9595875745981
330.4457883223551
326.1102169155768
321.6792464415452
317.1675276109957
312.5917878253149
307.9887232495829
303.3664434632248
298.77100513868
294.1983526501486
289.63681153009
285.0771947439069
280.5272798610379
276.0022317633893
271.4965600160651
267.0226703929966
262.5832982937436
258.1789593429816
253.8196775263038
249.5031463311453
245.226898877562
240.9921347873653
236.7961307964581
232.6270709372432
228.4883950531258
224.3719398087221
220.2745835192518
216.1931987435445
212.1088728449485
208.0226899438078
203.9361509315647
199.855838593727
195.7747116314542
191.6776744816824
187.5666674234392
183.4410936303159
179.3038653039628
175.1588866516822
171.0117270506341
166.8635666919564
162.7142801498702
158.5641082436766
154.4217458336719
150.3055182738738
146.2170828219479
142.1571373712326
138.127562024548
134.1321348590913
130.173620135119
126.2571374374205
122.3837267297177
118.5590737423397
114.7834214191067
111.0562570649384
107.3852380860952
103.7693338746982
100.2137900245861
96.70974140372222
93.24402102586166
89.82025465283316
86.44204626193844
83.12014216756141
79.83932808156544
76.5853597793809
73.35764793686313
70.16162115885398
67.00371233289789
63.87623079732368
60.77197875021564
57.69806552675433
54.65940903869826
51.65660029307066
48.70449917515893
45.8149776200146
42.99671623624986
40.26221203537753
37.61678127110422
35.08001641025992
32.67833480147673
30.43193532481944
28.3532443994404
26.45407008761022
24.74334479031961
23.27686198325115
22.0222107962251
20.90187008063041
19.90349435983128
18.84424683302012
17.99261178690309
17.27345221030128
16.66111718405463
16.16852914852278
15.77662522785966
15.45954789783723
15.2452831976287
14.8983338661154
14.41488795121856
13.42713263594481
12.01086455349941
9.741977082604398
5.443904388154396
0.0
281.242105823198
282.554153692289
283.9018722865151
285.2869385684039
286.7016406434232
288.138449641815
289.5978515270242
291.0660971473566
292.5432875450188
294.0302254756031
295.5276158508551
297.03492267657
298.543932571026
300.0535983485109
301.5584021019066
303.0540808104253
304.5389167781915
306.0082144381133
307.4606600115677
308.8964393716437
310.3151245248112
311.7164769680951
313.1037665067669
314.4763664476222
315.8375327762374
317.1885277903698
318.5315138879715
319.8733302267809
321.2142356945417
322.5544202301207
323.8941037154315
325.2359523897811
326.5844179206502
327.9397798113859
329.3022506080923
330.671980672964
332.0484753863168
333.4304344900115
334.8177121661054
336.2101253198585
337.6074619260886
339.006096989633
340.399501121455
341.7868299349172
343.167778782869
344.541018090517
345.9050118380402
347.2580706921111
348.5988481528049
349.9258974133789
351.2374325447116
352.5334918621526
353.8144982018629
355.0787392552199
356.325441644021
357.5529932815793
358.7649338674321
359.9650377730446
361.1515853941887
362.3227485651144
363.4766585893667
364.6182631445939
365.7515561299071
366.8761114686175
367.9906452290031
369.0940450164734
370.1896752189439
371.2797717811049
372.3636132390295
373.4402661500589
374.5098323777901
375.568707400057
376.6136342197352
377.642014061511
378.6499685890957
379.635755064784
380.5973145264999
381.5312474468735
382.4354665796824
383.3112097852803
384.1612518862096
384.9886760745115
385.7938674922957
386.5775507514298
387.3402947366808
388.0765148997869
389.1694754086802
389.8512845811037
390.5093931432351
391.1483267554099
391.7737437832893
392.4056978562072
393.0565346922366
393.7370276015971
394.5534085559614
395.5315772358676
396.926099685667
398.8297922021452
401.8123463263995
407.1684576534369
413.9595875745981
159.87397599632948
157.8232193988138
156.02118892879952
154.3293458693254
152.7142292535447
151.16292279701258
149.66651600381073
148.23157828402748
146.85267466169603
145.5218317969592
144.2259531782092
142.9659352396013
141.73986435267022
140.53736766278783
139.358392432542
138.2013123336341
137.0589034206959
135.9328262873605
134.82158092506586
133.72203057896562
132.6331367331131
131.55321563101202
130.47554068063667
129.40139395681902
128.33007727723728
127.25717707007598
126.18305044054611
125.1025434359536
124.0148304902284
122.91823813818132
121.815703011815
120.7059248985666
119.58369239283186
118.44786817018729
117.29612910588477
116.13051793465053
114.9523310126634
113.76449798199363
112.56821137704839
111.3620119388813
110.14541191682682
108.91972068507462
107.69246548225462
106.46541389004179
105.23998823550889
104.016362703819
102.79617784305452
101.58054705651739
100.37212237366128
99.17124047106236
97.9811994702417
96.80316232013689
95.6378690653398
94.4892773772938
93.357174541332
92.24438237652922
91.14862276617077
90.0639465012357
88.9908255015047
87.92855719778652
86.88397170049959
85.8515033934842
84.82468515479712
83.8012778282386
82.78169544982583
81.76900545555068
80.76190503585349
79.751801781327
78.74296818337189
77.73799595428238
76.73799761412877
75.74977670688273
74.78022031860382
73.8339310247679
72.91831360690398
72.03760046895405
71.20700430409931
70.44711012990558
69.77536309649958
69.2067819080196
68.75901541852801
68.44784386530807
68.30998046660949
68.26367822412749
68.24202486987696
68.24185177399522
68.25992467886249
68.29994240698869
68.35889592558192
68.43442763070357
68.52218242104459
68.61771267482538
68.70975083446837
68.80033642313526
68.86701787258892
68.92130906093377
68.95069398299154
68.97053344829601
68.98255345347371
68.99023850993638
69.0052491839096
99.15000340729866
102.1937911061261
105.0223903209391
107.7762858047175
110.4811043308255
113.1421405641267
115.7689347775006
118.3409254452133
120.8637998828864
123.3464690581968
125.8028429027307
128.2315592322814
130.6262396846106
132.9962706802933
135.3361797011315
137.6433405866238
139.9233155122783
142.169762440235
144.3829281282476
146.5662041692033
148.7202538980175
150.8465704696317
152.955224565591
155.0443358175563
157.1179155448855
159.1816716363193
161.2374528082096
163.2973154574029
165.362350347441
167.4344263888578
169.5108329227005
171.5955601347968
173.6982959999133
175.8204531100979
177.9645628264216
180.1287283911201
182.3111526203459
184.5075978972536
186.7167222708992
188.9397982104459
191.1770977708329
193.423671833116
195.665443602046
197.8998025477152
200.1250247267259
202.3396052500527
204.540366571103
206.7245050470545
208.888023620725
211.0291394433997
213.1427659342684
215.2277811861622
217.2838711435733
219.3053623256914
221.291693004353
223.2384260985398
225.1513864732081
227.0403038704152
228.9029814975875
230.7382889777129
232.5375232990891
234.3112037209713
236.0697947274714
237.8151059598241
239.5454346789866
241.2565973705687
242.9532614663803
244.6462551686996
246.330582649098
248.0027190003256
249.6616576168154
251.2969943957339
252.898590805001
254.4592515974613
255.9677016792854
257.4179804280831
258.7928430119214
260.0683222316965
261.2249048329338
262.2488440922978
263.1252976893858
263.8416082705484
264.3614760128584
264.7674057330836
265.1269250874461
265.4376553871765
265.7339957920198
265.9505271189596
266.1238885684402
266.261374190156
266.3730952047802
266.4880212173064
266.6304098153631
266.8091649473386
267.1719032528643
267.7352620815199
268.8063003493257
270.4612167197177
273.3161624515041
278.6432418872506
285.0166811126659
259.0239794036281
260.0170105049399
261.0435792497386
262.1056316740429
263.1953335843702
264.3050633611393
265.4354507813113
266.5725037292408
267.7164745445824
268.868300855156
270.0287960809399
271.1974944718827
272.3661040372808
273.5336383430811
274.6945721336735
275.8446529202579
276.9822189329742
278.1025887275955
279.2045090533135
280.2882347481689
281.3533906311306
282.3997861006437
283.4307652462277
284.4457297743753
285.4479928221228
286.4388487063953
287.4205032487557
288.3998588933565
289.3771808376694
290.3526645270391
291.3265359345155
292.3014850333634
293.2819883927452
294.2683212802852
295.2606919323064
296.2592463257706
297.2634836330093
298.2720958792472
299.2849336479476
300.3018101493272
301.3225096876597
302.3433925181906
303.3579090843006
304.365216437757
305.3650129622348
306.3559679538717
307.3365444141575
308.3050521035719
309.2601459943863
310.2003799144621
311.1239654045101
312.0309435062991
312.9217402089131
313.7946397029852
314.648867545685
315.482808475069
316.3000092393789
317.1042503716509
317.8938069990922
318.6668461754994
319.4214949995887
320.1627071144555
320.8944798822685
321.6163837880627
322.3271301288124
323.0256028261194
323.7151665022338
324.3980569500266
325.0735508324699
325.740714954608
326.3996552309442
327.0467711026166
327.6788111236048
328.2931826222292
328.8860152861894
329.4555808970372
329.9998473160207
330.5154323616021
331.0002679294334
331.4556260003174
331.8843131079138
332.2894521358565
332.6714564794679
333.0310839572111
333.3689499573231
333.6795071611717
333.9939204708823
334.2504695259483
334.4827844940221
334.6958018208596
334.8952776258248
335.1057338921318
335.3401606498315
335.6095013704739
336.0389211254532
336.6565711424537
337.7569943323172
339.4317501680137
342.2987159049778
347.633480397187
354.0219302965755
-1.730775436524436
-1.5207767479892096
-1.427734946595071
-1.3629458928595843
-1.3090651295768676
-1.2627065008193554
-1.2108092140130768
-1.1635001389374686
-1.122921864413242
-1.0933995683930218
-1.0631207263050948
-1.0344618067636455
-1.0145604376481856
-0.9947065150882274
-0.9762278310086304
-0.9638486652994769
-0.9500700617992214
-0.9375584670653578
-0.9276948658737537
-0.9187082048902699
-0.9111431149482948
-0.9092550156107575
-0.9062848726638516
-0.9039023995286595
-0.9052452912220557
-0.906285538142169
-0.9116732301572903
-0.9177577457400795
-0.9252549398616647
-0.9302728347749041
-0.9363869785936889
-0.9468983546339993
-0.9583697432628238
-0.9718022628241062
-0.9835101763879924
-0.9941239380803185
-1.0022651134981952
-1.009399600044095
-1.0177661290586135
-1.0265445437795147
-1.0342194777905354
-1.0355431914402935
-1.0353751137102967
-1.0340064308343717
-1.0324914006887695
-1.0295921914932964
-1.0257539134158287
-1.019677436323617
-1.0133174936804143
-1.0041741393160561
-0.9940489720856703
-0.9832988148841854
-0.9692083986502756
-0.9552979714419191
-0.939006147515261
-0.9246356906567301
-0.9152857068585224
-0.905538229252462
-0.8963848485727188
-0.8814663057831392
-0.8712437763018985
-0.866478840416003
-0.8636044846088137
-0.8603812710962566
-0.8545690406045974
-0.8498548944056524
-0.8523934959920956
-0.8513255342367528
-0.8480700767846546
-0.8438753454678658
-0.8339387944901467
-0.8181897107200549
-0.7985563875770437
-0.772673807467396
-0.7432190387127502
-0.7009224020322047
-0.6412491587263628
-0.566849369456821
-0.47976973402428497
-0.37778900062843457
-0.2624845357669012
-0.116185617210941
-0.038899197796411766
-0.018101495337228435
1.8233038171278082e-05
0.015424012954144306
0.033919767123021
0.04989301813683231
0.0638785324503272
0.07419040567354349
0.08076046165662988
0.0778250333324657
0.07661721438587663
0.05652145375877171
0.04616090186276811
0.02538990857847523
0.017635360964267877
0.01166496040859899
0.009311389288446215
0.016053534173193995
0.0
-2.569643180977001
-2.387975576240515
-2.324908781824928
-2.283476762873843
-2.246514634995533
-2.2176066487246
-2.171340098184422
-2.129874924498021
-2.095932616921866
-2.073733428244215
-2.050384248928286
-2.021650293585553
-2.000840593812234
-1.975410854646589
-1.947764043827983
-1.924812963388899
-1.896507772889169
-1.868410901576568
-1.843177299452801
-1.818503701577144
-1.795090663173296
-1.780179550895894
-1.763680983723977
-1.750568874628283
-1.742275510737969
-1.735542880327709
-1.73898856752976
-1.743355105124567
-1.749299424642425
-1.752955336760293
-1.759979865489316
-1.775183229524817
-1.791579139783142
-1.810112089598169
-1.827043748148116
-1.842458178272246
-1.85429510421156
-1.864999120948972
-1.876777388597421
-1.888785331961883
-1.896615102928976
-1.892560884439173
-1.886302790042052
-1.878589298674282
-1.869605341621996
-1.857938818720327
-1.843905389065155
-1.826497541826344
-1.807584568246146
-1.784377373456578
-1.7602230360304
-1.735803564937228
-1.706594396690654
-1.676911003206475
-1.643481712797017
-1.614969921896751
-1.594672227314651
-1.572519944431628
-1.549413368454372
-1.518959488102676
-1.497386234617465
-1.484647365426056
-1.473436241504438
-1.460787621869127
-1.444607172721073
-1.432367088509513
-1.429268448741595
-1.421952203238508
-1.411660141162599
-1.400518277002267
-1.38059300396266
-1.352108523645134
-1.317549632225852
-1.273472019121722
-1.224362296621228
-1.160694047321821
-1.076792077461761
-0.9764165206565181
-0.8644356295194148
-0.7399244730726318
-0.6047276559581282
-0.4388856028136992
-0.3426962195604188
-0.3035154054018596
-0.2623264415362655
-0.2501781253820426
-0.1828012669718123
-0.1463561557442642
-0.1160688672407761
-0.0943177290293683
-0.0970234699740977
-0.1202080848760798
-0.1509096400259025
-0.3062329260455472
-0.4756018867727836
-0.9041978133010911
-1.39712259429366
-2.410217977610762
-4.497256281002173
-5.380619893847768
0.0
0.838867744452565
0.8671988282513052
0.897173835229857
0.9205308700142588
0.9374495054186653
0.9549001479052442
0.9605308841713455
0.9663747855605521
0.973010752508624
0.9803338598511931
0.9872635226231914
0.9871884868219075
0.9862801561640483
0.9807043395583616
0.9715362128193527
0.9609642980894222
0.9464377110899477
0.9308524345112101
0.9154824335790473
0.899795496686874
0.8839475482250011
0.8709245352851365
0.8573961110601255
0.8466664750996236
0.8370302195159134
0.8292573421855401
0.8273153373724698
0.8255973593844875
0.8240444847807602
0.822682501985389
0.823592886895627
0.8282848748908178
0.8332093965203182
0.8383098267740628
0.8435335717601237
0.8483342401919275
0.8520299907133648
0.8555995209048771
0.8590112595388074
0.8622407881823683
0.8623956251384405
0.8570176929988794
0.8509276763317553
0.8445828678399103
0.8371139409332266
0.8283466272270307
0.8181514756493263
0.806820105502727
0.7942670745657316
0.7802032341405218
0.7661740639447298
0.7525047500530427
0.7373859980403784
0.7216130317645558
0.7044755652817559
0.6903342312400209
0.6793865204561286
0.666981715179166
0.6530285198816532
0.6374931823195368
0.6261424583155664
0.6181685250100529
0.6098317568956243
0.6004063507728703
0.5900381321164756
0.5825121941038606
0.5768749527494994
0.5706266690017551
0.5635900643779445
0.5566429315344013
0.5466542094725132
0.5339188129250791
0.5189932446488082
0.5007982116543259
0.4811432579084778
0.4597716452896163
0.4355429187353982
0.4095671511996971
0.3846658954951298
0.3621354724441972
0.342243120191227
0.3226999856027582
0.303797021764007
0.2854139100646312
0.2623446745744368
0.2656021383361869
0.2167210340948333
0.1962491738810965
0.1799473996911033
0.1685081347029118
0.1777839316307276
0.1980331182085455
0.2275268544117791
0.3627543798043189
0.5217627886355517
0.9295877218795663
1.414757955257928
2.421882938019361
4.506567670290619
5.396673428020962
0.0
1.0
1.0
1.0
1.0
1.0
1.0
1.0
1.0
1.0
1.0
1.0
1.0
1.0
1.0
1.0
1.0
1.0
1.0
1.0
1.0
1.0
1.0
1.0
1.0
1.0
1.0
1.0
1.0
1.0
1.0
1.0
1.0
1.0
1.0
1.0
1.0
1.0
1.0
1.0
1.0
1.0
1.0
1.0
1.0
1.0
1.0
1.0
1.0
1.0
1.0
1.0
1.0
1.0
1.0
1.0
1.0
1.0
1.0
1.0
1.0
1.0
1.0
1.0
1.0
1.0
1.0
1.0
1.0
1.0
1.0
1.0
1.0
1.0
1.0
1.0
1.0
1.0
1.0
1.0
1.0
1.0
1.0
0.0
0.0
0.0
0.0
0.0
0.0
0.0
0.0
0.0
0.0
0.0
0.0
0.0
0.0
0.0
0.0
0.0
0.0
0.0
1.0
1.0
1.0
1.0
1.0
1.0
1.0
1.0
1.0
1.0
1.0
1.0
1.0
1.0
1.0
1.0
0.920954420531807
0.920954420531807
0.920954420531807
0.920954420531807
0.920954420531807
0.920954420531807
0.920954420531807
0.920954420531807
0.920954420531807
0.920954420531807
0.920954420531807
0.920954420531807
0.920954420531807
0.920954420531807
0.920954420531807
0.920954420531807
0.920954420531807
0.920954420531807
0.920954420531807
0.920954420531807
0.920954420531807
0.920954420531807
0.920954420531807
0.920954420531807
0.920954420531807
0.920954420531807
0.920954420531807
0.920954420531807
0.920954420531807
1.0
1.0
1.0
1.0
1.0
1.0
1.0
1.0
1.0
1.0
1.0
1.0
1.0
1.0
1.0
1.0
1.0
1.0
1.0
1.0
1.0
1.0
1.0
1.0
1.0
1.0
1.0
1.0
1.0
0.01348905776437075
0.0134532247604755
0.01341565274279961
0.013255118645935272
0.01297889453146138
0.012693726146989498
0.012253850509791957
0.01182410998443817
0.011410868391678743
0.011011020345317877
0.01061222424302653
0.010153695108469286
0.009707879720847572
0.009236073323422222
0.00875622821956858
0.008288832056849963
0.007813492052373354
0.007356549385193843
0.006926725788393943
0.006518389914900329
0.006131589587480109
0.005783550178539862
0.005449136757911394
0.00514812165049835
0.004866854133939966
0.004605834478956473
0.004386127287758528
0.004173571908287246
0.003968052921290422
0.003769453792023464
0.0035836772334893723
0.0034196723522710304
0.003260450599879775
0.003105959710345765
0.002956146193751481
0.0028092739697992562
0.0026636360338356834
0.002522981237882067
0.002387235509347286
0.002256323921155835
0.002123330522529279
0.001984176664788393
0.0018514714328788135
0.0017250532182142236
0.00160476050319903
0.001490275493309242
0.0013813940850767807
0.0012781944638899905
0.001180512688025734
0.0010881846929815125
0.0010032048635928868
0.0009254413370876791
0.0008519588081572217
0.0007826292724567663
0.0007173244250023171
0.0006604972617152842
0.000611092383781596
0.0005640527998544565
0.0005193411008904368
0.0004769179672358825
0.00044092772522061894
0.00040968480210289355
0.0003793768372386886
0.0003500639198893761
0.0003218015833871743
0.00029667312146737957
0.00027357341107890685
0.0002510202175635508
0.00022911757775012008
0.00020796147366129605
0.00018701782394619755
0.0001668211939754287
0.00014782261168092955
0.00013005192692336064
0.00011353053163719612
9.8029227975482e-05
8.377058069728559e-05
7.097586508502071e-05
5.991525831847544e-05
5.001935824845961e-05
4.1769178056880505e-05
3.4512106800279325e-05
2.8966353584503968e-05
2.5526758487972763e-05
2.3132865405630727e-05
2.1753830742235487e-05
2.0118712412066544e-05
1.8418317402045983e-05
1.7791202991360398e-05
1.8250105917108993e-05
1.7118879544414573e-05
1.612846269977084e-05
1.4411491116517474e-05
1.5532992050018732e-05
1.3351302632240433e-05
1.5524507851829366e-05
1.3215125521695112e-05
1.0776989522609322e-05
8.375832855327151e-06
7.368585815028845e-07
0.0004
0.0004
0.0004
0.0004
0.0004
0.0004
0.0004
0.0004
0.0004
0.0004
0.0004
0.0004
0.0004
0.0004
0.0004
0.0004
0.0004
0.0004
0.0004
0.0004
0.0004
0.0004
0.0004
0.0004
0.0004
0.0004
0.0004
0.0004
0.0004
0.0004
0.0004
0.0004
0.0004
0.0004
0.0004
0.0004
0.0004
0.0004
0.0004
0.0004
0.0004
0.0004
0.0004
0.0004
0.0004
0.0004
0.0004
0.0004
0.0004
0.0004
0.0004
0.0004
0.0004
0.0004
0.0004
0.0004
0.0004
0.0004
0.0004
0.0004
0.0004
0.0004
0.0004
0.0004
0.0004
0.0004
0.0004
0.0004
0.0004
0.0004
0.0004
0.0004
0.0004
0.0004
0.0004
0.0004
0.0004
0.0004
0.0004
0.0004
0.0004
0.0004
0.0004
0.0004
0.0004
0.0004
0.0004
0.0004
0.0004
0.0004
0.0004
0.0004
0.0004
0.0004
0.0004
0.0004
0.0004
0.0004
0.0004
0.0004
8.60451419224123e-09
1.2880944792155392e-08
1.7157375392069502e-08
2.080120881596375e-08
2.386697930315014e-08
2.6869501036267388e-08
2.8531149183118796e-08
3.019279732997023e-08
3.150655460642832e-08
3.255525217211053e-08
3.357015465361234e-08
3.42437267848923e-08
3.491729891617226e-08
3.546381198795489e-08
3.592997888976128e-08
3.637061662645136e-08
3.6647867706397115e-08
3.692511878634286e-08
3.712747769794732e-08
3.729085164520973e-08
3.74299620361607e-08
3.7458673245894634e-08
3.748738445562856e-08
3.745469132670885e-08
3.739601943912799e-08
3.7325950595019235e-08
3.7216676220454536e-08
3.710740184588983e-08
3.6998127471325126e-08
3.688885309676042e-08
3.6796242060862975e-08
3.674862203936714e-08
3.6701002017871296e-08
3.6653381996375453e-08
3.660576197487962e-08
3.658981518723057e-08
3.6642644564505986e-08
3.669547394178142e-08
3.674830331905683e-08
3.680113269633227e-08
3.6873870210688786e-08
3.698194466836425e-08
3.709001912603971e-08
3.719809358371518e-08
3.7306168041390646e-08
3.743114479700006e-08
3.758091158957928e-08
3.773067838215849e-08
3.788044517473769e-08
3.80302119673169e-08
3.8218720067481636e-08
3.845449256290071e-08
3.8690265058319766e-08
3.892603755373884e-08
3.9161810049157924e-08
3.945077637995839e-08
3.9793903706783566e-08
4.013703103360873e-08
4.048015836043392e-08
4.08232856872591e-08
4.118735827523061e-08
4.15692343351765e-08
4.19511103951224e-08
4.233298645506829e-08
4.271486251501418e-08
4.3077317634684277e-08
4.342602870431306e-08
4.377473977394183e-08
4.412345084357061e-08
4.447216191319938e-08
4.4904937218944915e-08
4.538695014870172e-08
4.586896307845852e-08
4.635097600821532e-08
4.683298893797212e-08
4.7547451901513574e-08
4.8373490881271676e-08
4.927475086533197e-08
5.048031400316025e-08
5.168587714098854e-08
5.314325467876031e-08
5.469821029651016e-08
5.636088491783801e-08
5.835868532807513e-08
6.035648573831226e-08
6.35470143610971e-08
6.710237749595541e-08
7.285177841728766e-08
8.401771012397727e-08
9.51836418306668e-08
1.867110089551626e-07
2.969893776771461e-07
4.0726774639912954e-07
8.73282133022465e-07
1.4081486521428369e-06
2.7608651198731244e-06
4.251324736842952e-06
6.9860573776439955e-06
9.93160402835083e-06
2.7860567514510038e-06
0.0
0.0
0.0
0.0
0.0
0.0
0.0
0.0
0.0
0.0
0.0
0.0
0.0
0.0
0.0
0.0
0.0
0.0
0.0
0.0
0.0
0.0
0.0
0.0
0.0
0.0
0.0
0.0
0.0
0.0
0.0
0.0
0.0
0.0
0.0
0.0
0.0
0.0
0.0
0.0
0.0
0.0
0.0
0.0
0.0
0.0
0.0
0.0
0.0
0.0
0.0
0.0
0.0
0.0
0.0
0.0
0.0
0.0
0.0
0.0
0.0
0.0
0.0
0.0
0.0
0.0
0.0
0.0
0.0
0.0
0.0
0.0
0.0
0.0
0.0
0.0
0.0
0.0
0.0
0.0
0.0
0.0
0.0
0.0
0.0
0.0
0.0
0.0
0.0
0.0
0.0
0.0
0.0
0.0
0.0
0.0
0.0
0.0
0.0
0.0
0.0
0.0
0.0
0.0
0.0
0.0
0.0
0.0
0.0
0.0
0.0
0.0
0.0
0.0
0.0
0.0
0.0
0.0
0.0
0.0
0.0
0.0
0.0
0.0
0.0
0.0
0.0
0.0
0.0
0.0
0.0
0.0
0.0
0.0
0.0
0.0
0.0
0.0
0.0
0.0
0.0
0.0
0.0
0.0
0.0
0.0
0.0
0.0
0.0
0.0
0.0
0.0
0.0
0.0
0.0
0.0
0.0
0.0
0.0
0.0
0.0
0.0
0.0
0.0
0.0
0.0
0.0
0.0
0.0
0.0
0.0
0.0
0.0
0.0
0.0
0.0
0.0
0.0
0.0
0.0
0.0
0.0
0.0
0.0
0.0
0.0
0.0
0.0
0.0
0.0
0.0
0.0
0.0
0.0
0.0
0.0
0.0
0.0
0.0
0.0
0.0
0.0
0.0
0.0
0.0
0.0
0.0
0.0
0.0
0.0
0.0
0.0
0.0
0.0
0.0
0.0
0.0
0.0
0.0
0.0
0.0
0.0
0.0
0.0
0.0
0.0
0.0
0.0
0.0
0.0
0.0
0.0
0.0
0.0
0.0
0.0
0.0
0.0
0.0
0.0
0.0
0.0
0.0
0.0
0.0
0.0
0.0
0.0
0.0
0.0
0.0
0.0
0.0
0.0
0.0
0.0
0.0
0.0
0.0
0.0
0.0
0.0
0.0
0.0
0.0
0.0
0.0
0.0
0.0
0.0
0.0
0.0
0.0
0.0
0.0
0.0
0.0
0.0
0.0
0.0
0.0
0.0
0.0
0.0
0.0
0.0
0.0
0.0
0.0
0.0
0.0
0.0
0.0
0.0
0.0
0.0
0.0
0.0
0.0
0.0
0.0
0.0
0.0
0.0
0.0
0.0
0.0
0.0
0.0
0.0
0.0
0.0
0.0
0.0
0.0
0.0
0.0
0.0
0.0
0.0
0.0
0.0
0.0
0.0
0.0
0.0
0.0
0.0
0.0
0.0
0.0
0.0
0.0
0.0
0.0
0.0
0.0
0.0
0.0
0.0
0.0
0.0
0.0
0.0
0.0
0.0
0.0
0.0
0.0
0.0
0.0
0.0
0.0
0.0
0.0
0.0
0.0
0.0
0.0
0.0
0.0
0.0
0.0
0.0
0.0
0.0
0.0
0.0
0.0
0.0
0.0
0.0
0.0
0.0
0.0
0.0
0.0
0.0
0.0
0.0
0.0
0.0
0.0
0.0
0.0
0.0
0.0
0.0
0.0
0.0
0.0
0.0
0.0
0.0
0.0
0.0
0.0
0.0
0.0
0.0
0.0
0.0
0.0
0.0
0.0
0.0
0.0
0.0
0.0
0.0
0.0
0.0
0.0
0.0
0.0
0.0
0.0
0.0
0.0
0.0
0.0
0.0
0.0
0.0
0.0
0.0
0.0
0.0
0.0
0.0
0.0
0.0
0.0
0.0
0.0
0.0
0.0
0.0
0.0
0.0
0.0
0.0
0.0
0.0
0.0
0.0
0.0
0.0
0.0
0.0
0.0
0.0
0.0
0.0
0.0
0.0
0.0
0.0
0.0
0.0
0.0
0.0
0.0
0.0
0.0
0.0
0.0
0.0
0.0
0.0
0.0
0.0
0.0
0.0
0.0
0.0
0.0
0.0
0.0
0.0
0.0
0.0
0.0
0.0
0.0
0.0
0.0
0.0
0.0
0.0
0.0
0.0
0.0
0.0
0.0
0.0
0.0
0.0
0.0
0.0
2
2
1
295.0282873975906
-45.01668111266588
0.0
0.0
81.0
6.7
1.0
2.0
3.0
4.0
5.0
6.0
7.0
8.0
9.0
10.0
11.0
12.0
13.0
14.0
15.0
16.0
17.0
18.0
19.0
20.0
21.0
22.0
23.0
24.0
25.0
26.0
27.0
28.0
29.0
30.0
31.0
32.0
33.0
34.0
35.0
36.0
37.0
38.0
39.0
40.0
41.0
42.0
43.0
44.0
45.0
46.0
47.0
48.0
49.0
50.0
51.0
52.0
53.0
54.0
55.0
56.0
57.0
58.0
59.0
60.0
61.0
62.0
63.0
64.0
65.0
66.0
67.0
68.0
69.0
70.0
71.0
72.0
73.0
74.0
75.0
76.0
77.0
78.0
79.0
80.0
81.0
82.0
83.0
84.0
85.0
86.0
87.0
88.0
89.0
90.0
91.0
92.0
93.0
94.0
95.0
96.0
97.0
98.0
99.0
100.0
0.0
0.0
0.0
0.0
0.0
0.0
0.0
0.0
0.0
0.0
0.0
0.0
0.0
0.0
0.0
0.0
0.0
0.0
0.0
0.0
0.0
0.0
0.0
0.0
0.0
0.0
0.0
0.0
0.0
0.0
0.0
0.0
0.0
0.0
0.0
0.0
0.0
0.0
0.0
0.0
0.0
0.0
0.0
0.0
0.0
0.0
0.0
0.0
0.0
0.0
0.0
0.0
0.0
0.0
0.0
0.0
0.0
0.0
0.0
0.0
0.0
0.0
0.0
0.0
0.0
0.0
0.0
0.0
0.0
0.0
0.0
0.0
0.0
0.0
0.0
0.0
0.0
0.0
0.0
0.0
0.0
0.0
0.0
0.0
0.0
0.5
0.0
0.0
0.0
0.0
0.0
0.0
0.0
0.0
0.0
0.0
0.0
0.0
0.0
0.0
0.0
0.0
0.0
0.0
0.0
0.0
0.0
0.0
0.0
0.0
0.0
0.0
0.0
0.0
0.0
0.0
0.0
0.0
0.0
0.0
0.0
0.0
0.0
0.0
0.0
0.0
0.0
0.0
0.0
0.0
0.0
0.0
0.0
0.0
0.0
0.0
0.0
0.0
0.0
0.0
0.0
0.0
0.0
0.0
0.0
0.0
0.0
0.0
0.0
0.0
0.0
0.0
0.0
0.0
0.0
0.0
0.0
0.0
0.0
0.0
0.0
0.0
0.0
0.0
0.0
0.0
0.0
0.0
0.0
0.0
0.0
0.0
0.0
0.0
0.0
0.0
0.0
0.0
0.0
0.0
0.0
0.0
0.0
0.0
0.0
0.016681005372000592
0.0
0.0
0.0
0.0
0.0
0.0
0.0
0.0
0.0
0.0
0.0
0.0
0.0
0.0
0.0
0.0
0.0
0.0
0.0
0.0
0.0
0.0
0.0
0.0
0.0
0.0
0.0
0.0
0.0
0.0
0.0
0.0
0.0
0.0
0.0
0.0
0.0
0.0
0.0
0.0
0.0
0.0
0.0
0.0
0.0
0.0
0.0
0.0
0.0
0.0
0.0
0.0
0.0
0.0
0.0
0.0
0.0
0.0
0.0
0.0
0.0
0.0
0.0
0.0
0.0
0.0
0.0
0.0
0.0
0.0
0.0
0.0
0.0
0.0
0.0
0.0
0.0
0.0
0.0
0.0
0.0
0.0
0.0
0.0
0.0
0.0
0.0
0.0
0.0
0.0
0.0
0.0
0.0
0.0
0.0
0.0
0.0
0.0
0.0
0.5
0.0
0.0
0.0
0.0
0.0
0.0
0.0
0.0
0.0
0.0
0.0
0.0
0.0
0.0
0.0
