9.81
6.022e+23
0
0
0
3
0
1
288.0
2
2
0
0
1
1
0
1
60
7
1000.0
1.0


3
3
0
77.072922555375
0
5.783625987995279
150.0
1000.0
287.04
9.81
79000.0
40.0
20000.0
0.0
0.0
0.0
0.0
0.0280134
0.04401
0.0319988
0.039948
0.01604
0.01801528
0.048
99000.0
2.1153802199668344e+29
0.8
1e-06
1000000.0
0.6
3.0
0.0001
500
52
6.003657003970094
0
2
6
1.0
1
0
1
0
0.01
1000000000000.0
1
287.0
286.1670847189539
285.3220951468677
284.46463869114564
283.5943026637168
282.7106528633366
281.81323202939006
280.9015581528702
279.97512262829537
279.03338822804784
278.0757869234656
277.1016914186447
276.12509209180286
275.13895742043076
274.1325618127293
273.10476251938417
272.05062238154915
270.9766217778729
269.88059052907016
268.7585552896198
267.6125413377084
266.4412510798474
265.24231736280746
264.01626658204555
262.7606069592263
261.47328246996045
260.153312567745
258.7981210179857
257.4051658152662
255.97442954316523
254.50188086071523
252.9862401621267
251.42230697365815
249.80364845491107
247.90240145473825
246.26963135969817
244.4842191693851
242.6228719258511
240.68389664956717
238.66699192822855
236.56393468073657
234.3591192839289
232.05631566058906
229.6429888059392
227.089110192247
224.40762619140665
221.59712554738732
218.65387672985298
215.53352699185442
212.19290583825935
208.50489836628367
204.3780112931062
199.73264739512305
196.32151396542682
194.4803716349096
192.21718358795826
189.5282592549705
185.5586043983386
177.9777652237923
157.34777514712928
287.0
286.1670847189539
285.3220951468677
284.46463869114564
283.5943026637168
282.7106528633366
281.81323202939006
280.9015581528702
279.97512262829537
279.03338822804784
278.0757869234656
277.1016914186447
276.12509209180286
275.13895742043076
274.1325618127293
273.10476251938417
272.05062238154915
270.9766217778729
269.88059052907016
268.7585552896198
267.6125413377084
266.4412510798474
265.24231736280746
264.01626658204555
262.7606069592263
261.47328246996045
260.153312567745
258.7981210179857
257.4051658152662
255.97442954316523
254.50188086071523
252.9862401621267
251.42230697365815
249.80364845491107
247.90240145473825
246.26963135969817
244.4842191693851
242.6228719258511
240.68389664956717
238.66699192822855
236.56393468073657
234.3591192839289
232.05631566058906
229.6429888059392
227.089110192247
224.40762619140665
221.59712554738732
218.65387672985298
215.53352699185442
212.19290583825935
208.50489836628367
204.3780112931062
199.73264739512305
196.32151396542682
194.4803716349096
192.21718358795826
189.5282592549705
185.5586043983386
177.9777652237923
157.34777514712928
991.675
975.0250000000001
958.375
941.7249999999999
925.075
908.425
891.7750000000001
875.125
858.4749999999999
841.825
825.175
808.5250000000001
791.875
775.225
758.575
741.925
725.2750000000001
708.625
691.975
675.325
658.675
642.0250000000001
625.375
608.725
592.075
575.425
558.7750000000001
542.125
525.4750000000001
508.82500000000005
492.17500000000007
475.52500000000003
458.87500000000006
442.2250000000001
425.57500000000005
408.925
392.27500000000003
375.62500000000006
358.9750000000001
342.32500000000005
325.675
309.02500000000003
292.37500000000006
275.7250000000001
259.0750000000001
242.42500000000007
225.77500000000003
209.12500000000006
192.47500000000008
175.8250000000001
159.17500000000007
142.52500000000003
125.87500000000006
109.22500000000008
92.5750000000001
75.92500000000013
59.27500000000009
42.62500000000006
25.97500000000008
9.325000000000045
991.675
975.0250000000001
958.375
941.7249999999999
925.075
908.425
891.7750000000001
875.125
858.4749999999999
841.825
825.175
808.5250000000001
791.875
775.225
758.575
741.925
725.2750000000001
708.625
691.975
675.325
658.675
642.0250000000001
625.375
608.725
592.075
575.425
558.7750000000001
542.125
525.4750000000001
508.82500000000005
492.17500000000007
475.52500000000003
458.87500000000006
442.2250000000001
425.57500000000005
408.925
392.27500000000003
375.62500000000006
358.9750000000001
342.32500000000005
325.675
309.02500000000003
292.37500000000006
275.7250000000001
259.0750000000001
242.42500000000007
225.77500000000003
209.12500000000006
192.47500000000008
175.8250000000001
159.17500000000007
142.52500000000003
125.87500000000006
109.22500000000008
92.5750000000001
75.92500000000013
59.27500000000009
42.62500000000006
25.97500000000008
9.325000000000045
71.49268108429945
215.50532691840598
361.60564077689185
509.8615026707713
660.3442671571596
813.1290084620753
968.2947878207765
1125.9249455128765
1286.1074203993605
1448.9351001632663
1614.5061980471605
1782.929174713146
1954.3215053019385
2128.8026651169816
2306.4962655956456
2487.532305264625
2672.050412526227
2860.2016459376428
3052.145909489259
3248.054403699031
3448.111743735177
3652.515691589925
3861.4793168481774
4075.232614036857
4294.023376481729
4518.119942205045
4747.813435017193
4983.419908255846
5225.284783677115
5473.785989019478
5729.337857112983
5992.395654757211
6263.4588777262525
6542.950629406116
6831.542280836122
7130.056612580722
7439.211184901726
7759.870067245634
8093.0193082077785
8439.786396903164
8801.458264873454
9179.52701318287
9575.740040897781
9992.132953917902
10431.133092599452
10895.699673498453
11389.46938119598
11916.928591579883
12483.672866323614
13096.725772911079
13765.107132387315
14500.92465484091
15325.266975268776
16274.819741140509
17403.229651027166
18798.768708068474
20638.02527057149
23367.447620965275
29146.496937568336
56560.69457252452
71.49268108429945
215.50532691840598
361.60564077689185
509.8615026707713
660.3442671571596
813.1290084620753
968.2947878207765
1125.9249455128765
1286.1074203993605
1448.9351001632663
1614.5061980471605
1782.929174713146
1954.3215053019385
2128.8026651169816
2306.4962655956456
2487.532305264625
2672.050412526227
2860.2016459376428
3052.145909489259
3248.054403699031
3448.111743735177
3652.515691589925
3861.4793168481774
4075.232614036857
4294.023376481729
4518.119942205045
4747.813435017193
4983.419908255846
5225.284783677115
5473.785989019478
5729.337857112983
5992.395654757211
6263.4588777262525
6542.950629406116
6831.542280836122
7130.056612580722
7439.211184901726
7759.870067245634
8093.0193082077785
8439.786396903164
8801.458264873454
9179.52701318287
9575.740040897781
9992.132953917902
10431.133092599452
10895.699673498453
11389.46938119598
11916.928591579883
12483.672866323614
13096.725772911079
13765.107132387315
14500.92465484091
15325.266975268776
16274.819741140509
17403.229651027166
18798.768708068474
20638.02527057149
23367.447620965275
29146.496937568336
56560.69457252452
3.521179111399233e+23
3.521179111399233e+23
3.521179111399257e+23
3.521179111399233e+23
3.521179111399233e+23
3.521179111399233e+23
3.521179111399233e+23
3.521179111399257e+23
3.521179111399233e+23
3.521179111399233e+23
3.521179111399233e+23
3.521179111399233e+23
3.521179111399257e+23
3.5211791113992086e+23
3.521179111399257e+23
3.521179111399233e+23
3.521179111399233e+23
3.521179111399257e+23
3.5211791113992086e+23
3.521179111399257e+23
3.521179111399233e+23
3.521179111399233e+23
3.521179111399257e+23
3.5211791113992086e+23
3.521179111399257e+23
3.521179111399233e+23
3.521179111399233e+23
3.521179111399233e+23
3.521179111399233e+23
3.521179111399244e+23
3.521179111399244e+23
3.521179111399233e+23
3.521179111399233e+23
3.521179111399233e+23
3.521179111399257e+23
3.521179111399233e+23
3.521179111399233e+23
3.521179111399233e+23
3.521179111399233e+23
3.521179111399257e+23
3.521179111399233e+23
3.521179111399233e+23
3.521179111399233e+23
3.521179111399233e+23
3.521179111399233e+23
3.521179111399257e+23
3.521179111399233e+23
3.521179111399233e+23
3.521179111399233e+23
3.521179111399233e+23
3.521179111399257e+23
3.521179111399233e+23
3.521179111399233e+23
3.521179111399233e+23
3.521179111399233e+23
3.521179111399233e+23
3.521179111399257e+23
3.521179111399233e+23
3.521179111399233e+23
3.521179111399257e+23
3.521179111399233e+23
3.521179111399233e+23
3.521179111399257e+23
3.521179111399233e+23
3.521179111399233e+23
3.521179111399233e+23
3.521179111399233e+23
3.521179111399257e+23
3.521179111399233e+23
3.521179111399233e+23
3.521179111399233e+23
3.521179111399233e+23
3.521179111399257e+23
3.5211791113992086e+23
3.521179111399257e+23
3.521179111399233e+23
3.521179111399233e+23
3.521179111399257e+23
3.5211791113992086e+23
3.521179111399257e+23
3.521179111399233e+23
3.521179111399233e+23
3.521179111399257e+23
3.5211791113992086e+23
3.521179111399257e+23
3.521179111399233e+23
3.521179111399233e+23
3.521179111399233e+23
3.521179111399233e+23
3.521179111399244e+23
3.521179111399244e+23
3.521179111399233e+23
3.521179111399233e+23
3.521179111399233e+23
3.521179111399257e+23
3.521179111399233e+23
3.521179111399233e+23
3.521179111399233e+23
3.521179111399233e+23
3.521179111399257e+23
3.521179111399233e+23
3.521179111399233e+23
3.521179111399233e+23
3.521179111399233e+23
3.521179111399233e+23
3.521179111399257e+23
3.521179111399233e+23
3.521179111399233e+23
3.521179111399233e+23
3.521179111399233e+23
3.521179111399257e+23
3.521179111399233e+23
3.521179111399233e+23
3.521179111399233e+23
3.521179111399233e+23
3.521179111399233e+23
3.521179111399257e+23
3.521179111399233e+23
3.521179111399233e+23
3.521179111399257e+23
-4.970822981117678
-4.938629147589093
-4.935471088354466
-4.983947304354231
-4.9749001973892275
-4.936759610993894
-4.865196888326666
-4.73732681610154
-4.598083532352126
-4.453475847033304
-4.306667958617876
-4.153167057457856
-4.016705142090318
-3.9159312300420024
-3.8209463666309844
-3.7335248609439606
-3.6690660151003245
-3.600536879030095
-3.532330833257606
-3.4752813190672622
-3.418370797218224
-3.3617493004604198
-3.3094812549115016
-3.2549021816885437
-3.201924573080266
-3.152001966971297
-3.1024439913458166
-3.056110857291376
-3.01452546117494
-2.9693803647839108
-2.926189875498797
-2.878121271820291
-2.830778895188255
-2.7850461815668317
-12.676364044729695
-3.9740991298914947
-3.923258904109465
-3.9284446924553302
-3.9623855910030095
-3.9964553736415724
-4.032710729031181
-4.099564692904348
-4.138848697420591
-4.153527677036907
-4.209821596698373
-4.18287286046624
-3.9905250356091266
-3.540316961093393
-2.881877164292284
-2.025616511611747
-1.283476846764314
-0.745644483869008
-0.23561156445288434
-0.04486160559514321
-0.046621676870949647
-0.04613769447501073
-0.046446137702175344
-0.044094442735976666
-0.032252770897433114
0.027948073637305157
-4.939440033378415
-4.940114102751756
-4.971632147079107
-5.056830242209425
-5.075226285070674
-5.059106296193504
-5.003083169564655
-4.882311214841468
-4.748970930547738
-4.608463669909332
-4.466218375276895
-4.317434563241244
-4.186176547912357
-4.0954835747342155
-4.012998504796748
-3.940201566175377
-3.8960724730580942
-3.8464217907908758
-3.7972236842270917
-3.762479756679321
-3.727458024027559
-3.6932901527408983
-3.6653558356130347
-3.6348674453217753
-3.606723696547316
-3.5836672044134494
-3.5625345236491905
-3.546694977766714
-3.5391562625148825
-3.5301741184111797
-3.5278454890595365
-3.527735399698373
-3.543483299498827
-3.6073871459890556
-3.398064433101566
-3.570644737380726
-3.599655176739051
-3.6508813373869176
-3.7182114380896314
-3.7784938254926463
-3.836164913451919
-3.920885902384246
-3.975305651967487
-4.002801586363709
-4.07026799357506
-4.052301693952
-3.8677064347180075
-3.4239958145856804
-2.771359754280917
-1.9206072416299556
-1.183735556829232
-0.6492737150061102
-0.141020566324359
0.05019320905367777
0.054309579776495365
0.05578768624603486
0.05833296144819243
0.05895885106724248
0.05292394906806173
0.04666806273997581
-3.07185635806718
-3.0712802984065917
-3.0997400146633964
-3.179834008013202
-3.2024046861837974
-3.195881887148502
-3.1559369516279077
-3.0596846641827966
-2.9520591548976967
-2.839069224512599
-2.723879032939294
-2.6019953753429093
-2.497152810372711
-2.4279962887104887
-2.3646290885473036
-2.3088253151551896
-2.2759842242621176
-2.2390728460887033
-2.202484576493788
-2.177052845223187
-2.1517601652215035
-2.1267559626353147
-2.106106368656384
-2.0831448699589146
-2.0617849208362884
-2.0434801226018067
-2.025539922235197
-2.0108245635514947
-2.0008569426958047
-1.9873296042200934
-1.9757568962204175
-1.959306055546591
-1.943581468010109
-1.9294666371056906
-11.852396130290401
-3.181754875832411
-3.162532208863581
-3.1993356428438062
-3.2648941689948003
-3.330581570255191
-3.398454527322798
-3.4969260095788
-3.5678275168076254
-3.614123885003494
-3.7020350751223816
-3.7067034110907002
-3.545972363423914
-3.127380494672991
-2.5005559452893067
-1.6759090667030137
-0.965381656165988
-0.459157985349691
0.01928689343719725
0.1783389553342829
0.14494825288440438
0.11381640070140975
0.08188699966970603
0.052609328258483856
0.03279496360690359
0.06129105135940449
-3.3715636630772963
-3.398342849270307
-3.4559660125351996
-3.5672692291925046
-3.6117704035542886
-3.621755549539401
-3.5918375583373177
-3.497170737262479
-3.3899355759316165
-3.2755334185679033
-3.1593931685766847
-3.0367139474018074
-2.93156262935139
-2.866974393020115
-2.810594332200793
-2.763902471375502
-2.745878478062508
-2.7223328987007847
-2.6992399129009925
-2.6906011123401186
-2.6816845653391965
-2.6736213314090094
-2.6717928093773935
-2.6674093360522875
-2.665370588659215
-2.668419245657077
-2.673391680668516
-2.683657249849688
-2.7022236483535096
-2.7193465991913968
-2.7431230863442124
-2.769118092821003
-2.8109711113483797
-2.9009801625227
-2.7177617116036004
-2.916447884851607
-2.9715632405685994
-3.048894398434612
-3.142329477263303
-3.228716831792383
-3.3124928683166956
-3.423318724137715
-3.503843322722787
-3.557443992856321
-3.6510150174770786
-3.659153136841894
-3.5006620016434056
-3.0830549339057143
-2.4565214675618847
-1.6318700753172948
-0.9210979911663912
-0.41273218745141094
0.0694455736514783
0.23447418828152422
0.21247265843726382
0.18784764956853905
0.16428470686469154
0.13879401930091717
0.10661592314755808
0.07416817156229172
-1.8989663965900119
-1.8673486060867883
-1.8357308155835643
-1.8041130250803408
-1.7724952345771172
-1.7408774440738932
-1.7092596535706697
-1.6776418630674461
-1.6460240725642221
-1.6144062820609983
-1.582788491557775
-1.5511707010545515
-1.5195529105513275
-1.4879351200481037
-1.4563173295448804
-1.4246995390416564
-1.3930817485384326
-1.3614639580352093
-1.3298461675319853
-1.2982283770287617
-1.266610586525538
-1.2349927960223142
-1.2033750055190906
-1.1717572150158668
-1.1401394245126433
-1.1085216340094195
-1.0769038435061957
-1.045286053002972
-1.0136682624997484
-0.9820504719965248
-0.950432681493301
-0.9188148909900773
-0.8871971004868536
-0.85557930998363
-0.8239615194804063
-0.7923437289771825
-0.7607259384739588
-0.7291081479707351
-0.6974903574675115
-0.6658725669642878
-0.634254776461064
-0.6026369859578403
-0.5710191954546165
-0.539401404951393
-0.5077836144481693
-0.4761658239449458
-0.44454803344172183
-0.4129302429384981
-0.3813124524352745
-0.34969466193205084
-0.31807687142882723
-0.2864590809256033
-0.2548412904223797
-0.22322349991915605
-0.19160570941593236
-0.15998791891270872
-0.12837012840948506
-0.09675233790626118
-0.06513454740303753
-0.033516756899813885
-1.5678760902500217
-1.5417709533473591
-1.5156658164446961
-1.489560679542033
-1.4634555426393703
-1.4373504057367075
-1.4112452688340447
-1.3851401319313819
-1.3590349950287186
-1.332929858126056
-1.3068247212233932
-1.2807195843207304
-1.2546144474180674
-1.2285093105154046
-1.202404173612742
-1.176299036710079
-1.150193899807416
-1.1240887629047533
-1.09798362600209
-1.0718784890994277
-1.0457733521967645
-1.0196682152941017
-0.9935630783914389
-0.967457941488776
-0.9413528045861131
-0.9152476676834502
-0.8891425307807874
-0.8630373938781245
-0.8369322569754617
-0.810827120072799
-0.7847219831701361
-0.758616846267473
-0.7325117093648104
-0.7064065724621474
-0.6803014355594846
-0.6541962986568216
-0.6280911617541587
-0.6019860248514959
-0.5758808879488331
-0.5497757510461702
-0.5236706141435074
-0.4975654772408445
-0.47146034033818157
-0.44535520343551876
-0.4192500665328559
-0.39314492963019315
-0.3670397927275301
-0.34093465582486726
-0.31482951892220445
-0.28872438201954165
-0.26261924511687884
-0.2365141082142158
-0.210408971311553
-0.18430383440889017
-0.15819869750622734
-0.13209356060356453
-0.10598842370090168
-0.07988328679823868
-0.053778149895575854
-0.027673012992913023
-16.649999999999977
-16.649999999999977
-16.65000000000009
-16.649999999999977
-16.649999999999977
-16.649999999999977
-16.649999999999977
-16.65000000000009
-16.649999999999977
-16.649999999999977
-16.649999999999977
-16.649999999999977
-16.65000000000009
-16.649999999999864
-16.65000000000009
-16.649999999999977
-16.649999999999977
-16.65000000000009
-16.649999999999864
-16.65000000000009
-16.649999999999977
-16.649999999999977
-16.65000000000009
-16.649999999999864
-16.65000000000009
-16.649999999999977
-16.649999999999977
-16.649999999999977
-16.649999999999977
-16.650000000000034
-16.650000000000034
-16.649999999999977
-16.649999999999977
-16.649999999999977
-16.65000000000009
-16.649999999999977
-16.649999999999977
-16.649999999999977
-16.649999999999977
-16.65000000000009
-16.649999999999977
-16.649999999999977
-16.649999999999977
-16.649999999999977
-16.649999999999977
-16.65000000000009
-16.649999999999977
-16.649999999999977
-16.649999999999977
-16.649999999999977
-16.65000000000009
-16.649999999999977
-16.649999999999977
-16.649999999999977
-16.649999999999977
-16.649999999999977
-16.65000000000009
-16.649999999999977
-16.649999999999977
-16.65000000000009
-16.649999999999977
-16.649999999999977
-16.65000000000009
-16.649999999999977
-16.649999999999977
-16.649999999999977
-16.649999999999977
-16.65000000000009
-16.649999999999977
-16.649999999999977
-16.649999999999977
-16.649999999999977
-16.65000000000009
-16.649999999999864
-16.65000000000009
-16.649999999999977
-16.649999999999977
-16.65000000000009
-16.649999999999864
-16.65000000000009
-16.649999999999977
-16.649999999999977
-16.65000000000009
-16.649999999999864
-16.65000000000009
-16.649999999999977
-16.649999999999977
-16.649999999999977
-16.649999999999977
-16.650000000000034
-16.650000000000034
-16.649999999999977
-16.649999999999977
-16.649999999999977
-16.65000000000009
-16.649999999999977
-16.649999999999977
-16.649999999999977
-16.649999999999977
-16.65000000000009
-16.649999999999977
-16.649999999999977
-16.649999999999977
-16.649999999999977
-16.649999999999977
-16.65000000000009
-16.649999999999977
-16.649999999999977
-16.649999999999977
-16.649999999999977
-16.65000000000009
-16.649999999999977
-16.649999999999977
-16.649999999999977
-16.649999999999977
-16.649999999999977
-16.65000000000009
-16.649999999999977
-16.649999999999977
-16.65000000000009
288.0
287.1730261434588
286.3341694379078
285.4830469992864
284.6192565264637
283.7423749444287
282.8519569257032
281.94753327653564
281.02860917266355
280.0946622273859
279.14514037216856
278.17945961822153
277.1969493625267
276.1969213435487
275.17868182188306
274.141494692291
273.0845923342966
272.00712725146326
270.90819960783335
269.7868595896158
268.6420766910721
267.4727459277713
266.277684721349
265.05561102059266
263.80514647206877
262.52480314137375
261.21296502939305
259.86788063277027
258.4876455862671
257.0701686746309
255.6131695277346
254.1141358234582
252.5703136981347
250.97867922195118
249.33736218124272
247.6404668716931
245.88437168750852
244.06439803412647
242.17522959709703
240.21077681830735
238.16408730517682
236.0272271888678
233.79087082923448
231.4441312611193
228.97434908331402
226.36610603949507
223.60059038243085
220.6545474124466
217.49933678886325
214.09887358053584
210.4079993437526
206.44144960526185
202.05532370722267
198.02676061798886
195.40016773935966
193.34774450929322
190.8714362906907
187.54183529775378
181.7660666808586
167.65707840018555
150.0
288.0
287.1730261434588
286.3341694379078
285.4830469992864
284.6192565264637
283.7423749444287
282.8519569257032
281.94753327653564
281.02860917266355
280.0946622273859
279.14514037216856
278.17945961822153
277.1969493625267
276.1969213435487
275.17868182188306
274.141494692291
273.0845923342966
272.00712725146326
270.90819960783335
269.7868595896158
268.6420766910721
267.4727459277713
266.277684721349
265.05561102059266
263.80514647206877
262.52480314137375
261.21296502939305
259.86788063277027
258.4876455862671
257.0701686746309
255.6131695277346
254.1141358234582
252.5703136981347
250.97867922195118
249.33736218124272
247.6404668716931
245.88437168750852
244.06439803412647
242.17522959709703
240.21077681830735
238.16408730517682
236.0272271888678
233.79087082923448
231.4441312611193
228.97434908331402
226.36610603949507
223.60059038243085
220.6545474124466
217.49933678886325
214.09887358053584
210.4079993437526
206.44144960526185
202.05532370722267
198.02676061798886
195.40016773935966
193.34774450929322
190.8714362906907
187.54183529775378
181.7660666808586
167.65707840018555
150.0
1000.0
983.35
966.7
950.05
933.4
916.75
900.1
883.45
866.8
850.15
833.5
816.85
800.2
783.55
766.9000000000001
750.25
733.6
716.95
700.3
683.6500000000001
667.0
650.35
633.7
617.05
600.4000000000001
583.75
567.1
550.45
533.8000000000001
517.1500000000001
500.50000000000006
483.85
467.20000000000005
450.55000000000007
433.9000000000001
417.25
400.6
383.95000000000005
367.30000000000007
350.6500000000001
334.0
317.35
300.70000000000005
284.05000000000007
267.4000000000001
250.7500000000001
234.10000000000002
217.45000000000005
200.80000000000007
184.1500000000001
167.5000000000001
150.85000000000002
134.20000000000005
117.55000000000007
100.90000000000009
84.25000000000011
67.60000000000014
50.950000000000045
34.30000000000007
17.65000000000009
1.0
1000.0
983.35
966.7
950.05
933.4
916.75
900.1
883.45
866.8
850.15
833.5
816.85
800.2
783.55
766.9000000000001
750.25
733.6
716.95
700.3
683.6500000000001
667.0
650.35
633.7
617.05
600.4000000000001
583.75
567.1
550.45
533.8000000000001
517.1500000000001
500.50000000000006
483.85
467.20000000000005
450.55000000000007
433.9000000000001
417.25
400.6
383.95000000000005
367.30000000000007
350.6500000000001
334.0
317.35
300.70000000000005
284.05000000000007
267.4000000000001
250.7500000000001
234.10000000000002
217.45000000000005
200.80000000000007
184.1500000000001
167.5000000000001
150.85000000000002
134.20000000000005
117.55000000000007
100.90000000000009
84.25000000000011
67.60000000000014
50.950000000000045
34.30000000000007
17.65000000000009
1.0
0.0
142.9853621685989
288.0252916682131
435.1859898855707
584.5370154559719
736.1515188583473
890.1064980658033
1046.4830775757496
1205.3668134500035
1366.8480273487176
1531.022172977815
1697.990223116506
1867.868126309786
2040.774884294091
2216.8304459398723
2396.162085251419
2578.902525277831
2765.1982997746227
2955.2049921006633
3149.086826877855
3347.021980520207
3549.201506950147
3755.8298762297036
3967.1287574666508
4183.336470607063
4404.710282356395
4631.529602053694
4864.097267980691
5102.7425485310005
5347.82701882323
5599.744959215726
5858.930755010241
6125.86055450418
6401.057200948325
6684.844057863907
6978.240503808335
7281.872721353108
7596.549648450342
7923.190486040927
8262.84813037463
8616.724663431698
8986.19186631521
9372.862160050527
9778.617921745035
10205.647986090771
10656.61819910813
11134.781147888778
11644.157614503181
12189.699568656584
12777.646163990641
13415.805381831515
14114.408882943115
14887.440426738705
15763.093523798845
16786.545958482173
18019.91334357216
19577.624072564788
21698.42646857819
25036.46877335236
33256.52510178431
41476.58143021632
0.0
142.9853621685989
288.0252916682131
435.1859898855707
584.5370154559719
736.1515188583473
890.1064980658033
1046.4830775757496
1205.3668134500035
1366.8480273487176
1531.022172977815
1697.990223116506
1867.868126309786
2040.774884294091
2216.8304459398723
2396.162085251419
2578.902525277831
2765.1982997746227
2955.2049921006633
3149.086826877855
3347.021980520207
3549.201506950147
3755.8298762297036
3967.1287574666508
4183.336470607063
4404.710282356395
4631.529602053694
4864.097267980691
5102.7425485310005
5347.82701882323
5599.744959215726
5858.930755010241
6125.86055450418
6401.057200948325
6684.844057863907
6978.240503808335
7281.872721353108
7596.549648450342
7923.190486040927
8262.84813037463
8616.724663431698
8986.19186631521
9372.862160050527
9778.617921745035
10205.647986090771
10656.61819910813
11134.781147888778
11644.157614503181
12189.699568656584
12777.646163990641
13415.805381831515
14114.408882943115
14887.440426738705
15763.093523798845
16786.545958482173
18019.91334357216
19577.624072564788
21698.42646857819
25036.46877335236
33256.52510178431
41476.58143021632
390.0991853316357
387.883194387934
385.5057703297038
382.9951423383546
380.3901534901178
377.7362052133861
375.0619609139799
372.392054899534
369.7454908762182
367.1186605571659
364.5189107006471
361.9398013664103
359.3791385283621
356.8460565480842
354.3313185314248
351.8233656679828
349.3168487763435
346.7987452128869
344.2798414020759
341.7611075224602
339.2348454794095
336.708286525193
334.1825335753211
331.6536197526153
329.1282045510116
326.6069559883665
324.0880008733132
321.5726619119756
319.0631766101878
316.5574599144574
314.0621317267063
311.5777980567624
309.1059622664998
306.6475287759506
304.2047210155232
284.4218393542635
282.290086303336
280.102567120628
277.8996034468861
275.7005283635144
273.5229829679394
271.3766984038141
269.262136498791
267.2067479904164
265.2152748404514
263.283032295416
261.4281710843894
259.6726728003923
258.0359308879339
256.5051159238917
255.0628081610802
253.6830411388179
252.2976193238364
250.9195641343139
249.6753966545451
248.4858112762655
247.2638450491501
245.9528181281827
244.5204037010896
243.0170557715646
242.3556570377404
390.0991853316357
387.883194387934
385.5057703297038
382.9951423383546
380.3901534901178
377.7362052133861
375.0619609139799
372.392054899534
369.7454908762182
367.1186605571659
364.5189107006471
361.9398013664103
359.3791385283621
356.8460565480842
354.3313185314248
351.8233656679828
349.3168487763435
346.7987452128869
344.2798414020759
341.7611075224602
339.2348454794095
336.708286525193
334.1825335753211
331.6536197526153
329.1282045510116
326.6069559883665
324.0880008733132
321.5726619119756
319.0631766101878
316.5574599144574
314.0621317267063
311.5777980567624
309.1059622664998
306.6475287759506
304.2047210155232
301.6844267722884
299.2873667303801
296.9088785793772
294.5554736612261
292.2338338861229
289.9544237520851
287.7221775289537
285.5340083384895
283.4146356360301
281.3664825939179
279.3832199912373
277.4808085059618
275.6799998601843
273.9989323869585
272.4240829451889
270.9377361909917
269.5136855037298
268.08183789085
266.6536240211132
265.3533213083972
264.0962115245647
262.8002140485822
261.4067894204198
259.8881903022843
258.3110214132185
257.6367455591915
390.0991853316357
387.883194387934
385.5057703297038
382.9951423383546
380.3901534901178
377.7362052133861
375.0619609139799
372.392054899534
369.7454908762182
367.1186605571659
364.5189107006471
361.9398013664103
359.3791385283621
356.8460565480842
354.3313185314248
351.8233656679828
349.3168487763435
346.7987452128869
344.2798414020759
341.7611075224602
339.2348454794095
336.708286525193
334.1825335753211
331.6536197526153
329.1282045510116
326.6069559883665
324.0880008733132
321.5726619119756
319.0631766101878
316.5574599144574
314.0621317267063
311.5777980567624
309.1059622664998
306.6475287759506
304.2047210155232
284.4218393542635
282.290086303336
280.102567120628
277.8996034468861
275.7005283635144
273.5229829679394
271.3766984038141
269.262136498791
267.2067479904164
265.2152748404514
263.283032295416
261.4281710843894
259.6726728003923
258.0359308879339
256.5051159238917
255.0628081610802
253.6830411388179
252.2976193238364
250.9195641343139
249.6753966545451
248.4858112762655
247.2638450491501
245.9528181281827
244.5204037010896
243.0170557715646
242.3556570377404
390.0991853316357
387.883194387934
385.5057703297038
382.9951423383546
380.3901534901178
377.7362052133861
375.0619609139799
372.392054899534
369.7454908762182
367.1186605571659
364.5189107006471
361.9398013664103
359.3791385283621
356.8460565480842
354.3313185314248
351.8233656679828
349.3168487763435
346.7987452128869
344.2798414020759
341.7611075224602
339.2348454794095
336.708286525193
334.1825335753211
331.6536197526153
329.1282045510116
326.6069559883665
324.0880008733132
321.5726619119756
319.0631766101878
316.5574599144574
314.0621317267063
311.5777980567624
309.1059622664998
306.6475287759506
304.2047210155232
301.6844267722884
299.2873667303801
296.9088785793772
294.5554736612261
292.2338338861229
289.9544237520851
287.7221775289537
285.5340083384895
283.4146356360301
281.3664825939179
279.3832199912373
277.4808085059618
275.6799998601843
273.9989323869585
272.4240829451889
270.9377361909917
269.5136855037298
268.08183789085
266.6536240211132
265.3533213083972
264.0962115245647
262.8002140485822
261.4067894204198
259.8881903022843
258.3110214132185
257.6367455591915
0.0
0.0
0.0
0.0
0.0
0.0
0.0
0.0
0.0
0.0
0.0
0.0
0.0
0.0
0.0
0.0
0.0
0.0
0.0
0.0
0.0
0.0
0.0
0.0
0.0
0.0
0.0
0.0
0.0
0.0
0.0
0.0
0.0
0.0
0.0
0.0
0.0
0.0
0.0
0.0
0.0
0.0
0.0
0.0
0.0
0.0
0.0
0.0
0.0
0.0
0.0
0.0
0.0
0.0
0.0
0.0
0.0
0.0
0.0
0.0
0.0
0.0
0.0
0.0
0.0
0.0
0.0
0.0
0.0
0.0
0.0
0.0
0.0
0.0
0.0
0.0
0.0
0.0
0.0
0.0
0.0
0.0
0.0
0.0
0.0
0.0
0.0
0.0
0.0
0.0
0.0
0.0
0.0
0.0
0.0
0.0
0.0
0.0
0.0
0.0
0.0
0.0
0.0
0.0
0.0
0.0
0.0
0.0
0.0
0.0
0.0
0.0
0.0
0.0
0.0
0.0
0.0
0.0
0.0
0.0
0.0
0.0
291.8629921325894
286.5751448308205
281.1264404741836
275.516072468171
269.7312496119211
263.8748966490056
258.0047704624509
252.1789274963771
246.4726788088785
240.8937893349285
235.4549702538971
230.1519818867209
224.9893236733298
219.9590888826793
215.0163545773094
210.1437726253201
205.3284304185256
200.5343426308069
195.7763659739072
191.0551475177977
186.3518326295238
181.6735135100857
177.0210045975786
172.3859844062164
167.7774243346538
163.1943908511724
158.6319556135173
154.0910767299445
149.5707668646052
145.0641932261791
140.5815354342078
136.1214448680435
131.6903030222343
127.288288063675
122.9160136661419
91.28073587459173
85.96722794783183
80.6171765562603
75.21487723967459
69.75090798730808
64.24278102147792
58.69804193002985
53.08655401542786
47.46333799024562
41.8577409552772
36.22346333511937
30.66189871300206
25.3604280655811
20.59630565844963
16.56493474911819
13.44671791960367
11.1015692411754
9.25698944084423
7.89822114475896
6.832392620324358
5.7877554949292
4.679605668515211
3.450465747217483
2.070660648382925
0.6001076824647351
0.0
283.6527039943352
278.0651493875562
272.2893824800557
266.3227884761712
260.1505303987421
253.884811718456
247.5888118695104
241.3270682967271
235.1833335361489
229.166567641165
223.2912843660782
217.5527818632648
211.9554050778147
206.4907604681856
201.109048058506
195.7905008628632
190.5200814998483
185.2560994583293
180.0148627488175
174.7968889563008
169.58002580091
164.3717822813543
159.1724080000734
153.9717013679902
148.7788768303342
143.5922576790299
138.4048833183195
133.2161526763134
128.0230101246759
122.815069780592
117.6003949936494
112.3729382373614
107.1319843542777
101.8625797523801
96.51879182943013
91.28073587459173
85.96722794783183
80.6171765562603
75.21487723967459
69.75090798730808
64.24278102147792
58.69804193002985
53.08655401542786
47.46333799024562
41.8577409552772
36.22346333511937
30.66189871300206
25.3604280655811
20.59630565844963
16.56493474911819
13.44671791960367
11.1015692411754
9.25698944084423
7.89822114475896
6.832392620324358
5.7877554949292
4.679605668515211
3.450465747217483
2.070660648382925
0.6001076824647351
0.0
291.8629921325894
286.5751448308205
281.1264404741836
275.516072468171
269.7312496119211
263.8748966490056
258.0047704624509
252.1789274963771
246.4726788088785
240.8937893349285
235.4549702538971
230.1519818867209
224.9893236733298
219.9590888826793
215.0163545773094
210.1437726253201
205.3284304185256
200.5343426308069
195.7763659739072
191.0551475177977
186.3518326295238
181.6735135100857
177.0210045975786
172.3859844062164
167.7774243346538
163.1943908511724
158.6319556135173
154.0910767299445
149.5707668646052
145.0641932261791
140.5815354342078
136.1214448680435
131.6903030222343
127.288288063675
122.9160136661419
91.28073587459173
85.96722794783183
80.6171765562603
75.21487723967459
69.75090798730808
64.24278102147792
58.69804193002985
53.08655401542786
47.46333799024562
41.8577409552772
36.22346333511937
30.66189871300206
25.3604280655811
20.59630565844963
16.56493474911819
13.44671791960367
11.1015692411754
9.25698944084423
7.89822114475896
6.832392620324358
5.7877554949292
4.679605668515211
3.450465747217483
2.070660648382925
0.6001076824647351
0.0
283.6527039943352
278.0651493875562
272.2893824800557
266.3227884761712
260.1505303987421
253.884811718456
247.5888118695104
241.3270682967271
235.1833335361489
229.166567641165
223.2912843660782
217.5527818632648
211.9554050778147
206.4907604681856
201.109048058506
195.7905008628632
190.5200814998483
185.2560994583293
180.0148627488175
174.7968889563008
169.58002580091
164.3717822813543
159.1724080000734
153.9717013679902
148.7788768303342
143.5922576790299
138.4048833183195
133.2161526763134
128.0230101246759
122.815069780592
117.6003949936494
112.3729382373614
107.1319843542777
101.8625797523801
96.51879182943013
91.28073587459173
85.96722794783183
80.6171765562603
75.21487723967459
69.75090798730808
64.24278102147792
58.69804193002985
53.08655401542786
47.46333799024562
41.8577409552772
36.22346333511937
30.66189871300206
25.3604280655811
20.59630565844963
16.56493474911819
13.44671791960367
11.1015692411754
9.25698944084423
7.89822114475896
6.832392620324358
5.7877554949292
4.679605668515211
3.450465747217483
2.070660648382925
0.6001076824647351
0.0
0.0
0.0
0.0
0.0
0.0
0.0
0.0
0.0
0.0
0.0
0.0
0.0
0.0
0.0
0.0
0.0
0.0
0.0
0.0
0.0
0.0
0.0
0.0
0.0
0.0
0.0
0.0
0.0
0.0
0.0
0.0
0.0
0.0
0.0
0.0
0.0
0.0
0.0
0.0
0.0
0.0
0.0
0.0
0.0
0.0
0.0
0.0
0.0
0.0
0.0
0.0
0.0
0.0
0.0
0.0
0.0
0.0
0.0
0.0
0.0
0.0
0.0
0.0
0.0
0.0
0.0
0.0
0.0
0.0
0.0
0.0
0.0
0.0
0.0
0.0
0.0
0.0
0.0
0.0
0.0
0.0
0.0
0.0
0.0
0.0
0.0
0.0
0.0
0.0
0.0
0.0
0.0
0.0
0.0
0.0
0.0
0.0
0.0
0.0
0.0
0.0
0.0
0.0
0.0
0.0
0.0
0.0
0.0
0.0
0.0
0.0
0.0
0.0
0.0
0.0
0.0
0.0
0.0
0.0
0.0
0.0
0.0
-98.23619319904633
-101.3080495571135
-104.3793298555201
-107.4790698701835
-110.6589038781967
-113.8613085643805
-117.057190451529
-120.2131274031569
-123.2728120673397
-126.2248712222374
-129.06394044675
-131.7878194796893
-134.3898148550322
-136.8869676654049
-139.3149639541154
-141.6795930426627
-143.9884183578179
-146.26440258208
-148.5034754281687
-150.7059600046625
-152.8830128498857
-155.0347730151072
-157.1615289777425
-159.2676353463989
-161.3507802163578
-163.4125651371941
-165.4560452597959
-167.4815851820311
-169.4924097455826
-171.4932666882784
-173.4805962924985
-175.4563531887189
-177.4156592442655
-179.3592407122756
-181.2887073493813
-193.1411034796717
-196.3228583555041
-199.4853905643677
-202.6847262072115
-205.9496203762063
-209.2802019464615
-212.6786564737843
-216.1755824833631
-219.7434100001707
-223.3575338851742
-227.0595689602966
-230.7662723713873
-234.3122447348112
-237.4396252294842
-239.9401811747735
-241.6160902414765
-242.5814718976425
-243.0406298829922
-243.021342989555
-242.8430040342207
-242.6980557813363
-242.5842393806349
-242.5023523809652
-242.4497430527067
-242.4169480890998
-242.3556570377404
-106.4464813373005
-109.8180450003778
-113.2163878496481
-116.6723538621833
-120.2396230913758
-123.8513934949301
-127.4731490444695
-131.0649866028068
-134.5621573400693
-137.9520929160009
-141.2276263345688
-144.3870195031455
-147.4237334505473
-150.3552960798987
-153.2222704729188
-156.0328648051196
-158.7967672764951
-161.5426457545576
-164.2649786532584
-166.9642185661594
-169.6548196784995
-172.3365042438387
-175.0101255752477
-177.6819183846251
-180.3493277206774
-183.0146983093366
-185.6831175549937
-188.3565092356622
-191.0401664855119
-193.7423901338654
-196.4617367330568
-199.204859819401
-201.973977912222
-204.7849490235704
-207.6859291860931
-210.4036908976967
-213.3201387825483
-216.2917020231169
-219.3405964215515
-222.4829258988148
-225.7116427306072
-229.0241355989239
-232.4474543230616
-235.9512976457844
-239.5087416386407
-243.1597566561178
-246.8189097929597
-250.3195717946031
-253.4026267285088
-255.8591481960707
-257.491018271388
-258.4121162625544
-258.8248484500058
-258.7554028763543
-258.5209286880728
-258.3084560296355
-258.120608380067
-257.9563236732023
-257.8175296539014
-257.7109137307538
-257.6367455591915
98.23619319904633
101.3080495571135
104.3793298555201
107.4790698701835
110.6589038781967
113.8613085643805
117.057190451529
120.2131274031569
123.2728120673397
126.2248712222374
129.06394044675
131.7878194796893
134.3898148550322
136.8869676654049
139.3149639541154
141.6795930426627
143.9884183578179
146.26440258208
148.5034754281687
150.7059600046625
152.8830128498857
155.0347730151072
157.1615289777425
159.2676353463989
161.3507802163578
163.4125651371941
165.4560452597959
167.4815851820311
169.4924097455826
171.4932666882784
173.4805962924985
175.4563531887189
177.4156592442655
179.3592407122756
181.2887073493813
193.1411034796717
196.3228583555041
199.4853905643677
202.6847262072115
205.9496203762063
209.2802019464615
212.6786564737843
216.1755824833631
219.7434100001707
223.3575338851742
227.0595689602966
230.7662723713873
234.3122447348112
237.4396252294842
239.9401811747735
241.6160902414765
242.5814718976425
243.0406298829922
243.021342989555
242.8430040342207
242.6980557813363
242.5842393806349
242.5023523809652
242.4497430527067
242.4169480890998
242.3556570377404
106.4464813373005
109.8180450003778
113.2163878496481
116.6723538621833
120.2396230913758
123.8513934949301
127.4731490444695
131.0649866028068
134.5621573400693
137.9520929160009
141.2276263345688
144.3870195031455
147.4237334505473
150.3552960798987
153.2222704729188
156.0328648051196
158.7967672764951
161.5426457545576
164.2649786532584
166.9642185661594
169.6548196784995
172.3365042438387
175.0101255752477
177.6819183846251
180.3493277206774
183.0146983093366
185.6831175549937
188.3565092356622
191.0401664855119
193.7423901338654
196.4617367330568
199.204859819401
201.973977912222
204.7849490235704
207.6859291860931
210.4036908976967
213.3201387825483
216.2917020231169
219.3405964215515
222.4829258988148
225.7116427306072
229.0241355989239
232.4474543230616
235.9512976457844
239.5087416386407
243.1597566561178
246.8189097929597
250.3195717946031
253.4026267285088
255.8591481960707
257.491018271388
258.4121162625544
258.8248484500058
258.7554028763543
258.5209286880728
258.3084560296355
258.120608380067
257.9563236732023
257.8175296539014
257.7109137307538
257.6367455591915
0.0
0.0
0.0
0.0
0.0
0.0
0.0
0.0
0.0
0.0
0.0
0.0
0.0
0.0
0.0
0.0
0.0
0.0
0.0
0.0
0.0
0.0
0.0
0.0
0.0
0.0
0.0
0.0
0.0
0.0
0.0
0.0
0.0
0.0
0.0
0.0
0.0
0.0
0.0
0.0
0.0
0.0
0.0
0.0
0.0
0.0
0.0
0.0
0.0
0.0
0.0
0.0
0.0
0.0
0.0
0.0
0.0
0.0
0.0
0.0
0.0
0.0
0.0
0.0
0.0
0.0
0.0
0.0
0.0
0.0
0.0
0.0
0.0
0.0
0.0
0.0
0.0
0.0
0.0
0.0
0.0
0.0
0.0
0.0
0.0
0.0
0.0
0.0
0.0
0.0
0.0
0.0
0.0
0.0
0.0
0.0
0.0
0.0
0.0
0.0
0.0
0.0
0.0
0.0
0.0
0.0
0.0
0.0
0.0
0.0
0.0
0.0
0.0
0.0
0.0
0.0
0.0
0.0
0.0
0.0
0.0
0.0
-1.556003675254141
-1.555711880702471
-1.570127731552975
-1.610698166329597
-1.622131011519189
-1.618826983567076
-1.59859346375598
-1.549838282667242
-1.495322163266381
-1.43808877522582
-1.379740877229102
-1.318002502426688
-1.264896042553257
-1.229865823255532
-1.197768099647592
-1.169501518671849
-1.152866346914919
-1.134169430978212
-1.115636180941487
-1.102754111367812
-1.089942476169975
-1.077276964965694
-1.06681721672933
-1.055186407147763
-1.044366838957123
-1.035094812531503
-1.0260074677955
-1.018553619201833
-1.013504667402915
-1.0066525929792
-1.000790607885738
-0.9924576764052976
-0.9844926177740954
-0.9773429576980316
-6.003657003970094
-1.611671153682503
-1.601934194344155
-1.620576432736909
-1.653784140306686
-1.687057127668453
-1.721437176191934
-1.771316457785241
-1.807230573866634
-1.830681318519604
-1.875211439389933
-1.877576116340074
-1.796160167238055
-1.584128610327121
-1.266619850511772
-0.8489070982545892
-0.4889998847349369
-0.2325797268646005
0.0097694923116411
0.0903349758566479
0.073421406446138
0.057652024428325
0.0414786557668749
0.0266484817585981
0.0166118066582345
0.031046080955212
0.0
-1.707816004262173
-1.721380607316396
-1.750568773483207
-1.806947781483202
-1.829489197092806
-1.834547025988325
-1.819392507404021
-1.771440420995348
-1.71712202661172
-1.659173295758022
-1.600344159637535
-1.538202803800983
-1.484939949594044
-1.452223728067122
-1.423665237167741
-1.400014161537925
-1.390884372716853
-1.37895770566206
-1.367260293221989
-1.362884435806877
-1.358367890016044
-1.35428357741568
-1.353357366463794
-1.351136982497551
-1.35010428497952
-1.351648537359952
-1.354167251209459
-1.359367124352138
-1.368771660548052
-1.377445039550687
-1.389488669552137
-1.402656057900264
-1.423856089105489
-1.469448850650336
-1.376642238044307
-1.477283797987086
-1.505201671110798
-1.544372632192673
-1.591700797675847
-1.635459042031852
-1.677894561644488
-1.734031769531173
-1.774820321058855
-1.801970952469302
-1.849367979294802
-1.85349022401104
-1.773208869638386
-1.56167614920193
-1.244314833220942
-0.8265997946364376
-0.466568645294964
-0.20906342149868
0.0351766343331968
0.1187694527968335
0.1076249013243295
0.0951514651226485
0.0832160029222337
0.070304069904952
0.0540047283859971
0.0375687968725559
0.0
-1.556003675254141
-1.555711880702471
-1.570127731552975
-1.610698166329597
-1.622131011519189
-1.618826983567076
-1.59859346375598
-1.549838282667242
-1.495322163266381
-1.43808877522582
-1.379740877229102
-1.318002502426688
-1.264896042553257
-1.229865823255532
-1.197768099647592
-1.169501518671849
-1.152866346914919
-1.134169430978212
-1.115636180941487
-1.102754111367812
-1.089942476169975
-1.077276964965694
-1.06681721672933
-1.055186407147763
-1.044366838957123
-1.035094812531503
-1.0260074677955
-1.018553619201833
-1.013504667402915
-1.0066525929792
-1.000790607885738
-0.9924576764052976
-0.9844926177740954
-0.9773429576980316
-6.003657003970094
-1.611671153682503
-1.601934194344155
-1.620576432736909
-1.653784140306686
-1.687057127668453
-1.721437176191934
-1.771316457785241
-1.807230573866634
-1.830681318519604
-1.875211439389933
-1.877576116340074
-1.796160167238055
-1.584128610327121
-1.266619850511772
-0.8489070982545892
-0.4889998847349369
-0.2325797268646005
0.0097694923116411
0.0903349758566479
0.073421406446138
0.057652024428325
0.0414786557668749
0.0266484817585981
0.0166118066582345
0.031046080955212
0.0
-1.707816004262173
-1.721380607316396
-1.750568773483207
-1.806947781483202
-1.829489197092806
-1.834547025988325
-1.819392507404021
-1.771440420995348
-1.71712202661172
-1.659173295758022
-1.600344159637535
-1.538202803800983
-1.484939949594044
-1.452223728067122
-1.423665237167741
-1.400014161537925
-1.390884372716853
-1.37895770566206
-1.367260293221989
-1.362884435806877
-1.358367890016044
-1.35428357741568
-1.353357366463794
-1.351136982497551
-1.35010428497952
-1.351648537359952
-1.354167251209459
-1.359367124352138
-1.368771660548052
-1.377445039550687
-1.389488669552137
-1.402656057900264
-1.423856089105489
-1.469448850650336
-1.376642238044307
-1.477283797987086
-1.505201671110798
-1.544372632192673
-1.591700797675847
-1.635459042031852
-1.677894561644488
-1.734031769531173
-1.774820321058855
-1.801970952469302
-1.849367979294802
-1.85349022401104
-1.773208869638386
-1.56167614920193
-1.244314833220942
-0.8265997946364376
-0.466568645294964
-0.20906342149868
0.0351766343331968
0.1187694527968335
0.1076249013243295
0.0951514651226485
0.0832160029222337
0.070304069904952
0.0540047283859971
0.0375687968725559
0.0
0.0
0.0
0.0
0.0
0.0
0.0
0.0
0.0
0.0
0.0
0.0
0.0
0.0
0.0
0.0
0.0
0.0
0.0
0.0
0.0
0.0
0.0
0.0
0.0
0.0
0.0
0.0
0.0
0.0
0.0
0.0
0.0
0.0
0.0
0.0
0.0
0.0
0.0
0.0
0.0
0.0
0.0
0.0
0.0
0.0
0.0
0.0
0.0
0.0
0.0
0.0
0.0
0.0
0.0
0.0
0.0
0.0
0.0
0.0
0.0
0.0
0.0
0.0
0.0
0.0
0.0
0.0
0.0
0.0
0.0
0.0
0.0
0.0
0.0
0.0
0.0
0.0
0.0
0.0
0.0
0.0
0.0
0.0
0.0
0.0
0.0
0.0
0.0
0.0
0.0
0.0
0.0
0.0
0.0
0.0
0.0
0.0
0.0
0.0
0.0
0.0
0.0
0.0
0.0
0.0
0.0
0.0
0.0
0.0
0.0
0.0
0.0
0.0
0.0
0.0
0.0
0.0
0.0
0.0
0.0
0.0
0.0
1.0
1.0
1.0
1.0
1.0
1.0
1.0
1.0
1.0
1.0
1.0
1.0
1.0
1.0
1.0
1.0
1.0
1.0
1.0
1.0
1.0
1.0
1.0
1.0
1.0
1.0
1.0
1.0
1.0
1.0
1.0
1.0
1.0
1.0
1.0
1.0
1.0
1.0
1.0
1.0
1.0
1.0
1.0
1.0
1.0
1.0
1.0
1.0
1.0
1.0
1.0
1.0
1.0
0.0
0.0
0.0
0.0
0.0
0.0
0.0
0.0
1.0
1.0
1.0
1.0
1.0
1.0
1.0
1.0
1.0
1.0
1.0
1.0
1.0
1.0
1.0
1.0
1.0
1.0
1.0
1.0
1.0
1.0
1.0
1.0
1.0
1.0
1.0
1.0
1.0
1.0
1.0
1.0
1.0
1.0
1.0
1.0
1.0
1.0
1.0
1.0
1.0
1.0
1.0
1.0
1.0
1.0
1.0
1.0
1.0
1.0
1.0
1.0
1.0
0.0
0.0
0.0
0.0
0.0
0.0
0.0
0.0
1.0
1.0
1.0
1.0
1.0
1.0
1.0
1.0
1.0
1.0
1.0
1.0
1.0
1.0
1.0
1.0
0.8605561031037754
0.8605561031037754
0.8605561031037754
0.8605561031037754
0.8605561031037754
0.8605561031037754
0.8605561031037754
0.8605561031037754
0.8605561031037754
0.8605561031037754
0.8605561031037754
0.8605561031037754
0.8605561031037754
0.8605561031037754
0.8605561031037754
0.8605561031037754
0.8605561031037754
0.8605561031037754
0.8605561031037754
0.8605561031037754
0.8605561031037754
0.8605561031037754
0.8605561031037754
0.8605561031037754
0.8605561031037754
0.8605561031037754
0.8605561031037754
0.8605561031037754
0.8605561031037754
1.0
1.0
1.0
1.0
1.0
1.0
1.0
1.0
1.0
1.0
1.0
1.0
1.0
1.0
1.0
1.0
1.0
1.0
1.0
1.0
1.0
1.0
1.0
1.0
1.0
1.0
1.0
1.0
1.0
0.008661395713600523
0.008610854820612293
0.008483947638919133
0.008281983011064238
0.007851693905725016
0.007304765516279217
0.006677304371037303
0.00598100619544431
0.005330044742568373
0.004728556561750127
0.004206668910515258
0.003754271333610365
0.003361404833143904
0.003048240775677693
0.0027856085022571965
0.0025622634726035574
0.0023882942966245396
0.0022218985795652907
0.002070646323941605
0.0019442680024427548
0.001822050558646426
0.001708683989766063
0.0016078313440835096
0.0015094089786989989
0.001416611457203458
0.0013307689641120603
0.0012465021374950449
0.0011671662834132155
0.0010932224226906848
0.001020163533391388
0.0009507355664185356
0.0008847726982115454
0.00081945253636107
0.0007565087453291622
0.0006957863654253751
0.0006359727473596256
0.0005769148874783667
0.0005192143772987148
0.00046360009382236133
0.00040650453427224545
0.00035100130549033337
0.00029991605391721754
0.0002467889690893487
0.0001974808673523974
0.00015539107603892494
0.00011427239052798756
7.832370554381504e-05
4.7559182639597595e-05
2.4978651939621744e-05
1.0960398687248229e-05
4.12810996308455e-06
1.7212322770900815e-06
7.453594483396537e-07
4.19820178820619e-07
2.7356788987291335e-07
1.886415571078341e-07
1.1816756539836605e-07
6.016239989056815e-08
1.6323406309259823e-08
9.262980643739933e-12
0.008661395713600523
0.008610854820612293
0.008483947638919133
0.008281983011064238
0.007851693905725016
0.007304765516279217
0.006677304371037303
0.00598100619544431
0.005330044742568373
0.004728556561750127
0.004206668910515258
0.003754271333610365
0.003361404833143904
0.003048240775677693
0.0027856085022571965
0.0025622634726035574
0.0023882942966245396
0.0022218985795652907
0.002070646323941605
0.0019442680024427548
0.001822050558646426
0.001708683989766063
0.0016078313440835096
0.0015094089786989989
0.001416611457203458
0.0013307689641120603
0.0012465021374950449
0.0011671662834132155
0.0010932224226906848
0.001020163533391388
0.0009507355664185356
0.0008847726982115454
0.00081945253636107
0.0007565087453291622
0.0006957863654253751
0.0006359727473596256
0.0005769148874783667
0.0005192143772987148
0.00046360009382236133
0.00040650453427224545
0.00035100130549033337
0.00029991605391721754
0.0002467889690893487
0.0001974808673523974
0.00015539107603892494
0.00011427239052798756
7.832370554381504e-05
4.7559182639597595e-05
2.4978651939621744e-05
1.0960398687248229e-05
4.12810996308455e-06
1.7212322770900815e-06
7.453594483396537e-07
4.19820178820619e-07
2.7356788987291335e-07
1.886415571078341e-07
1.1816756539836605e-07
6.016239989056815e-08
1.6323406309259823e-08
9.262980643739933e-12
0.0004
0.0004
0.0004
0.0004
0.0004
0.0004
0.0004
0.0004
0.0004
0.0004
0.0004
0.0004
0.0004
0.0004
0.0004
0.0004
0.0004
0.0004
0.0004
0.0004
0.0004
0.0004
0.0004
0.0004
0.0004
0.0004
0.0004
0.0004
0.0004
0.0004
0.0004
0.0004
0.0004
0.0004
0.0004
0.0004
0.0004
0.0004
0.0004
0.0004
0.0004
0.0004
0.0004
0.0004
0.0004
0.0004
0.0004
0.0004
0.0004
0.0004
0.0004
0.0004
0.0004
0.0004
0.0004
0.0004
0.0004
0.0004
0.0004
0.0004
0.0004
0.0004
0.0004
0.0004
0.0004
0.0004
0.0004
0.0004
0.0004
0.0004
0.0004
0.0004
0.0004
0.0004
0.0004
0.0004
0.0004
0.0004
0.0004
0.0004
0.0004
0.0004
0.0004
0.0004
0.0004
0.0004
0.0004
0.0004
0.0004
0.0004
0.0004
0.0004
0.0004
0.0004
0.0004
0.0004
0.0004
0.0004
0.0004
0.0004
0.0004
0.0004
0.0004
0.0004
0.0004
0.0004
0.0004
0.0004
0.0004
0.0004
0.0004
0.0004
0.0004
0.0004
0.0004
0.0004
0.0004
0.0004
0.0004
0.0004
1.3065442837795994e-08
1.609813246251006e-08
1.8451320475760573e-08
2.016080036876345e-08
2.1358414023579076e-08
2.2454492528502163e-08
2.346184864599769e-08
2.435074770331274e-08
2.5168293008394306e-08
2.59248194795521e-08
2.6578860853539352e-08
2.717492227184444e-08
2.7727500794852817e-08
2.821868937946919e-08
2.867559255048391e-08
2.9106915692640655e-08
2.950022653046024e-08
2.9893537368279825e-08
3.0281774756529767e-08
3.065711262938458e-08
3.1032450502239386e-08
3.142093683129147e-08
3.1836199651687564e-08
3.225146247208365e-08
3.2701440677579656e-08
3.320893932168535e-08
3.3716437965791035e-08
3.428270566534462e-08
3.492899931274215e-08
3.557529296013967e-08
3.6371436914800125e-08
3.733624217274159e-08
3.8301047430683085e-08
3.959226158737696e-08
4.118778732859431e-08
4.278331306981166e-08
4.513146211348355e-08
4.806009189575067e-08
5.0988721678017794e-08
5.632170630050282e-08
6.318151527324084e-08
7.004132424597885e-08
8.255287402060394e-08
9.799336545699721e-08
1.1343385689339041e-07
1.3646888186188418e-07
1.6453988297575865e-07
1.9889493840858378e-07
2.3731543525971197e-07
2.78963375570315e-07
3.2556784487230723e-07
3.9737569592667986e-07
5.064205645747201e-07
6.801946019508522e-07
1.1053081705738778e-06
1.6111307341008319e-06
2.5512822486276946e-06
4.137854497676283e-06
6.1841356611202155e-06
2.780474791942962e-06
1.3065442837795994e-08
1.609813246251006e-08
1.8451320475760573e-08
2.016080036876345e-08
2.1358414023579076e-08
2.2454492528502163e-08
2.346184864599769e-08
2.435074770331274e-08
2.5168293008394306e-08
2.59248194795521e-08
2.6578860853539352e-08
2.717492227184444e-08
2.7727500794852817e-08
2.821868937946919e-08
2.867559255048391e-08
2.9106915692640655e-08
2.950022653046024e-08
2.9893537368279825e-08
3.0281774756529767e-08
3.065711262938458e-08
3.1032450502239386e-08
3.142093683129147e-08
3.1836199651687564e-08
3.225146247208365e-08
3.2701440677579656e-08
3.320893932168535e-08
3.3716437965791035e-08
3.428270566534462e-08
3.492899931274215e-08
3.557529296013967e-08
3.6371436914800125e-08
3.733624217274159e-08
3.8301047430683085e-08
3.959226158737696e-08
4.118778732859431e-08
4.278331306981166e-08
4.513146211348355e-08
4.806009189575067e-08
5.0988721678017794e-08
5.632170630050282e-08
6.318151527324084e-08
7.004132424597885e-08
8.255287402060394e-08
9.799336545699721e-08
1.1343385689339041e-07
1.3646888186188418e-07
1.6453988297575865e-07
1.9889493840858378e-07
2.3731543525971197e-07
2.78963375570315e-07
3.2556784487230723e-07
3.9737569592667986e-07
5.064205645747201e-07
6.801946019508522e-07
1.1053081705738778e-06
1.6111307341008319e-06
2.5512822486276946e-06
4.137854497676283e-06
6.1841356611202155e-06
2.780474791942962e-06
0.0
0.0
0.0
0.0
0.0
0.0
0.0
0.0
0.0
0.0
0.0
0.0
0.0
0.0
0.0
0.0
0.0
0.0
0.0
0.0
0.0
0.0
0.0
0.0
0.0
0.0
0.0
0.0
0.0
0.0
0.0
0.0
0.0
0.0
0.0
0.0
0.0
0.0
0.0
0.0
0.0
0.0
0.0
0.0
0.0
0.0
0.0
0.0
0.0
0.0
0.0
0.0
0.0
0.0
0.0
0.0
0.0
0.0
0.0
0.0
0.0
0.0
0.0
0.0
0.0
0.0
0.0
0.0
0.0
0.0
0.0
0.0
0.0
0.0
0.0
0.0
0.0
0.0
0.0
0.0
0.0
0.0
0.0
0.0
0.0
0.0
0.0
0.0
0.0
0.0
0.0
0.0
0.0
0.0
0.0
0.0
0.0
0.0
0.0
0.0
0.0
0.0
0.0
0.0
0.0
0.0
0.0
0.0
0.0
0.0
0.0
0.0
0.0
0.0
0.0
0.0
0.0
0.0
0.0
0.0
0.0
0.0
0.0
0.0
0.0
0.0
0.0
0.0
0.0
0.0
0.0
0.0
0.0
0.0
0.0
0.0
0.0
0.0
0.0
0.0
0.0
0.0
0.0
0.0
0.0
0.0
0.0
0.0
0.0
0.0
0.0
0.0
0.0
0.0
0.0
0.0
0.0
0.0
0.0
0.0
0.0
0.0
0.0
0.0
0.0
0.0
0.0
0.0
0.0
0.0
0.0
0.0
0.0
0.0
0.0
0.0
0.0
0.0
0.0
0.0
0.0
0.0
0.0
0.0
0.0
0.0
0.0
0.0
0.0
0.0
0.0
0.0
0.0
0.0
0.0
0.0
0.0
0.0
0.0
0.0
0.0
0.0
0.0
0.0
0.0
0.0
0.0
0.0
0.0
0.0
0.0
0.0
0.0
0.0
0.0
0.0
0.0
0.0
0.0
0.0
0.0
0.0
0.0
0.0
0.0
0.0
0.0
0.0
0.0
0.0
0.0
0.0
0.0
0.0
0.0
0.0
0.0
0.0
0.0
0.0
0.0
0.0
0.0
0.0
0.0
0.0
0.0
0.0
0.0
0.0
0.0
0.0
0.0
0.0
0.0
0.0
0.0
0.0
0.0
0.0
0.0
0.0
0.0
0.0
0.0
0.0
0.0
0.0
0.0
0.0
0.0
0.0
0.0
0.0
0.0
0.0
0.0
0.0
0.0
0.0
0.0
0.0
0.0
0.0
0.0
0.0
0.0
0.0
0.0
0.0
0.0
0.0
0.0
0.0
0.0
0.0
0.0
0.0
0.0
0.0
0.0
0.0
0.0
0.0
0.0
0.0
0.0
0.0
0.0
0.0
0.0
0.0
0.0
0.0
0.0
0.0
0.0
0.0
0.0
0.0
0.0
0.0
0.0
0.0
0.0
0.0
0.0
0.0
0.0
0.0
0.0
0.0
0.0
0.0
0.0
0.0
0.0
0.0
0.0
0.0
0.0
0.0
0.0
0.0
0.0
0.0
0.0
0.0
0.0
0.0
0.0
0.0
0.0
0.0
0.0
0.0
0.0
0.0
0.0
0.0
0.0
0.0
0.0
0.0
0.0
0.0
0.0
0.0
0.0
0.0
0.0
0.0
0.0
0.0
0.0
0.0
0.0
0.0
0.0
0.0
0.0
0.0
0.0
0.0
0.0
0.0
0.0
0.0
0.0
0.0
0.0
0.0
0.0
0.0
0.0
0.0
0.0
0.0
0.0
0.0
0.0
0.0
0.0
0.0
0.0
0.0
0.0
0.0
0.0
0.0
0.0
0.0
0.0
0.0
0.0
0.0
0.0
0.0
0.0
0.0
0.0
0.0
0.0
0.0
0.0
0.0
0.0
0.0
0.0
0.0
0.0
0.0
0.0
0.0
0.0
0.0
0.0
0.0
0.0
0.0
0.0
0.0
0.0
0.0
0.0
0.0
0.0
0.0
0.0
0.0
0.0
0.0
0.0
0.0
0.0
0.0
0.0
0.0
0.0
0.0
0.0
0.0
0.0
0.0
0.0
0.0
0.0
0.0
0.0
0.0
0.0
0.0
0.0
0.0
0.0
0.0
0.0
0.0
0.0
0.0
0.0
0.0
0.0
0.0
0.0
0.0
0.0
0.0
0.0
0.0
0.0
0.0
0.0
0.0
0.0
0.0
0.0
0.0
0.0
0.0
0.0
0.0
0.0
0.0
0.0
0.0
0.0
0.0
0.0
0.0
0.0
0.0
0.0
0.0
0.0
0.0
0.0
0.0
0.0
0.0
0.0
0.0
0.0
0.0
0.0
0.0
0.0
0.0
0.0
0.0
0.0
0.0
0.0
0.0
0.0
0.0
0.0
0.0
0.0
0.0
0.0
0.0
0.0
0.0
0.0
0.0
0.0
0.0
0.0
0.0
0.0
0.0
0.0
0.0
0.0
0.0
0.0
0.0
0.0
0.0
0.0
0.0
0.0
0.0
0.0
0.0
0.0
0.0
0.0
0.0
0.0
0.0
0.0
0.0
0.0
0.0
0.0
0.0
0.0
0.0
0.0
0.0
0.0
0.0
0.0
0.0
0.0
0.0
0.0
0.0
0.0
0.0
0.0
0.0
0.0
0.0
0.0
0.0
0.0
0.0
2
2
2
2
1
1
288.0
288.0
87.6443429622596
72.36325444080848
0.0
0.0
0.0
0.0
52.0
52.0
5.783625987995279
5.783625987995279
1.0
1.0
2.0
2.0
3.0
3.0
4.0
4.0
5.0
5.0
6.0
6.0
7.0
7.0
8.0
8.0
9.0
9.0
10.0
10.0
11.0
11.0
12.0
12.0
13.0
13.0
14.0
14.0
15.0
15.0
16.0
16.0
17.0
17.0
18.0
18.0
19.0
19.0
20.0
20.0
21.0
21.0
22.0
22.0
23.0
23.0
24.0
24.0
25.0
25.0
26.0
26.0
27.0
27.0
28.0
28.0
29.0
29.0
30.0
30.0
31.0
31.0
32.0
32.0
33.0
33.0
34.0
34.0
35.0
35.0
36.0
36.0
37.0
37.0
38.0
38.0
39.0
39.0
40.0
40.0
41.0
41.0
42.0
42.0
43.0
43.0
44.0
44.0
45.0
45.0
46.0
46.0
47.0
47.0
48.0
48.0
49.0
49.0
50.0
50.0
51.0
51.0
52.0
52.0
53.0
53.0
54.0
54.0
55.0
55.0
56.0
56.0
57.0
57.0
58.0
58.0
59.0
59.0
60.0
60.0
0.0
0.0
0.0
0.0
0.0
0.0
0.0
0.0
0.0
0.0
0.0
0.0
0.0
0.0
0.0
0.0
0.0
0.0
0.0
0.0
0.0
0.0
0.0
0.0
0.0
0.0
0.0
0.0
0.0
0.0
0.0
0.0
0.0
0.0
0.0
0.0
0.0
0.0
0.0
0.0
0.0
0.0
0.0
0.0
0.0
0.0
0.0
0.0
0.0
0.0
0.0
0.0
0.0
0.0
0.0
0.0
0.0
0.0
0.0
0.0
0.0
0.0
0.0
0.0
0.0
0.0
0.0
0.0
0.5
0.0
0.0
0.0
0.0
0.0
0.0
0.0
0.0
0.0
0.0
0.0
0.0
0.0
0.0
0.0
0.0
0.0
0.0
0.0
0.0
0.0
0.0
0.0
0.0
0.0
0.0
0.0
0.0
0.0
0.0
0.0
0.0
0.0
0.0
0.0
0.0
0.0
0.0
0.0
0.0
0.0
0.0
0.0
0.0
0.0
0.0
0.0
0.0
0.0
0.0
0.0
0.0
0.0
0.0
0.0
0.0
0.0
0.0
0.0
0.0
0.0
0.0
0.0
0.0
0.0
0.0
0.0
0.0
0.0
0.0
0.0
0.0
0.0
0.0
0.0
0.0
0.0
0.0
0.0
0.0
0.0
0.0
0.0
0.0
0.0
0.0
0.0
0.0
0.0
0.0
0.0
0.0
0.0
0.0
0.0
0.0
0.0
0.0
0.0
0.0
0.0
0.0
0.0
0.0
0.0
0.0
0.0
0.0
0.0
0.0
0.0
0.0
0.0
0.0
0.0
0.0
0.0
0.0
0.0
6.5
0.0
0.0
0.0
0.0
0.0
0.0
0.0
0.0
0.0
0.0
0.0
0.0
0.0
0.0
0.0
0.0
0.0
0.0
0.0
0.0
0.0
0.0
0.0
0.0
0.0
0.0
0.0
0.0
0.0
0.0
0.0
0.0
0.0
0.0
0.0
0.0
0.0
0.0
0.0
0.0
0.0
0.0
0.0
0.0
0.0
0.0
0.0
0.0
0.0
0.0
0.0
0.0
0.0
0.0
0.0
0.0
0.0
0.0
0.0
0.0
0.0
0.0
0.0
0.0
0.0
0.0
0.0
0.0
0.0
0.0
0.0
0.0
0.0
0.0
0.0
0.0
0.0
0.0
0.0
0.0
0.0
0.0
0.0
0.0
0.0
0.0
0.0
0.0
0.0
0.0
0.0
0.0
0.0
0.0
0.0
0.0
0.0
0.0
0.0
0.0
0.0
0.0
0.0
0.0
0.0
0.0
0.0
0.0
0.0
0.0
0.0
0.0
0.0
0.0
0.0
0.0
0.0
0.0
0.0
0.5
0.0
0.0
0.0
0.0
0.0
0.0
0.0
0.0
0.0
0.0
0.0
0.0
0.0
0.0
0.0
0.0
0.0
0.0
0.0
0.0
0.0
0.0
0.0
0.0
0.0
0.0
0.0
0.0
0.0
0.0
0.0
0.0
0.0
0.0
0.0
0.0
0.0
0.0
0.0
0.0
0.0
0.0
0.0
0.0
0.0
0.0
0.0
0.0
0.0
0.0
0.0
45.0
