9.81
6.022e+23
0
0
0
3
0
1
288.3080038321909
2
2
0
0
1
1
0
1
60
7
1000.0
1.0


3
3
0
72.38857731909356
0
6.7
150.0
1000.0
287.04
9.81
79000.0
40.0
20000.0
0.0
0.0
0.0
0.0
0.0280134
0.04401
0.0319988
0.039948
0.01604
0.01801528
0.048
99000.0
2.1153802199668344e+29
0.8
1e-06
1000000.0
0.6
3.0
0.0001
1000
49
1.7862948086215433
0
1
6
1.0
1
0
1
1
0.02
1000000000000.0
1
287.3978559320327
286.49446300956157
285.56328763904224
284.62666598765384
283.6856852211503
282.7255913615849
281.74288330359866
280.737278815601
279.70487742104837
278.6429258880123
277.5620909906958
276.4569794402371
275.3277532060851
274.17395559696195
272.9943433282592
271.78949646854574
270.5577528598638
269.3011956364348
268.01882691850625
266.7065247647656
265.3660962280673
263.99825168399803
262.59991635672327
261.17553388329605
259.7222742539025
258.23789860210934
256.7214142741125
255.16960462177346
253.5774627736608
251.9455639286259
250.26926533431555
248.54485370751866
246.77094497827565
244.93989562570368
243.04639003612988
241.09688332223607
239.07973691533778
236.98228749533817
234.80861244783028
232.54303242815982
230.17779781811592
227.71610670767302
225.14037350683856
222.44025021087086
219.6220541948795
216.65955050763117
213.53218117561767
210.21539743614582
206.66345948608654
202.79221930905896
201.67999845021453
202.6658820550157
204.93757130245712
207.84657054037154
211.89349859187695
216.71956482151109
224.24289435160807
234.03830803139337
244.6644559556921
245.6695134091477
991.675
975.0250000000001
958.375
941.7249999999999
925.075
908.425
891.7750000000001
875.125
858.4749999999999
841.825
825.175
808.5250000000001
791.875
775.225
758.575
741.925
725.2750000000001
708.625
691.975
675.325
658.675
642.0250000000001
625.375
608.725
592.075
575.425
558.7750000000001
542.125
525.4750000000001
508.82500000000005
492.17500000000007
475.52500000000003
458.87500000000006
442.2250000000001
425.57500000000005
408.925
392.27500000000003
375.62500000000006
358.9750000000001
342.32500000000005
325.675
309.02500000000003
292.37500000000006
275.7250000000001
259.0750000000001
242.42500000000007
225.77500000000003
209.12500000000006
192.47500000000008
175.8250000000001
159.17500000000007
142.52500000000003
125.87500000000006
109.22500000000008
92.5750000000001
75.92500000000013
59.27500000000009
42.62500000000006
25.97500000000008
9.325000000000045
71.57456683848426
215.73050844315307
361.93424413214495
510.2562845947927
660.767326567593
813.5370697340472
968.6381234634487
1126.1460949791685
1286.1391290299584
1448.7024104331613
1613.927861487085
1781.911568933607
1952.7556497165262
2126.5683356011095
2303.464859600853
2483.567933385617
2667.0089819438344
2853.92917323169
3044.478159850093
3238.8159883662674
3437.1159411908366
3639.5640432326954
3846.361964840876
4057.7287836688547
4273.900225632555
4495.131418165223
4721.698775304132
4953.900830501129
5192.062939010251
5436.540933471948
5687.723221630968
5946.037146840999
6211.952542369783
6485.986140600347
6768.717425238648
7060.794839252071
7362.935945965528
7675.950619444369
8000.755889352683
8338.389286104793
8690.048765348187
9057.1197236278
9441.208085875112
9844.217581009565
10268.412303230125
10716.492931822091
11191.732845677197
11698.13795328074
12240.633534012355
12830.216950438356
13485.221794951374
14228.174004539083
15088.275369448857
16109.330726909862
17362.149933273904
18978.94068598662
21237.89193157015
24869.74136264538
33581.516751107534
56560.69457252452
3.521179111399233e+23
3.521179111399233e+23
3.521179111399257e+23
3.521179111399233e+23
3.521179111399233e+23
3.521179111399233e+23
3.521179111399233e+23
3.521179111399257e+23
3.521179111399233e+23
3.521179111399233e+23
3.521179111399233e+23
3.521179111399233e+23
3.521179111399257e+23
3.5211791113992086e+23
3.521179111399257e+23
3.521179111399233e+23
3.521179111399233e+23
3.521179111399257e+23
3.5211791113992086e+23
3.521179111399257e+23
3.521179111399233e+23
3.521179111399233e+23
3.521179111399257e+23
3.5211791113992086e+23
3.521179111399257e+23
3.521179111399233e+23
3.521179111399233e+23
3.521179111399233e+23
3.521179111399233e+23
3.521179111399244e+23
3.521179111399244e+23
3.521179111399233e+23
3.521179111399233e+23
3.521179111399233e+23
3.521179111399257e+23
3.521179111399233e+23
3.521179111399233e+23
3.521179111399233e+23
3.521179111399233e+23
3.521179111399257e+23
3.521179111399233e+23
3.521179111399233e+23
3.521179111399233e+23
3.521179111399233e+23
3.521179111399233e+23
3.521179111399257e+23
3.521179111399233e+23
3.521179111399233e+23
3.521179111399233e+23
3.521179111399233e+23
3.521179111399257e+23
3.521179111399233e+23
3.521179111399233e+23
3.521179111399233e+23
3.521179111399233e+23
3.521179111399233e+23
3.521179111399257e+23
3.521179111399233e+23
3.521179111399233e+23
3.521179111399257e+23
-3.7868015317764097
-3.5269070487082
-3.325358295254662
-3.087634336756467
-2.806882878312919
-2.542724574849315
-2.307667442359287
-2.1007738493465062
-1.9361400346572943
-1.8228452611184534
-1.713881094373569
-1.629053622510702
-1.5648032490555197
-1.5201047835956873
-1.4967840303001358
-1.4891236300223347
-1.500305782348803
-1.5177663045359235
-1.5414616419916853
-1.5840761712539078
-1.6332653729604463
-1.680904184899895
-1.734118998434531
-1.7683815371572587
-1.7888093895923058
-1.797681690523535
-1.7913166570201908
-1.7749377942729299
-1.76017139063046
-1.7347681059987798
-1.7072000248534458
-1.6809990102621648
-1.6488315434337093
-1.6281118904433425
-1.6248058648501087
-1.5939368562131948
-1.5642319487843854
-1.565083080854324
-1.5545936533279283
-1.5688961920850768
-1.606846798917429
-1.616484897394028
-1.6262325751132878
-1.626069972141659
-1.5265476256797474
-1.36157414125531
-1.1254135558466538
-0.80853769272132
-0.46398735253160606
-0.13537853916277387
0.004834642462213677
0.010461270848666581
0.01579712658551329
0.019269811112270163
0.019580413081574946
0.01800253478906796
0.013980458504171714
0.010121066291838947
0.007105945672104213
0.007230889978640204
-3.787010413788366
-3.52705085247959
-3.325625313902279
-3.087793047186395
-2.8070570812706848
-2.5428870123105725
-2.3078312068149955
-2.1009558628286698
-1.9363173546022097
-1.8230003119635256
-1.7140406892958993
-1.6292083123634882
-1.5649810694188773
-1.5202414892628155
-1.4969510393725045
-1.4892729092474895
-1.5004605527403072
-1.51790592581699
-1.5415890789730042
-1.5842040942203255
-1.6333964842230841
-1.6810213084238796
-1.7342529872874195
-1.7684850796717058
-1.788923400289491
-1.7977720454657913
-1.7914540946772206
-1.775033120995488
-1.7602764754130078
-1.7348661651595876
-1.7072954404139011
-1.6811027705871027
-1.6489462843400986
-1.628231117100711
-1.6249224345775986
-1.5940665664261928
-1.5640971106177801
-1.5651387617154455
-1.554644591143898
-1.5689444446841776
-1.6068866225751037
-1.6165220974054932
-1.626263648586587
-1.6260922259535278
-1.526568998521384
-1.3615783813806956
-1.1254024936926896
-0.8085057798983257
-0.4639202852237929
-0.13520943258279772
0.0048278222423050465
0.01033237203569115
0.015617015892189556
0.01900077373900899
0.019304356035604542
0.01772686022118819
0.013763110622107888
0.009734650629297903
0.006961898200898986
0.006941832827607186
0.00022063771401756565
0.0002169640960791732
0.0002132904781407807
0.00020961686020238822
0.00020594324226399577
0.00020226962432560333
0.00019859600638721085
0.0001949223884488184
0.0001912487705104259
0.00018757515257203342
0.00018390153463364097
0.00018022791669524853
0.00017655429875685602
0.00017288068081846355
0.00016920706288007113
0.00016553344494167862
0.00016185982700328615
0.0001581862090648937
0.00015451259112650122
0.00015083897318810878
0.0001471653552497163
0.00014349173731132382
0.00013981811937293138
0.00013614450143453887
0.00013247088349614642
0.00012879726555775395
0.0001251236476193615
0.00012145002968096901
0.00011777641174257656
0.0001141027938041841
0.00011042917586579161
0.00010675555792739915
0.00010308193998900669
9.940832205061423e-05
9.573470411222175e-05
9.206108617382926e-05
8.83874682354368e-05
8.471385029704434e-05
8.104023235865189e-05
7.736661442025941e-05
7.369299648186692e-05
7.001937854347446e-05
6.6345760605082e-05
6.267214266668954e-05
5.899852472829707e-05
5.532490678990461e-05
5.1651288851512124e-05
4.797767091311966e-05
4.430405297472719e-05
4.063043503633473e-05
3.695681709794227e-05
3.328319915954978e-05
2.9609581221157318e-05
2.593596328276486e-05
2.2262345344372393e-05
1.858872740597993e-05
1.4915109467587468e-05
1.1241491529194978e-05
7.567873590802516e-06
3.8942556524100535e-06
-16.649999999999977
-16.649999999999977
-16.65000000000009
-16.649999999999977
-16.649999999999977
-16.649999999999977
-16.649999999999977
-16.65000000000009
-16.649999999999977
-16.649999999999977
-16.649999999999977
-16.649999999999977
-16.65000000000009
-16.649999999999864
-16.65000000000009
-16.649999999999977
-16.649999999999977
-16.65000000000009
-16.649999999999864
-16.65000000000009
-16.649999999999977
-16.649999999999977
-16.65000000000009
-16.649999999999864
-16.65000000000009
-16.649999999999977
-16.649999999999977
-16.649999999999977
-16.649999999999977
-16.650000000000034
-16.650000000000034
-16.649999999999977
-16.649999999999977
-16.649999999999977
-16.65000000000009
-16.649999999999977
-16.649999999999977
-16.649999999999977
-16.649999999999977
-16.65000000000009
-16.649999999999977
-16.649999999999977
-16.649999999999977
-16.649999999999977
-16.649999999999977
-16.65000000000009
-16.649999999999977
-16.649999999999977
-16.649999999999977
-16.649999999999977
-16.65000000000009
-16.649999999999977
-16.649999999999977
-16.649999999999977
-16.649999999999977
-16.649999999999977
-16.65000000000009
-16.649999999999977
-16.649999999999977
-16.65000000000009
288.3075965010265
287.3484973053908
286.37590688352395
285.38936724715836
284.3883915413245
283.37251928472284
282.34127698289404
281.2941651647489
280.2306701645834
279.1502585084683
278.05232219378047
276.9362374643457
275.80134051399705
274.6469267818546
273.47225052314366
272.27651336025804
271.0588693344278
269.8184033095779
268.5541387711705
267.2650468888913
265.95001186905375
264.60782752104205
263.2372073016929
261.83673537149247
260.404891929398
258.9400380491789
257.44039394946026
255.90403546351754
254.3288864098205
252.71266320949533
251.0528812840338
249.3468205481645
247.59147468621939
245.7835542480788
243.91942446992982
241.99495503392558
240.00558712214993
237.94626420396526
235.81119049753346
233.59387358719385
231.2869029810552
228.8816365653324
226.42855147797462
223.79525184908468
221.0314547330264
218.14109952533244
215.09615570571185
211.87407120451695
208.43969983770492
204.72809753982028
202.23565016256248
202.17111097531142
203.7986022633769
206.3879061177824
209.86542769993275
214.3020787243287
220.47744308044037
229.13777557173913
239.34937419741556
245.16531322108392
246.17037635623103
1000.0
983.35
966.7
950.05
933.4
916.75
900.1
883.45
866.8
850.15
833.5
816.85
800.2
783.55
766.9000000000001
750.25
733.6
716.95
700.3
683.6500000000001
667.0
650.35
633.7
617.05
600.4000000000001
583.75
567.1
550.45
533.8000000000001
517.1500000000001
500.50000000000006
483.85
467.20000000000005
450.55000000000007
433.9000000000001
417.25
400.6
383.95000000000005
367.30000000000007
350.6500000000001
334.0
317.35
300.70000000000005
284.05000000000007
267.4000000000001
250.7500000000001
234.10000000000002
217.45000000000005
200.80000000000007
184.1500000000001
167.5000000000001
150.85000000000002
134.20000000000005
117.55000000000007
100.90000000000009
84.25000000000011
67.60000000000014
50.950000000000045
34.30000000000007
17.65000000000009
1.0
0.0
143.14913367696852
288.3118832093376
435.55660505495234
584.9559641346331
736.5786890005529
890.4954504675416
1046.7807964593558
1205.5113934989815
1366.7668645609351
1530.6379563053872
1697.217766668783
1866.605371198431
2038.9059282346216
2214.230742967598
2392.698976234108
2574.436890537126
2759.581073350543
2948.277273112837
3140.6790465873487
3336.9529301451857
3537.278952236487
3741.8491342289035
3950.874795452849
4164.58277188486
4383.217679380248
4607.045156950197
4836.352393658067
5071.449267344192
5312.67661067631
5560.405256267587
5815.041186994349
6077.033106687649
6346.871978051917
6625.100303148779
6912.334547328516
7209.255131175626
7516.61676075543
7835.284478133309
8166.227300572057
8510.55127163753
8869.546259058843
9244.693188196758
9637.722983553467
10050.712178465665
10486.112427994587
10946.873435649595
11436.592255704798
11959.683650856683
12521.583417168027
13138.850483708688
13831.593106194061
14624.754902884106
15551.795836013609
16666.865617806117
18057.43424874169
19900.447123231548
22575.33673990875
27164.145985382012
39998.887516833056
52833.62904828419
405.16759876410003
410.34323158645554
414.98423614576666
419.8927703376202
424.6997787474178
428.826910702042
432.014343054401
434.0839881592651
435.0989693802451
434.8218578537237
433.31222520261787
431.50400166253746
429.36976570814
426.95075204824025
424.4272719257914
421.78695822413295
419.10851110866867
416.5007280856278
413.9778650272307
411.5449800502823
409.19874907197504
406.95184369136604
404.81152086123404
402.7852554033432
401.0765358833359
399.75621642754317
398.84686307449306
398.38190905931106
398.22427708469706
398.0218909602887
397.7716855915151
397.4629135324
397.0772440259744
396.60655291003866
396.0218346387223
395.2961678023549
394.6818791429195
394.25422785649255
394.0036480725194
393.9613697646222
394.1132318550023
394.46419647459595
395.22276388998455
396.4412865749964
398.1559959374688
400.4106853253862
403.12397256745646
405.42666428889504
407.1854051653015
408.3624572115409
407.6445528476669
407.4747520585221
407.7451660821604
408.3103900468742
409.0750803214585
409.93190054922843
410.9032681198991
411.9047868951729
412.8034168728431
413.2506333681039
413.96952865498247
391.7746011212517
389.0679757921304
386.0336923629116
382.7942228041859
379.4429332714314
376.0380419924565
372.5939456596528
369.1272776430097
365.6518083694995
362.176706462666
358.7051849159876
355.2310532324875
351.7625595391371
348.3074504958525
344.859758923853
341.4188986576928
337.9855754118179
334.5515271865021
331.1291799426278
327.7218061385243
324.3238594471641
320.9445333461556
317.5873072514334
314.2553595498691
310.9559844474349
307.6895697458778
304.4530101393105
301.2480857150776
298.0829076912656
294.9682837807321
291.912975987806
288.9216234318996
285.9929947734612
283.1367241306
280.3437824598932
277.6074573323988
274.9492180635479
272.3533681305161
269.8067594364761
267.3346217383674
264.9188817916335
262.5603908904372
260.2952329728745
258.0834173697996
255.952999649514
253.956717190106
252.065178463309
250.3300005244645
248.7373811484441
247.2553961902594
246.0371224297716
245.3539422429821
245.102729914765
245.1412528590984
245.3779479241613
245.7336838970245
246.2419975623068
246.949805524884
247.977194021541
249.232648629489
249.7339776666166
13.39299764284832
21.27525579432514
28.95054378285503
37.09854753343435
45.25684547598635
52.7888687095855
59.42039739474827
64.95671051625543
69.44716101074553
72.64515139105771
74.60704028663024
76.27294843004994
77.60720616900288
78.64330155238774
79.56751300193838
80.36805956644012
81.12293569685077
81.94920089912576
82.8486850846029
83.82317391175796
84.87488962481089
86.00731034521043
87.22421360980061
88.52989585347412
90.120551435901
92.06664668166538
94.3938529351826
97.13382334423343
100.1413693934315
103.0536071795566
105.8587096037091
108.5412901005004
111.0842492525132
113.4698287794387
115.6780521788291
117.6887104699561
119.7326610793716
121.9008597259764
124.1968886360433
126.6267480262548
129.1943500633688
131.9038055841588
134.9275309171101
138.3578692051968
142.2029962879548
146.4539681352802
151.0587941041475
155.0966637644305
158.4480240168574
161.1070610212815
161.6074304178953
162.12080981554
162.6424361673954
163.1691371877758
163.6971323972972
164.1982166522039
164.6612705575923
164.9549813702889
164.8262228513021
164.0179847386149
164.2355509883659
493.3376556300101
494.7262780385773
495.8402317454087
497.42314062336
499.1423559859712
500.4624308593247
501.1069761993733
500.8687900974223
499.7828154555737
497.5693865744501
494.2367536113808
490.71448938200433
486.9510451152434
482.9670503859246
478.92332877421313
474.78606403318213
470.61834400847033
466.5101004326892
462.46933144847526
458.4948573925537
454.5644223200261
450.68412045519403
446.8627763166381
443.10225787145976
439.62505327178076
436.5158104156987
433.8086850171829
431.5522769073235
429.6196118117141
427.65694921189265
425.67187767795946
423.6558101784305
421.5890379014178
419.4694005011421
417.256451112725
414.90586184177994
412.6975066159184
410.70575821887354
408.890039673185
407.2931167741439
405.87603441983975
404.6201124168583
403.7621577348416
403.35441677126676
403.44303390778543
404.1711542971816
405.52286315787137
406.7001523856169
407.6503874821251
408.3635192431407
407.510405446684
407.34543247978155
407.6261788754556
408.20701985606144
408.9907109043848
409.86683548819025
410.85592991908214
411.8712118049781
412.7795764332776
413.23375482673936
413.9595919464456
323.8060389721408
316.4514182055507
308.8886709136846
301.1821835644235
293.4768316379167
285.9067877977412
278.4935240504506
271.252855413638
264.1980853410294
257.3370627389906
250.6483730762691
244.0958863931179
237.6670655661271
231.3504700418805
225.1097492015114
218.9201059755178
212.7595343769451
206.5850868498995
200.4029363407823
194.2055989362746
187.9595605169648
181.6664057805156
175.3285075752852
168.9381131790013
162.5093690710669
156.0449635611712
149.5375637465882
142.9963961218124
136.4440746143976
129.9124562712311
123.4363424108832
117.0314770555777
110.7040835929683
104.4920613420109
98.37792963153252
92.33785095387216
86.43138671364561
80.62244731219096
74.85226275071462
69.18436851780332
63.55876677520307
57.93931769801884
52.393965113453
46.85279973359147
41.35564872337175
36.12551372959095
31.20401967234796
26.87531050768902
23.22724255549082
20.23551287679012
18.3170852490134
17.19022550280685
16.58229000476187
16.32577585136122
16.28386329923018
16.25479266300584
16.19679334875474
15.69599780736587
13.80645569291324
8.027433804373212
0.0
169.5316166578693
178.2748598330266
186.9515608317241
196.2409570589365
205.6655243480545
214.5556430615835
222.6134521489227
229.6159346837843
235.5847301145443
240.2323238354595
243.5883805351117
246.6186029888864
249.2839795491163
251.6165803440441
253.8135795727017
255.8659580576643
257.8588096315252
259.9250135827897
262.0663951076929
264.2892584562791
266.6048618030613
269.0177146746785
271.5342687413529
274.1641446924585
277.1156842007139
280.4708468545275
284.2711212705947
288.5558807855111
293.1755371973165
297.7444929406616
302.2355352670763
306.6243331228528
310.8849543084495
314.9773391591312
318.8785214811925
322.5680108879078
326.2661199022728
330.0833109066826
334.0377769224704
338.1087482563406
342.3172676446367
346.6807947188395
351.3681926213886
356.5016170376753
362.0873851844137
368.0456405675907
374.3188434855234
379.8248418779279
384.4231449266343
388.1280063663506
389.1933201976706
390.1552069769747
391.0438888706937
391.8812440047002
392.7068476051546
393.6120428251844
394.6591365703274
396.1752139976122
398.9731207403644
405.2063210223661
413.9595919464456
88.17005686591007
84.3830464521217
80.85599559964211
77.53037028573983
74.44257723855344
71.63552015728276
69.09263314497218
66.78480193815719
64.68384607532852
62.74752872072631
60.92452840876278
59.21048771946688
57.581279407103395
56.01629833768452
54.4960568484217
52.9991058090492
51.50983289980171
50.0093723470614
48.49146642124441
46.94987734227141
45.36567324805108
43.732276763828
42.05125545540412
40.3170024681167
38.54851738844499
36.7595939881555
34.96182194268971
33.17036784801249
31.395334727017
29.635058251603994
27.900192086444406
26.192896646030505
24.511793875443402
22.862847591103304
21.234616474002593
19.609694039424994
18.0156274729988
16.45153036238102
14.886391600665576
13.331747009521678
11.7628025648375
10.155915942262396
8.539393844856903
6.913130196270316
5.2870379703167885
3.7604689717954045
2.398890590414709
1.2734880967220192
0.4649823168236935
0.0010620315999005925
-0.13414740098289712
-0.12931957874059208
-0.11898720670490093
-0.10337019081271137
-0.08436941707370238
-0.06506506103809784
-0.04733820081690965
-0.03357509019480176
-0.023840439565503857
-0.01687854136460487
-0.009936708536997685
67.96856214911092
72.61655758657969
77.14502144922699
81.61203923976235
85.96610163351465
90.13125419471525
94.10042160920221
97.8744222293717
101.4537230284702
104.8396437236755
108.0568118397186
111.1351668393696
114.09549397301
116.9569804539719
119.7500097223416
122.498792682175
125.2260410348727
127.9664403366026
130.7262436018456
133.5162072022497
136.3642989301993
139.27812756564
142.2587996761482
145.3172463708677
148.4466153763679
151.6446061847066
154.9154463927224
158.2516895932652
161.638833076868
165.055827509501
168.4766335769228
171.8901463763219
175.2889111804929
178.6446627885892
181.9658528283607
185.2696063785267
188.5178313499023
191.7309208183252
194.9544966857615
198.1502532205641
201.3601150164304
204.6210731924183
207.9012678594216
211.2306176362082
214.5973509261422
217.8312034605151
220.8611587909611
223.4546900167755
225.5101385929533
227.0198833134692
227.7200371807582
228.1637167401753
228.5204399100032
228.8154770077372
229.0940846249311
229.4788912340187
230.0452042135521
231.2538077175181
234.1707383286278
241.2052148251158
249.7339776666166
156.138619015021
156.9996040387014
158.0010170488691
159.1424095255022
160.4086788720681
161.766774351998
163.1930547541744
164.6592241675289
166.1375691037987
167.5871724444018
168.9813402484814
170.3456545588365
171.6767733801134
172.9732787916564
174.2460665707633
175.4978984912242
176.7358739346744
177.975812683664
179.21771002309
180.4660845445211
181.7299721782504
183.010404329468
184.3100551315523
185.6342488389844
186.9951327648129
188.4042001728621
189.8772683354121
191.4220574412777
193.034167803885
194.690885761105
196.3768256633672
198.0830430223524
199.8007050559363
201.5075103796925
203.2004693023633
204.8793004179517
206.5334588229011
208.1824511807062
209.8408882864271
211.4820002300858
213.1229175812679
214.7769891346807
216.4406617042785
218.1437478324785
219.884388896459
221.5916724323105
223.2600493813758
224.7281781134975
225.975120909777
227.0209453450691
227.5858897797753
228.0343971614347
228.4014527032983
228.7121068169245
229.0097152078574
229.4138261729806
229.9978660127352
231.2202326273233
234.1468978890623
241.1883362837512
249.7240409580796
-1.9179810377595592
-1.7862577503346864
-1.6841841539775482
-1.563674060644655
-1.4214422246863196
-1.2876091076613325
-1.1685323782602426
-1.063738847880059
-0.9803527591175503
-0.9229712810067386
-0.8677888662129848
-0.8248288142909523
-0.7923064403184947
-0.7696517954118902
-0.7578610150778603
-0.7539761713419131
-0.7596424842131336
-0.7684785595002444
-0.7804728556763056
-0.8020539388504345
-0.8269663669774943
-0.8510839185096756
-0.8780398490946562
-0.895367961043463
-0.9057053909585228
-0.9101672183180342
-0.9069441778884217
-0.8986049968912168
-0.8911160696606795
-0.8782355710131222
-0.8642635865343324
-0.8509924404086008
-0.834707492672703
-0.8242189262593232
-0.8225474481279642
-0.8069256967067975
-0.7917467499869582
-0.7922713838089088
-0.7869612176849381
-0.7942046600508493
-0.8134195352466189
-0.818297194508804
-0.8232191180647033
-0.8231203606920833
-0.772718925892981
-0.6891577094805589
-0.5695898756932448
-0.4091407430897096
-0.2346598930573257
-0.06830894926666176
0.0025878881449596103
0.00535027147394751
0.008009219567456788
0.009719069621571513
0.009906665196949993
0.009164745200956892
0.007359669984612682
0.00586032138168302
0.005762491241157797
0.0062268391695443626
0.0
-2.354373753275551
-2.293826791422125
-2.262702186983808
-2.205486291431732
-2.109796793135319
-2.010523398472565
-1.911664528184562
-1.813042196329011
-1.715088347807239
-1.629609209860104
-1.559295466604411
-1.499510186341307
-1.449443906898177
-1.414767912328509
-1.392355595255713
-1.381447556616443
-1.388108976501297
-1.397937768938664
-1.413215043292483
-1.4426589916916
-1.475957055706642
-1.509815635258574
-1.549211207436438
-1.585135861251195
-1.619895226590277
-1.65679601895318
-1.689924943252419
-1.715707733292382
-1.730828292650172
-1.732759020213175
-1.729064722523035
-1.721594342367649
-1.699806640282964
-1.682299985977729
-1.673467788522095
-1.645340603325919
-1.627543230873009
-1.63285496212058
-1.61876348817921
-1.62590830079325
-1.651790420916672
-1.66153438262248
-1.686433180796979
-1.705369249763418
-1.638060456668022
-1.534779325748276
-1.313715111924326
-1.041157256728295
-0.7647389916683811
-0.3546526477008012
-0.2247393577747121
-0.180692877075057
-0.1494467041744496
-0.1411245923557199
-0.1949181303448394
-0.2868575137583899
-0.6122003358514698
-1.477528315876043
-3.56321064729455
-4.320119426123251
0.0
0.436392715515992
0.5075690410874385
0.5785180330062599
0.641812230787077
0.6883545684489994
0.7229142908112322
0.7431321499243193
0.7493033484489523
0.7347355886896887
0.7066379288533654
0.6915066003914262
0.6746813720503546
0.6571374665796823
0.6451161169166189
0.6344945801778527
0.62747138527453
0.6284664922881634
0.6294592094384197
0.6327421876161774
0.6406050528411654
0.6489906887291477
0.6587317167488985
0.6711713583417818
0.689767900207732
0.7141898356317543
0.7466288006351459
0.7829807653639973
0.8171027364011653
0.8397122229894924
0.8545234492000529
0.8648011359887025
0.8706019019590482
0.8650991476102609
0.8580810597184058
0.8509203403941308
0.8384149066191215
0.8357964808860507
0.8405835783116711
0.8318022704942718
0.8317036407424007
0.8383708856700531
0.843237188113676
0.8632140627322757
0.8822488890713348
0.865341530775041
0.8456216162677171
0.7441252362310812
0.6320165136385854
0.5300790986110554
0.2863436984341394
0.2273272459196717
0.1860431485490045
0.1574559237419064
0.1508436619772914
0.2048247955417894
0.2960222589593468
0.6195600058360825
1.483388637257726
3.568973138535708
4.326346265292796
0.0
1.0
1.0
1.0
1.0
1.0
1.0
1.0
1.0
1.0
1.0
1.0
1.0
1.0
1.0
1.0
1.0
1.0
1.0
1.0
1.0
1.0
1.0
1.0
1.0
1.0
1.0
1.0
1.0
1.0
1.0
1.0
1.0
1.0
1.0
1.0
1.0
1.0
1.0
1.0
1.0
1.0
1.0
1.0
1.0
1.0
1.0
1.0
1.0
1.0
1.0
0.0
0.0
0.0
0.0
0.0
0.0
0.0
0.0
0.0
0.0
0.0
1.0
1.0
1.0
1.0
1.0
1.0
1.0
1.0
1.0
1.0
1.0
1.0
1.0
1.0
1.0
1.0
0.920954420531807
0.920954420531807
0.920954420531807
0.920954420531807
0.920954420531807
0.920954420531807
0.920954420531807
0.920954420531807
0.920954420531807
0.920954420531807
0.920954420531807
0.920954420531807
0.920954420531807
0.920954420531807
0.920954420531807
0.920954420531807
0.920954420531807
0.920954420531807
0.920954420531807
0.920954420531807
0.920954420531807
0.920954420531807
0.920954420531807
0.920954420531807
0.920954420531807
0.920954420531807
0.920954420531807
0.920954420531807
0.920954420531807
1.0
1.0
1.0
1.0
1.0
1.0
1.0
1.0
1.0
1.0
1.0
1.0
1.0
1.0
1.0
1.0
1.0
1.0
1.0
1.0
1.0
1.0
1.0
1.0
1.0
1.0
1.0
1.0
1.0
0.016428266785110578
0.016183511718147955
0.0157973984546413
0.015276431664851663
0.01462990928977748
0.013979350982099348
0.013320743685458528
0.012613888156220035
0.011883359184328703
0.011139307430137092
0.010402156387916181
0.009710993302984848
0.009057338821208398
0.008465401644747132
0.007922756096170018
0.007422223578046602
0.006993691725021574
0.00656515987199654
0.006153299276293584
0.005783826239100995
0.005414353201908407
0.005053391373840622
0.0047097624032610315
0.004366133432681442
0.004035789976741098
0.003727459487875888
0.0034191289990106797
0.003120667298251123
0.0028356439472524576
0.0025506205962537933
0.0022817712911057404
0.0020311263907555055
0.0017804814904052693
0.0015594798029767332
0.0013661145345583692
0.001172749266140007
0.0010108103794133824
0.0008731099253745354
0.0007354094713356885
0.0006233181887092625
0.000527489358632785
0.00043166052855630755
0.00034963386168253215
0.0002747599875931357
0.00019988611350373975
0.0001409827624656342
9.316738853219045e-05
6.02406848140796e-05
3.8857020906184794e-05
2.3552399580322037e-05
1.4240414043718155e-05
8.536184692243027e-06
4.669493909029069e-06
2.7585374431471037e-06
2.4021671070193325e-06
2.3439392066089975e-06
2.495075911942513e-06
2.552513353420346e-06
2.7550066196589275e-06
3.918070554768376e-06
0.0004
0.0004
0.0004
0.0004
0.0004
0.0004
0.0004
0.0004
0.0004
0.0004
0.0004
0.0004
0.0004
0.0004
0.0004
0.0004
0.0004
0.0004
0.0004
0.0004
0.0004
0.0004
0.0004
0.0004
0.0004
0.0004
0.0004
0.0004
0.0004
0.0004
0.0004
0.0004
0.0004
0.0004
0.0004
0.0004
0.0004
0.0004
0.0004
0.0004
0.0004
0.0004
0.0004
0.0004
0.0004
0.0004
0.0004
0.0004
0.0004
0.0004
0.0004
0.0004
0.0004
0.0004
0.0004
0.0004
0.0004
0.0004
0.0004
0.0004
8.60451419224123e-09
1.578021977514803e-08
2.1892415260555535e-08
2.6925828092092847e-08
2.971401735545372e-08
3.191536891169426e-08
3.3615820560817765e-08
3.4746051764151937e-08
3.5661340336177934e-08
3.6398811651530586e-08
3.6864029565337865e-08
3.7202242046694526e-08
3.743385508154835e-08
3.7482031518220545e-08
3.74258526023047e-08
3.730742951458454e-08
3.7124070818281054e-08
3.694071212197757e-08
3.678655663276213e-08
3.670665185093012e-08
3.662674706909812e-08
3.66023509716688e-08
3.6690996875910616e-08
3.6779642780152424e-08
3.6903178538193995e-08
3.7084523814632495e-08
3.726586909107099e-08
3.747683636083778e-08
3.7728139961945275e-08
3.797944356305276e-08
3.8298642947284706e-08
3.8694261202309925e-08
3.9089879457335157e-08
3.957872216284235e-08
4.015447818582019e-08
4.073023420879802e-08
4.1342697689445876e-08
4.198347277308391e-08
4.262424785672194e-08
4.3230986919605434e-08
4.381611227372829e-08
4.440123762785115e-08
4.5133689117812545e-08
4.594249047452311e-08
4.6751291831233675e-08
4.796747172172955e-08
4.949951687407961e-08
5.152241095280844e-08
5.3986620437539895e-08
5.680107822856821e-08
6.015331959489829e-08
6.559586769304933e-08
7.569057461390363e-08
9.442662951156912e-08
2.539995051245074e-07
4.925296956825388e-07
1.3900175836980765e-06
3.720822161311321e-06
7.931814761427643e-06
2.7860567514510038e-06
0.0
0.0
0.0
0.0
0.0
0.0
0.0
0.0
0.0
0.0
0.0
0.0
0.0
0.0
0.0
0.0
0.0
0.0
0.0
0.0
0.0
0.0
0.0
0.0
0.0
0.0
0.0
0.0
0.0
0.0
0.0
0.0
0.0
0.0
0.0
0.0
0.0
0.0
0.0
0.0
0.0
0.0
0.0
0.0
0.0
0.0
0.0
0.0
0.0
0.0
0.0
0.0
0.0
0.0
0.0
0.0
0.0
0.0
0.0
0.0
0.0
0.0
0.0
0.0
0.0
0.0
0.0
0.0
0.0
0.0
0.0
0.0
0.0
0.0
0.0
0.0
0.0
0.0
0.0
0.0
0.0
0.0
0.0
0.0
0.0
0.0
0.0
0.0
0.0
0.0
0.0
0.0
0.0
0.0
0.0
0.0
0.0
0.0
0.0
0.0
0.0
0.0
0.0
0.0
0.0
0.0
0.0
0.0
0.0
0.0
0.0
0.0
0.0
0.0
0.0
0.0
0.0
0.0
0.0
0.0
0.0
0.0
0.0
0.0
0.0
0.0
0.0
0.0
0.0
0.0
0.0
0.0
0.0
0.0
0.0
0.0
0.0
0.0
0.0
0.0
0.0
0.0
0.0
0.0
0.0
0.0
0.0
0.0
0.0
0.0
0.0
0.0
0.0
0.0
0.0
0.0
0.0
0.0
0.0
0.0
0.0
0.0
0.0
0.0
0.0
0.0
0.0
0.0
0.0
0.0
0.0
0.0
0.0
0.0
0.0
0.0
0.0
0.0
0.0
0.0
0.0
0.0
0.0
0.0
0.0
0.0
0.0
0.0
0.0
0.0
0.0
0.0
0.0
0.0
0.0
0.0
0.0
0.0
0.0
0.0
0.0
0.0
0.0
0.0
0.0
0.0
0.0
0.0
0.0
0.0
0.0
0.0
0.0
0.0
0.0
0.0
0.0
0.0
0.0
0.0
0.0
0.0
0.0
0.0
0.0
0.0
0.0
0.0
0.0
0.0
0.0
0.0
0.0
0.0
0.0
0.0
0.0
0.0
0.0
0.0
0.0
0.0
0.0
0.0
0.0
0.0
0.0
0.0
0.0
0.0
0.0
0.0
0.0
0.0
0.0
0.0
0.0
0.0
0.0
0.0
0.0
0.0
0.0
0.0
0.0
0.0
0.0
0.0
0.0
0.0
0.0
0.0
0.0
0.0
0.0
0.0
0.0
0.0
0.0
0.0
0.0
0.0
0.0
0.0
0.0
0.0
0.0
0.0
0.0
0.0
0.0
0.0
0.0
0.0
0.0
0.0
0.0
0.0
0.0
0.0
2
2
1
288.3075965010265
-0.009936708536997685
0.0
0.0
49.0
6.7
1.0
2.0
3.0
4.0
5.0
6.0
7.0
8.0
9.0
10.0
11.0
12.0
13.0
14.0
15.0
16.0
17.0
18.0
19.0
20.0
21.0
22.0
23.0
24.0
25.0
26.0
27.0
28.0
29.0
30.0
31.0
32.0
33.0
34.0
35.0
36.0
37.0
38.0
39.0
40.0
41.0
42.0
43.0
44.0
45.0
46.0
47.0
48.0
49.0
50.0
51.0
52.0
53.0
54.0
55.0
56.0
57.0
58.0
59.0
60.0
0.0982309635640605
0.0982309635640605
0.0982309635640605
0.09468633486898047
0.08836021394629082
0.08193837940386124
0.07342707689262522
0.06005020490628482
0.046460551183379245
0.034004439315825315
0.027327155321951267
0.020537322274899662
0.014610113157627195
0.011995457703478558
0.009333923754558207
0.007952879265729643
0.008497822669832806
0.00905322089192898
0.00971120269627689
0.01041680718287407
0.011136979123154023
0.01187240878656953
0.01262385592991254
0.01669238905111321
0.02186234658017711
0.027155089727791824
0.03257741054265924
0.03584793092767922
0.03382576377162053
0.03174909733757812
0.02961452831391899
0.027418295313403052
0.02515628266929555
0.02282394269200239
0.020416107664570957
0.019974303424595365
0.02040464556726839
0.020850817552680166
0.021314176109567366
0.02179626983617111
0.022298904697318794
0.024319184872327634
0.02727068606078211
0.030372074467998923
0.033641761189457116
0.03710189733545638
0.03427403236093943
0.030408178660748002
0.02625551584466549
0.0
0.0
0.0
0.0
0.0
0.0
0.0003654400079249829
0.0003654400079249829
0.0003654400079249829
0.0003654400079249829
0.0003654400079249829
1.8345569870481322
1.8345569870481322
1.8345569870481322
1.6787906139638353
1.4007933971642892
1.1185901083938339
0.855708430300136
0.644971463753692
0.4308823699127636
0.2450639441069849
0.1964832809695853
0.14708376578936883
0.10423402912329162
0.08644458801309104
0.06833619771945101
0.05964425224193949
0.06510366338930625
0.07066781412883061
0.0763218775623826
0.08208247116060195
0.08796199424697132
0.09396608221903456
0.10010093777277089
0.12432545454763401
0.15458959501022235
0.1855725036997676
0.2173139402303066
0.23543714320481252
0.22014981310975573
0.20445047530802482
0.1883134011904917
0.17171015514134572
0.1546096232362276
0.1369774255121424
0.11877449467702395
0.11686610199817772
0.12222210833161584
0.12777513171162863
0.13354205788326842
0.13954216058518365
0.14579791672143372
0.16248622482323571
0.1856390365244306
0.20996762635710478
0.2356164186665734
0.26275917604109056
0.23773080670788554
0.20399639915552686
0.16775922342942107
0.1284616678885142
0.08633116441455048
0.03809376669798931
0.011163317452155045
0.0028609062115060335
0.00038004563010714633
0.00038004563010714633
0.00038004563010714633
0.00038004563010714633
0.00038004563010714633
0.00038004563010714633
0.5
0.5
0.5
0.5
0.5
0.5
0.5
0.5
0.5
0.5
0.5
0.5
0.5
0.5
0.5
0.5
0.5
0.5
0.5
0.5
0.5
0.5
0.5
0.5
0.5
0.5
0.5
0.5
0.5
0.5
0.5
0.5
0.5
0.5
0.5
0.5
0.5
0.5
0.5
0.5
0.5
0.5
0.5
0.5
0.5
0.5
0.5
0.5
0.5
0.5
0.5
0.5
0.5
0.5
0.5
0.5
0.5
0.5
0.5
0.5
0.0
