9.81
6.022e+23
0
0
0
3
0
1
276.844018172047
2
2
0
0
1
1
0
1
60
7
1000.0
1.0


3
3.0
0
77.072922555375
0
5.783625987995279
150.0
1000.0
287.04
9.81
79000.0
40.0
20000.0
0.0
0.0
0.0
0.0
0.0280134
0.04401
0.0319988
0.039948
0.01604
0.01801528
0.048
99000.0
2.1153802199668344e+29
0.8
1e-06
1000000.0
0.6
3.0
0.0001
60
47
2.4936253601307206
0
1
6.0
1.0
1.0
0.0
1
1
0.1
1000000000000.0
1
276.844018172047
276.04057701106547
275.2254888283135
274.3983749237503
273.55883721289825
272.7064569074455
271.84076245686083
270.98027797931104
270.0896231253154
269.1842007570659
268.26338588925114
267.3267259113534
266.3734631697505
265.4030456886029
264.4147304367677
263.4078194172845
262.3815257911496
261.3350206087997
260.2674240495464
259.1777880300915
258.0650854337406
256.92821754744574
255.76600105545245
254.57715786008444
253.3603101672343
252.11397606419965
250.8365462938861
249.52626672477393
248.1812199827132
246.79930697035132
245.37823261699654
243.9154808315743
242.40827579080855
240.85353983073713
239.24785097428673
237.58737240416806
235.86780555013004
234.084315320415
232.23138107544176
230.30267765480903
228.29099387279157
226.18796101895398
223.98373072568015
221.66672816223743
219.2230198882121
216.63553512662367
213.88323129295415
210.92613679020735
209.96218511365078
210.45182087576302
211.3415262170755
212.2747329371475
213.2368947313497
214.20698240642938
215.71234630193888
217.14817960016936
219.18284015217787
222.10833900641427
225.8259915633973
235.35642676742654
991.675
975.0250000000001
958.375
941.7249999999999
925.075
908.425
891.7750000000001
875.125
858.4749999999999
841.825
825.175
808.5250000000001
791.875
775.225
758.575
741.925
725.2750000000001
708.625
691.975
675.325
658.675
642.0250000000001
625.375
608.725
592.075
575.425
558.7750000000001
542.125
525.4750000000001
508.82500000000005
492.17500000000007
475.52500000000003
458.87500000000006
442.2250000000001
425.57500000000005
408.925
392.27500000000003
375.62500000000006
358.9750000000001
342.32500000000005
325.675
309.02500000000003
292.37500000000006
275.7250000000001
259.0750000000001
242.42500000000007
225.77500000000003
209.12500000000006
192.47500000000008
175.8250000000001
159.17500000000007
142.52500000000003
125.87500000000006
109.22500000000008
92.5750000000001
75.92500000000013
59.27500000000009
42.62500000000006
25.97500000000008
9.325000000000045
68.96279129362425
207.87930537133144
348.8096117991378
491.81918853870593
636.9768651579384
784.3550509572951
934.035277925902
1086.0988979615452
1240.6264568137512
1397.707604092146
1557.4371526836794
1719.915466852523
1885.2489050620684
2053.5503441594806
2224.939711733814
2399.5446115752698
2577.5009928596282
2758.9539119489073
2944.058377675206
3132.9802919540125
3325.8975097472044
3523.0010361703726
3724.4963761265753
3930.6050651765245
4141.566415081114
4357.639503897093
4579.105449416009
4806.270021233988
5039.466656531996
5279.059962329315
5525.449801410588
5779.07607417914
6040.4243419247
6310.032483592568
6588.498617196606
6876.49059997258
7174.757515917117
7484.143624415896
7805.605444250854
8140.232963894095
8489.27616091109
8854.178409309385
9236.619233756195
9638.569627606921
10062.36445902825
10510.799101712299
10987.24500179914
11498.652061185798
12055.933356431575
12670.915118020068
13357.133708363988
14132.580468364802
15022.944589819232
16068.255465272247
17332.524068735453
18929.923064510767
21099.930970779293
24486.969503488945
32752.740436538465
56560.69457252452
3.521179111399233e+23
3.521179111399233e+23
3.521179111399257e+23
3.521179111399233e+23
3.521179111399233e+23
3.521179111399233e+23
3.521179111399233e+23
3.521179111399257e+23
3.521179111399233e+23
3.521179111399233e+23
3.521179111399233e+23
3.521179111399233e+23
3.521179111399257e+23
3.5211791113992086e+23
3.521179111399257e+23
3.521179111399233e+23
3.521179111399233e+23
3.521179111399257e+23
3.5211791113992086e+23
3.521179111399257e+23
3.521179111399233e+23
3.521179111399233e+23
3.521179111399257e+23
3.5211791113992086e+23
3.521179111399257e+23
3.521179111399233e+23
3.521179111399233e+23
3.521179111399233e+23
3.521179111399233e+23
3.521179111399244e+23
3.521179111399244e+23
3.521179111399233e+23
3.521179111399233e+23
3.521179111399233e+23
3.521179111399257e+23
3.521179111399233e+23
3.521179111399233e+23
3.521179111399233e+23
3.521179111399233e+23
3.521179111399257e+23
3.521179111399233e+23
3.521179111399233e+23
3.521179111399233e+23
3.521179111399233e+23
3.521179111399233e+23
3.521179111399257e+23
3.521179111399233e+23
3.521179111399233e+23
3.521179111399233e+23
3.521179111399233e+23
3.521179111399257e+23
3.521179111399233e+23
3.521179111399233e+23
3.521179111399233e+23
3.521179111399233e+23
3.521179111399233e+23
3.521179111399257e+23
3.521179111399233e+23
3.521179111399233e+23
3.521179111399257e+23
0.2627558847565563
0.7269947728982697
0.7260368798799512
0.631206249381862
0.5473771891741204
0.4900141971276333
0.4433728628162501
0.3420454108971236
0.3667329146645244
0.4031085715917646
0.44012326358033027
0.48072679668880225
0.526897894161289
0.5605869550635703
0.5882031248048412
0.6144508713628882
0.6228896602445557
0.6467278647024783
0.7075866158883879
-2.6106055630889755
0.9221509778177621
0.9036915202656837
0.8489932252556627
0.7949904358615494
0.7413335928318983
0.6858941733197208
0.6206512607943064
0.5541366697076817
0.4844796625350791
0.41736468520038783
0.3494152365935115
0.27928584857758865
0.19700799763264665
0.11162316450032894
0.02263261514975068
-0.0777930135993512
-0.1704430820807501
-0.27203734396035584
-0.38058262880233085
-0.46900636997137735
-0.5412797349734049
-0.6193457204502679
-0.665258143324259
-0.6653928989199059
-0.6319471490100697
-0.4636455816901771
-0.1126137751729589
0.5570951860670231
0.7257676295374704
0.6598092268451592
0.6051510380589588
0.5550293104392673
0.509806204357026
0.47234267530897767
0.46363000439138
0.46672215306289877
0.522002277005087
0.6520620705516142
0.8288755830795628
0.3792833874314175
-3.1314298715443982
-2.610677790560274
-2.5551224907361814
-2.5934399283918594
-2.6207557957571908
-2.6216055949612667
-2.6117337364302387
-2.656547995506955
-2.5753472988971424
-2.482458449127492
-2.3889305642965155
-2.2918138383456323
-2.189129548030735
-2.0989272942860424
-2.014797931702361
-1.932036992301903
-1.8670850105778243
-1.786733613277491
-1.6693616692491702
-4.931040655384123
-1.341770921634975
-1.3037171863446417
-1.3019022885122524
-1.2993918850639545
-1.296535535251195
-1.2954617619209614
-1.304191481603965
-1.3141928798481786
-1.3273366941783706
-1.337938478670651
-1.3493747344351164
-1.3629909296086282
-1.3887555877111595
-1.4176272280010664
-1.4501045845092335
-1.4940170204159244
-1.5301538960549124
-1.5752349650921076
-1.6272670570916716
-1.6591776054183072
-1.6749377775779237
-1.6964905702123758
-1.685889800243956
-1.6295113629971922
-1.539552420244945
-1.314737660082642
-0.9071926607230125
-0.18097050664061953
0.04421512967223862
0.034769919822338125
0.03662492387854854
0.04301638910126826
0.054306475861437775
0.07335613965580023
0.12115666158061345
0.18076200309454293
0.29255531987914196
0.47912830626808045
0.7124550116384398
0.31937600883270534
3.3941857563009545
3.337672563458544
3.2811593706161326
3.2246461777737214
3.168132984931311
3.1116197920889
3.0551065992464888
2.9985934064040785
2.942080213561667
2.8855670207192565
2.829053827876846
2.7725406350344346
2.716027442192024
2.6595142493496127
2.6030010565072024
2.546487863664791
2.48997467082238
2.4334614779799693
2.376948285137558
2.3204350922951478
2.263921899452737
2.2074087066103254
2.150895513767915
2.094382320925504
2.037869128083093
1.9813559352406822
1.9248427423982715
1.8683295495558603
1.8118163567134498
1.7553031638710388
1.6987899710286278
1.6422767781862169
1.5857635853438061
1.5292503925013954
1.4727371996589842
1.4162240068165732
1.3597108139741623
1.3031976211317517
1.2466844282893408
1.1901712354469298
1.1336580426045189
1.077144849762108
1.020631656919697
0.9641184640772863
0.9076052712348754
0.8510920783924648
0.7945788855500536
0.7380656927076427
0.6815524998652318
0.6250393070228211
0.5685261141804102
0.512012921337999
0.45549972849558823
0.39898653565317743
0.3424733428107666
0.28596014996835584
0.22944695712594496
0.17293376428353377
0.11642057144112297
0.059907378598712153
-16.649999999999977
-16.649999999999977
-16.65000000000009
-16.649999999999977
-16.649999999999977
-16.649999999999977
-16.649999999999977
-16.65000000000009
-16.649999999999977
-16.649999999999977
-16.649999999999977
-16.649999999999977
-16.65000000000009
-16.649999999999864
-16.65000000000009
-16.649999999999977
-16.649999999999977
-16.65000000000009
-16.649999999999864
-16.65000000000009
-16.649999999999977
-16.649999999999977
-16.65000000000009
-16.649999999999864
-16.65000000000009
-16.649999999999977
-16.649999999999977
-16.649999999999977
-16.649999999999977
-16.650000000000034
-16.650000000000034
-16.649999999999977
-16.649999999999977
-16.649999999999977
-16.65000000000009
-16.649999999999977
-16.649999999999977
-16.649999999999977
-16.649999999999977
-16.65000000000009
-16.649999999999977
-16.649999999999977
-16.649999999999977
-16.649999999999977
-16.649999999999977
-16.65000000000009
-16.649999999999977
-16.649999999999977
-16.649999999999977
-16.649999999999977
-16.65000000000009
-16.649999999999977
-16.649999999999977
-16.649999999999977
-16.649999999999977
-16.649999999999977
-16.65000000000009
-16.649999999999977
-16.649999999999977
-16.65000000000009
276.844018172047
276.046308188186
275.2371358500839
274.416131822682
273.5829080409576
272.737056400978
271.8781474300521
271.41052021808594
270.53495055231326
269.63691194119065
268.72379332315853
267.79505590030226
266.85009454055194
265.8882544291767
264.90888806268526
263.91127492702606
262.894672604217
261.85827319997463
260.801222329173
259.72260603981897
258.62143673191605
257.4966514905932
256.3471093014491
255.17157945776844
253.96873401365937
252.73714311571698
251.4752611790429
250.18140650933003
248.85374335374357
247.49026347653228
246.08876979367392
244.64685672428544
243.16187831119143
241.63090781077284
240.05069540251193
238.41761168922739
236.72758897714905
234.97606043527253
233.1578481979284
231.26702936512538
229.2968357638003
227.23947744587278
225.08584587231707
222.8252294439588
220.44487402522475
217.92927750741788
215.26003066242058
212.41810772818576
210.44416095192906
210.2070029947069
210.89667354641927
211.80812957711152
212.7558138342486
213.72193856888953
214.95966435418413
216.43026295105412
218.16550987617362
220.6455895792961
223.96716528490578
230.59120916541193
240.12164436944116
1000.0
983.35
966.7
950.05
933.4
916.75
900.1
883.45
866.8
850.15
833.5
816.85
800.2
783.55
766.9000000000001
750.25
733.6
716.95
700.3
683.6500000000001
667.0
650.35
633.7
617.05
600.4000000000001
583.75
567.1
550.45
533.8000000000001
517.1500000000001
500.50000000000006
483.85
467.20000000000005
450.55000000000007
433.9000000000001
417.25
400.6
383.95000000000005
367.30000000000007
350.6500000000001
334.0
317.35
300.70000000000005
284.05000000000007
267.4000000000001
250.7500000000001
234.10000000000002
217.45000000000005
200.80000000000007
184.1500000000001
167.5000000000001
150.85000000000002
134.20000000000005
117.55000000000007
100.90000000000009
84.25000000000011
67.60000000000014
50.950000000000045
34.30000000000007
17.65000000000009
1.0
0.0
137.9255825872485
277.83302815541435
419.7861954428613
563.8521816345506
710.1015486813262
858.6085532332642
1009.4620026185399
1162.7357933045503
1318.517120322952
1476.8980878613402
1637.9762175060187
1801.854716199027
1968.6430939251095
2138.4575943938517
2311.4218290737767
2487.667394076763
2667.3345916424933
2850.5732322553213
3037.5435230950907
3228.417060812934
3423.377958681475
3622.6241136592703
3826.36863859388
4034.8414917591695
4248.29133840306
4466.987669391127
4691.223229440891
4921.316813027083
5157.616500036908
5400.503424621722
5650.396178199455
5907.755970158825
6173.092713690574
6446.972253494561
6730.02498089865
7022.956219046509
7326.5588127877245
7641.728436044066
7969.482452457642
8310.983475330548
8667.568846491631
9040.78797212714
9432.450495385252
9844.688759828592
10280.040158227908
10741.558045196689
11232.93195840159
11764.372163970005
12347.494548893144
12994.335687146991
13719.931729580985
14545.229207148617
15500.659972489848
16635.850958054645
18029.19717941626
19830.648949605275
22369.21299195331
26604.726015024575
38900.75485805236
51196.783701080225
336.3568941417746
335.50815558663004
333.9981484997704
332.2832264156099
330.4501306319552
328.556094272412
326.62900621577234
325.06680983053855
323.1306078822846
321.18454169338315
319.2454458642859
317.3151566481246
315.39343555187793
313.4807819623643
311.5692599701063
309.6590977256254
307.7492243474723
305.8341599958086
303.91908370355367
302.00122146386144
504.08069675350544
502.2358104973343
500.37815846345075
498.53793680359627
496.7228347142574
494.93323121535866
493.1660156324425
491.4201350355716
489.69564176429935
487.9931805115989
486.315292552643
484.6648977094536
483.03974343224434
481.439004246997
479.86292922489054
478.31502344537716
476.8053884306464
475.3345007875065
473.899710105206
472.50148709620987
471.14685084000996
469.8395924008587
468.5801443990552
467.373089231555
466.22019134979337
465.12096874704264
464.0810094410615
463.09816030004447
462.269574802771
461.86529614391577
461.7736594019736
461.8295297884502
461.9361762545283
462.05124795444044
462.1546979679378
462.20151249009143
462.1751967012325
462.0616060519178
461.8204898952223
461.62709282785715
462.73893332997955
333.0817140334071
332.2039966062511
330.6646132308404
328.9199986544068
327.0569230730932
325.1325518137836
323.1747693126656
321.5815289045841
319.6140238230376
317.6363549685515
315.665404273802
313.703061146936
311.7491298322723
309.8041438684015
307.8602060745973
305.9175688455984
303.975179408621
302.0275785039168
300.0799494412435
298.1295261150064
287.7024368611308
285.9577764880166
284.1381299915412
282.2889154533124
280.4258492603641
278.5552637939054
276.6786717123943
274.798155140513
272.9163941081549
271.0362451387866
269.1616130904833
267.296881111278
265.441047235148
263.59424219821
261.7576382978182
259.9354621549395
258.1383499463862
256.3674222762676
254.6207404700988
252.8992998093711
251.2108099459504
249.5597736027124
247.9472352167986
246.379092210063
244.8581373831041
243.3844743090716
241.9655998435803
240.6006930741601
239.3884965439528
238.600495483802
238.1259863721137
237.8009091349927
237.5337875302188
237.2897400751841
237.0616574868288
236.8509294010675
236.6559647997265
236.5422326758281
236.5782833305241
236.9859701683569
237.966848899071
3.275180108367541
3.304158980378956
3.333535268930009
3.363227761203086
3.393207558861988
3.423542458628385
3.454236903106715
3.485280925954468
3.516584059247006
3.548186724831684
3.580041590483912
3.612095501188618
3.644305719605675
3.676638093962737
3.709053895509025
3.741528880026996
3.774044938851302
3.806581491891766
3.839134262310181
3.871695348855048
216.3782598923746
216.2780340093177
216.2400284719096
216.2490213502838
216.2969854538933
216.3779674214533
216.4873439200482
216.6219798950586
216.7792476561444
216.9569353728123
217.1536794621597
217.3680165981756
217.5986961970963
217.844762048787
218.1052909270724
218.3795612904377
218.6670384842602
218.9670785112389
219.2789696351072
219.6021872868388
219.9360408940596
220.2798187981463
220.6329091822566
220.993997021492
221.3620539666893
221.736494437971
222.1154095974812
222.4974672258844
222.8810782588182
223.2648006601138
223.6476730298599
224.0286206534575
224.4023887243095
224.7615078792563
225.093040481109
225.3505830890239
225.519231901506
225.5193733760897
225.2422065646982
224.6411226595002
224.7720844309085
265.54584618805404
261.5656777613651
257.44499288394513
253.1749483090484
248.74841259700185
244.23362044170156
239.68492679010052
235.51099666843655
230.91824672467564
226.39683323687706
221.9752789586523
217.65605917819448
213.4425242436022
209.34074110605775
205.3302918195139
201.4053316433305
197.5634212728756
193.78127191063393
190.07946200510148
186.49223809616015
383.64067273041996
380.4540155526138
377.2926463323858
374.1505223840189
371.0360284096163
367.94988937546634
364.88721203062903
361.8371399521542
358.7984538010339
355.768655854155
352.7528294165285
349.7530598389038
346.7649146320859
343.77541985912757
340.7817176090201
337.7837072449975
334.7800552098506
331.77901367065584
328.76898802326326
325.7434979571756
322.7296840955574
319.7474878788281
316.7915493068123
313.898604339068
311.1161950943093
308.47742007131353
306.12272310524986
304.23268130350976
303.2231252995956
302.8630617704127
302.8061949482929
302.89869025864783
303.04835311382726
303.21773128960086
303.39453744275414
303.56250862648835
303.71695484072393
303.8959195112885
304.13393166086087
304.6529896051342
306.0842061160892
241.9833994284057
237.9307249518711
233.7367118857513
229.3927715815985
224.892059620901
220.3039046163882
215.6833426588373
211.4396196840692
206.7787588625328
202.1919559876067
197.7077293133901
193.3283245347107
189.0568669192836
184.8992133918866
180.8345635107559
176.8568355240287
172.9633999500467
169.1306838009389
165.3792430015529
161.7432183851016
133.4084805425922
129.1247538116171
124.8612895886169
120.609250830478
116.3787347524503
112.170449668634
107.9780923617618
103.791032326721
99.60749836326794
95.42363875516887
91.246188288948
87.0769928583812
82.9113098961286
78.73678114344081
74.5511605156747
70.35576019545248
66.15183094875286
61.94997054220966
57.73841294737145
53.50953746278975
49.29555986929951
45.11999902743861
40.9782631995145
36.92563159317594
33.02477199004602
29.31462501445605
25.95450852905655
23.13889267054368
21.29435942867428
20.15896804736364
19.34639625242935
18.68384795585077
18.04626734464929
17.36888500534907
16.59274821184741
15.60742072894331
14.33741673414136
12.59115750622298
9.970935339611747
5.73214375168495
0.0
23.56244675964833
23.634952809494
23.7082809981938
23.78217672744989
23.85635297610086
23.92971582531336
24.00158413126322
24.07137698436733
24.13948786214282
24.20487724927036
24.26754964526219
24.32773464348379
24.38565732431861
24.44152771417115
24.49572830875798
24.54849611930179
24.60002132282891
24.65058810969504
24.70021900354856
24.74901971105854
250.2321921878278
251.3292617409967
252.4313567437689
253.5412715535409
254.657293657166
255.7794397068323
256.9091196688672
258.0461076254332
259.1909554377659
260.3450170989861
261.5066411275805
262.6760669805226
263.8536047359573
265.0386387156868
266.2305570933454
267.427947049545
268.6282242610978
269.8290431284462
271.0305750758918
272.2339604943858
273.4341242262579
274.6274888513895
275.8132861072978
276.9729727458921
278.0914231042633
279.1627950568575
280.1682145761933
281.0937886329661
281.9287658709213
282.704093723049
283.4597986958635
284.2148423027971
285.002085769178
285.8488462842518
286.8017892309067
287.955087897545
289.3795381065826
291.3047620050655
294.1629963212491
298.9208458534493
306.0842061160892
-70.81104795372062
-73.94247782526502
-76.55315561582529
-79.10827810656147
-81.70171803495333
-84.32247383071052
-86.94407942567179
-89.55581316210203
-92.21236115760898
-94.78770845650612
-97.27016690563362
-99.65909746993013
-101.95091130827576
-104.1400408563065
-106.23896815059254
-108.2537660822949
-110.1858030745968
-112.05288808517463
-113.83962169845212
-115.50898336770129
-120.44002402308541
-121.78179494472039
-123.08551213106503
-124.38741441957728
-125.68680630464124
-126.98334183989243
-128.2788036018134
-129.58299508341736
-130.89718796326554
-132.2245246574439
-133.56246313611456
-134.91183787054968
-136.2748288001583
-137.66358438786946
-139.08121161587053
-140.53131620037976
-142.0253332207957
-143.5554871168506
-145.1307220819427
-146.75798913903438
-148.4171667444527
-150.0921045220306
-151.78859509224299
-153.47448489248694
-155.10399625548413
-156.64354867572908
-157.95828633581172
-158.86547899653473
-159.04644950317535
-159.00223437350311
-158.96746445368078
-158.93083952980223
-158.88782314070096
-158.83351666483952
-158.76016052518372
-158.6390038636031
-158.45824186050856
-158.16568654062942
-157.68655823436134
-156.9741032227229
-156.6547272138902
91.0983146050014
94.27327165438005
96.92790134508908
99.52722707280827
102.1648634521922
104.8286471973955
107.4914266538283
110.1419092205149
112.8352649605048
115.4443989809448
117.9576749604119
120.3747366122253
122.6922629129887
124.9049304765149
127.0256425638415
129.0607333215697
131.0117794585744
132.8968947029779
134.7007064396905
136.3863077299048
154.2939563185386
156.8330226763994
159.2768404029243
161.6796646228344
164.0471145079139
166.3848141252714
168.7005793506324
171.007122813792
173.308895744887
175.6126063836177
177.9154248015353
180.2198882528967
182.5297373390193
184.8574610547693
187.2064777821435
189.5797019594871
191.9865189976333
194.4174517340579
196.8823275227273
199.3897623465814
201.9152500766509
204.4397745752738
206.9689720172841
209.453460616887
211.8333653930581
214.0698492946156
216.0110913145238
217.4618004036164
218.0941371152785
218.4415274364383
218.7795901196844
219.1170611791419
219.4875201855695
219.9208550698351
220.4689092749814
221.2435086721242
222.3185480655852
223.9510751696052
226.6073479909123
231.253826416672
237.966848899071
20.28726665128079
20.33079382911504
20.37474572926379
20.41894896624681
20.46314541723887
20.50617336668497
20.54734722815651
20.58609605841287
20.62290380289582
20.65669052443868
20.68750805477828
20.71563914229517
20.74135160471293
20.76488962020841
20.78667441324896
20.8069672392748
20.8259763839776
20.84400661780328
20.86108474123837
20.87732436220349
33.85393229545318
35.051227731679
36.19132827185928
37.29225020325711
38.36030820327267
39.40147228537896
40.42177574881902
41.42412773037464
42.41170778162146
43.38808172617379
44.35296166542074
45.30805038234703
46.25490853886101
47.19387666689983
48.12526616627298
49.04838575910733
49.96118577683762
50.86196461720729
51.7516054407846
52.63177320754702
53.49808333219821
54.34767005324318
55.18037692504111
55.97897572440007
56.72936913757397
57.42630061888653
58.05280497871209
58.59632140708166
59.04768761210315
59.43929306293517
59.81212566600362
60.18622164933968
60.59969704486855
61.08733840499559
61.70874874979768
62.60450480852109
63.86030620507663
65.78538862897577
68.92078975655096
74.27972319394911
81.31212168518081
-1.5861659403731698
-1.3223864950585773
-1.2942456949023102
-1.3136548317526429
-1.3274916538277628
-1.3279226958956742
-1.322923021175229
-1.3456236416456764
-1.3044935819445527
-1.257443043642105
-1.2100687217362875
-1.1608764400780944
-1.108863913006479
-1.0631738442847056
-1.0205598263329427
-0.9786388968836185
-0.9457387363338637
-0.905038219717931
-0.8455854533621373
-2.4936253601307206
-0.6792741262548998
-0.6600167286416253
-0.6591098601912018
-0.6578486883389972
-0.6564103866343254
-0.6558731069346994
-0.6603007186774243
-0.6653714708164258
-0.6720328352783038
-0.6774066633226957
-0.6832026397942744
-0.6901023369276431
-0.7031555512114243
-0.7177824627563647
-0.7342360163584902
-0.7564824921921958
-0.7747909126421463
-0.7976296023068686
-0.8239887017417729
-0.8401569214063348
-0.8481453155059018
-0.8590679260230168
-0.8537090930391105
-0.825166732398622
-0.7796163296427694
-0.6657620826307085
-0.459352508230711
-0.0915246158801738
0.022520880151642497
0.017730586555288613
0.018670612780076312
0.021920620650084904
0.02766299988369228
0.03735480601913932
0.06165457748603698
0.09196112110466825
0.14880091566411957
0.24369106166534693
0.3625853676961568
0.16400839515265098
0.0
-1.608227814635091
-1.344663641037274
-1.316650231672486
-1.336055929023942
-1.349300492756928
-1.348791785045488
-1.342562976335376
-1.364279751943938
-1.321618478147098
-1.273062996812609
-1.22432704369808
-1.173908875008405
-1.120794223310859
-1.074215528786115
-1.030845303096587
-0.9882737361065288
-0.9548774117860102
-0.9136943153023837
-0.8538165515775519
-9.070856111451299
-1.286126733813663
-1.237879939971075
-1.217115281888464
-1.199196932659194
-1.184127371937822
-1.17301682815494
-1.168345680091601
-1.165929237211442
-1.166910754525849
-1.166458813190496
-1.16729208069594
-1.17002009480374
-1.179074225645805
-1.189859887630837
-1.202121815510947
-1.219137785262929
-1.231353237672996
-1.24854659175139
-1.270104245314425
-1.279248679541103
-1.278760768813447
-1.281127779583976
-1.258481172779061
-1.2055057746278
-1.132858039189006
-0.9833076047330438
-0.7348353605222214
-0.3203008645766801
-0.1759654597953002
-0.1712406819465083
-0.1709410036145927
-0.1876505631581881
-0.2194994146657449
-0.2776088000360733
-0.3923619363381492
-0.5445453993561038
-0.8269326028660458
-1.345495944684191
-2.35360533329764
-3.400382842526236
0.0
0.0220618742619211
0.0222771459786968
0.0224045367701758
0.0224010972712992
0.0218088389291654
0.0208690891498137
0.0196399551601469
0.0186561102982617
0.0171248962025455
0.0156199531705041
0.0142583219617925
0.0130324349303105
0.0119303103043799
0.0110416845014095
0.0102854767636442
0.0096348392229103
0.0091386754521464
0.0086560955844527
0.0082310982154146
6.577230751320578
0.6068526075587632
0.5778632113294496
0.5580054216972623
0.5413482443201968
0.5277169853034966
0.5171437212202407
0.5080449614141767
0.5005577663950163
0.4948779192475452
0.4890521498678003
0.4840894409016655
0.479917757876097
0.4759186744343809
0.4720774248744724
0.4678857991524568
0.4626552930707332
0.4565623250308498
0.4509169894445214
0.446115543572652
0.4390917581347683
0.4306154533075453
0.4220598535609591
0.4047720797399505
0.3803390422291779
0.3532417095462366
0.3175455221023353
0.2754828522915104
0.2287762486965063
0.1984863399469427
0.1889712685017969
0.189611616394669
0.209571183808273
0.2471624145494372
0.3149636060552126
0.4540165138241862
0.636506520460772
0.9757335185301653
1.589187006349538
2.716190700993797
3.564391237678887
0.0
1.0
1.0
1.0
1.0
1.0
1.0
1.0
0.0
0.0
0.0
0.0
0.0
0.0
0.0
0.0
0.0
0.0
0.0
0.0
0.0
0.0
0.0
0.0
0.0
0.0
0.0
0.0
0.0
0.0
0.0
0.0
0.0
0.0
0.0
0.0
0.0
0.0
0.0
0.0
0.0
0.0
0.0
0.0
0.0
0.0
0.0
1.0
1.0
0.0
0.0
0.0
0.0
0.0
0.0
0.0
0.0
0.0
0.0
0.0
0.0
0.0
1.0
1.0
1.0
1.0
1.0
1.0
1.0
1.0
1.0
1.0
1.0
1.0
1.0
1.0
1.0
1.0
0.8605561031037754
0.8605561031037754
0.8605561031037754
0.8605561031037754
0.8605561031037754
0.8605561031037754
0.8605561031037754
0.8605561031037754
0.8605561031037754
0.8605561031037754
0.8605561031037754
0.8605561031037754
0.8605561031037754
0.8605561031037754
0.8605561031037754
0.8605561031037754
0.8605561031037754
0.8605561031037754
0.8605561031037754
0.8605561031037754
0.8605561031037754
0.8605561031037754
0.8605561031037754
0.8605561031037754
0.8605561031037754
0.8605561031037754
0.8605561031037754
0.8605561031037754
0.8605561031037754
1.0
1.0
1.0
1.0
1.0
1.0
1.0
1.0
1.0
1.0
1.0
1.0
1.0
1.0
1.0
1.0
1.0
1.0
1.0
1.0
1.0
1.0
1.0
1.0
1.0
1.0
1.0
1.0
1.0
0.004057347218577478
0.004022179781566021
0.003951614959253813
0.0038465515260593867
0.0036367721691921216
0.003374329874368015
0.0030761650357795296
0.0028314975146235656
0.0025187340897245484
0.0022288658085266888
0.001977576764853189
0.0017599438689341104
0.0015711353635838798
0.0014203451900652727
0.0012937732435890942
0.0011860377473829366
0.0011016311229328534
0.0010211666903088912
0.0009480861306297931
0.000886760641793854
0.000827681078742923
0.0007729574594272708
0.0007242015736227121
0.0006768384955758999
0.0006322904115327019
0.0005911256554824822
0.0005509376946409015
0.0005132026523426546
0.00047810075360953184
0.00044364817223814914
0.0004110373723685191
0.00038018316224678857
0.00034986746923439127
0.00032083342852402537
0.0002929711040143802
0.00026578837445938617
0.00023921311112394894
0.00021350226862616414
0.0001889580777588682
0.00016413914438830388
0.00014031575796883338
0.00011861327410857683
9.647989894083393e-05
7.624184705818365e-05
5.9175585730100945e-05
4.286374017605236e-05
2.888977609137934e-05
1.7223530609591605e-05
1.0213190069306247e-05
6.6270960107873495e-06
4.401915836199644e-06
3.5274010521955463e-06
3.207967500619726e-06
3.716329303044646e-06
4.24661375261124e-06
4.87057340081134e-06
5.6511929315384445e-06
6.799886116271672e-06
7.644871920744686e-06
1.6332166280625872e-07
0.0004
0.0004
0.0004
0.0004
0.0004
0.0004
0.0004
0.0004
0.0004
0.0004
0.0004
0.0004
0.0004
0.0004
0.0004
0.0004
0.0004
0.0004
0.0004
0.0004
0.0004
0.0004
0.0004
0.0004
0.0004
0.0004
0.0004
0.0004
0.0004
0.0004
0.0004
0.0004
0.0004
0.0004
0.0004
0.0004
0.0004
0.0004
0.0004
0.0004
0.0004
0.0004
0.0004
0.0004
0.0004
0.0004
0.0004
0.0004
0.0004
0.0004
0.0004
0.0004
0.0004
0.0004
0.0004
0.0004
0.0004
0.0004
0.0004
0.0004
1.3065442837795994e-08
1.609813246251006e-08
1.8451320475760573e-08
2.016080036876345e-08
2.1358414023579076e-08
2.2454492528502163e-08
2.346184864599769e-08
2.435074770331274e-08
2.5168293008394306e-08
2.59248194795521e-08
2.6578860853539352e-08
2.717492227184444e-08
2.7727500794852817e-08
2.821868937946919e-08
2.867559255048391e-08
2.9106915692640655e-08
2.950022653046024e-08
2.9893537368279825e-08
3.0281774756529767e-08
3.065711262938458e-08
3.1032450502239386e-08
3.142093683129147e-08
3.1836199651687564e-08
3.225146247208365e-08
3.2701440677579656e-08
3.320893932168535e-08
3.3716437965791035e-08
3.428270566534462e-08
3.492899931274215e-08
3.557529296013967e-08
3.6371436914800125e-08
3.733624217274159e-08
3.8301047430683085e-08
3.959226158737696e-08
4.118778732859431e-08
4.278331306981166e-08
4.513146211348355e-08
4.806009189575067e-08
5.0988721678017794e-08
5.632170630050282e-08
6.318151527324084e-08
7.004132424597885e-08
8.255287402060394e-08
9.799336545699721e-08
1.1343385689339041e-07
1.3646888186188418e-07
1.6453988297575865e-07
1.9889493840858378e-07
2.3731543525971197e-07
2.78963375570315e-07
3.2556784487230723e-07
3.9737569592667986e-07
5.064205645747201e-07
6.801946019508522e-07
1.1053081705738778e-06
1.6111307341008319e-06
2.5512822486276946e-06
4.137854497676283e-06
6.1841356611202155e-06
2.780474791942962e-06
0.0
0.0
0.0
0.0
0.0
0.0
0.0
0.0
0.0
0.0
0.0
0.0
0.0
0.0
0.0
0.0
0.0
0.0
0.0
0.0
0.0
0.0
0.0
0.0
0.0
0.0
0.0
0.0
0.0
0.0
0.0
0.0
0.0
0.0
0.0
0.0
0.0
0.0
0.0
0.0
0.0
0.0
0.0
0.0
0.0
0.0
0.0
0.0
0.0
0.0
0.0
0.0
0.0
0.0
0.0
0.0
0.0
0.0
0.0
0.0
0.0
0.0
0.0
0.0
0.0
0.0
0.0
0.0
0.0
0.0
0.0
0.0
0.0
0.0
0.0
0.0
0.0
0.0
0.0
0.0
0.0
0.0
0.0
0.0
0.0
0.0
0.0
0.0
0.0
0.0
0.0
0.0
0.0
0.0
0.0
0.0
0.0
0.0
0.0
0.0
0.0
0.0
0.0
0.0
0.0
0.0
0.0
0.0
0.0
0.0
0.0
0.0
0.0
0.0
0.0
0.0
0.0
0.0
0.0
0.0
0.0
0.0
0.0
0.0
0.0
0.0
0.0
0.0
0.0
0.0
0.0
0.0
0.0
0.0
0.0
0.0
0.0
0.0
0.0
0.0
0.0
0.0
0.0
0.0
0.0
0.0
0.0
0.0
0.0
0.0
0.0
0.0
0.0
0.0
0.0
0.0
0.0
0.0
0.0
0.0
0.0
0.0
0.0
0.0
0.0
0.0
0.0
0.0
0.0
0.0
0.0
0.0
0.0
0.0
0.0
0.0
0.0
0.0
0.0
0.0
0.0
0.0
0.0
0.0
0.0
0.0
0.0
0.0
0.0
0.0
0.0
0.0
0.0
0.0
0.0
0.0
0.0
0.0
0.0
0.0
0.0
0.0
0.0
0.0
0.0
0.0
0.0
0.0
0.0
0.0
0.0
0.0
0.0
0.0
0.0
0.0
0.0
0.0
0.0
0.0
0.0
0.0
0.0
0.0
0.0
0.0
0.0
0.0
0.0
0.0
0.0
0.0
0.0
0.0
0.0
0.0
0.0
0.0
0.0
0.0
0.0
0.0
0.0
0.0
0.0
0.0
0.0
0.0
0.0
0.0
0.0
0.0
0.0
0.0
0.0
0.0
0.0
0.0
0.0
0.0
0.0
0.0
0.0
0.0
0.0
0.0
0.0
0.0
0.0
0.0
0.0
0.0
0.0
0.0
0.0
0.0
0.0
0.0
0.0
0.0
0.0
0.0
0.0
0.0
0.0
0.0
0.0
0.0
0.0
0.0
0.0
0.0
0.0
0.0
0.0
0.0
0.0
0.0
0.0
0.0
2.0
2.0
1.0
276.844018172047
-156.6547272138902
0.0
0.0
47.0
5.783625987995279
1.0
2.0
3.0
4.0
5.0
6.0
7.0
8.0
9.0
10.0
11.0
12.0
13.0
14.0
15.0
16.0
17.0
18.0
19.0
20.0
21.0
22.0
23.0
24.0
25.0
26.0
27.0
28.0
29.0
30.0
31.0
32.0
33.0
34.0
35.0
36.0
37.0
38.0
39.0
40.0
41.0
42.0
43.0
44.0
45.0
46.0
47.0
48.0
49.0
50.0
51.0
52.0
53.0
54.0
55.0
56.0
57.0
58.0
59.0
60.0
0.0
0.0
0.0
0.0
0.0
0.0
0.0
0.0
0.0
0.0
0.0
0.0
0.0
0.0
0.0
0.0
0.0
0.0
0.0
0.2
0.0
0.0
0.0
0.0
0.0
0.0
0.0
0.0
0.0
0.0
0.0
0.0
0.0
0.0
0.0
0.0
0.0
0.0
0.0
0.0
0.0
0.0
0.0
0.0
0.0
0.0
0.0
0.0
0.0
0.0
0.0
0.0
0.0
0.0
0.0
0.0
0.0
0.0
0.0
0.0
0.0
0.0
0.0
0.0
0.0
0.0
0.0
0.0
0.0
0.0
0.0
0.0
0.0
0.0
0.0
0.0
0.0
0.0
0.0
220.0
0.0
0.0
0.0
0.0
0.0
0.0
0.0
0.0
0.0
0.0
0.0
0.0
0.0
0.0
0.0
0.0
0.0
0.0
0.0
0.0
0.0
0.0
0.0
0.0
0.0
0.0
0.0
0.0
0.0
0.0
0.0
0.0
0.0
0.0
0.0
0.0
0.0
0.0
0.0
0.0
0.0
0.0
0.0
0.0
0.0
0.0
0.0
0.0
0.0
0.0
0.0
0.0
0.0
0.0
0.0
0.0
0.0
0.0
0.0
0.01
0.0
0.0
0.0
0.0
0.0
0.0
0.0
0.0
0.0
0.0
0.0
0.0
0.0
0.0
0.0
0.0
0.0
0.0
0.0
0.0
0.0
0.0
0.0
0.0
0.0
0.0
0.0
0.0
0.0
0.0
0.0
0.0
0.0
0.0
0.0
0.0
0.0
0.0
0.0
0.0
45.0
