9.81
6.022e+23
0
0
0
3
0
1
283.07858935113256
2
2
0
0
1
1
0
1
60
7
1014.8
1.607


3
3
0
72.38857731909356
2
6.7
150.0
1000.0
287.04
9.81
79000.0
40.0
20000.0
0.0
0.0
0.0
0.0
0.0280134
0.04401
0.0319988
0.039948
0.01604
0.01801528
0.048
99000.0
2.1153802199668344e+29
0.8
1e-06
1000000.0
0.6
3.0
0.0001
1000
16
3.4295923963229455
0
1
3
1.0
1
0
1
1
0.02
1000000000000.0
1
282.7519498334633
279.4078032551776
276.0246778282583
272.6321947479999
269.23477277393704
265.83445209594436
261.5765877688005
258.97209842496875
255.57999281855442
252.1777997233259
248.7736724819565
245.36935125697875
241.96540341584492
238.5583142326856
235.15553876145754
231.75637902604063
228.36274588462658
225.72386064254894
223.71245428844688
222.03593404309626
220.60932526003484
219.38922517002442
218.34062159882689
217.43593908747113
216.65843459385223
215.99980594880833
215.45113284226503
215.0192660234746
214.7093980627388
214.538842282966
214.5323486314024
214.71051448885729
215.17406709558972
215.86453785358873
216.88048658810771
218.21945367772818
219.86480296967054
221.75661552584154
223.8136790543233
225.95495456133554
228.09183425735537
230.1916402623135
232.16888947580802
234.18009249366023
236.07121420527872
237.86684506074613
239.57542539343288
241.20019198501979
242.7591397372535
244.24815041023993
245.70335554185397
247.10418077510175
248.52994775356473
249.9833622187297
251.59763630872692
253.51973267456074
256.0334900204558
259.6034452328174
265.15456822880435
280.38555652653946
985.8078294205452
929.1704806481764
875.1792495166603
823.7395676755561
774.7591835452633
728.1481322206923
683.8187054112204
641.6854214173221
601.6649951442855
563.6763081534225
527.6403787511956
493.4803321166968
461.1213704679191
430.49074326727884
401.5177174668512
374.13354779379824
348.27144707648074
323.86655661175473
300.85591657396975
279.1784364661994
258.7748656142472
239.58776370398954
221.56147136262913
204.64208078445134
188.77740640169188
173.91695560114255
160.0118994871406
147.0150436916059
134.88079923181198
123.56515341659627
113.06822910177317
103.42139991365353
94.59762521328918
86.52668309909939
79.14434290767173
72.39185404938198
66.2154784558712
60.566062918475225
55.39864791416369
50.67210980592391
46.348833570126516
42.39441344635203
38.777379127371375
35.46894531022901
32.44278261529059
29.674808050169382
27.142993350988494
24.827189675708794
22.708967254386252
20.771468720253548
18.999274954396526
17.378282376382327
15.895590704286075
14.539400290881032
13.298918218966925
12.164272408518528
11.126433052096747
10.177140753284732
9.308840796255959
8.514623023374321
255.091893153477
765.3029589480823
1275.5603836918176
1785.8516433844175
2296.1698765953206
2805.6788864284017
3315.152070831221
3825.431016245611
4335.740426904323
4846.06860531983
5356.413534638584
5866.775505419864
6377.151644139799
6887.543272536679
7397.959083757269
7908.4095210371215
8419.762307617795
8933.626353138387
9451.190844752957
9973.259535350267
10500.521720123132
11033.605035912358
11573.091027404302
12119.535008092702
12673.488720246427
13235.510426816292
13806.18547623223
14386.14702058184
14976.094135835056
15576.709827919974
16185.830302545713
16798.625032160482
17413.06328461769
18029.93242962174
18650.15675192536
19274.633645665206
19904.151355842267
20539.296765817897
21180.42562936406
21827.65182887535
22480.916375178982
23139.991897027518
23804.7521575191
24475.074476625618
25150.65168882783
25831.223513402296
26516.546509131425
27206.407544892652
27900.6130279046
28599.01496991777
29301.487816332294
30007.989743613387
30718.595657462523
31433.574283290636
32153.593674837233
32879.93599643567
33614.95017523937
34362.965794527016
35140.60497601352
29750.0
1.2083817215540284e+24
1.1522396340029291e+24
1.0980926287961995e+24
1.0458921111181598e+24
9.955901137306276e+23
9.471392962205574e+23
9.004929442400112e+23
8.556049687376111e+23
8.124299051813578e+23
7.709229127731061e+23
7.310397736537112e+23
6.927368920994009e+23
6.559712937085388e+23
6.207006245789061e+23
5.8688315047518377e+23
5.5447775598626366e+23
5.234439436722621e+23
4.937418332009425e+23
4.653321604731652e+23
4.381762767372445e+23
4.1223614769169925e+23
3.874743525762576e+23
3.638540832506727e+23
3.413391432610348e+23
3.198939468932488e+23
2.994835182132102e+23
2.8007349009337698e+23
2.6163010322526454e+23
2.441202051174308e+23
2.275112490785433e+23
2.099962303909993e+23
1.9207963453711375e+23
1.7569165853699338e+23
1.6070188260127692e+23
1.4699101418156962e+23
1.3444993860921102e+23
1.2297885073227274e+23
1.1248646064011282e+23
1.0288926715444699e+23
9.41108933051818e+22
8.608147850255597e+22
7.873712256833963e+22
7.2019377201538795e+22
6.58747808315659e+22
6.025443315711079e+22
5.511360598478068e+22
5.0411387270468504e+22
4.611035553062728e+22
4.217628203234118e+22
3.857785839213596e+22
3.5286447415694375e+22
3.227585519559005e+22
2.9522122653338054e+22
2.700333486679621e+22
2.4699446665495278e+22
2.2592123105942128e+22
2.0664593557355814e+22
1.8901518236610363e+22
1.7288866130238602e+22
1.5813803331965176e+22
-4.740787547073413
-3.493971306430799
-2.8607815998077673
-2.392702589175172
-2.018333939583089
-1.7679763079835056
-17.574598366351232
-1.9051647657927209
-1.5461906815696087
-1.3099158639991106
-1.1089841130930784
-0.9253273198421726
-0.753663893636366
-0.6197727978708026
-0.46619372507897716
-0.3016053011849001
-0.08068380493774971
-0.023027774627877497
-0.03376606188430686
-0.038947282776138424
-0.041519817216674165
-0.041615144416413674
-0.04041095913605364
-0.03823963119067656
-0.03557451643910145
-0.03226040787567319
-0.029252529564865994
-0.025890401645150125
-0.022959717075066218
-0.019899906292740535
-0.017116502952904195
-0.014451353956183327
-0.012079304648590713
-0.010077546866481624
-0.008214756034570133
-0.0066792854642431865
-0.00540981113874817
-0.004345624185841895
-0.003470417344983735
-0.002795011809998889
-0.0022135558204982634
-0.001790120093683932
-0.0014582168027043733
-0.0011676825284325503
-0.0009668080605581514
-0.0008049483347701521
-0.0006045006722900921
-0.0005415684257638911
-0.00045156982240116456
-0.000369908215939828
-0.0002576411467458923
-0.0002499079494791488
-0.00020325929133081186
-0.0001781046485997049
-0.0001474170255389914
-0.0001213892357367051
-9.804582872409898e-05
-7.679095073164112e-05
-5.6358360745353496e-05
-3.266309926824915e-05
-4.74060007215536
-3.4937814595752172
-2.8606501975540937
-2.3925706924409837
-2.018209439164906
-1.7678586956084246
-17.57469027338658
-1.905081170502001
-1.5461212468464396
-1.3098593179940394
-1.1089380409662795
-0.9253184594604704
-0.7536686935040962
-0.619811401267043
-0.46628283184884367
-0.3017957929207
-0.08126188326718875
-0.02270878455959746
-0.033387488810092236
-0.03857423565347062
-0.04114307444893939
-0.041256367050152676
-0.04008665948202861
-0.037884909347155826
-0.0353135623183789
-0.03195503375189901
-0.029036156121890144
-0.025700731752010597
-0.02279940555797566
-0.019749045041919544
-0.017001109278680815
-0.014354362041103741
-0.012005450068784285
-0.010012807614657504
-0.00816635461859505
-0.00653224364327798
-0.0053693929868927626
-0.004309814529960931
-0.0034411456284715314
-0.0027691188913649967
-0.0021924653805172056
-0.0017705676090145062
-0.001439904616347576
-0.0011549290261996248
-0.0009518518818367738
-0.0007912071312716762
-0.0006032938712792202
-0.0005306656396442122
-0.00044222194668464
-0.00036084832987626214
-0.0002616833230604243
-0.0002433350450701255
-0.00019989940943787587
-0.000173113802759417
-0.00014322059320193148
-0.00011763442489609588
-9.470068380323937e-05
-7.410923001316405e-05
-5.4001769285605405e-05
-3.0501064145482815e-05
-0.00021753772563585017
-0.00020510790527893021
-0.0001932555812961073
-0.00018196023160011764
-0.00017120183396629736
-0.0001609608595771098
-0.0001512182665744112
-0.00014195549361953506
-0.00013315445346128146
-0.00012479752651190087
-0.00011686755443115819
-0.00010934783371857308
-0.00010222210931392633
-9.547456820613163e-05
-8.908983305057023e-05
-8.305295579498885e-05
-7.734941131406615e-05
-7.196509105275288e-05
-6.68862966784955e-05
-6.209973374245535e-05
-5.759250534983813e-05
-5.335210583945257e-05
-4.936641447261952e-05
-4.562368913155646e-05
-4.21125600273664e-05
-3.882202341776295e-05
-3.5741435334668435e-05
-3.2860505321825115e-05
-3.0169290182564117e-05
-2.765818773788149e-05
-2.5317930594974742e-05
-2.315783881864958e-05
-2.1182043166553216e-05
-1.937481974131332e-05
-1.7721786187326878e-05
-1.6209787232221285e-05
-1.4826789993764058e-05
-1.3561788219046068e-05
-1.2404714693848892e-05
-1.1346361125127073e-05
-1.0378304859009205e-05
-9.492841851120603e-06
-8.682925355787805e-06
-7.942109846197725e-06
-7.264499719213336e-06
-6.644702376625477e-06
-6.077785309449148e-06
-5.559236843729882e-06
-5.0849302354651345e-06
-4.651090828898646e-06
-4.254266016824965e-06
-3.891297763840369e-06
-3.5592974738730496e-06
-3.2556230019818074e-06
-2.9778576274771557e-06
-2.723790821027448e-06
-2.4914006526896307e-06
-2.2788377008631423e-06
-2.084410334110219e-06
-1.9065712487114954e-06
-57.9843411589095
-55.290356385828204
-52.692105877203744
-50.18725780500472
-47.77351045558089
-45.44859219356101
-43.21026142538278
-41.056306562413965
-38.984545983659245
-36.99282799806679
-35.07903080638704
-33.24106246261056
-31.476860834944773
-29.784393566335723
-28.161658034519633
-26.60668131158633
-25.11752012304862
-23.692260806403453
-22.32901926916645
-21.025940946374305
-19.781200757530115
-18.593003062985133
-17.459581619735673
-16.37919953661992
-15.350149228899
-14.37075237219966
-13.439359855804241
-12.5543517352651
-11.714137184322823
-10.917154446108569
-10.076694183537626
-9.216964192701653
-8.430585208027054
-7.711299020352513
-7.053381362502805
-6.451596354076727
-5.901154832944798
-5.397676241847158
-4.937153766775914
-4.515922449703659
-4.130630021891115
-3.7782102256578582
-3.4558584123034493
-3.1610092219812884
-2.8913161678955497
-2.6446329623468685
-2.4189964360149077
-2.212610914544488
-2.0238339281006006
-1.8511631401648074
-1.69322439154924
-1.5487607644791552
-1.4166225797133478
-1.2957582470967388
-1.1852058967314765
-1.0840857241653161
-0.9915929886782457
-0.9069916089457841
-0.829608305111762
-0.7588272406515131
283.0789909592414
279.6607595909848
276.2421626775937
272.82331009941873
269.4042597977128
265.98504577439263
262.5768390659495
259.15810510339486
255.7391011973967
252.31995900056813
248.90070360662892
245.48133694769683
242.06185319815975
238.6422966888497
236.85661075452816
233.45565895743118
230.05929027181512
227.0450990870168
224.7230769262309
222.88086568479292
221.3304703174016
220.00788434774992
218.87396447281364
217.89750940492326
217.05642486835586
216.33817938593683
215.73424833483608
215.2436252879627
214.8723292998186
214.63164093233547
214.54259780351327
214.62793065094252
214.94826361081988
215.52475744164747
216.377434703243
217.55432069751782
219.0459830795913
220.8141359177212
222.78814816254848
224.88694714567762
227.02569233230713
229.14374605465076
231.18204541151394
233.17606500951405
235.12705248314163
236.97029638161678
238.72224235135272
240.3887971379037
241.98059252705454
243.50448192714504
244.97646191005634
246.40440146323382
247.8176706941261
249.2572143847794
250.79101812317433
252.55915317083867
254.77702935334258
257.81883202962393
262.37931031281414
272.7702829320085
288.0011716373947
1014.8
956.8156588410905
901.5253024552622
848.8331965780585
798.6459387730538
750.8724283174729
705.4238361239119
662.2135746985291
621.1572681361151
582.1727221524559
545.1798941543891
510.10086334800206
476.8598008853915
445.38294005044673
415.598546484111
387.4368884495914
360.83020713800505
335.71268701495643
312.020426208553
289.6914069393865
268.6654659930122
248.8842652354821
230.29126217249697
212.8316805527613
196.45248101614138
181.10233178724238
166.73157941504272
153.29221955923848
140.73786782397337
129.02373063965055
118.10657619354198
108.02988201000436
98.8129178173027
90.38233260927565
82.67103358892314
75.61765222642033
69.1660558723436
63.26490103939881
57.86722479755165
52.930071030775736
48.41414858107208
44.28351855918096
40.505308333523104
37.049449921219654
33.888440699238366
30.997124531342816
28.352491568995948
25.93349513298104
23.720884218436552
21.69705029033595
19.845887150171144
18.152662758621904
16.60390199414275
15.187279414429401
13.891521167332662
12.706315270601186
11.62222954643587
10.630636557757624
9.72364494881184
8.894036643700078
8.135209403048565
0.0
510.183786306954
1020.4221315892106
1530.6986357944245
2041.0046509744107
2551.3351022162306
3060.0226706405733
3570.281471021868
4080.5805614693536
4590.900292339292
5101.236918300368
5611.590150976799
6121.96085986293
6632.342428416668
7142.744116656691
7653.174050857845
8163.644991216397
8675.879624019193
9191.37308225758
9711.008607248332
10235.510463452203
10765.532976794058
11301.677095030658
11844.504959777947
12394.565056407455
12952.412384085399
13518.608469547185
14093.762482917271
14678.531558246412
15273.6567134237
15879.76294241625
16491.89766267518
17105.35240164579
17720.774167589592
18339.090691653884
18961.22281219683
19588.044479133587
20220.25823255095
20858.335299084843
21502.51595964328
22152.787698107426
22809.045052250538
23470.9387418045
24138.565573233693
24811.58338001754
25489.719997638123
26172.727029166468
26860.36598909638
27552.449100688926
28248.776955120276
28949.252984715265
29653.72264794932
30362.256839277456
31074.934475647588
31792.214090933685
32514.973258740778
33244.89873413056
33985.001616348185
34740.92997270584
35540.2799793212
36271.43051879536
385.13289299534335
385.40930752288887
384.7141178146764
383.67364723730384
382.4522761380733
381.13302542997553
379.77788099832344
418.5357100763747
417.4584022425072
416.27521124332253
415.0971000647765
413.9479687456828
412.8444379720937
411.78970116451995
411.06655182722426
410.1176800562694
409.21909763648705
408.4291293765936
407.87044854753424
407.49950496195197
407.2563685278818
407.1121907301634
407.045850667349
407.0421193678681
407.0876647724949
407.1728333880301
407.2907221943952
407.4340687467228
407.599709252953
407.785164218568
407.9890918691658
408.2086385046722
408.4414762550841
408.70690832786715
408.98170653682297
409.2617313839927
409.5397557354346
409.80707684138827
410.0559306191274
410.2801388992558
410.4776937991049
410.6493884256543
410.79831293722555
410.92833282232044
411.04417697748204
411.14925388636203
411.2474740150804
411.3407724663353
411.4309483768755
411.519657867636
411.60783658675757
411.69698687903735
411.78776998602325
411.88313881784524
411.98543155646166
412.1012878975564
412.24025770739195
412.41911376860537
412.666874478628
413.0765752971422
413.94952413310904
364.1130147343719
362.6132826457091
360.2188113791132
357.5480625258272
354.7595740727565
351.9316657313926
349.1222607442015
333.6401392039331
331.2523716643144
328.7985133163757
326.3925319070138
324.0599537707455
321.8182389459604
319.6709046989457
317.9007831242791
315.9504076710917
314.0954034658025
312.3935419416911
310.9667854426649
309.7707806596143
308.7446880041723
307.8586631111591
307.0905365408943
306.423948526789
305.8443944568908
305.3410026981727
304.9056059564764
304.5296671746289
304.2087187080762
303.9389917429667
303.7178865345103
303.5448672162505
303.4187023975919
303.3564853093251
303.3331510003899
303.3431716103288
303.3783498963153
303.4293560882626
303.4880425968314
303.5479441158686
303.6067015087607
303.6645398709271
303.7236488714909
303.7866002974653
303.8564386392304
303.934531335424
304.0224799759202
304.1197474549452
304.2256059534338
304.3392369854317
304.4592236176123
304.5849260014984
304.7151055976261
304.8511014085814
304.9939100984542
305.1491086737629
305.3254312362885
305.5390579129457
305.8185848644593
306.2567026201458
307.1539088931651
21.01987826097143
22.79602487717975
24.49530643556318
26.12558471147659
27.69270206531677
29.20135969858289
30.65562025412191
84.89557087244162
86.20603057819277
87.47669792694683
88.70456815776272
89.88801497493728
91.02619902613331
92.11879646557423
93.16576870294519
94.16727238517775
95.12369417068454
96.0355874349025
96.90366310486931
97.7287243023377
98.51168052370954
99.25352761900427
99.9553141264547
100.6181708410791
101.2432703156041
101.8318306898574
102.3851162379188
102.9044015720939
103.3909905448768
103.8461724756013
104.2712053346555
104.6637712884217
105.0227738574922
105.3504230185421
105.6485555364331
105.9185597736639
106.1614058391193
106.3777207531257
106.567888022296
106.7321947833872
106.8709922903442
106.9848485547272
107.0746640657346
107.1417325248551
107.1877383382516
107.214722550938
107.2249940391602
107.2210250113901
107.2053424234417
107.1804208822043
107.1486129691453
107.112060877539
107.0726643883971
107.0320374092638
106.9915214580075
106.9521792237935
106.9148264711034
106.8800558556597
106.8482896141687
106.8198726769964
106.7956152399439
429.5245483966933
425.0603628520835
420.8713916842958
416.970270909369
413.3563291176976
410.0188689704348
406.8958658431744
428.07900464783916
425.09661564346965
422.3673033974385
419.8793329008984
417.6212635408384
415.5924143077889
413.784008806711
412.44104806814823
411.0258934653447
409.8255152526416
408.9542851094809
408.3728954958619
407.96856442146964
407.68685375174596
407.50153287957863
407.393936449714
407.35011849075113
407.35777898603084
407.4076340392477
407.4935678118608
407.6078782080664
407.7478179825447
407.9104735426016
408.0946521481576
408.2971976743854
408.51568106275613
408.7691076854704
409.03389308681164
409.3057515793626
409.5772436871614
409.83919540012806
410.08373936333714
410.3045064978373
410.4992922787949
410.6687944399639
410.815948383926
410.9445283644045
411.0592175905399
411.1633426475381
411.26077156912515
411.35346672650877
411.44311197140934
411.53137924022315
411.6191971110149
411.7080857199718
411.79862549191245
411.893794424325
411.9959140491388
412.1116271696402
412.25047934505073
412.42924070558047
412.6769273063731
413.086574123118
413.9594924580207
129.2405740448633
122.8158780688633
116.7489205015462
111.0439719771485
105.6938662512669
100.6824225566754
95.94253604807523
58.01311537795655
53.47013701478414
49.23098443605866
45.28504711028629
41.6215207245334
38.24048321576774
35.13344701220739
32.54548734006781
29.93908692196503
27.60024194502265
25.6421463812564
24.02454278804969
22.63291640176572
21.41112089362959
20.33127550453274
19.37269517491868
18.5199066819631
17.75892684271524
17.07892963965734
16.47268395739279
15.93074634671118
15.44926632004967
15.02370189222882
14.65136765424266
14.3321154279082
14.06456140503161
13.86408516812428
13.70282864810119
13.57190850782184
13.45771438100519
13.34480607516539
13.21825576076755
13.06462688331975
12.87491293994169
12.64364292449622
12.36906160685444
12.0512292218585
11.69308719833572
11.29716324970651
10.86812933061384
10.40940731759267
9.924830755460972
9.418424568754556
8.893334843311614
8.352907751596733
7.798258247678642
7.231512116792622
6.651251849542586
6.056832700394417
5.443163302507651
4.796713393706312
4.075202594822803
3.151426240594894
0.0
300.28397435183
302.2444847832202
304.1224711827496
305.9262989322205
307.6624628664307
309.3364464137594
310.9533297950992
370.0658892698826
371.6264786286855
373.1363189613798
374.5942857906121
375.999742816305
377.3519310920211
378.6505617945036
379.8955607280804
381.0868065433797
382.2252733076189
383.3121387282245
384.3483527078122
385.3356480197039
386.2757328581164
387.1702573750459
388.0212412747953
388.830211808788
389.5988521433156
390.3287043995903
391.020883854468
391.6771318613552
392.298551662495
392.8867716503728
393.4432844939149
393.9650822464772
394.4511196577245
394.9050225173461
395.3310644387104
395.7338430715408
396.1195293061562
396.4943893249627
396.8654836025696
397.2398796145175
397.6243793388532
398.0251515154677
398.4468867770716
398.893299142546
399.3661303922042
399.8661793978316
400.3926422385113
400.9440594089161
401.5182812159484
402.1129546714686
402.7258622677033
403.3551779683751
404.0003672442338
404.6622823075324
405.3446621995962
406.0547944692458
406.8073160425431
407.6325273118742
408.6017247115503
409.9351478825231
413.9594924580207
44.391655401349965
39.651055329194605
36.15727386961939
33.296623672065294
30.90405297962431
28.885843540459405
27.11798484485098
9.5432945714644
7.6382134009624
6.09209215411596
4.782232836121921
3.673294795155641
2.7479763356951707
1.9943076421910746
1.3744962409240316
0.9082134090751879
0.6064176161544879
0.5251557328872991
0.5024469483277016
0.4690594595176094
0.4304852238641388
0.3893421494151994
0.3480857823650467
0.3079991228830181
0.2701142135358623
0.2348006512174834
0.20284561746558438
0.17380946134369424
0.14810872959168364
0.12530932403370798
0.10556027899178844
0.08855916971310762
0.07420480767200388
0.062199357603219596
0.05218654998856209
0.04402019536996704
0.03748795172668906
0.0321185587397963
0.027808744209835368
0.024367598581363836
0.02159847968999884
0.019406014309481634
0.017635446700467128
0.016195542084119552
0.015040613057919927
0.014088761176083153
0.013297554044811477
0.012694260173532257
0.012163594533888045
0.011721372587203405
0.011360524257327143
0.011098840934266718
0.010855505889196593
0.010655606479758717
0.0104824926769993
0.010339272083797368
0.010221637658901273
0.010126936975098033
0.010052827745084869
0.009998825975799264
0.009968324911653781
234.8724406895086
239.7974045768458
243.469890877567
246.5040905486787
249.0657078214896
251.2492431747171
253.1797246961263
275.6270238259766
277.7822346495303
279.567528880317
281.1074847967275
282.4384330462121
283.5777557301926
284.5374576867383
285.3552957842112
286.0113207491267
286.4951615207799
286.7513955604347
286.9422426546153
287.1378642578486
287.3335671105428
287.5273876066264
287.7178413659756
287.9040418448259
288.0854676141756
288.2620730585154
288.4329219990836
288.5989208279177
288.7594523880265
288.9152898507378
289.0665188802676
289.2127517883423
289.3541409925603
289.4924001412008
289.6303223522887
289.7712631025069
289.9206355153101
290.0845500130973
290.2697868360639
290.4833172325488
290.731788568819
291.0208969464309
291.3545872646365
291.7353710756068
292.1633514408946
292.6373680857175
293.1543506453063
293.7103401373525
294.3007751979728
294.9208124166771
295.5658887743007
296.2320182499017
296.9168473499475
297.6195892917888
298.3426582489116
299.0922759733685
299.8822679337809
300.7423445192394
301.7433822696365
303.1052763795509
307.1539088931651
279.2640960908586
279.4484599060404
279.6271647471864
279.800714220744
279.9697608011139
280.1350867151765
280.2977095409773
285.170318397441
285.4204480504927
285.659621034433
285.8897176328494
286.1117278413677
286.3257320658878
286.5317653289294
286.7297920251352
286.9195341582019
287.1015791369344
287.276551293322
287.444689602943
287.6069237173662
287.7640523344069
287.9167297560416
288.0659271483406
288.2120409677089
288.3555818277115
288.4968737097329
288.6357676165492
288.7727302892614
288.9075611176182
289.0405991747715
289.1720791592594
289.3013109580554
289.4283458002323
289.554599498804
289.6825089022773
289.8152832978769
289.9581234670368
290.1166685718371
290.2975955802737
290.5076848311302
290.753387048509
291.0403029607404
291.372222711337
291.7515666176909
292.1783920539525
292.6514568468936
293.1676481993511
293.723034397526
294.3129387925067
294.9325337892643
295.577249298558
296.243117090836
296.9277028558367
297.6302448982686
298.3531407415886
299.1026152454523
299.8924895714398
300.7524714562145
301.7534350973816
303.1152752055267
307.1638772180768
-0.6895006662128529
-0.5329128950686761
-0.4578577639275464
-0.402042148946978
-0.35627517482401383
-0.3280403438387157
-3.4296398497100187
-0.3913028796048112
-0.3344585515768396
-0.29859147613434467
-0.2665824413890662
-0.23473297111114902
-0.20190655817738218
-0.1754636931796421
-0.13960273810194251
-0.0956345603463058
-0.027254607313704993
-0.008040483260634008
-0.012574944570294497
-0.015415353671285395
-0.01752970547223409
-0.018660580302858706
-0.0193212177896388
-0.019464594949497704
-0.0193528625014147
-0.018698187849321105
-0.018171728127025194
-0.017177128772881897
-0.016402756163290594
-0.015126372984727701
-0.0141969731117437
-0.013100118238774897
-0.011922092050849986
-0.010839675653692787
-0.009588885946871878
-0.008375933002319202
-0.007871113196175505
-0.0061539546451869764
-0.005860195604013019
-0.005298068640365194
-0.004019839314311158
-0.0018732400671235272
-0.00404245027319361
-0.0020035728696250477
-0.0012825844624730909
-0.004827217799567851
-0.0016929507640581765
0.0020450169309618182
0.004679528031426017
0.0020453339281840677
-0.012451406389756059
-0.001970361650352803
0.02108925118037952
-0.01353908775903534
0.02586790953573903
-0.03042582631000812
0.015556924896364954
-0.02564361894750533
0.0015927383736187295
0.5578047781630815
0.0
-0.7163351724684746
-0.560189220352002
-0.485649061124891
-0.4304718220517969
-0.3854757173389887
-0.3582359497620462
-4.381281446576083
-0.4427247835041828
-0.3862257926327679
-0.3510869669074066
-0.3199908322302013
-0.289065192866483
-0.257139573111766
-0.2315807882753646
-0.1964654098051854
-0.1533683363711465
-0.0860367540083884
-0.0679364734979687
-0.0738875247328249
-0.0784992790788874
-0.0826363264382619
-0.086390096889741
-0.0899437339999105
-0.093417932656936
-0.0970321016914295
-0.1002667034382825
-0.1041718539667407
-0.1078425346362772
-0.112198103272732
-0.1168287320215567
-0.122391424820021
-0.1293755777414922
-0.138312078719468
-0.1508448957381619
-0.1685245457915583
-0.1952662386700589
-0.2342633287494855
-0.2894305997095973
-0.3647598306047811
-0.4640382417999319
-0.5902939494624836
-0.7448716398708324
-0.9292797797851932
-1.141884123235052
-1.382680886922256
-1.64867266780883
-1.938453142920224
-2.250562304191698
-2.583847272531707
-2.938937722547698
-3.317936633338697
-3.729252767726055
-4.183749436966462
-4.706300865729871
-5.334208603647201
-6.145864747815698
-7.315224008237131
-9.3083164367205
-13.84503961903208
-44.9976048806527
0.0
0.0268345062556217
0.0272763252833259
0.0277912971973446
0.0284296731048189
0.0292005425149749
0.0301956059233305
0.9516415968660644
0.0514219038993716
0.0517672410559283
0.0524954907730619
0.0534083908411351
0.054332221755334
0.0552330149343838
0.0561170950957225
0.0568626717032429
0.0577337760248407
0.0587821466946834
0.0598959902373347
0.0613125801625304
0.063083925407602
0.0651066209660278
0.0677295165868823
0.0706225162102717
0.0739533377074383
0.0776792391900148
0.0815685155889614
0.0860001258397155
0.0906654058633953
0.0957953471094414
0.101702359036829
0.1081944517082773
0.1162754595027173
0.126389986668618
0.1400052200844691
0.1589356598446864
0.1868903056677397
0.22639221555331
0.2832766450644103
0.3588996350007681
0.4587401731595667
0.5862741101481724
0.7429983998037089
0.9252373295119996
1.139880550365427
1.381398302459783
1.643845450009262
1.936760192156166
2.25260732112266
2.588526800563133
2.940983056475882
3.305485226948941
3.727282406075702
4.204838688146841
4.692761777970835
5.36007651318294
6.11543892150569
7.330780933133496
9.282672817772994
13.8466323574057
45.55540965881578
0.0
1.0
1.0
1.0
1.0
1.0
1.0
1.0
1.0
1.0
1.0
1.0
1.0
1.0
1.0
1.0
1.0
1.0
0.0
0.0
0.0
0.0
0.0
0.0
0.0
0.0
0.0
0.0
0.0
0.0
0.0
0.0
0.0
0.0
0.0
0.0
0.0
0.0
0.0
0.0
0.0
0.0
0.0
0.0
0.0
0.0
0.0
0.0
0.0
0.0
0.0
0.0
0.0
0.0
0.0
0.0
0.0
0.0
0.0
0.0
0.0
0.0
1.0
1.0
1.0
1.0
1.0
1.0
1.0
1.0
1.0
1.0
1.0
1.0
1.0
1.0
1.0
1.0
0.9299999999999999
0.9299999999999999
0.9299999999999999
0.9299999999999999
0.9299999999999999
0.9299999999999999
0.9299999999999999
0.9299999999999999
0.9299999999999999
0.9299999999999999
0.9299999999999999
0.9299999999999999
0.9299999999999999
0.9299999999999999
0.9299999999999999
0.9299999999999999
0.9299999999999999
0.9299999999999999
0.9299999999999999
0.9299999999999999
0.9299999999999999
0.9299999999999999
0.9299999999999999
0.9299999999999999
0.9299999999999999
0.9299999999999999
0.9299999999999999
0.9299999999999999
0.9299999999999999
1.0
1.0
1.0
1.0
1.0
1.0
1.0
1.0
1.0
1.0
1.0
1.0
1.0
1.0
1.0
1.0
1.0
1.0
1.0
1.0
1.0
1.0
1.0
1.0
1.0
1.0
1.0
1.0
1.0
8.333333333333333e-08
7.321528310409742e-08
6.375648162481555e-08
5.5028356725415244e-08
4.7074785505125204e-08
3.9914414251084735e-08
3.3543685336136324e-08
2.7940321244442724e-08
2.3067026758463026e-08
1.88751950563724e-08
1.530843807815516e-08
1.2305801913119026e-08
9.80457025181493e-09
7.742599764441595e-09
6.060167973418856e-09
4.701344958648112e-09
3.6149240706347762e-09
2.7549634748510877e-09
2.081000170189679e-09
1.5580019277163623e-09
1.1561214802106257e-09
8.503124823124018e-10
6.198594737240543e-10
4.4786542517980825e-10
3.2073136646754493e-10
2.276538174078267e-10
1.6015778150545853e-10
1.1167623300356807e-10
7.718147474038282e-11
5.286947448280241e-11
6.944444444444444e-17
6.944444444444444e-17
6.944444444444444e-17
6.944444444444444e-17
6.944444444444444e-17
6.944444444444444e-17
6.944444444444444e-17
6.944444444444444e-17
6.944444444444444e-17
6.944444444444444e-17
6.944444444444444e-17
6.944444444444444e-17
6.944444444444444e-17
6.944444444444444e-17
6.944444444444444e-17
6.944444444444444e-17
6.944444444444444e-17
6.944444444444444e-17
6.944444444444444e-17
6.944444444444444e-17
6.944444444444444e-17
6.944444444444444e-17
6.944444444444444e-17
6.944444444444444e-17
6.944444444444444e-17
6.944444444444444e-17
6.944444444444444e-17
6.944444444444444e-17
6.944444444444444e-17
6.944444444444444e-17
0.0004
0.0004
0.0004
0.0004
0.0004
0.0004
0.0004
0.0004
0.0004
0.0004
0.0004
0.0004
0.0004
0.0004
0.0004
0.0004
0.0004
0.0004
0.0004
0.0004
0.0004
0.0004
0.0004
0.0004
0.0004
0.0004
0.0004
0.0004
0.0004
0.0004
0.0004
0.0004
0.0004
0.0004
0.0004
0.0004
0.0004
0.0004
0.0004
0.0004
0.0004
0.0004
0.0004
0.0004
0.0004
0.0004
0.0004
0.0004
0.0004
0.0004
0.0004
0.0004
0.0004
0.0004
0.0004
0.0004
0.0004
0.0004
0.0004
0.0004
1.7322297340509496e-42
2.7274300498348094e-40
3.38520592634022e-38
3.340078856607049e-36
2.6414104914533314e-34
1.6877252204372024e-32
8.781045306822986e-31
3.748653514062508e-29
1.32284844300314e-27
3.886762068681088e-26
9.575548548264268e-25
1.9916384562026333e-23
3.52063842183636e-22
5.3236580002712434e-21
6.929665890714154e-20
7.812436607437913e-19
7.673889661624742e-18
6.605526581708447e-17
5.010678755372086e-16
3.3677878804921295e-15
2.016240572836122e-14
1.0807107709161197e-13
5.211910360899798e-13
2.272413655476346e-12
8.999045364777151e-12
3.251424780964944e-11
1.0764749255869143e-10
3.2795023463072254e-10
9.230897163259248e-10
2.4099511013495653e-09
5.857828593806157e-09
1.3213918960294605e-08
2.7633405007069234e-08
5.3920172025920165e-08
9.875273391228389e-08
1.7067733880002653e-07
2.797557622786115e-07
4.368406055621806e-07
6.525360147202993e-07
9.359808135353098e-07
1.2936405261121315e-06
1.728301321926677e-06
2.2384230140155095e-06
2.817942175284456e-06
3.4565386949396677e-06
4.140307937712861e-06
4.852729305151746e-06
5.5757964639105736e-06
6.291174056112218e-06
6.9812648359926294e-06
7.630102165964341e-06
8.224017955918322e-06
8.752069248231644e-06
9.206233706238e-06
9.581403382162219e-06
9.875217192366786e-06
1.0087776549697575e-05
1.0221287231573557e-05
1.0279665583444358e-05
1.0268140200657238e-05
3.06e-07
3.06e-07
3.06e-07
3.06e-07
3.06e-07
3.06e-07
3.06e-07
3.06e-07
3.06e-07
3.06e-07
3.06e-07
3.06e-07
3.06e-07
3.06e-07
3.06e-07
3.06e-07
3.06e-07
3.06e-07
3.06e-07
3.06e-07
3.06e-07
3.06e-07
3.06e-07
3.06e-07
3.06e-07
3.06e-07
3.06e-07
3.06e-07
3.06e-07
3.06e-07
3.06e-07
3.06e-07
3.06e-07
3.06e-07
3.06e-07
3.06e-07
3.06e-07
3.06e-07
3.06e-07
3.06e-07
3.06e-07
3.06e-07
3.06e-07
3.06e-07
3.06e-07
3.06e-07
3.06e-07
3.06e-07
3.06e-07
3.06e-07
3.06e-07
3.06e-07
3.06e-07
3.06e-07
3.06e-07
3.06e-07
3.06e-07
3.06e-07
3.06e-07
3.06e-07
0.0
0.0
0.0
0.0
0.0
0.0
0.0
0.0
0.0
0.0
0.0
0.0
0.0
0.0
0.0
0.0
0.0
0.0
0.0
0.0
0.0
0.0
0.0
0.0
0.0
0.0
0.0
0.0
0.0
0.0
0.0
0.0
0.0
0.0
0.0
0.0
0.0
0.0
0.0
0.0
0.0
0.0
0.0
0.0
0.0
0.0
0.0
0.0
0.0
0.0
0.0
0.0
0.0
0.0
0.0
0.0
0.0
0.0
0.0
0.0
1.65e-06
1.65e-06
1.65e-06
1.65e-06
1.65e-06
1.65e-06
1.65e-06
1.65e-06
1.65e-06
1.65e-06
1.65e-06
1.65e-06
1.65e-06
1.65e-06
1.65e-06
1.65e-06
1.65e-06
1.65e-06
1.65e-06
1.65e-06
1.65e-06
1.65e-06
1.65e-06
1.65e-06
1.65e-06
1.65e-06
1.65e-06
1.65e-06
1.65e-06
1.65e-06
1.65e-06
1.65e-06
1.65e-06
1.65e-06
1.65e-06
1.65e-06
1.65e-06
1.65e-06
1.65e-06
1.65e-06
1.65e-06
1.65e-06
1.65e-06
1.65e-06
1.65e-06
1.65e-06
1.65e-06
1.65e-06
1.65e-06
1.65e-06
1.65e-06
1.65e-06
1.65e-06
1.65e-06
1.65e-06
1.65e-06
1.65e-06
1.65e-06
1.65e-06
1.65e-06
0.0
0.0
0.0
0.0
0.0
0.0
0.0
0.0
0.0
0.0
0.0
0.0
0.0
0.0
0.0
0.0
0.0
0.0
0.0
0.0
0.0
0.0
0.0
0.0
0.0
0.0
0.0
0.0
0.0
0.0
0.0
0.0
0.0
0.0
0.0
0.0
0.0
0.0
0.0
0.0
0.0
0.0
0.0
0.0
0.0
0.0
0.0
0.0
0.0
0.0
0.0
0.0
0.0
0.0
0.0
0.0
0.0
0.0
0.0
0.0
0.0
0.0
0.0
0.0
0.0
0.0
0.0
0.0
0.0
0.0
0.0
0.0
0.0
0.0
0.0
0.0
0.0
0.0
0.0
0.0
0.0
0.0
0.0
0.0
0.0
0.0
0.0
0.0
0.0
0.0
0.0
0.0
0.0
0.0
0.0
0.0
0.0
0.0
0.0
0.0
0.0
0.0
0.0
0.0
0.0
0.0
0.0
0.0
0.0
0.0
0.0
0.0
0.0
0.0
0.0
0.0
0.0
0.0
0.0
0.0
2
2
1
283.0789909592414
0.009968324911653781
0.0
0.0
16.0
6.7
1.0
2.0
3.0
4.0
5.0
6.0
7.0
8.0
9.0
10.0
11.0
12.0
13.0
14.0
15.0
16.0
17.0
18.0
19.0
20.0
21.0
22.0
23.0
24.0
25.0
26.0
27.0
28.0
29.0
30.0
31.0
32.0
33.0
34.0
35.0
36.0
37.0
38.0
39.0
40.0
41.0
42.0
43.0
44.0
45.0
46.0
47.0
48.0
49.0
50.0
51.0
52.0
53.0
54.0
55.0
56.0
57.0
58.0
59.0
60.0
0.0
0.0
0.0
0.0
0.0
0.0
0.66
0.0
0.0
0.0
0.0
0.0
0.0
0.0
0.0
0.0
0.0
0.0
0.0
0.0
0.0
0.0
0.0
0.0
0.0
0.0
0.0
0.0
0.0
0.0
0.0
0.0
0.0
0.0
0.0
0.0
0.0
0.0
0.0
0.0
0.0
0.0
0.0
0.0
0.0
0.0
0.0
0.0
0.0
0.0
0.0
0.0
0.0
0.0
0.0
0.0
0.0
0.0
0.0
0.0
0.0
0.0
0.0
0.0
0.0
0.0
3.0
0.0
0.0
0.0
0.0
0.0
0.0
0.0
0.0
0.0
0.0
0.0
0.0
0.0
0.0
0.0
0.0
0.0
0.0
0.0
0.0
0.0
0.0
0.0
0.0
0.0
0.0
0.0
0.0
0.0
0.0
0.0
0.0
0.0
0.0
0.0
0.0
0.0
0.0
0.0
0.0
0.0
0.0
0.0
0.0
0.0
0.0
0.0
0.0
0.0
0.0
0.0
0.0
0.0
0.0
0.0
0.0
0.0
0.0
0.0
0.5
0.0
0.0
0.0
0.0
0.0
0.0
0.0
0.0
0.0
0.0
0.0
0.0
0.0
0.0
0.0
0.0
0.0
0.0
0.0
0.0
0.0
0.0
0.0
0.0
0.0
0.0
0.0
0.0
0.0
0.0
0.0
0.0
0.0
0.0
0.0
0.0
0.0
0.0
0.0
0.0
0.0
0.0
0.0
0.0
0.0
0.0
0.0
0.0
0.0
0.0
0.0
0.0
0.0
0.0
