9.81
6.022e+23
0
0
0
3
0
1
329.34181081662535
2
2
0
0
1
1
0
1
60
7
1014.8
1.607


3
3
0
72.38857731909356
2
9.0
150.0
1000.0
287.04
9.81
79000.0
40.0
20000.0
0.0
0.0
0.0
0.0
0.0280134
0.04401
0.0319988
0.039948
0.01604
0.01801528
0.048
99000.0
2.1153802199668344e+29
0.8
1e-06
1000000.0
0.6
3.0
0.0001
1000
29
3.172660323897839
0
1
3
1.0
1
0
1
1
0.02
1000000000000.0
1
328.64408984230556
323.69185658560724
318.3751895634367
312.99518859910637
307.63834400047415
302.3564485452101
297.1690593662018
292.0706309193092
287.03922526471985
282.0408724422014
277.0520985310343
272.0669733688813
266.18689913212836
261.4690941257972
256.5380752349658
251.6081114674822
246.71347257917137
241.84617265821618
236.98884491927876
232.1451882262153
227.31288754422073
222.50153320418235
217.7227054470415
212.96149351726132
208.24600329884987
203.55477514162266
198.89337806729574
194.27444265635134
189.68704918309726
184.54748569273963
196.67113810796133
200.62194332985143
203.46378815727005
205.88232861610655
208.212681510278
210.55563385800804
212.95110934948238
215.38502954355582
217.81923434274336
220.2119232991921
222.50683728187232
224.70809642312804
226.77225459903917
228.73557513877935
230.5690269570854
232.29645030160117
233.91125914961495
235.47974419532312
236.93372731229772
238.2830537014824
239.58625978699112
240.82571548362847
242.08357321988376
243.34201097906802
244.69423926410727
246.19006211123965
248.0588390378128
250.8332975206704
255.7138140094331
267.3943067065401
985.8078294205452
929.1704806481764
875.1792495166603
823.7395676755561
774.7591835452633
728.1481322206923
683.8187054112204
641.6854214173221
601.6649951442855
563.6763081534225
527.6403787511956
493.4803321166968
461.1213704679191
430.49074326727884
401.5177174668512
374.13354779379824
348.27144707648074
323.86655661175473
300.85591657396975
279.1784364661994
258.7748656142472
239.58776370398954
221.56147136262913
204.64208078445134
188.77740640169188
173.91695560114255
160.0118994871406
147.0150436916059
134.88079923181198
123.56515341659627
113.06822910177317
103.42139991365353
94.59762521328918
86.52668309909939
79.14434290767173
72.39185404938198
66.2154784558712
60.566062918475225
55.39864791416369
50.67210980592391
46.348833570126516
42.39441344635203
38.777379127371375
35.46894531022901
32.44278261529059
29.674808050169382
27.142993350988494
24.827189675708794
22.708967254386252
20.771468720253548
18.999274954396526
17.378282376382327
15.895590704286075
14.539400290881032
13.298918218966925
12.164272408518528
11.126433052096747
10.177140753284732
9.308840796255959
8.514623023374321
295.5228366318811
885.3085911415058
1472.483554693711
2056.944322121277
2638.715214799239
3217.8902315279133
3794.5806209463663
4368.87469496441
4940.808070309977
5510.359285860066
6077.475718170889
6641.148717459
7201.579289937237
7759.685713394461
8315.169289335747
8867.992343632508
9418.144743852015
9965.586800369747
10510.261270473095
11052.109769497507
11591.079922724379
12127.142581830722
12660.262742860974
13190.42067062245
13717.603575265326
14241.777569627306
14762.931141345693
15281.05415739776
15795.31146145162
16329.073836921485
16892.845385537716
17468.8264300055
18052.304241475817
18642.55145549334
19239.461436699414
19843.127483295837
20453.679677119122
21071.173298280995
21695.54934394511
22326.609083937365
22964.0793910691
23607.631157066004
24256.925034065836
24911.632049507476
25571.415703031103
26235.964299301384
26905.051153760513
27578.446758331746
28255.83883110746
28937.01235886736
29621.811096073252
30310.17014107391
31002.11589047856
31697.783198128767
32397.510539469247
33102.03414685822
33813.176779432586
34535.231761915864
35280.89395027281
29750.0
1.2083817215540284e+24
1.1522396340029291e+24
1.0980926287961995e+24
1.0458921111181598e+24
9.955901137306276e+23
9.471392962205574e+23
9.004929442400112e+23
8.556049687376111e+23
8.124299051813578e+23
7.709229127731061e+23
7.310397736537112e+23
6.927368920994009e+23
6.559712937085388e+23
6.207006245789061e+23
5.8688315047518377e+23
5.5447775598626366e+23
5.234439436722621e+23
4.937418332009425e+23
4.653321604731652e+23
4.381762767372445e+23
4.1223614769169925e+23
3.874743525762576e+23
3.638540832506727e+23
3.413391432610348e+23
3.198939468932488e+23
2.994835182132102e+23
2.8007349009337698e+23
2.6163010322526454e+23
2.441202051174308e+23
2.275112490785433e+23
2.099962303909993e+23
1.9207963453711375e+23
1.7569165853699338e+23
1.6070188260127692e+23
1.4699101418156962e+23
1.3444993860921102e+23
1.2297885073227274e+23
1.1248646064011282e+23
1.0288926715444699e+23
9.41108933051818e+22
8.608147850255597e+22
7.873712256833963e+22
7.2019377201538795e+22
6.58747808315659e+22
6.025443315711079e+22
5.511360598478068e+22
5.0411387270468504e+22
4.611035553062728e+22
4.217628203234118e+22
3.857785839213596e+22
3.5286447415694375e+22
3.227585519559005e+22
2.9522122653338054e+22
2.700333486679621e+22
2.4699446665495278e+22
2.2592123105942128e+22
2.0664593557355814e+22
1.8901518236610363e+22
1.7288866130238602e+22
1.5813803331965176e+22
-10.10843024786807
-4.7201308868868
-4.921140215188397
-6.191000357275519
-7.337271541693302
-7.767881944113564
-7.354862779246957
-6.267549459667633
-4.820732031637239
-3.393960889008904
-2.207624381415734
-1.3612280713726645
-11.84674223488274
-5.173951951111807
-4.4109651468554905
-3.8651449200731576
-3.29256460719269
-2.7522448769624632
-2.3441233848342424
-2.033977937529954
-1.822423868238988
-1.6515558816442422
-1.466843844775112
-1.3342766743525523
-1.1385733097044373
-0.9713168350485292
-0.8109963541544805
-0.6189969560252588
-0.4577730273378093
-1.343078494755874
0.013401043755375524
0.01681546969681308
0.01732695883289648
0.016293652939622906
0.014346333655158562
0.012239477108104517
0.010236246757663282
0.008227383631793535
0.006633624692519952
0.005304439435947796
0.0042730512570532345
0.0034498506669808516
0.0027303523064160463
0.0022542397837320635
0.001741550392915511
0.0014809515666517098
0.0011182888666127328
0.0009842264553993907
0.0008093445053726916
0.0006467076314167425
0.0005532513777892333
0.00046140253409143056
0.0003481812671269431
0.00031742626460612607
0.00023646206798294192
0.00020931991294349561
0.00016827485853952988
0.0001197475063718176
3.006787952832677e-05
5.536237300516698e-05
-10.108587544049001
-4.72032479923169
-4.9212545480114755
-6.191095213730051
-7.3373663449208095
-7.7679159558320805
-7.354836452185566
-6.2674840122676585
-4.820715678430986
-3.39427779548123
-2.207750959153003
-1.361337430184335
-11.846709315930397
-5.1739951544793
-4.41100581697512
-3.865169551595983
-3.29259084222042
-2.752276127465592
-2.3441465337589023
-2.0339879846866893
-1.8224293094926907
-1.6515591503683993
-1.4668397385140963
-1.3342668956260013
-1.138551788246815
-0.9712838617205932
-0.8109475693140951
-0.6189076943115026
-0.4576438403550185
-1.3427350903236857
0.01315976703071442
0.016523045283378224
0.017023074797691606
0.01603321251459988
0.01411034599820482
0.012035781302301984
0.010058822127803069
0.008082146254309919
0.006534035943019489
0.005222879196281838
0.004188277350181124
0.003368770817388622
0.0026965186285394793
0.002179015109561533
0.001728371017406971
0.001452392811415848
0.001120294829405566
0.0009662533063874434
0.0008017545546010751
0.0006464061794986264
0.0005488969505051955
0.00032900911480737705
0.0003300923721951676
0.00030742992180421425
0.00023624306498959413
0.00020251735401188853
0.00016160284218358356
0.00011550241450208887
4.957119810455879e-05
4.813087841171182e-05
0.00021861923898076915
0.00020612762236965162
0.0001942163732210063
0.00018286486741969727
0.00017205298319831198
0.00016176109464959408
0.00015197006524665397
0.00014266124137103582
0.00013381644584872988
0.00012541797149421828
0.00011744857466264174
0.00010989146881018284
0.00010273031806275661
9.59492307931082e-05
8.953275320641523e-05
8.346586293449628e-05
7.773396263873077e-05
7.232287362179634e-05
6.721882944833375e-05
6.240846957465214e-05
5.787883298758973e-05
5.361735185264979e-05
4.9611845171533396e-05
4.585051244919476e-05
4.232192737054871e-05
3.9015031486962646e-05
3.591912791267079e-05
3.302387503125118e-05
3.0319280212310938e-05
2.7795693538529907e-05
2.544380154321677e-05
2.327297062693086e-05
2.1287352083847067e-05
1.9471143843463342e-05
1.780989204667322e-05
1.6290376018183365e-05
1.4900503052929758e-05
1.3629212179175247e-05
1.2466386132410165e-05
1.1402770839521332e-05
1.0429901772463405e-05
9.540036585335939e-06
8.726093498774367e-06
7.98159494130189e-06
7.300615999125362e-06
6.677737264125244e-06
6.108001704791652e-06
5.58687521687406e-06
5.110210539796547e-06
4.674214251675919e-06
4.275416580280491e-06
3.9106437896772475e-06
3.5769929228131294e-06
3.271808699025283e-06
2.992662382624668e-06
2.737332454383679e-06
2.5037869321064446e-06
2.2901671995842683e-06
2.09477321524285e-06
1.916049982767822e-06
-57.9843411589095
-55.290356385828204
-52.692105877203744
-50.18725780500472
-47.77351045558089
-45.44859219356101
-43.21026142538278
-41.056306562413965
-38.984545983659245
-36.99282799806679
-35.07903080638704
-33.24106246261056
-31.476860834944773
-29.784393566335723
-28.161658034519633
-26.60668131158633
-25.11752012304862
-23.692260806403453
-22.32901926916645
-21.025940946374305
-19.781200757530115
-18.593003062985133
-17.459581619735673
-16.37919953661992
-15.350149228899
-14.37075237219966
-13.439359855804241
-12.5543517352651
-11.714137184322823
-10.917154446108569
-10.076694183537626
-9.216964192701653
-8.430585208027054
-7.711299020352513
-7.053381362502805
-6.451596354076727
-5.901154832944798
-5.397676241847158
-4.937153766775914
-4.515922449703659
-4.130630021891115
-3.7782102256578582
-3.4558584123034493
-3.1610092219812884
-2.8913161678955497
-2.6446329623468685
-2.4189964360149077
-2.212610914544488
-2.0238339281006006
-1.8511631401648074
-1.69322439154924
-1.5487607644791552
-1.4166225797133478
-1.2957582470967388
-1.1852058967314765
-1.0840857241653161
-0.9915929886782457
-0.9069916089457841
-0.829608305111762
-0.7588272406515131
329.34140721187646
324.0219961525026
318.72526363070324
313.4528468085629
308.20496981700705
302.9809707403596
297.77981951589095
292.6005437308275
287.44252618356614
282.30574297460726
277.1906043036645
272.09764719301245
267.0444903164785
262.00989688840417
256.9985746942485
252.01119252146106
247.0477597169068
242.1084493175099
237.19380269958762
232.30430885564962
227.44052971714822
222.60284609756593
217.79140185323405
213.00668319902138
210.60399379912428
205.90062602906917
201.22430397616301
196.58412346064807
191.9809399642948
187.37372214976938
190.60677906999297
198.6403334871486
202.03523202447843
204.6648516540427
207.0393357233147
209.3764156112619
211.7462214439741
214.161655712335
216.59648042818822
219.01060888702682
221.35502932817892
223.6036457225432
225.7368217439994
227.7509656814242
229.64971684967168
231.43043474421017
233.1018201528952
234.69369206426808
236.205060080622
237.60688986082977
238.9333000655738
240.20490446747604
241.45374350185534
242.71184159974263
244.01724199591243
245.44136846069694
247.1237410548399
249.44547768480595
253.2731716114643
261.5538040418985
273.2342820372231
1014.8
956.8156588410905
901.5253024552622
848.8331965780585
798.6459387730538
750.8724283174729
705.4238361239119
662.2135746985291
621.1572681361151
582.1727221524559
545.1798941543891
510.10086334800206
476.8598008853915
445.38294005044673
415.598546484111
387.4368884495914
360.83020713800505
335.71268701495643
312.020426208553
289.6914069393865
268.6654659930122
248.8842652354821
230.29126217249697
212.8316805527613
196.45248101614138
181.10233178724238
166.73157941504272
153.29221955923848
140.73786782397337
129.02373063965055
118.10657619354198
108.02988201000436
98.8129178173027
90.38233260927565
82.67103358892314
75.61765222642033
69.1660558723436
63.26490103939881
57.86722479755165
52.930071030775736
48.41414858107208
44.28351855918096
40.505308333523104
37.049449921219654
33.888440699238366
30.997124531342816
28.352491568995948
25.93349513298104
23.720884218436552
21.69705029033595
19.845887150171144
18.152662758621904
16.60390199414275
15.187279414429401
13.891521167332662
12.706315270601186
11.62222954643587
10.630636557757624
9.72364494881184
8.894036643700078
8.135209403048565
0.0
591.0456732637622
1179.5715090192493
1765.3956003681728
2348.493043874381
2928.937385724098
3506.8430773317286
4082.3181645610034
4655.431225367817
5226.184915252135
5794.533656467997
6360.417779873781
6921.879655044219
7481.278924830256
8038.0925019586675
8592.246076712827
9143.73861055219
9692.550877151843
10238.62272358765
10781.899817358539
11322.319721636473
11859.840123812284
12394.44503984916
12926.080445872789
13454.760895372112
13980.446255158542
14503.10888409607
15022.753398595314
15539.354916200205
16051.268006703032
16606.879667139936
17178.81110393549
17758.84175607551
18345.766726876125
18939.33618411055
19539.586689288273
20146.668277303397
20760.691076934843
21381.655519627147
22009.443168263075
22643.774999611658
23284.383782526544
23930.878531605467
24582.971536526205
25240.292562488747
25902.538843573464
26569.389755029304
27240.71255249172
27916.180964171774
28595.496698043145
29278.528019691577
29965.094172454927
30655.246109692893
31348.985671264225
32046.58072499331
32748.440353945185
33455.62793977126
34170.725619093915
34899.73790473781
35662.04999580781
36359.322644861146
676.2806430691849
646.337550491599
611.2272167743757
576.7516288593928
544.1268021142093
513.7539787728497
485.79800844659997
460.2450141778056
437.0632603217346
416.1892501837964
397.48624935333925
380.7449031418883
365.87264459111475
481.28370877270515
470.9755708511471
461.31547690279046
452.7225315033681
445.1720653633298
438.6032195513596
432.8752626663409
427.9215128081471
423.6462538506712
419.9397203026523
416.7733956743505
414.5496137213804
412.2050150174902
410.2128262205664
408.5505911618146
407.175807563081
406.0463472005746
405.5973644345455
406.6698236971713
407.37460971528003
407.9854051300744
408.5371762151139
409.0478724206571
409.5226447188232
409.9590993087435
410.35366554905477
410.7021726108378
411.0033369952202
411.2589574173833
411.4731965401121
411.65139929455347
411.79938128081574
411.9218153386985
412.0228274189657
412.1057073236458
412.1737914894341
412.2304734297185
412.2789260418108
412.3230988767665
412.3656575830802
412.41106918928983
412.4621641886773
412.5242788574494
412.6035326437826
412.71570886941856
412.89665188476465
413.2458117325096
413.9695404920584
667.1103695712759
636.5163951812564
600.7514935760018
565.6389011756341
532.400412414759
501.4390167253651
472.9202186276632
446.8304609031787
423.1366994757463
401.7743469332965
382.6067142253175
365.4240470334565
350.1328193455084
302.4555806633987
292.7712627058582
283.1627871560074
274.3493544589698
266.4281042886859
259.4030066099956
253.1743356847545
247.7002475900161
242.901304145243
238.6804955385672
235.0148571031488
232.3122646679824
229.5117772501573
227.0866034913977
225.0142213683151
223.252222386976
221.7582287215104
220.9672237564952
221.7204604938839
222.1336251610956
222.4787791339549
222.7900212024859
223.084785444415
223.3681954039474
223.6382276782039
223.891941437715
224.125850892466
224.3391891680842
224.5338979560477
224.7137442294097
224.8830312584418
225.0458841230858
225.2046965774661
225.360845403774
225.5145487369653
225.6659194106134
225.8151200182607
225.962231400911
226.1083624188579
226.2536618649087
226.4004548432024
226.5498056747485
226.7056691066887
226.873127742664
227.0672434770733
227.3234016655024
227.7407765887962
228.5249217519313
9.170273497908978
9.821155310342668
10.47572319837387
11.1127276837586
11.72638969945039
12.31496204748463
12.87778981893676
13.41455327462693
13.92656084598831
14.41490325049987
14.87953512802174
15.32085610843181
15.73982524560638
178.8281281093065
178.2043081452889
178.152689746783
178.3731770443983
178.7439610746439
179.200212941364
179.7009269815864
180.221265218131
180.7449497054282
181.2592247640851
181.7585385712017
182.237349053398
182.6932377673329
183.1262227291687
183.5363697934995
183.923585176105
184.2881184790642
184.6301406780503
184.9493632032874
185.2409845541844
185.5066259961195
185.747155012628
185.9630869762421
186.1544493148758
186.3208716305396
186.4617241113398
186.5763217183718
186.664147827136
186.7250594613356
186.7594523107024
186.7683680361117
186.7534971577299
186.7171187612324
186.6619820151917
186.5911585866805
186.5078720788207
186.4153534114578
186.3166946408998
186.2147364579086
186.1119957181715
186.0106143460874
185.9123585139288
185.8186097507607
185.7304049011186
185.6484653923453
185.5732502192623
185.5050351437134
185.4446187401271
789.918430641912
749.866750520277
710.0360920038222
670.6392495408278
631.8233275819142
594.1131378956338
558.3892516135519
525.481420892572
496.0321830242334
470.3374572078641
448.24017858192576
429.2910814113218
413.05748543036395
516.6218402960242
501.1397072199867
487.0686074546549
474.61049250363646
463.7674355213778
454.44631358194204
446.3742101631644
439.38647232028393
433.28878405331534
427.93069135492806
423.29752698811205
419.73947813951594
416.256327647379
413.29285498873463
410.81967236066873
408.82598106762356
407.23887686476223
405.44715900840936
406.5327780380658
407.254087101458
407.88190559105004
408.44970988860416
408.97451644014563
409.46132451961404
409.907837931662
410.3104863182277
410.66552741595365
410.97191467953235
411.2317233790456
411.44933127259185
411.63023054566196
411.7803915470337
411.9045539759339
412.0070184490123
412.0910186485219
412.16006906761663
412.21755276245557
412.2666517807274
412.3113735126336
412.35426122806206
412.4000029266439
412.4514053559532
412.5137562677902
412.5932125714776
412.7055503999557
412.88660891771633
413.2358183366594
413.9595952270865
658.9142226740022
615.6390925893724
572.6443605821975
530.1366702884126
488.2726737861521
447.5951682390703
409.0056501633443
373.3451394949875
341.3044068383484
313.2287860039251
288.9671992402563
268.0656464146208
250.0836728529503
179.6090092665272
158.3948964071653
138.8219076622513
121.08943074415
105.2392668534054
91.24494615939112
78.86713627853224
67.96012251092792
58.34364742534946
49.83875125717265
42.41676336534308
36.35203836924483
30.58978899755654
25.57831869010894
21.30521242276231
17.74066108764044
14.7746314818136
11.68875791923529
12.31919249788788
12.61245345843399
12.83671468957726
13.02090892373392
13.17784792956951
13.30688493597206
13.40037514827399
13.4487777413972
13.44255574826027
13.37506571822258
13.24304350933498
13.04675934535136
12.78812532027526
12.47149247760954
12.1006606594959
11.68081827539637
11.21689077774894
10.71492596621814
10.18110830461917
9.621001639766153
9.040275732264195
8.441322834295386
7.827095502740973
7.195674716314055
6.544374038845883
5.864458541239834
5.141742117309116
4.341203204938541
3.340899956953286
0.0
131.0042079679098
134.2276579309047
137.3917314216248
140.5025792524152
143.5506537957621
146.5179696565635
149.3836014502076
152.1362813975845
154.727776185885
157.108671203939
159.2729793416694
161.225434996701
162.9738125774137
337.0128310294969
342.7448108128214
348.2466997924036
353.5210617594865
358.5281686679724
363.2013674225509
367.5070738846321
371.426349809356
374.9451366279659
378.0919400977554
380.880763622769
383.3874397702711
385.6665386498225
387.7145362986257
389.5144599379064
391.0853199799831
392.4642453829486
393.7584010891741
394.213585540178
394.641633643024
395.0451909014728
395.4288009648702
395.7966685105761
396.154439583642
396.507462783388
396.8617085768305
397.2229716676934
397.5968489613098
397.9886798697106
398.4025719272405
398.8421052253867
399.3088990694241
399.803893316438
400.326200173616
400.874127870773
401.4451431013985
402.0364444578364
402.6456501409612
403.2710977803694
403.9129383937667
404.5729074239029
405.2557306396392
405.9693822289443
406.7287540302377
407.5638082826466
408.5454057127778
409.8949183797061
413.9595952270865
113.63778757272709
103.52920002867809
98.8088752294464
93.88762068143492
87.69652546770487
80.35915912278406
72.59124316695198
65.23640671476642
58.96892270249876
54.14820702406777
50.75392922858654
48.54617826943354
47.184840839249205
35.33813152331881
30.164136368839507
25.753130551864388
21.887961000268405
18.595370158047984
15.843094030582392
13.49894749682349
11.4649595121368
9.64253020264411
7.990971052275711
6.524131313761615
5.189864418135613
4.051312629888798
3.080028768168205
2.26908119885411
1.6501735045426074
1.1925296641875889
-0.15020542613609678
-0.13704565910538236
-0.12052261382200413
-0.10349953902431253
-0.08746632650971264
-0.07335598051150782
-0.06132019920920584
-0.05126137708140277
-0.04317923082709285
-0.03664519488407336
-0.031422315687791524
-0.0272340383376104
-0.023865267520221778
-0.0211687488916823
-0.018989733782120766
-0.017261362764713795
-0.015808969953297947
-0.01468867512389238
-0.013722421817504937
-0.012920667262903862
-0.012274261083405236
-0.01172536413290004
-0.011396355018092663
-0.011066262645897496
-0.010758832724093281
-0.010522589659103687
-0.010320072305091799
-0.010158469462908215
-0.010042967048406126
-0.009993395850301567
-0.009945264971889856
8.196146897273707
20.8773025918839
28.1071329938045
35.50223088722157
44.12773862860684
53.84384848629475
63.91456846431891
73.48532140819117
81.83229263739793
88.54556092937133
93.63951498506117
97.35840061883567
100.0491464925581
122.8465713968716
134.3763662986929
144.3408794937562
153.2599237148198
161.1888374352805
168.1580604506045
174.3071994062223
179.7401250790882
184.5576567198936
188.8417442813946
192.5980937378057
195.9602262987375
198.9219882526008
201.5082848012888
203.7090089455528
205.5115612993356
206.9835972396969
209.2784658372599
209.401267995996
209.5211717026616
209.6420644443776
209.769112278752
209.9069375148455
210.0613104679754
210.2378525299299
210.4431636963179
210.6832951442057
210.9641234498616
211.2908544467127
211.6669848840583
212.0949059381666
212.5743916454763
213.1040359179702
213.6800271283776
214.2976579592164
214.9509934443953
215.6340117136415
216.3412297611448
217.0680866865937
217.8123390306133
218.5733593404614
219.3541309584345
220.1612950678427
221.0086692014242
221.9255013597642
222.9821984605639
224.399876631843
228.5249217519313
121.8339344700008
124.406502620562
126.9160082232509
129.3898515686565
131.8242640963117
134.2030076090788
136.5058116312709
138.7217281229576
140.8012153398967
142.6937679534391
144.3934442136477
145.9045788882692
147.2339873318073
158.1847029201904
164.5405026675324
170.0940100456206
175.1478847150882
179.7842075933285
184.0011544811869
187.8061469030458
191.205084591225
194.2001869225377
196.8327153336703
199.1222250515673
201.1500907168731
202.9733008824896
204.588313569457
205.9780901444069
207.1617348038782
208.1761269038845
209.1282604111238
209.2642223368906
209.4006490888396
209.5385649053533
209.6816459522423
209.833581534334
209.9999902687662
210.1865911528485
210.3999844654908
210.6466499493216
210.9327011341738
211.2636204083751
211.6431196165381
212.0737371892749
212.5554019116942
213.0867745552055
213.6642181584243
214.2829692840925
214.9372710225778
215.6210910463786
216.3289555000614
217.0563613224608
217.8009426755952
218.5622930778155
219.3433721257104
220.1507724781836
220.9983491291191
221.9153428903013
222.9721554935155
224.3898832359927
228.5149764869594
-1.4700297522776475
-0.7197806794818917
-0.7874991096623354
-1.0400786356095095
-1.2951135968679364
-1.4412234022459467
-1.4352489839929055
-1.2871371005392909
-1.0427014032733148
-0.7735721071567351
-0.5305768201579852
-0.34517179967265954
-3.1726239784519956
-1.463685594561175
-1.319861011092664
-1.2243809571366329
-1.104744551682383
-0.9786524448703549
-0.8845612423255602
-0.8146220684015832
-0.776769325335456
-0.748207953281854
-0.707886911466868
-0.686423745075714
-0.6249153004688268
-0.5693768380601666
-0.5084014760158252
-0.41499790243744816
-0.32939697776364685
-1.0363573137791737
0.011048224833774795
0.015156238785747705
0.017125670238858415
0.017659938211043308
0.017072991372051788
0.015923957522137683
0.014143673012866398
0.013312447540666794
0.011182894910711283
0.009606787452566157
0.00907823430099175
0.009896942163041933
0.005980812090764065
0.007030129389018924
0.006719614008851904
0.002054287579527081
0.004363154647028189
0.00819488492543341
0.010539569813028837
0.006995704051151019
-0.009444244068656626
0.001089801283193026
0.026109497112797087
-0.011410353811373675
0.030646200143904068
-0.030090985434585882
0.01882160005098843
-0.025272824768869384
0.0027335556461096644
0.5692238632842503
0.0
-1.844471971653312
-1.102815020803148
-1.183647333119881
-1.449489770765644
-1.7152570539335
-1.868805215748282
-1.868027064645376
-1.714640159551982
-1.452330558465559
-1.161345503413188
-0.8941063706881616
-0.6826871665758488
-6.108271498208159
-3.264801432297712
-2.984158032201456
-2.827167643461483
-2.662323867038987
-2.480857446192657
-2.322568924694999
-2.179226019130103
-2.053978425091946
-1.943268228396895
-1.814496388002112
-1.73119548720524
-1.627277053475617
-1.517828721608304
-1.381055009770271
-1.21092584233735
-1.059819876327091
-1.772851345029734
-0.1027807719656124
-0.1097156703654095
-0.1209390233720859
-0.1389516393247122
-0.164799288178358
-0.2018031666247183
-0.2523103914302031
-0.3207965514796226
-0.4102006444813112
-0.5244672289382354
-0.6671108327478632
-0.8396075054784927
-1.044315360765683
-1.279304288005945
-1.544943664834471
-1.836852999938778
-2.153365202636691
-2.490319957269566
-2.846304768235238
-3.222052355989208
-3.620415112192308
-4.052843422740566
-4.530707651381429
-5.081875117727424
-5.743703218971606
-6.592278246819538
-7.797948147416383
-9.8258741871695
-14.41214137392005
-45.84687540902555
0.0
0.3744422193756644
0.3830343413212562
0.3961482234575455
0.4094111351561345
0.4201434570655635
0.4275818135023354
0.4327780806524705
0.4275030590126911
0.4096291551922441
0.387773396256453
0.3635295505301763
0.3375153669031893
2.935647519756164
1.801115837736537
1.664297021108792
1.60278668632485
1.557579315356604
1.502205001322302
1.438007682369439
1.36460395072852
1.27720909975649
1.195060275115041
1.106609476535244
1.044771742129526
1.00236175300679
0.9484518835481374
0.8726535337544458
0.7959279398999017
0.7304228985634441
0.7364940312505603
0.1138289967993872
0.1248719091511572
0.1380646936109443
0.1566115775357555
0.1818722795504098
0.217727124146856
0.2664540644430695
0.3341089990202894
0.4213835393920225
0.5340740163908015
0.676189067048855
0.8495044476415347
1.050296172856447
1.286334417394964
1.551663278843323
1.838907287518305
2.157728357283719
2.498514842194999
2.856844338048267
3.229048060040359
3.610970868123651
4.053933224023759
4.556817148494226
5.070464763916051
5.77434941911551
6.562187261384952
7.816769747467371
9.80060136240063
14.41487492956616
46.4160992723098
0.0
1.0
1.0
1.0
1.0
1.0
1.0
1.0
1.0
1.0
1.0
1.0
1.0
1.0
1.0
1.0
1.0
1.0
1.0
1.0
1.0
1.0
1.0
1.0
1.0
1.0
1.0
1.0
1.0
1.0
1.0
0.0
0.0
0.0
0.0
0.0
0.0
0.0
0.0
0.0
0.0
0.0
0.0
0.0
0.0
0.0
0.0
0.0
0.0
0.0
0.0
0.0
0.0
0.0
0.0
0.0
0.0
0.0
0.0
0.0
0.0
0.0
1.0
1.0
1.0
1.0
1.0
1.0
1.0
1.0
1.0
1.0
1.0
1.0
1.0
1.0
1.0
1.0
0.9299999999999999
0.9299999999999999
0.9299999999999999
0.9299999999999999
0.9299999999999999
0.9299999999999999
0.9299999999999999
0.9299999999999999
0.9299999999999999
0.9299999999999999
0.9299999999999999
0.9299999999999999
0.9299999999999999
0.9299999999999999
0.9299999999999999
0.9299999999999999
0.9299999999999999
0.9299999999999999
0.9299999999999999
0.9299999999999999
0.9299999999999999
0.9299999999999999
0.9299999999999999
0.9299999999999999
0.9299999999999999
0.9299999999999999
0.9299999999999999
0.9299999999999999
0.9299999999999999
1.0
1.0
1.0
1.0
1.0
1.0
1.0
1.0
1.0
1.0
1.0
1.0
1.0
1.0
1.0
1.0
1.0
1.0
1.0
1.0
1.0
1.0
1.0
1.0
1.0
1.0
1.0
1.0
1.0
0.108
0.09488700690291026
0.08262840018576097
0.07131675031613816
0.06100892201464227
0.05172908086940583
0.04347261619563268
0.03621065633279777
0.029894866678968082
0.02446225279305863
0.019839735749289086
0.01594831927940226
0.012706723046352151
0.010034409294716308
0.007853977693550838
0.006092943066407954
0.0046849415955426705
0.0035704326634070096
0.0026969762205658245
0.002019170498320406
0.001498333438352971
0.001102004977076873
0.0008033378779463743
0.0005804335910330315
0.00041566785094193827
0.0002950393473605434
0.00020756448483107425
0.00014473239797262424
0.00010002719126353613
6.851883892971192e-05
9e-11
9e-11
9e-11
9e-11
9e-11
9e-11
9e-11
9e-11
9e-11
9e-11
9e-11
9e-11
9e-11
9e-11
9e-11
9e-11
9e-11
9e-11
9e-11
9e-11
9e-11
9e-11
9e-11
9e-11
9e-11
9e-11
9e-11
9e-11
9e-11
9e-11
0.0008
0.0008
0.0008
0.0008
0.0008
0.0008
0.0008
0.0008
0.0008
0.0008
0.0008
0.0008
0.0008
0.0008
0.0008
0.0008
0.0008
0.0008
0.0008
0.0008
0.0008
0.0008
0.0008
0.0008
0.0008
0.0008
0.0008
0.0008
0.0008
0.0008
0.0008
0.0008
0.0008
0.0008
0.0008
0.0008
0.0008
0.0008
0.0008
0.0008
0.0008
0.0008
0.0008
0.0008
0.0008
0.0008
0.0008
0.0008
0.0008
0.0008
0.0008
0.0008
0.0008
0.0008
0.0008
0.0008
0.0008
0.0008
0.0008
0.0008
1.7322297340509496e-42
2.7274300498348094e-40
3.38520592634022e-38
3.340078856607049e-36
2.6414104914533314e-34
1.6877252204372024e-32
8.781045306822986e-31
3.748653514062508e-29
1.32284844300314e-27
3.886762068681088e-26
9.575548548264268e-25
1.9916384562026333e-23
3.52063842183636e-22
5.3236580002712434e-21
6.929665890714154e-20
7.812436607437913e-19
7.673889661624742e-18
6.605526581708447e-17
5.010678755372086e-16
3.3677878804921295e-15
2.016240572836122e-14
1.0807107709161197e-13
5.211910360899798e-13
2.272413655476346e-12
8.999045364777151e-12
3.251424780964944e-11
1.0764749255869143e-10
3.2795023463072254e-10
9.230897163259248e-10
2.4099511013495653e-09
5.857828593806157e-09
1.3213918960294605e-08
2.7633405007069234e-08
5.3920172025920165e-08
9.875273391228389e-08
1.7067733880002653e-07
2.797557622786115e-07
4.368406055621806e-07
6.525360147202993e-07
9.359808135353098e-07
1.2936405261121315e-06
1.728301321926677e-06
2.2384230140155095e-06
2.817942175284456e-06
3.4565386949396677e-06
4.140307937712861e-06
4.852729305151746e-06
5.5757964639105736e-06
6.291174056112218e-06
6.9812648359926294e-06
7.630102165964341e-06
8.224017955918322e-06
8.752069248231644e-06
9.206233706238e-06
9.581403382162219e-06
9.875217192366786e-06
1.0087776549697575e-05
1.0221287231573557e-05
1.0279665583444358e-05
1.0268140200657238e-05
3.06e-07
3.06e-07
3.06e-07
3.06e-07
3.06e-07
3.06e-07
3.06e-07
3.06e-07
3.06e-07
3.06e-07
3.06e-07
3.06e-07
3.06e-07
3.06e-07
3.06e-07
3.06e-07
3.06e-07
3.06e-07
3.06e-07
3.06e-07
3.06e-07
3.06e-07
3.06e-07
3.06e-07
3.06e-07
3.06e-07
3.06e-07
3.06e-07
3.06e-07
3.06e-07
3.06e-07
3.06e-07
3.06e-07
3.06e-07
3.06e-07
3.06e-07
3.06e-07
3.06e-07
3.06e-07
3.06e-07
3.06e-07
3.06e-07
3.06e-07
3.06e-07
3.06e-07
3.06e-07
3.06e-07
3.06e-07
3.06e-07
3.06e-07
3.06e-07
3.06e-07
3.06e-07
3.06e-07
3.06e-07
3.06e-07
3.06e-07
3.06e-07
3.06e-07
3.06e-07
0.0
0.0
0.0
0.0
0.0
0.0
0.0
0.0
0.0
0.0
0.0
0.0
0.0
0.0
0.0
0.0
0.0
0.0
0.0
0.0
0.0
0.0
0.0
0.0
0.0
0.0
0.0
0.0
0.0
0.0
0.0
0.0
0.0
0.0
0.0
0.0
0.0
0.0
0.0
0.0
0.0
0.0
0.0
0.0
0.0
0.0
0.0
0.0
0.0
0.0
0.0
0.0
0.0
0.0
0.0
0.0
0.0
0.0
0.0
0.0
1.65e-06
1.65e-06
1.65e-06
1.65e-06
1.65e-06
1.65e-06
1.65e-06
1.65e-06
1.65e-06
1.65e-06
1.65e-06
1.65e-06
1.65e-06
1.65e-06
1.65e-06
1.65e-06
1.65e-06
1.65e-06
1.65e-06
1.65e-06
1.65e-06
1.65e-06
1.65e-06
1.65e-06
1.65e-06
1.65e-06
1.65e-06
1.65e-06
1.65e-06
1.65e-06
1.65e-06
1.65e-06
1.65e-06
1.65e-06
1.65e-06
1.65e-06
1.65e-06
1.65e-06
1.65e-06
1.65e-06
1.65e-06
1.65e-06
1.65e-06
1.65e-06
1.65e-06
1.65e-06
1.65e-06
1.65e-06
1.65e-06
1.65e-06
1.65e-06
1.65e-06
1.65e-06
1.65e-06
1.65e-06
1.65e-06
1.65e-06
1.65e-06
1.65e-06
1.65e-06
0.0
0.0
0.0
0.0
0.0
0.0
0.0
0.0
0.0
0.0
0.0
0.0
0.0
0.0
0.0
0.0
0.0
0.0
0.0
0.0
0.0
0.0
0.0
0.0
0.0
0.0
0.0
0.0
0.0
0.0
0.0
0.0
0.0
0.0
0.0
0.0
0.0
0.0
0.0
0.0
0.0
0.0
0.0
0.0
0.0
0.0
0.0
0.0
0.0
0.0
0.0
0.0
0.0
0.0
0.0
0.0
0.0
0.0
0.0
0.0
0.0
0.0
0.0
0.0
0.0
0.0
0.0
0.0
0.0
0.0
0.0
0.0
0.0
0.0
0.0
0.0
0.0
0.0
0.0
0.0
0.0
0.0
0.0
0.0
0.0
0.0
0.0
0.0
0.0
0.0
0.0
0.0
0.0
0.0
0.0
0.0
0.0
0.0
0.0
0.0
0.0
0.0
0.0
0.0
0.0
0.0
0.0
0.0
0.0
0.0
0.0
0.0
0.0
0.0
0.0
0.0
0.0
0.0
0.0
0.0
2
2
1
329.34140721187646
-0.009945264971889856
0.0
0.0
29.0
9.0
1.0
2.0
3.0
4.0
5.0
6.0
7.0
8.0
9.0
10.0
11.0
12.0
13.0
14.0
15.0
16.0
17.0
18.0
19.0
20.0
21.0
22.0
23.0
24.0
25.0
26.0
27.0
28.0
29.0
30.0
31.0
32.0
33.0
34.0
35.0
36.0
37.0
38.0
39.0
40.0
41.0
42.0
43.0
44.0
45.0
46.0
47.0
48.0
49.0
50.0
51.0
52.0
53.0
54.0
55.0
56.0
57.0
58.0
59.0
60.0
0.0
0.0
0.0
0.0
0.0
0.0
0.0
0.0
0.0
0.0
0.0
0.0
0.66
0.0
0.0
0.0
0.0
0.0
0.0
0.0
0.0
0.0
0.0
0.0
0.0
0.0
0.0
0.0
0.0
0.0
0.0
0.0
0.0
0.0
0.0
0.0
0.0
0.0
0.0
0.0
0.0
0.0
0.0
0.0
0.0
0.0
0.0
0.0
0.0
0.0
0.0
0.0
0.0
0.0
0.0
0.0
0.0
0.0
0.0
0.0
0.0
0.0
0.0
0.0
0.0
0.0
0.0
0.0
0.0
0.0
0.0
0.0
30.65
0.0
0.0
0.0
0.0
0.0
0.0
0.0
0.0
0.0
0.0
0.0
0.0
0.0
0.0
0.0
0.0
0.0
0.0
0.0
0.0
0.0
0.0
0.0
0.0
0.0
0.0
0.0
0.0
0.0
0.0
0.0
0.0
0.0
0.0
0.0
0.0
0.0
0.0
0.0
0.0
0.0
0.0
0.0
0.0
0.0
0.0
0.0
0.0
0.0
0.0
0.0
0.0
0.0
0.0
0.0
0.0
0.0
0.0
0.0
0.5
0.0
0.0
0.0
0.0
0.0
0.0
0.0
0.0
0.0
0.0
0.0
0.0
0.0
0.0
0.0
0.0
0.0
0.0
0.0
0.0
0.0
0.0
0.0
0.0
0.0
0.0
0.0
0.0
0.0
0.0
0.0
0.0
0.0
0.0
0.0
0.0
0.0
0.0
0.0
0.0
0.0
0.0
0.0
0.0
0.0
0.0
0.0
0.0
