9.81
6.022e+23
0
0
0
3
0
1
234.504297392496
2
2
0
0
1
1
0
1
60
7
1000.0
1.0


3
3
0
72.38857731909356
0
9.8
150.0
350.0
287.04
9.81
79000.0
40.0
20000.0
0.0
0.0
0.0
0.0
0.0280134
0.04401
0.0319988
0.039948
0.01604
0.01801528
0.048
99000.0
2.1153802199668344e+29
0.8
1e-06
1000000.0
0.6
3.0
0.0001
500
40
0.9444804176850692
0
1
6
1.0
1
0
1
0
0.02
1000000000000.0
1
233.55760736266117
232.46334438260058
231.3333448570235
230.18338665290864
229.0241802254551
227.8456596637255
226.64844568753412
225.43939697177603
224.2167133932327
222.97894093727683
221.7257250660554
220.45520173355015
219.1640815418715
217.85022746167297
216.51288317393562
215.15089951093236
213.76167041311396
212.3469470786714
210.9053998178049
209.4345045977605
207.93548278908423
206.40653260662427
204.84761486047904
203.25649907169554
201.6325053375967
199.97432721883558
198.27945478024347
196.54666114757828
194.77534691572185
192.96896512740446
191.67167300840134
189.12094994434722
187.16036529242297
185.15082493332162
183.08205494057566
180.95442293337211
178.76049442949366
176.49590982144716
174.1552423814834
171.73363433219302
169.22566961654098
167.77088415432402
166.68059332248885
165.7742974736329
164.98863941293473
164.26625664980304
163.60748446010328
162.96729596260542
162.294613809104
161.61647077407844
160.88571613910787
160.1899200267654
159.58550531746346
159.16638904856893
159.4266185502351
159.86002786208905
161.0854781438384
161.43035243258603
158.41626835034538
149.91303585494475
991.675
975.0250000000001
958.375
941.7249999999999
925.075
908.425
891.7750000000001
875.125
858.4749999999999
841.825
825.175
808.5250000000001
791.875
775.225
758.575
741.925
725.2750000000001
708.625
691.975
675.325
658.675
642.0250000000001
625.375
608.725
592.075
575.425
558.7750000000001
542.125
525.4750000000001
508.82500000000005
492.17500000000007
475.52500000000003
458.87500000000006
442.2250000000001
425.57500000000005
408.925
392.27500000000003
375.62500000000006
358.9750000000001
342.32500000000005
325.675
309.02500000000003
292.37500000000006
275.7250000000001
259.0750000000001
242.42500000000007
225.77500000000003
209.12500000000006
192.47500000000008
175.8250000000001
159.17500000000007
142.52500000000003
125.87500000000006
109.22500000000008
92.5750000000001
75.92500000000013
59.27500000000009
42.62500000000006
25.97500000000008
9.325000000000045
58.07587264400486
174.94938473116832
293.2867691700352
413.13264923121284
534.5342256974211
657.5387814557349
782.1983402239737
908.5693394916123
1036.7106095191866
1166.6839582200528
1298.5543191581594
1432.389120221154
1568.258392305835
1706.2358073177516
1846.3993338465289
1988.8309998820464
2133.6182753753037
2280.8550093965678
2430.6405301608875
2583.0811512094156
2738.291123736065
2896.3930113657743
3057.5183989180205
3221.808651917661
3389.4164100966964
3560.5061201206418
3735.255517566783
3913.858154128642
4096.527670887239
4283.7700769438015
4475.510489206025
4671.740156093468
4873.07796994556
5079.855472603481
5292.438279085951
5511.233269125615
5736.692894131609
5969.324744067115
6209.701731147283
6458.474971767451
6717.313440611939
6988.473345542083
7273.849579049709
7575.490408656674
7895.737605740165
8237.3782989957
8603.791794866273
8999.086623802395
9428.466213351989
9898.664978797855
10418.747071518625
11001.454576051081
11665.355473435302
12439.931405491301
13372.423356858457
14547.401137280707
16132.028125467968
18540.277283153555
23944.259714919048
56560.69457252452
3.521179111399233e+23
3.521179111399233e+23
3.521179111399257e+23
3.521179111399233e+23
3.521179111399233e+23
3.521179111399233e+23
3.521179111399233e+23
3.521179111399257e+23
3.521179111399233e+23
3.521179111399233e+23
3.521179111399233e+23
3.521179111399233e+23
3.521179111399257e+23
3.5211791113992086e+23
3.521179111399257e+23
3.521179111399233e+23
3.521179111399233e+23
3.521179111399257e+23
3.5211791113992086e+23
3.521179111399257e+23
3.521179111399233e+23
3.521179111399233e+23
3.521179111399257e+23
3.5211791113992086e+23
3.521179111399257e+23
3.521179111399233e+23
3.521179111399233e+23
3.521179111399233e+23
3.521179111399233e+23
3.521179111399244e+23
3.521179111399244e+23
3.521179111399233e+23
3.521179111399233e+23
3.521179111399233e+23
3.521179111399257e+23
3.521179111399233e+23
3.521179111399233e+23
3.521179111399233e+23
3.521179111399233e+23
3.521179111399257e+23
3.521179111399233e+23
3.521179111399233e+23
3.521179111399233e+23
3.521179111399233e+23
3.521179111399233e+23
3.521179111399257e+23
3.521179111399233e+23
3.521179111399233e+23
3.521179111399233e+23
3.521179111399233e+23
3.521179111399257e+23
3.521179111399233e+23
3.521179111399233e+23
3.521179111399233e+23
3.521179111399233e+23
3.521179111399233e+23
3.521179111399257e+23
3.521179111399233e+23
3.521179111399233e+23
3.521179111399257e+23
-1.9708870040734807
-1.8646698076659962
-1.8027138016995743
-1.7516967042084202
-1.6881488497165482
-1.6320899834549545
-1.5811879292452686
-1.520087540001862
-1.4511534043905905
-1.3762762841953802
-1.2949132048083063
-1.2094507996833068
-1.1253333232560123
-1.0455676676190369
-0.9701259289425347
-0.8996761304628492
-0.8379025833466462
-0.7792148577291722
-0.7243710510205688
-0.6764560360275885
-0.6305865104254887
-0.5880310525715103
-0.5461673097821083
-0.5067705675199246
-0.46813287086023375
-0.42962093544113944
-0.3928352479264458
-0.3563788420736573
-0.31714855617676596
-0.2576229760865854
0.9534037008626169
-0.3531177826086981
-0.32703784075260217
-0.29189367463842353
-0.2616125330182164
-0.2271334637005336
-0.19469918163015074
-0.16302849450364434
-0.13170696491657002
-0.0974818850927721
-0.037670252502973546
-0.05530685140389531
-0.0647003426473961
-0.06924236273941424
-0.07075955680991639
-0.07027140295832514
-0.06877853204583967
-0.06659004536925281
-0.06505285146055008
-0.06323457797576365
-0.062077275599180734
-0.06067462475718524
-0.05769342429029452
-0.053321923384404994
-0.047545600922010024
-0.04090222660682149
-0.031736638786033174
-0.022949471611331252
-0.013645699378661863
-0.18088681200764822
-1.9708460818436038
-1.8645008671513779
-1.8026748313619123
-1.7516201414425865
-1.6880829435458082
-1.6320485212244051
-1.5811639126104922
-1.5200033874339027
-1.4511135354416922
-1.3762598749243011
-1.2948558865845001
-1.2094058401443988
-1.1253274272828122
-1.04556570972359
-0.9701045095789027
-0.8996624687919024
-0.8378793898116044
-0.7791964223034
-0.7243550600569932
-0.6764400486777049
-0.6305791148029982
-0.5880223854448019
-0.5461675877114942
-0.506773579337704
-0.46814212963619184
-0.4296381701963128
-0.39286036431978744
-0.3564144152938127
-0.31719035812189134
-0.25768085949080444
0.9531139724729059
-0.3532303903012064
-0.32716214030229196
-0.2920337030598006
-0.26177051270870777
-0.22730864106900128
-0.19489279220199762
-0.16324346741619422
-0.13196978307129825
-0.0979016556222092
-0.03827042886810261
-0.05454914395109256
-0.06424733898360557
-0.06893163414009962
-0.07046553653209742
-0.07001355479279425
-0.06855068120110275
-0.06632833391090287
-0.06476686132759824
-0.06298472730640015
-0.06184151099030544
-0.060423495946693606
-0.05744581799400805
-0.053087282651389955
-0.04730365873579956
-0.04063992881340539
-0.03156106328640362
-0.02280357625988927
-0.013513970284506627
-0.18099271811409778
-8.162736880578337e-05
-8.026827311516708e-05
-7.890917742455079e-05
-7.755008173393448e-05
-7.61909860433182e-05
-7.48318903527019e-05
-7.347279466208561e-05
-7.211369897146933e-05
-7.075460328085301e-05
-6.939550759023672e-05
-6.803641189962043e-05
-6.667731620900414e-05
-6.531822051838785e-05
-6.395912482777156e-05
-6.260002913715528e-05
-6.124093344653897e-05
-5.988183775592268e-05
-5.852274206530639e-05
-5.716364637469008e-05
-5.5804550684073804e-05
-5.444545499345751e-05
-5.308635930284121e-05
-5.1727263612224925e-05
-5.036816792160863e-05
-4.900907223099234e-05
-4.764997654037604e-05
-4.629088084975975e-05
-4.493178515914345e-05
-4.357268946852717e-05
-4.221359377791088e-05
-4.085449808729458e-05
-3.949540239667829e-05
-3.813630670606199e-05
-3.67772110154457e-05
-3.541811532482941e-05
-3.405901963421311e-05
-3.269992394359682e-05
-3.134082825298053e-05
-2.9981732562364237e-05
-2.8622636871747943e-05
-2.726354118113165e-05
-2.5904445490515352e-05
-2.454534979989906e-05
-2.3186254109282774e-05
-2.1827158418666477e-05
-2.046806272805019e-05
-1.910896703743389e-05
-1.7749871346817594e-05
-1.6390775656201304e-05
-1.5031679965585015e-05
-1.3672584274968724e-05
-1.2313488584352423e-05
-1.0954392893736131e-05
-9.595297203119842e-06
-8.23620151250355e-06
-6.877105821887258e-06
-5.518010131270967e-06
-4.158914440654666e-06
-2.7998187500383747e-06
-1.4407230594220836e-06
-16.649999999999977
-16.649999999999977
-16.65000000000009
-16.649999999999977
-16.649999999999977
-16.649999999999977
-16.649999999999977
-16.65000000000009
-16.649999999999977
-16.649999999999977
-16.649999999999977
-16.649999999999977
-16.65000000000009
-16.649999999999864
-16.65000000000009
-16.649999999999977
-16.649999999999977
-16.65000000000009
-16.649999999999864
-16.65000000000009
-16.649999999999977
-16.649999999999977
-16.65000000000009
-16.649999999999864
-16.65000000000009
-16.649999999999977
-16.649999999999977
-16.649999999999977
-16.649999999999977
-16.650000000000034
-16.650000000000034
-16.649999999999977
-16.649999999999977
-16.649999999999977
-16.65000000000009
-16.649999999999977
-16.649999999999977
-16.649999999999977
-16.649999999999977
-16.65000000000009
-16.649999999999977
-16.649999999999977
-16.649999999999977
-16.649999999999977
-16.649999999999977
-16.65000000000009
-16.649999999999977
-16.649999999999977
-16.649999999999977
-16.649999999999977
-16.65000000000009
-16.649999999999977
-16.649999999999977
-16.649999999999977
-16.649999999999977
-16.649999999999977
-16.65000000000009
-16.649999999999977
-16.649999999999977
-16.65000000000009
234.50459878585775
233.36631168203525
232.21387794894935
231.04689894703347
229.86489869975026
228.66742804829576
227.45400940688728
226.22410069643826
224.97713782124154
223.71253180389778
222.42966018670455
221.1278727295109
219.80649808586986
218.46483499665115
217.1021407516363
215.7176298766871
214.31048009734016
212.87979927701926
211.42464011052337
209.9440030700386
208.4368039379722
206.90188760851626
205.3380069404299
203.74383001249223
202.11791798163696
200.45871795218315
198.76455966516764
197.03362976223877
195.2639479885552
193.45330723377026
191.59399682984656
189.69519515343066
187.74789535885267
185.74897400192964
184.1162826882063
182.01809113779876
179.85732036785586
177.628074096202
175.32546486909678
172.94436078911252
170.47952201641652
168.51128555285214
167.25429028537448
166.2594515593857
165.4149678273401
164.6612066977612
163.97016855749925
163.31980223700896
162.6624572471724
161.9862407455135
161.28108848510615
160.567197162071
159.91603509036588
159.40250650908166
159.32062593214926
159.66445434509143
160.49010149843883
161.27097813552336
159.93203696227698
154.2113814323573
150.0
1000.0
983.35
966.7
950.05
933.4
916.75
900.1
883.45
866.8
850.15
833.5
816.85
800.2
783.55
766.9000000000001
750.25
733.6
716.95
700.3
683.6500000000001
667.0
650.35
633.7
617.05
600.4000000000001
583.75
567.1
550.45
533.8000000000001
517.1500000000001
500.50000000000006
483.85
467.20000000000005
450.55000000000007
433.9000000000001
417.25
400.6
383.95000000000005
367.30000000000007
350.6500000000001
334.0
317.35
300.70000000000005
284.05000000000007
267.4000000000001
250.7500000000001
234.10000000000002
217.45000000000005
200.80000000000007
184.1500000000001
167.5000000000001
150.85000000000002
134.20000000000005
117.55000000000007
100.90000000000009
84.25000000000011
67.60000000000014
50.950000000000045
34.30000000000007
17.65000000000009
1.0
0.0
116.15174528800972
233.7470241743269
352.82651416574345
473.43878429668223
595.6296670981601
719.4478958133097
844.9487846346377
972.1898943485869
1101.231324689786
1232.1365917503194
1364.9720465659993
1499.8061938763085
1636.7105907353616
1775.7610239001415
1917.0376437929162
2060.6243559711766
2206.6121947794304
2355.0978240137056
2506.183236308069
2659.9790661107622
2816.603181361368
2976.18284137018
3138.8539564658613
3304.7633473694605
3474.0694728239323
3646.9427674173508
3823.5682677162154
4004.1480405410684
4188.907301233408
4378.632852654194
4572.388125757857
4771.0921864290785
4975.06375346204
5184.647191744922
5400.229366426981
5622.237171824249
5851.148616438969
6087.500871695261
6331.902590599305
6585.047352935597
6849.57952828828
7127.367162795885
7420.3319953035325
7730.648822009815
8060.826389470516
8413.930208520884
8793.653381211663
9204.519866393126
9652.412560310851
10144.917397284858
10692.576745752393
11310.332406349771
12020.378540520831
12859.48427046177
13885.362443255146
15209.439831306268
17054.616419629667
20025.93814667744
27862.581283160653
35699.22441964392
171.4826511168644
170.9038722314008
170.1800615730969
169.3820185620855
168.543431138229
167.6874180782442
166.8217491936123
165.9530930329065
165.0911565949787
164.2409550880581
163.4049018367718
162.5857709234891
161.7830763125555
160.9997692286611
160.233992857259
159.4850240493781
158.7517291152585
158.0327196024548
157.3290496721064
156.6399104736959
155.9652747002697
155.3047271242449
154.6592763965884
154.0280092451923
153.4109595626503
152.8082605790325
152.2197797138632
151.6460476010907
151.0865438454709
150.5403895843366
150.0069394838002
136.6973680625588
136.209946318669
135.7440116805389
135.311912981744
134.8619496292716
134.4207134473719
133.9885822299292
133.5675941624102
133.1591218683005
132.7624509799632
132.3988739693272
132.1065440786886
131.8489615890627
131.611787909495
131.3856725756932
131.1690903058361
130.9595538768107
130.7534690407261
130.5536118885525
130.3585355089093
130.1772635664188
130.0128862531411
129.8651987719279
129.7397481350822
129.6082303375033
129.4559889061122
129.1989924976354
128.7607253660922
128.1930427670945
127.9963161068806
171.4826511168644
170.9038722314008
170.1800615730969
169.3820185620855
168.543431138229
167.6874180782442
166.8217491936123
165.9530930329065
165.0911565949787
164.2409550880581
163.4049018367718
162.5857709234891
161.7830763125555
160.9997692286611
160.233992857259
159.4850240493781
158.7517291152585
158.0327196024548
157.3290496721064
156.6399104736959
155.9652747002697
155.3047271242449
154.6592763965884
154.0280092451923
153.4109595626503
152.8082605790325
152.2197797138632
151.6460476010907
151.0865438454709
150.5403895843366
150.0069394838002
136.6973680625588
136.209946318669
135.7440116805389
135.311912981744
134.8619496292716
134.4207134473719
133.9885822299292
133.5675941624102
133.1591218683005
132.7624509799632
132.3988739693272
132.1065440786886
131.8489615890627
131.611787909495
131.3856725756932
131.1690903058361
130.9595538768107
130.7534690407261
130.5536118885525
130.3585355089093
130.1772635664188
130.0128862531411
129.8651987719279
129.7397481350822
129.6082303375033
129.4559889061122
129.1989924976354
128.7607253660922
128.1930427670945
127.9963161068806
0.0
0.0
0.0
0.0
0.0
0.0
0.0
0.0
0.0
0.0
0.0
0.0
0.0
0.0
0.0
0.0
0.0
0.0
0.0
0.0
0.0
0.0
0.0
0.0
0.0
0.0
0.0
0.0
0.0
0.0
0.0
0.0
0.0
0.0
0.0
0.0
0.0
0.0
0.0
0.0
0.0
0.0
0.0
0.0
0.0
0.0
0.0
0.0
0.0
0.0
0.0
0.0
0.0
0.0
0.0
0.0
0.0
0.0
0.0
0.0
0.0
76.47603121164562
73.92640624433834
71.33809471888314
68.73737687650971
66.14716931121066
63.60307330768004
61.10535590182381
58.6555358285075
56.27359600314584
53.97228096078353
51.75996783457292
49.6459810347057
47.63388058362771
45.72524607245047
43.91390399132482
42.19483067386499
40.56187327095351
39.00498436833825
37.52211801568646
36.1086237572189
34.75754793511502
33.46642124428723
32.23294813118593
31.05551339207826
29.93169013019863
28.8608490169446
27.84272998157908
26.87613750448668
25.96021933357306
25.09687471431691
24.30574375428963
11.94928630552114
11.10863417133019
10.31553739289787
9.591404991043078
8.879671125861977
8.211126302893295
7.584102293248569
6.999870758313492
6.459428681132354
5.964856137172934
5.563008697668778
5.216129663079171
4.894299834469575
4.588194520761809
4.291613650427879
4.005017825777967
3.726930715551522
3.454517545555928
3.189893532054837
2.931832425105124
2.688718971624396
2.463918162400025
2.258784863192726
2.080246943695772
1.901425487381096
1.708544127176511
1.419986655413349
0.9589159476102354
0.3777193783280764
0.0
76.47603121164562
73.92640624433834
71.33809471888314
68.73737687650971
66.14716931121066
63.60307330768004
61.10535590182381
58.6555358285075
56.27359600314584
53.97228096078353
51.75996783457292
49.6459810347057
47.63388058362771
45.72524607245047
43.91390399132482
42.19483067386499
40.56187327095351
39.00498436833825
37.52211801568646
36.1086237572189
34.75754793511502
33.46642124428723
32.23294813118593
31.05551339207826
29.93169013019863
28.8608490169446
27.84272998157908
26.87613750448668
25.96021933357306
25.09687471431691
24.30574375428963
11.94928630552114
11.10863417133019
10.31553739289787
9.591404991043078
8.879671125861977
8.211126302893295
7.584102293248569
6.999870758313492
6.459428681132354
5.964856137172934
5.563008697668778
5.216129663079171
4.894299834469575
4.588194520761809
4.291613650427879
4.005017825777967
3.726930715551522
3.454517545555928
3.189893532054837
2.931832425105124
2.688718971624396
2.463918162400025
2.258784863192726
2.080246943695772
1.901425487381096
1.708544127176511
1.419986655413349
0.9589159476102354
0.3777193783280764
0.0
0.0
0.0
0.0
0.0
0.0
0.0
0.0
0.0
0.0
0.0
0.0
0.0
0.0
0.0
0.0
0.0
0.0
0.0
0.0
0.0
0.0
0.0
0.0
0.0
0.0
0.0
0.0
0.0
0.0
0.0
0.0
0.0
0.0
0.0
0.0
0.0
0.0
0.0
0.0
0.0
0.0
0.0
0.0
0.0
0.0
0.0
0.0
0.0
0.0
0.0
0.0
0.0
0.0
0.0
0.0
0.0
0.0
0.0
0.0
0.0
0.0
-95.00661990521881
-96.97746598706242
-98.8419668542138
-100.6446416855757
-102.3962618270183
-104.0843447705641
-105.7163932917885
-107.297557204399
-108.8175605918329
-110.2686741272746
-111.6449340021989
-112.9397898887834
-114.1491957289278
-115.2745231562106
-116.3200888659342
-117.2901933755131
-118.189855844305
-119.0277352341166
-119.80693165642
-120.531286716477
-121.2077267651547
-121.8383058799577
-122.4263282654025
-122.972495853114
-123.4792694324517
-123.9474115620879
-124.3770497322842
-124.769910096604
-125.1263245118978
-125.4435148700197
-125.7011957295105
-124.7480817570376
-125.1013121473388
-125.4284742876411
-125.7205079907009
-125.9822785034096
-126.2095871444786
-126.4044799366806
-126.5677234040968
-126.6996931871681
-126.7975948427903
-126.8358652716584
-126.8904144156095
-126.9546617545931
-127.0235933887332
-127.0940589252653
-127.1640724800581
-127.2326231612592
-127.2989514951701
-127.3637183564977
-127.4267030838041
-127.4885445947944
-127.5489680907411
-127.6064139087351
-127.6595011913865
-127.7068048501223
-127.7474447789357
-127.7790058422221
-127.801809418482
-127.8153233887665
-127.9963161068806
95.00661990521881
96.97746598706242
98.8419668542138
100.6446416855757
102.3962618270183
104.0843447705641
105.7163932917885
107.297557204399
108.8175605918329
110.2686741272746
111.6449340021989
112.9397898887834
114.1491957289278
115.2745231562106
116.3200888659342
117.2901933755131
118.189855844305
119.0277352341166
119.80693165642
120.531286716477
121.2077267651547
121.8383058799577
122.4263282654025
122.972495853114
123.4792694324517
123.9474115620879
124.3770497322842
124.769910096604
125.1263245118978
125.4435148700197
125.7011957295105
124.7480817570376
125.1013121473388
125.4284742876411
125.7205079907009
125.9822785034096
126.2095871444786
126.4044799366806
126.5677234040968
126.6996931871681
126.7975948427903
126.8358652716584
126.8904144156095
126.9546617545931
127.0235933887332
127.0940589252653
127.1640724800581
127.2326231612592
127.2989514951701
127.3637183564977
127.4267030838041
127.4885445947944
127.5489680907411
127.6064139087351
127.6595011913865
127.7068048501223
127.7474447789357
127.7790058422221
127.801809418482
127.8153233887665
127.9963161068806
0.0
0.0
0.0
0.0
0.0
0.0
0.0
0.0
0.0
0.0
0.0
0.0
0.0
0.0
0.0
0.0
0.0
0.0
0.0
0.0
0.0
0.0
0.0
0.0
0.0
0.0
0.0
0.0
0.0
0.0
0.0
0.0
0.0
0.0
0.0
0.0
0.0
0.0
0.0
0.0
0.0
0.0
0.0
0.0
0.0
0.0
0.0
0.0
0.0
0.0
0.0
0.0
0.0
0.0
0.0
0.0
0.0
0.0
0.0
0.0
0.0
-0.998303107062757
-0.9444355020648022
-0.9131184326119486
-0.8872574300475295
-0.8550735965870244
-0.826690183787108
-0.8009153334074993
-0.7699353685710837
-0.7350402268741068
-0.6971242056495209
-0.6558902121705064
-0.612606747446558
-0.5700180635458184
-0.529615938185742
-0.4913921766951302
-0.4557107965846866
-0.4244154862718862
-0.3946904918470441
-0.3669114060876481
-0.3426407615276093
-0.3194105797281829
-0.2978540941476836
-0.2766531617118154
-0.2566987059470749
-0.2371305130665387
-0.2176268985036556
-0.1989976416501515
-0.1805364820051948
-0.1606681125231075
-0.1305244509097795
0.4827858699216741
-0.1789236609572211
-0.1657191721798572
-0.1479253787586536
-0.1325960046205269
-0.115139850205383
-0.098720078544882
-0.0826885783879887
-0.0668473533739037
-0.0495906442895467
-0.0193853230851842
-0.0276310668781355
-0.0325435449875016
-0.0349163058297072
-0.0356932815347308
-0.0354643368297585
-0.0347233397193256
-0.0335976423727741
-0.0328067013927068
-0.0319039876055179
-0.0313249081883063
-0.0306066335158639
-0.0290983345272443
-0.0268905825292977
-0.0239609728666432
-0.0205855584457019
-0.0159867925918783
-0.0115508162926409
-0.0068453029630371
-0.0916792003767598
0.0
-0.998303107062757
-0.9444355020648022
-0.9131184326119486
-0.8872574300475295
-0.8550735965870244
-0.826690183787108
-0.8009153334074993
-0.7699353685710837
-0.7350402268741068
-0.6971242056495209
-0.6558902121705064
-0.612606747446558
-0.5700180635458184
-0.529615938185742
-0.4913921766951302
-0.4557107965846866
-0.4244154862718862
-0.3946904918470441
-0.3669114060876481
-0.3426407615276093
-0.3194105797281829
-0.2978540941476836
-0.2766531617118154
-0.2566987059470749
-0.2371305130665387
-0.2176268985036556
-0.1989976416501515
-0.1805364820051948
-0.1606681125231075
-0.1305244509097795
0.4827858699216741
-0.1789236609572211
-0.1657191721798572
-0.1479253787586536
-0.1325960046205269
-0.115139850205383
-0.098720078544882
-0.0826885783879887
-0.0668473533739037
-0.0495906442895467
-0.0193853230851842
-0.0276310668781355
-0.0325435449875016
-0.0349163058297072
-0.0356932815347308
-0.0354643368297585
-0.0347233397193256
-0.0335976423727741
-0.0328067013927068
-0.0319039876055179
-0.0313249081883063
-0.0306066335158639
-0.0290983345272443
-0.0268905825292977
-0.0239609728666432
-0.0205855584457019
-0.0159867925918783
-0.0115508162926409
-0.0068453029630371
-0.0916792003767598
0.0
0.0
0.0
0.0
0.0
0.0
0.0
0.0
0.0
0.0
0.0
0.0
0.0
0.0
0.0
0.0
0.0
0.0
0.0
0.0
0.0
0.0
0.0
0.0
0.0
0.0
0.0
0.0
0.0
0.0
0.0
0.0
0.0
0.0
0.0
0.0
0.0
0.0
0.0
0.0
0.0
0.0
0.0
0.0
0.0
0.0
0.0
0.0
0.0
0.0
0.0
0.0
0.0
0.0
0.0
0.0
0.0
0.0
0.0
0.0
0.0
0.0
1.0
1.0
1.0
1.0
1.0
1.0
1.0
1.0
1.0
1.0
1.0
1.0
1.0
1.0
1.0
1.0
1.0
1.0
1.0
1.0
1.0
1.0
1.0
1.0
1.0
1.0
1.0
1.0
1.0
1.0
1.0
1.0
1.0
1.0
0.0
1.0
0.0
1.0
1.0
1.0
0.0
0.0
0.0
0.0
0.0
0.0
0.0
0.0
0.0
0.0
0.0
0.0
0.0
0.0
0.0
0.0
0.0
0.0
0.0
0.0
0.0
1.0
1.0
1.0
1.0
1.0
1.0
1.0
1.0
1.0
1.0
1.0
1.0
1.0
1.0
1.0
1.0
0.920954420531807
0.920954420531807
0.920954420531807
0.920954420531807
0.920954420531807
0.920954420531807
0.920954420531807
0.920954420531807
0.920954420531807
0.920954420531807
0.920954420531807
0.920954420531807
0.920954420531807
0.920954420531807
0.920954420531807
0.920954420531807
0.920954420531807
0.920954420531807
0.920954420531807
0.920954420531807
0.920954420531807
0.920954420531807
0.920954420531807
0.920954420531807
0.920954420531807
0.920954420531807
0.920954420531807
0.920954420531807
0.920954420531807
1.0
1.0
1.0
1.0
1.0
1.0
1.0
1.0
1.0
1.0
1.0
1.0
1.0
1.0
1.0
1.0
1.0
1.0
1.0
1.0
1.0
1.0
1.0
1.0
1.0
1.0
1.0
1.0
1.0
0.00011034238578101963
0.00010370736883686986
9.56772257364735e-05
8.675051515226539e-05
7.682431555485134e-05
6.790388210645207e-05
5.9813595837150925e-05
5.1926179110132945e-05
4.4589422742110106e-05
3.791423531712105e-05
3.190454980602351e-05
2.6750647183788775e-05
2.235424245088163e-05
1.8691826701442692e-05
1.5639152763392926e-05
1.3091712965236414e-05
1.102750048965548e-05
9.237506602338814e-06
7.715532056891847e-06
6.453673885742741e-06
5.364447483259549e-06
4.424811624932198e-06
3.6160936783973704e-06
2.932717282263e-06
2.3459217659468896e-06
1.8421851105371427e-06
1.4322413247039125e-06
1.1014419442608964e-06
8.370970273358213e-07
6.282943253324803e-07
4.6659819176866764e-07
3.434074184277043e-07
2.488811703171993e-07
1.7955154759100386e-07
1.3890935014441553e-07
9.812953865601246e-08
6.901659975016598e-08
4.799701728487664e-08
3.2495336088847214e-08
2.161155173469073e-08
1.400303198187498e-08
9.987898314776168e-09
8.2440964282952e-09
7.171256672357553e-09
6.455332019691506e-09
5.9152176081396436e-09
5.520171240891357e-09
5.269549834821458e-09
5.161737083701671e-09
5.105606354136423e-09
5.082132733295343e-09
5.06530638027219e-09
5.102936768510693e-09
5.260560591821885e-09
4.095764410735302e-09
2.4210041491809116e-09
1.1572075091235848e-09
5.478876013873259e-10
6.969641158103169e-11
1.9138047260230187e-13
0.0004
0.0004
0.0004
0.0004
0.0004
0.0004
0.0004
0.0004
0.0004
0.0004
0.0004
0.0004
0.0004
0.0004
0.0004
0.0004
0.0004
0.0004
0.0004
0.0004
0.0004
0.0004
0.0004
0.0004
0.0004
0.0004
0.0004
0.0004
0.0004
0.0004
0.0004
0.0004
0.0004
0.0004
0.0004
0.0004
0.0004
0.0004
0.0004
0.0004
0.0004
0.0004
0.0004
0.0004
0.0004
0.0004
0.0004
0.0004
0.0004
0.0004
0.0004
0.0004
0.0004
0.0004
0.0004
0.0004
0.0004
0.0004
0.0004
0.0004
8.60451419224123e-09
1.578021977514803e-08
2.1892415260555535e-08
2.6925828092092847e-08
2.971401735545372e-08
3.191536891169426e-08
3.3615820560817765e-08
3.4746051764151937e-08
3.5661340336177934e-08
3.6398811651530586e-08
3.6864029565337865e-08
3.7202242046694526e-08
3.743385508154835e-08
3.7482031518220545e-08
3.74258526023047e-08
3.730742951458454e-08
3.7124070818281054e-08
3.694071212197757e-08
3.678655663276213e-08
3.670665185093012e-08
3.662674706909812e-08
3.66023509716688e-08
3.6690996875910616e-08
3.6779642780152424e-08
3.6903178538193995e-08
3.7084523814632495e-08
3.726586909107099e-08
3.747683636083778e-08
3.7728139961945275e-08
3.797944356305276e-08
3.8298642947284706e-08
3.8694261202309925e-08
3.9089879457335157e-08
3.957872216284235e-08
4.015447818582019e-08
4.073023420879802e-08
4.1342697689445876e-08
4.198347277308391e-08
4.262424785672194e-08
4.3230986919605434e-08
4.381611227372829e-08
4.440123762785115e-08
4.5133689117812545e-08
4.594249047452311e-08
4.6751291831233675e-08
4.796747172172955e-08
4.949951687407961e-08
5.152241095280844e-08
5.3986620437539895e-08
5.680107822856821e-08
6.015331959489829e-08
6.559586769304933e-08
7.569057461390363e-08
9.442662951156912e-08
2.539995051245074e-07
4.925296956825388e-07
1.3900175836980765e-06
3.720822161311321e-06
7.931814761427643e-06
2.7860567514510038e-06
0.0
0.0
0.0
0.0
0.0
0.0
0.0
0.0
0.0
0.0
0.0
0.0
0.0
0.0
0.0
0.0
0.0
0.0
0.0
0.0
0.0
0.0
0.0
0.0
0.0
0.0
0.0
0.0
0.0
0.0
0.0
0.0
0.0
0.0
0.0
0.0
0.0
0.0
0.0
0.0
0.0
0.0
0.0
0.0
0.0
0.0
0.0
0.0
0.0
0.0
0.0
0.0
0.0
0.0
0.0
0.0
0.0
0.0
0.0
0.0
0.0
0.0
0.0
0.0
0.0
0.0
0.0
0.0
0.0
0.0
0.0
0.0
0.0
0.0
0.0
0.0
0.0
0.0
0.0
0.0
0.0
0.0
0.0
0.0
0.0
0.0
0.0
0.0
0.0
0.0
0.0
0.0
0.0
0.0
0.0
0.0
0.0
0.0
0.0
0.0
0.0
0.0
0.0
0.0
0.0
0.0
0.0
0.0
0.0
0.0
0.0
0.0
0.0
0.0
0.0
0.0
0.0
0.0
0.0
0.0
0.0
0.0
0.0
0.0
0.0
0.0
0.0
0.0
0.0
0.0
0.0
0.0
0.0
0.0
0.0
0.0
0.0
0.0
0.0
0.0
0.0
0.0
0.0
0.0
0.0
0.0
0.0
0.0
0.0
0.0
0.0
0.0
0.0
0.0
0.0
0.0
0.0
0.0
0.0
0.0
0.0
0.0
0.0
0.0
0.0
0.0
0.0
0.0
0.0
0.0
0.0
0.0
0.0
0.0
0.0
0.0
0.0
0.0
0.0
0.0
0.0
0.0
0.0
0.0
0.0
0.0
0.0
0.0
0.0
0.0
0.0
0.0
0.0
0.0
0.0
0.0
0.0
0.0
0.0
0.0
0.0
0.0
0.0
0.0
0.0
0.0
0.0
0.0
0.0
0.0
0.0
0.0
0.0
0.0
0.0
0.0
0.0
0.0
0.0
0.0
0.0
0.0
0.0
0.0
0.0
0.0
0.0
0.0
0.0
0.0
0.0
0.0
0.0
0.0
0.0
0.0
0.0
0.0
0.0
0.0
0.0
0.0
0.0
0.0
0.0
0.0
0.0
0.0
0.0
0.0
0.0
0.0
0.0
0.0
0.0
0.0
0.0
0.0
0.0
0.0
0.0
0.0
0.0
0.0
0.0
0.0
0.0
0.0
0.0
0.0
0.0
0.0
0.0
0.0
0.0
0.0
0.0
0.0
0.0
0.0
0.0
0.0
0.0
0.0
0.0
0.0
0.0
0.0
0.0
0.0
0.0
0.0
0.0
0.0
0.0
0.0
0.0
0.0
0.0
0.0
2
2
1
234.50459878585775
0.003683893119401205
0.0
0.0
39.0
9.8
1.0
2.0
3.0
4.0
5.0
6.0
7.0
8.0
9.0
10.0
11.0
12.0
13.0
14.0
15.0
16.0
17.0
18.0
19.0
20.0
21.0
22.0
23.0
24.0
25.0
26.0
27.0
28.0
29.0
30.0
31.0
32.0
33.0
34.0
35.0
36.0
37.0
38.0
39.0
40.0
41.0
42.0
43.0
44.0
45.0
46.0
47.0
48.0
49.0
50.0
51.0
52.0
53.0
54.0
55.0
56.0
57.0
58.0
59.0
60.0
0.0
0.0
0.0
0.0
0.0
0.0
0.0
0.0
0.0
0.0
0.0
0.0
0.0
0.0
0.0
0.0
0.0
0.0
0.0
0.0
0.0
0.0
0.0
0.0
0.0
0.0
0.0
0.0
0.0
0.0
0.3
0.0
0.0
0.0
0.0
0.0
0.0
0.0
0.0
0.0
0.0
0.0
0.0
0.0
0.0
0.0
0.0
0.0
0.0
0.0
0.0
0.0
0.0
0.0
0.0
0.0
0.0
0.0
0.0
0.0
0.0
0.0
0.0
0.0
0.0
0.0
0.0
0.0
0.0
0.0
0.0
0.0
0.0
0.0
0.0
0.0
0.0
0.0
0.0
0.0
0.0
0.0
0.0
0.0
0.0
0.0
0.0
0.0
0.0
0.0
10.0
0.0
0.0
0.0
0.0
0.0
0.0
0.0
0.0
0.0
0.0
0.0
0.0
0.0
0.0
0.0
0.0
0.0
0.0
0.0
0.0
0.0
0.0
0.0
0.0
0.0
0.0
0.0
0.0
0.0
0.0
0.0
0.0
0.0
0.0
0.0
0.0
0.0
0.0
0.0
0.0
0.0
0.0
0.0
0.0
0.0
0.0
0.0
0.0
0.0
0.0
0.0
0.0
0.0
0.0
0.0
0.0
0.0
0.0
0.0
0.5
0.0
0.0
0.0
0.0
0.0
0.0
0.0
0.0
0.0
0.0
0.0
0.0
0.0
0.0
0.0
0.0
0.0
0.0
0.0
0.0
0.0
0.0
0.0
0.0
0.0
0.0
0.0
0.0
0.0
0.0
