9.81
6.022e+23
0
0
0
3
0
1
295.0
2
2
0
0
1
1
0
1
60
7
1000.0
1.0


3
3
0
77.072922555375
0
5.783625987995279
150.0
1000.0
287.04
9.81
79000.0
40.0
20000.0
0.0
0.0
0.0
0.0
0.0280134
0.04401
0.0319988
0.039948
0.01604
0.01801528
0.048
99000.0
2.1153802199668344e+29
0.8
1e-06
1000000.0
0.6
3.0
0.0001
300
48
1.6212382058303731
0
1
6
1.0
1
0
1
1
0.1
1000000000000.0
1
294.4817766568684
293.69198124158135
292.84526911677034
291.97163278463614
291.0918320442399
290.2035302407162
289.3092632658229
288.4089711858603
287.4901377907232
286.55307009772315
285.59521727168857
284.6163067592731
283.61790581044687
282.59628147761333
281.55207888852743
280.48578784916884
279.3947528519441
278.2813783898936
277.14479268567845
275.9826703932108
274.7948405057636
273.58159174036007
272.3407581004134
271.0727308755681
269.7755659304886
268.4469617153995
267.0848519818777
265.6867771281287
264.251906113525
262.77762467140786
261.2615891734228
259.70113790242607
258.0917420244675
256.4301234235365
254.7135312583718
252.93817258604105
251.10012336147656
249.19225893448964
247.20835646966515
245.14656107436704
242.99998651256146
240.24309236613445
237.97400730138486
235.4984476935823
232.8751726149617
230.11116676883324
227.20946347516528
224.19478662949456
221.04669095852157
217.9531136578307
217.83761981751096
217.82043635922344
218.0165401889354
218.29888187190795
219.30256109708816
220.3028610033817
221.9514493058552
224.43194928597939
227.39658821378345
235.7427268904642
991.675
975.0250000000001
958.375
941.7249999999999
925.075
908.425
891.7750000000001
875.125
858.4749999999999
841.825
825.175
808.5250000000001
791.875
775.225
758.575
741.925
725.2750000000001
708.625
691.975
675.325
658.675
642.0250000000001
625.375
608.725
592.075
575.425
558.7750000000001
542.125
525.4750000000001
508.82500000000005
492.17500000000007
475.52500000000003
458.87500000000006
442.2250000000001
425.57500000000005
408.925
392.27500000000003
375.62500000000006
358.9750000000001
342.32500000000005
325.675
309.02500000000003
292.37500000000006
275.7250000000001
259.0750000000001
242.42500000000007
225.77500000000003
209.12500000000006
192.47500000000008
175.8250000000001
159.17500000000007
142.52500000000003
125.87500000000006
109.22500000000008
92.5750000000001
75.92500000000013
59.27500000000009
42.62500000000006
25.97500000000008
9.325000000000045
73.37260584277611
221.17732191381356
371.13155048448766
523.3034071217176
677.7695600367306
834.6110013331424
993.9139784745246
1155.7661438182517
1320.2568378098713
1487.4800916399454
1657.5348534468249
1830.5266504699616
2006.5670492118934
2185.7739199021107
2368.2733522775106
2554.1992943834302
2743.694965422082
2936.914325732072
3134.0214446695913
3335.1917851901853
3540.6143389245563
3750.4922699428325
3965.044514070677
4184.507590391995
4409.13649759649
4639.206836469526
4875.017231881573
5116.892786387058
5365.188397001712
5620.292003451566
5882.62911400479
6152.667014367389
6430.920648281846
6717.960937759264
7014.423416599368
7321.018289386062
7638.541254499236
7967.887571175119
8310.07474048131
8666.266306680729
9037.389847292323
9425.026618969729
9831.342697187407
10258.348517184926
10708.519329904771
11184.871267592593
11691.14892997695
12232.037403267934
12813.717658270914
13448.981303467475
14154.545868332702
14948.624759145881
15857.247671600442
16920.998733475204
18204.690689947754
19823.436763669793
22017.9514872983
25432.85104521162
33723.065622244176
56560.69457252452
3.521179111399233e+23
3.521179111399233e+23
3.521179111399257e+23
3.521179111399233e+23
3.521179111399233e+23
3.521179111399233e+23
3.521179111399233e+23
3.521179111399257e+23
3.521179111399233e+23
3.521179111399233e+23
3.521179111399233e+23
3.521179111399233e+23
3.521179111399257e+23
3.5211791113992086e+23
3.521179111399257e+23
3.521179111399233e+23
3.521179111399233e+23
3.521179111399257e+23
3.5211791113992086e+23
3.521179111399257e+23
3.521179111399233e+23
3.521179111399233e+23
3.521179111399257e+23
3.5211791113992086e+23
3.521179111399257e+23
3.521179111399233e+23
3.521179111399233e+23
3.521179111399233e+23
3.521179111399233e+23
3.521179111399244e+23
3.521179111399244e+23
3.521179111399233e+23
3.521179111399233e+23
3.521179111399233e+23
3.521179111399257e+23
3.521179111399233e+23
3.521179111399233e+23
3.521179111399233e+23
3.521179111399233e+23
3.521179111399257e+23
3.521179111399233e+23
3.521179111399233e+23
3.521179111399233e+23
3.521179111399233e+23
3.521179111399233e+23
3.521179111399257e+23
3.521179111399233e+23
3.521179111399233e+23
3.521179111399233e+23
3.521179111399233e+23
3.521179111399257e+23
3.521179111399233e+23
3.521179111399233e+23
3.521179111399233e+23
3.521179111399233e+23
3.521179111399233e+23
3.521179111399257e+23
3.521179111399233e+23
3.521179111399233e+23
3.521179111399257e+23
-2.15724345116994
-1.886469105826094
-1.8008868988684332
-1.7739363734219171
-1.7174442647406687
-1.639140541256976
-1.5264075849232526
-1.377398224331426
-1.2420301694428453
-1.1167800392313114
-1.0098827663660073
-0.9199299341721832
-0.8377138111939659
-0.7759377107144956
-0.7288728027671573
-0.6912620439970499
-0.6707089545712106
-0.6534986985701956
-0.6393111512489175
-0.6336056109673988
-0.6325151209935862
-0.6300021060245674
-0.6297609367052358
-0.6244960167567408
-0.6161482776142255
-0.607669914468832
-0.6004698303511967
-0.5969605631797654
-0.592056481853399
-0.5873008679156736
-0.5822047742381433
-0.5765985278259366
-0.5769362811413355
-0.5831192009040073
-0.5912975691026987
-0.6001621476686819
-0.6068912357466069
-0.619590159464221
-0.6396667904853683
-0.6468340953871454
-0.6474394767361278
-2.791736715100508
-2.4544577768608087
-2.4792180036005877
-2.5612697243430644
-2.598970187415767
-2.4896223791035657
-2.0178958539113196
-1.1199441933123206
0.061126570194070556
0.08659909874072166
0.10448453128801743
0.11757499705182062
0.11969436543322867
0.11251057548387042
0.10032918777093537
0.07974432112756773
0.05502624756398439
0.033996784914312995
0.05009153439180937
-3.458613545447548
-3.166165381151373
-3.0588849186734848
-3.010288530069559
-2.932117814919806
-2.8321492674045885
-2.6977508870459133
-2.527061974937183
-2.370030443095814
-2.223114592811797
-2.09455016404749
-1.9829311611304945
-1.8790480157906018
-1.7956014740443322
-1.7268706640144842
-1.6675920570995117
-1.6253712954338937
-1.586493182710285
-1.5506366301159176
-1.5232567353356785
-1.500515464495919
-1.4763199914424945
-1.4544155407673998
-1.4274793277323
-1.3974648897062991
-1.367317519743409
-1.3384487792920936
-1.31327013036028
-1.2866968670109316
-1.260271480115506
-1.2335054906276923
-1.2062286997114882
-1.184895446311799
-1.1694063159013126
-1.1559116264361649
-1.1431017939948163
-1.128154740310407
-1.1191740437095916
-1.1175665867257862
-1.103041796071409
-1.0819328097249183
-3.2037339027583016
-2.845337657387205
-2.8482997536634116
-2.9084455127754723
-2.924089704451603
-2.792457355404906
-2.297844877237509
-1.376552907735288
-0.17877783265910807
-0.13287087326088454
-0.09407981347729333
-0.05972738404301481
-0.03584757354499857
-0.02149677241229142
-0.012176978434609964
-0.010564941522716254
-0.013135558232193034
-0.012026852737989202
0.025253948366497525
1.3013529830262698
1.2796854558588824
1.258017928691495
1.2363504015241074
1.2146828743567204
1.1930153471893328
1.1713478200219456
1.1496802928545582
1.1280127656871706
1.1063452385197832
1.0846777113523958
1.0630101841850086
1.0413426570176212
1.0196751298502336
0.9980076026828465
0.9763400755154589
0.9546725483480716
0.9330050211806842
0.9113374940132967
0.8896699668459095
0.868002439678522
0.8463349125111345
0.8246673853437473
0.8029998581763598
0.7813323310089724
0.759664803841585
0.7379972766741977
0.7163297495068102
0.6946622223394229
0.6729946951720355
0.6513271680046482
0.6296596408372607
0.6079921136698733
0.5863245865024859
0.5646570593350986
0.5429895321677111
0.5213220050003237
0.4996544778329364
0.477986950665549
0.45631942349816157
0.4346518963307741
0.41298436916338677
0.3913168419959993
0.369649314828612
0.3479817876612247
0.3263142604938373
0.3046467333264498
0.2829792061590624
0.26131167899167507
0.2396441518242877
0.21797662465690035
0.1963090974895128
0.17464157032212546
0.1529740431547381
0.13130651598735074
0.10963898881996338
0.08797146165257601
0.06630393448518851
0.04463640731780114
0.022968880150413776
-16.649999999999977
-16.649999999999977
-16.65000000000009
-16.649999999999977
-16.649999999999977
-16.649999999999977
-16.649999999999977
-16.65000000000009
-16.649999999999977
-16.649999999999977
-16.649999999999977
-16.649999999999977
-16.65000000000009
-16.649999999999864
-16.65000000000009
-16.649999999999977
-16.649999999999977
-16.65000000000009
-16.649999999999864
-16.65000000000009
-16.649999999999977
-16.649999999999977
-16.65000000000009
-16.649999999999864
-16.65000000000009
-16.649999999999977
-16.649999999999977
-16.649999999999977
-16.649999999999977
-16.650000000000034
-16.650000000000034
-16.649999999999977
-16.649999999999977
-16.649999999999977
-16.65000000000009
-16.649999999999977
-16.649999999999977
-16.649999999999977
-16.649999999999977
-16.65000000000009
-16.649999999999977
-16.649999999999977
-16.649999999999977
-16.649999999999977
-16.649999999999977
-16.65000000000009
-16.649999999999977
-16.649999999999977
-16.649999999999977
-16.649999999999977
-16.65000000000009
-16.649999999999977
-16.649999999999977
-16.649999999999977
-16.649999999999977
-16.649999999999977
-16.65000000000009
-16.649999999999977
-16.649999999999977
-16.65000000000009
295.0
294.15128058008156
293.2903056059666
292.4167222333393
291.53009539658945
290.6299733208095
289.71587092483634
288.78727564368967
287.84368614544576
286.88457033858305
285.90937263214823
284.91750405904577
283.9083329262022
282.881200408844
281.8354018970997
280.7701834890825
279.6847496758871
278.578239313819
277.4497326485417
276.29825160280717
275.1227446296442
273.92207716221026
272.69503371735624
271.4402972923692
270.1564490141215
268.8419581216434
267.49516743217555
266.11427985935427
264.69733194637814
263.2421819668421
261.7464842505887
260.20766250641964
258.6228878140271
256.9890326096961
255.30262045838055
253.55977641552585
251.7561603103101
249.8869082698981
247.94652847795578
245.92874305958244
243.8263708800044
241.63586355110638
239.34247866685234
236.93590309246622
234.40319475172655
231.72866386949931
228.89311185924015
225.872422578884
222.6365185977745
219.49210007559702
217.87782596990948
217.80651941988646
217.89239963640648
218.12983356461183
218.7734577885455
219.77781007507306
221.10614708213564
223.17601240367355
225.90396349810712
231.5599469837242
239.9023353473099
1000.0
983.35
966.7
950.05
933.4
916.75
900.1
883.45
866.8
850.15
833.5
816.85
800.2
783.55
766.9000000000001
750.25
733.6
716.95
700.3
683.6500000000001
667.0
650.35
633.7
617.05
600.4000000000001
583.75
567.1
550.45
533.8000000000001
517.1500000000001
500.50000000000006
483.85
467.20000000000005
450.55000000000007
433.9000000000001
417.25
400.6
383.95000000000005
367.30000000000007
350.6500000000001
334.0
317.35
300.70000000000005
284.05000000000007
267.4000000000001
250.7500000000001
234.10000000000002
217.45000000000005
200.80000000000007
184.1500000000001
167.5000000000001
150.85000000000002
134.20000000000005
117.55000000000007
100.90000000000009
84.25000000000011
67.60000000000014
50.950000000000045
34.30000000000007
17.65000000000009
1.0
0.0
146.74521168555222
295.6094321420749
446.65366882690046
599.9531454165348
755.5859746569265
913.6360280093583
1074.1919289396908
1237.3403586968125
1403.17331692293
1571.7868663569604
1743.2828405366895
1917.770460403234
2095.363638020553
2276.184201783669
2460.362502771353
2648.036085995507
2839.353844848657
3034.4748066154866
3233.568082723696
3436.815487656675
3644.413190192438
3856.5713496932267
4073.5176784481273
4295.497502335862
4522.775492857118
4755.638180081934
4994.396283681213
5239.389289092903
5490.98750491052
5749.596501992612
6015.661726016968
6289.6723027178095
6572.168993845884
6863.7528816726435
7165.093951526092
7476.942627246031
7800.1398817524405
8135.635260597796
8484.514220364823
8848.018392996633
9226.761301588012
9623.291936351445
10039.393458023367
10477.303576346485
10939.735083463056
11430.00745172213
11952.29040823177
12511.784398304098
13115.650918237729
13782.311688697222
14526.780047968183
15370.469470323582
16344.025872877302
17497.971594073108
18911.409785822398
20735.46374151719
23300.439233079414
27565.262857343827
39880.868387144525
52196.47391694531
449.0874227053569
447.1391599003703
444.71230251210926
442.04609637527494
439.23313713610315
436.3710141376424
433.49512091640344
430.6263816184122
427.79396410579176
424.99494507969644
422.2285515202989
419.48909320173465
416.7696382178581
414.06814646367656
411.370571188796
408.67317757319245
405.97238383879596
403.257911252327
400.5412690127028
397.817588660954
395.08154183242004
392.34539658595565
389.6095462367828
386.87019425392293
384.1333242225869
381.40320567667777
378.6775382888386
375.95377789024406
373.23622450351434
370.5250126649246
367.82690036885253
365.1432718881977
362.4771614797431
359.8221766370506
357.1853856561471
354.5695328547489
351.9817231262652
349.43058234957965
346.9116707181356
344.42874965860494
341.9988111626391
339.63165836010705
377.3131790822167
375.5343954163125
373.75636346961903
372.03071851345373
370.3997234047456
368.89085120568717
367.5441695557793
366.3997109325352
365.5840260787353
365.3339114132535
365.2190321093513
365.170708406262
365.1474534268939
365.1235974992943
365.0692639569302
364.994202606558
364.8806706561403
364.9142580978982
366.1538568717781
429.4301565647301
427.3105660472749
424.7043111190608
421.8522260681168
418.8476532318762
415.7876555835806
412.7077790707554
409.6292056939214
406.5813266661377
403.5619316138807
400.5707740410625
397.6028105042767
394.6516110508192
391.7155364408706
388.7809794196899
385.8444740839188
382.9026333544874
379.9453929181031
376.9842938116453
374.0145710048014
371.0309779219442
368.0457726686992
365.0593541216341
362.0679414894119
359.0774916012972
356.092257374373
353.1099256959259
350.1279224826319
347.1505184951984
344.1778170707321
341.2165226940887
338.2679762504456
335.3351641606021
332.4116455918082
329.5044282283019
326.6161867536166
323.7539358329191
320.9262273084708
318.1285419471018
315.3645275616297
312.6511156505205
309.9980134631839
260.7385524479485
258.7614913339231
256.6839947153976
254.5960800798596
252.5566703476519
250.6042235281527
248.7871525018599
247.1537496102523
245.8366472362073
245.0777999309884
244.4534732080188
243.9013730276232
243.3894058451728
242.9247978987282
242.4869885334548
242.1398284871637
241.9367095158282
242.083999094474
242.9034225673278
19.65726614062679
19.82859385309543
20.00799139304848
20.19387030715813
20.38548390422691
20.58335855406182
20.78734184564803
20.99717592449081
21.21263743965402
21.43301346581574
21.65777747923637
21.88628269745792
22.11802716703884
22.35261002280596
22.58959176910611
22.82870348927367
23.06975048430852
23.31251833422392
23.55697520105754
23.80301765615266
24.05056391047582
24.29962391725641
24.55019211514871
24.802252764511
25.05583262128973
25.31094830230479
25.56761259291275
25.82585540761214
26.08570600831595
26.34719559419251
26.6103776747638
26.8752956377521
27.14199731914094
27.41053104524238
27.68095742784523
27.9533461011323
28.22778729334608
28.50435504110884
28.78312877103385
29.06422209697526
29.34769551211855
29.63364489692317
116.5746266342682
116.7729040823894
117.0723687542214
117.4346384335941
117.8430530570937
118.2866276775345
118.7570170539194
119.2459613222829
119.747378842528
120.2561114822651
120.7655589013325
121.2693353786388
121.7580475817211
122.1987996005661
122.5822754234754
122.8543741193943
122.9439611403121
122.8302590034242
123.2504343044503
482.93364248440514
477.5267661339711
471.9337433645586
466.2086523090508
460.38540453980943
454.5911637264288
448.8831212377854
443.3166310527482
437.9571515651905
432.78810209599953
427.79859394379014
422.9645854611783
418.2621993161712
413.68165954619917
409.18848279727433
404.76421851765645
400.39583272616017
396.0559888442573
391.7528534219229
387.4785364400584
383.2192328761886
378.98257216522813
374.77040182461303
370.5766343009856
366.4122849419173
362.284701506302
358.1917165987194
354.1295074208326
350.0986839037426
346.1007751981419
342.1423914219544
338.2252574506719
334.3529183425058
330.51303805350153
326.7068407566968
322.9350763288622
319.2041648063837
315.5248692893878
311.88678361423433
308.2862959679778
304.75331567594037
301.3042300636836
335.782016883035
331.15789555974357
326.53156385938667
321.89747339044584
317.3423885772862
313.0410590228228
309.3965324956774
306.87552096469796
305.881058278239
305.4980727394962
305.2891136221168
305.1810625349845
305.1219599820714
305.07660728205934
305.0100967612608
304.92447046936593
304.7978029607159
304.8193635497359
306.0842162719823
341.5144619955441
335.1846880362972
328.6294454880779
321.9052671025007
315.0484050794728
308.2058720416908
301.4484371242571
294.8449587222626
288.4768310004562
282.3313273732482
276.4016700883352
270.661639354652
265.085160323771
259.6601393698234
254.3443825728072
249.1149494778333
243.9551092929784
238.8303071597835
233.7493757759448
228.7017817585699
223.6693493890262
218.6602369816542
213.6755443804248
208.7070289662133
203.766418787296
198.860806762432
193.9869659633072
189.1411726859711
184.3236373349129
179.5350671382345
174.7832624063998
170.0698889638079
165.3983810220144
160.7564420863958
156.1457324323412
151.5677585135776
147.0307056345626
142.5475583248104
138.108943394322
133.7123164780097
129.3924546546431
125.1660244900697
66.19641967697272
59.73444269813696
53.28121894382837
46.81158381180182
40.44006028528111
34.40063387610402
29.18605545510549
25.30470760874609
23.1625940384967
21.79425658626926
20.63920731247813
19.55512026841019
18.43388524776222
17.13394896918176
15.56173196376063
13.49395729168063
10.484712912294
5.807741632035997
0.0
141.4191804888611
142.3420780976739
143.3042978764807
144.3033852065501
145.3369994603366
146.385291684738
147.4346841135283
148.4716723304856
149.4803205647343
150.4567747227513
151.3969238554549
152.3029461065263
153.1770389924002
154.0215201763758
154.8441002244671
155.6492690398231
156.4407234331818
157.2256816844738
158.0034776459781
158.7767546814885
159.5498834871624
160.3223351835739
161.0948574441882
161.8696053347723
162.6458661546213
163.42389474387
164.2047506354122
164.9883347348615
165.7750465688297
166.5657080599074
167.3591290155546
168.155368486864
168.9545373204914
169.7565959671057
170.5611083243556
171.3673178152846
172.1734591718211
172.9773109645774
173.7778402199123
174.5739794899681
175.3608610212973
176.1382055736139
269.5855972060623
271.4234528616066
273.2503449155583
275.085889578644
276.9023282920051
278.6404251467188
280.2104770405719
281.5708133559519
282.7184642397423
283.7038161532269
284.6499063096387
285.6259422665743
286.6880747343092
287.9426583128776
289.4483647975002
291.4305131776853
294.3130900484219
299.0116219176999
306.0842162719823
33.84621977904827
30.38760623360072
27.221440852449348
24.162555933775863
21.152267403706304
18.220149588786498
15.38800032138191
12.690249434335996
10.163187459398813
7.793157016302999
5.570042423491202
3.475492259443712
1.4925610983132174
-0.3864869174773844
-2.1820883915217166
-3.908959055536201
-5.576551112635713
-7.201922408069606
-8.788415590779891
-10.339052220895809
-11.862308956231487
-13.362824420727407
-14.839144412169901
-16.2935599529373
-17.7210392806696
-19.1185041703759
-20.48582169011931
-21.824270469411402
-23.137540599771683
-24.424237466782614
-25.68450894689812
-26.918014437525812
-28.1242431372373
-29.3091385835491
-30.478544899450412
-31.634456525886577
-32.77755831988139
-33.9057130601918
-35.02488710390139
-36.14245369062718
-37.24549548669859
-38.327428296423506
-41.53116219918181
-44.37649985656901
-47.224799610232424
-50.133245123007896
-53.0573348274595
-55.849792182864405
-58.147637060101914
-59.5241899678372
-59.70296780049631
-59.835838673757195
-59.92991848723449
-59.9896458712775
-60.0254934448225
-60.04699021723479
-60.0591671956694
-60.06973213719212
-60.08286769542431
-60.0948945481623
-60.069640599795804
87.91569456918603
92.12587801097779
96.07486563098286
99.94695896561613
103.7992481524034
107.5817835418897
111.2593419464984
114.7842469716588
118.1044956656815
121.2306042406325
124.1691039527274
126.9411711496247
129.5664507270482
132.0553970710472
134.4365968468827
136.7295246060856
138.947524061509
141.1150857583195
143.2349180357005
145.3127892462316
147.361628532918
149.3855356870449
151.3838097412093
153.3609125231986
155.3110728140012
157.2314506119411
159.1229597326188
160.9867497966608
162.8268811602855
164.6427499324975
166.4332602876889
168.1980872866377
169.9367831385877
171.6552035054124
173.3586957959607
175.048428240039
176.7232301983565
178.3786689836604
180.0195985527798
181.65221108362
183.2586609958774
184.8319889731143
194.5421327709759
199.0270486357862
203.4027757715693
207.7844962680578
212.1166100623708
216.2035896520487
219.6010970467544
221.8490420015062
222.6740531977106
223.2835433447191
223.8142658955407
224.346252759213
224.9555205974106
225.7908489295464
226.9252565696942
228.645871195483
231.4519966035341
236.276257462438
242.9034225673278
121.7619143482343
122.5134842445785
123.2963064834322
124.109514899392
124.9515155561097
125.8019331306762
126.6473422678803
127.4744964059948
128.2676831250803
129.0237612569355
129.7391463762186
130.4166634090684
131.0590118253614
131.6689101535698
132.254508455361
132.8205655505494
133.3709729488733
133.9131633502499
134.4465024449206
134.9737370253358
135.4993195766865
136.0227112663175
136.5446653290394
137.0673525702613
137.5900335333316
138.1129464415652
138.6371380424995
139.1624793272494
139.6893405605138
140.2185124657149
140.7487513407908
141.2800728491119
141.8125400013504
142.3460649218633
142.8801508965103
143.4139717141524
143.9456718784751
144.4729559234686
144.9947114488784
145.5097573929928
146.0131655091788
146.5045606766908
153.0109705717941
154.6505487792172
156.1779761613369
157.6512511450499
159.0592752349113
160.3537974691843
161.4534599866525
162.324852033669
162.9710853972143
163.4477046709619
163.8843474083062
164.3566068879355
164.9300271525881
165.7438587123116
166.8660893740248
168.5761390582909
171.3691289081098
176.1813629142757
182.833781967532
-1.7516711775671718
-1.6035259352246691
-1.549174944928202
-1.524550015632383
-1.4849511163172497
-1.43431510878136
-1.3662433821237614
-1.2797942097149662
-1.200263979981413
-1.1258588382706074
-1.060748442255561
-1.0042206453389027
-0.9516104700618133
-0.9093495677799173
-0.8745411918587347
-0.8445194546893291
-0.8231357579525209
-0.8034454323215079
-0.7852847612926346
-0.7714164027454623
-0.7598978420665655
-0.7476424374426094
-0.7365468271714452
-0.7229026864727088
-0.7076992405123563
-0.6924281274338365
-0.6778047263032148
-0.6650503692000698
-0.6515893395693915
-0.6382036095261276
-0.624645347273339
-0.61082832605751
-0.6000219442932426
-0.5921759748418713
-0.5853405224963935
-0.5788525636294657
-0.5712827557004958
-0.5667354714820537
-0.5659233684411666
-0.5585697449316775
-0.5478811130175589
-1.6207381635524296
-1.4407433014597066
-1.4422793218359806
-1.472762468207225
-1.4807075242457377
-1.414067136199375
-1.1635903359355289
-0.6969959221987104
-0.0903520680688416
-0.067152434521673
-0.0475160882502092
-0.030104059900093377
-0.017975968862700697
-0.010630437724797936
-0.005811699425531502
-0.004808480950775795
-0.005766695972809988
-0.004563876400299094
0.014904525277802172
0.0
-2.132606523647528
-2.000301620264352
-1.96135195052137
-1.951320450593719
-1.915987690102459
-1.862813141801135
-1.785488816776129
-1.681823161128457
-1.583484338091901
-1.488453826867696
-1.404149883211886
-1.329796772662524
-1.26073917766444
-1.206161737668563
-1.161448845432588
-1.123495014761085
-1.097946509679721
-1.073769873993284
-1.052515112498776
-1.037809418307265
-1.025180413115476
-1.012196343191372
-1.001472346534545
-0.987825023736746
-0.9727391398441354
-0.9581161358088773
-0.9440754552000916
-0.9320914883377082
-0.9198016293701395
-0.9069566960518328
-0.8939471695479837
-0.8807108212200543
-0.8704405723232636
-0.8628789747604346
-0.855909126830489
-0.8483463087787717
-0.8385381781692466
-0.8311887480277584
-0.8269758745658577
-0.8137235847697863
-0.7969461555491344
-4.918530580715592
-2.271768193367465
-2.216460247988912
-2.21949609673887
-2.19436855107758
-2.070199423722045
-1.720957420089682
-1.138663467182303
-0.4178972919904388
-0.3087282731452925
-0.2688297053506466
-0.2694701244370012
-0.3086156658855436
-0.4231232855123244
-0.5746175118738205
-0.8715520419411961
-1.421401569342563
-2.443658411021003
-3.35689305023784
0.0
0.3809353460803562
0.3967756850396831
0.4121770055931679
0.4267704349613359
0.4310365737852094
0.4284980330197751
0.4192454346523674
0.4020289514134909
0.383220358110488
0.3625949885970885
0.3434014409563249
0.3255761273236213
0.3091287076026268
0.2968121698886457
0.2869076535738533
0.2789755600717559
0.2748107517272
0.270324441671776
0.2672303512061413
0.2663930155618027
0.2652825710489105
0.2645539057487627
0.2649255193630998
0.2649223372640371
0.265039899331779
0.2656880083750408
0.2662707288968769
0.2670411191376384
0.2682122898007481
0.2687530865257052
0.2693018222746447
0.2698824951625443
0.2704186280300209
0.2707029999185633
0.2705686043340955
0.269493745149306
0.2672554224687507
0.2644532765457047
0.2610525061246911
0.2551538398381088
0.2490650425315754
3.297792417163162
0.8310248919077583
0.7741809261529315
0.7467336285316453
0.7136610268318421
0.6561322875226702
0.5573670841541531
0.4416675449835926
0.3275452239215972
0.2415758386236195
0.2213136171004374
0.2393660645369078
0.2906396970228429
0.4124928477875265
0.568805812448289
0.8667435609904203
1.415634873369753
2.439094534620704
3.371797575515642
0.0
1.0
1.0
1.0
1.0
1.0
1.0
1.0
1.0
1.0
1.0
1.0
1.0
1.0
1.0
1.0
1.0
1.0
1.0
1.0
1.0
1.0
1.0
1.0
1.0
1.0
1.0
1.0
1.0
1.0
1.0
1.0
1.0
1.0
1.0
1.0
1.0
1.0
1.0
1.0
1.0
1.0
1.0
1.0
1.0
1.0
1.0
1.0
1.0
1.0
0.0
0.0
0.0
0.0
0.0
0.0
0.0
0.0
0.0
0.0
0.0
0.0
1.0
1.0
1.0
1.0
1.0
1.0
1.0
1.0
1.0
1.0
1.0
1.0
1.0
1.0
1.0
1.0
0.8605561031037754
0.8605561031037754
0.8605561031037754
0.8605561031037754
0.8605561031037754
0.8605561031037754
0.8605561031037754
0.8605561031037754
0.8605561031037754
0.8605561031037754
0.8605561031037754
0.8605561031037754
0.8605561031037754
0.8605561031037754
0.8605561031037754
0.8605561031037754
0.8605561031037754
0.8605561031037754
0.8605561031037754
0.8605561031037754
0.8605561031037754
0.8605561031037754
0.8605561031037754
0.8605561031037754
0.8605561031037754
0.8605561031037754
0.8605561031037754
0.8605561031037754
0.8605561031037754
1.0
1.0
1.0
1.0
1.0
1.0
1.0
1.0
1.0
1.0
1.0
1.0
1.0
1.0
1.0
1.0
1.0
1.0
1.0
1.0
1.0
1.0
1.0
1.0
1.0
1.0
1.0
1.0
1.0
0.013538246315282663
0.013478664316510808
0.013298622022260002
0.012999745051815035
0.012338961766771996
0.011492178845846473
0.010516173492136799
0.009429201044827884
0.00841211704206126
0.007471523912471439
0.006655348631360251
0.005947754986301433
0.005333164950507467
0.004843987271317311
0.004434102756620973
0.004085832962537333
0.0038155783111501274
0.003556652287672473
0.0033212487666153647
0.003125137702079742
0.0029351034892805138
0.0027587407803755164
0.002602048905268764
0.0024487539281988335
0.00230405681628285
0.0021701674972580158
0.0020383377129627994
0.0019140673922713781
0.0017981523260195062
0.0016831974473359224
0.0015737338339820845
0.0014695114825350219
0.001365846450656498
0.0012656144232351275
0.0011684031832431229
0.0010722397213831518
0.0009767729091714951
0.0008829901797533895
0.0007921147014288387
0.0006980112815151298
0.0006058830439630734
0.0005208372503576171
0.0004313183658230917
0.0003475181518203958
0.0002754880881666055
0.00020423301104527595
0.0001412287432619043
8.659525420016265e-05
4.597112335833199e-05
2.1250640312591308e-05
1.0599786397722165e-05
7.472223545375355e-06
6.073476698620391e-06
6.399494529211512e-06
6.7612826054946175e-06
7.285898534769184e-06
8.004723051442416e-06
9.113044944508212e-06
9.50124609993936e-06
1.8080212568447362e-07
0.0004
0.0004
0.0004
0.0004
0.0004
0.0004
0.0004
0.0004
0.0004
0.0004
0.0004
0.0004
0.0004
0.0004
0.0004
0.0004
0.0004
0.0004
0.0004
0.0004
0.0004
0.0004
0.0004
0.0004
0.0004
0.0004
0.0004
0.0004
0.0004
0.0004
0.0004
0.0004
0.0004
0.0004
0.0004
0.0004
0.0004
0.0004
0.0004
0.0004
0.0004
0.0004
0.0004
0.0004
0.0004
0.0004
0.0004
0.0004
0.0004
0.0004
0.0004
0.0004
0.0004
0.0004
0.0004
0.0004
0.0004
0.0004
0.0004
0.0004
1.3065442837795994e-08
1.609813246251006e-08
1.8451320475760573e-08
2.016080036876345e-08
2.1358414023579076e-08
2.2454492528502163e-08
2.346184864599769e-08
2.435074770331274e-08
2.5168293008394306e-08
2.59248194795521e-08
2.6578860853539352e-08
2.717492227184444e-08
2.7727500794852817e-08
2.821868937946919e-08
2.867559255048391e-08
2.9106915692640655e-08
2.950022653046024e-08
2.9893537368279825e-08
3.0281774756529767e-08
3.065711262938458e-08
3.1032450502239386e-08
3.142093683129147e-08
3.1836199651687564e-08
3.225146247208365e-08
3.2701440677579656e-08
3.320893932168535e-08
3.3716437965791035e-08
3.428270566534462e-08
3.492899931274215e-08
3.557529296013967e-08
3.6371436914800125e-08
3.733624217274159e-08
3.8301047430683085e-08
3.959226158737696e-08
4.118778732859431e-08
4.278331306981166e-08
4.513146211348355e-08
4.806009189575067e-08
5.0988721678017794e-08
5.632170630050282e-08
6.318151527324084e-08
7.004132424597885e-08
8.255287402060394e-08
9.799336545699721e-08
1.1343385689339041e-07
1.3646888186188418e-07
1.6453988297575865e-07
1.9889493840858378e-07
2.3731543525971197e-07
2.78963375570315e-07
3.2556784487230723e-07
3.9737569592667986e-07
5.064205645747201e-07
6.801946019508522e-07
1.1053081705738778e-06
1.6111307341008319e-06
2.5512822486276946e-06
4.137854497676283e-06
6.1841356611202155e-06
2.780474791942962e-06
0.0
0.0
0.0
0.0
0.0
0.0
0.0
0.0
0.0
0.0
0.0
0.0
0.0
0.0
0.0
0.0
0.0
0.0
0.0
0.0
0.0
0.0
0.0
0.0
0.0
0.0
0.0
0.0
0.0
0.0
0.0
0.0
0.0
0.0
0.0
0.0
0.0
0.0
0.0
0.0
0.0
0.0
0.0
0.0
0.0
0.0
0.0
0.0
0.0
0.0
0.0
0.0
0.0
0.0
0.0
0.0
0.0
0.0
0.0
0.0
0.0
0.0
0.0
0.0
0.0
0.0
0.0
0.0
0.0
0.0
0.0
0.0
0.0
0.0
0.0
0.0
0.0
0.0
0.0
0.0
0.0
0.0
0.0
0.0
0.0
0.0
0.0
0.0
0.0
0.0
0.0
0.0
0.0
0.0
0.0
0.0
0.0
0.0
0.0
0.0
0.0
0.0
0.0
0.0
0.0
0.0
0.0
0.0
0.0
0.0
0.0
0.0
0.0
0.0
0.0
0.0
0.0
0.0
0.0
0.0
0.0
0.0
0.0
0.0
0.0
0.0
0.0
0.0
0.0
0.0
0.0
0.0
0.0
0.0
0.0
0.0
0.0
0.0
0.0
0.0
0.0
0.0
0.0
0.0
0.0
0.0
0.0
0.0
0.0
0.0
0.0
0.0
0.0
0.0
0.0
0.0
0.0
0.0
0.0
0.0
0.0
0.0
0.0
0.0
0.0
0.0
0.0
0.0
0.0
0.0
0.0
0.0
0.0
0.0
0.0
0.0
0.0
0.0
0.0
0.0
0.0
0.0
0.0
0.0
0.0
0.0
0.0
0.0
0.0
0.0
0.0
0.0
0.0
0.0
0.0
0.0
0.0
0.0
0.0
0.0
0.0
0.0
0.0
0.0
0.0
0.0
0.0
0.0
0.0
0.0
0.0
0.0
0.0
0.0
0.0
0.0
0.0
0.0
0.0
0.0
0.0
0.0
0.0
0.0
0.0
0.0
0.0
0.0
0.0
0.0
0.0
0.0
0.0
0.0
0.0
0.0
0.0
0.0
0.0
0.0
0.0
0.0
0.0
0.0
0.0
0.0
0.0
0.0
0.0
0.0
0.0
0.0
0.0
0.0
0.0
0.0
0.0
0.0
0.0
0.0
0.0
0.0
0.0
0.0
0.0
0.0
0.0
0.0
0.0
0.0
0.0
0.0
0.0
0.0
0.0
0.0
0.0
0.0
0.0
0.0
0.0
0.0
0.0
0.0
0.0
0.0
0.0
0.0
0.0
0.0
0.0
0.0
0.0
0.0
0.0
0.0
0.0
0.0
0.0
0.0
2
2
1
295.0
-60.069640599795804
0.0
0.0
48.0
5.783625987995279
1.0
2.0
3.0
4.0
5.0
6.0
7.0
8.0
9.0
10.0
11.0
12.0
13.0
14.0
15.0
16.0
17.0
18.0
19.0
20.0
21.0
22.0
23.0
24.0
25.0
26.0
27.0
28.0
29.0
30.0
31.0
32.0
33.0
34.0
35.0
36.0
37.0
38.0
39.0
40.0
41.0
42.0
43.0
44.0
45.0
46.0
47.0
48.0
49.0
50.0
51.0
52.0
53.0
54.0
55.0
56.0
57.0
58.0
59.0
60.0
0.0
0.0
0.0
0.0
0.0
0.0
0.0
0.0
0.0
0.0
0.0
0.0
0.0
0.0
0.0
0.0
0.0
0.0
0.0
0.0
0.0
0.0
0.0
0.0
0.0
0.0
0.0
0.0
0.0
0.0
0.0
0.0
0.0
0.0
0.0
0.0
0.0
0.0
0.0
0.0
0.0
0.99
0.0
0.0
0.0
0.0
0.0
0.0
0.0
0.0
0.0
0.0
0.0
0.0
0.0
0.0
0.0
0.0
0.0
0.0
0.0
0.0
0.0
0.0
0.0
0.0
0.0
0.0
0.0
0.0
0.0
0.0
0.0
0.0
0.0
0.0
0.0
0.0
0.0
0.0
0.0
0.0
0.0
0.0
0.0
0.0
0.0
0.0
0.0
0.0
0.0
0.0
0.0
0.0
0.0
0.0
0.0
0.0
0.0
0.0
0.0
6.5
0.0
0.0
0.0
0.0
0.0
0.0
0.0
0.0
0.0
0.0
0.0
0.0
0.0
0.0
0.0
0.0
0.0
0.0
0.0
0.0
0.0
0.0
0.0
0.0
0.0
0.0
0.0
0.0
0.0
0.0
0.0
0.0
0.0
0.0
0.0
0.0
0.0
0.0
0.0
0.0
0.0
0.0
0.0
0.0
0.0
0.0
0.0
0.0
0.0
0.0
0.0
0.0
0.0
0.0
0.0
0.0
0.0
0.0
0.0
0.5
0.0
0.0
0.0
0.0
0.0
0.0
0.0
0.0
0.0
0.0
0.0
0.0
0.0
0.0
0.0
0.0
0.0
0.0
45.0
