9.81
6.022e+23
0
0
0
3
0
1
276.844018172047
2
2
0
0
1
1
0
1
60
7
1000.0
1.0


3
3.0
0
77.072922555375
0
5.783625987995279
150.0
1000.0
287.04
9.81
79000.0
40.0
20000.0
0.0
0.0
0.0
0.0
0.0280134
0.04401
0.0319988
0.039948
0.01604
0.01801528
0.048
99000.0
2.1153802199668344e+29
0.8
1e-06
1000000.0
0.6
3.0
0.0001
60
47
1.4779715455559044
0
1
6.0
1.0
1.0
0.0
1
1
0.1
1000000000000.0
1
276.844018172047
276.04057701106547
275.2254888283135
274.3983749237503
273.55883721289825
272.7064569074455
271.84076245686083
270.98027797931104
270.0896231253154
269.1842007570659
268.26338588925114
267.3267259113534
266.3734631697505
265.4030456886029
264.4147304367677
263.4078194172845
262.3815257911496
261.3350206087997
260.2674240495464
259.1777880300915
258.0650854337406
256.92821754744574
255.76600105545245
254.57715786008444
253.3603101672343
252.11397606419965
250.8365462938861
249.52626672477393
248.1812199827132
246.79930697035132
245.37823261699654
243.9154808315743
242.40827579080855
240.85353983073713
239.24785097428673
237.58737240416806
235.86780555013004
234.084315320415
232.23138107544176
230.30267765480903
228.29099387279157
226.18796101895398
223.98373072568015
221.66672816223743
219.2230198882121
216.63553512662367
213.88323129295415
210.92613679020735
209.96218511365078
210.45182087576302
211.3415262170755
212.2747329371475
213.2368947313497
214.20698240642938
215.71234630193888
217.14817960016936
219.18284015217787
222.10833900641427
225.8259915633973
235.35642676742654
991.675
975.0250000000001
958.375
941.7249999999999
925.075
908.425
891.7750000000001
875.125
858.4749999999999
841.825
825.175
808.5250000000001
791.875
775.225
758.575
741.925
725.2750000000001
708.625
691.975
675.325
658.675
642.0250000000001
625.375
608.725
592.075
575.425
558.7750000000001
542.125
525.4750000000001
508.82500000000005
492.17500000000007
475.52500000000003
458.87500000000006
442.2250000000001
425.57500000000005
408.925
392.27500000000003
375.62500000000006
358.9750000000001
342.32500000000005
325.675
309.02500000000003
292.37500000000006
275.7250000000001
259.0750000000001
242.42500000000007
225.77500000000003
209.12500000000006
192.47500000000008
175.8250000000001
159.17500000000007
142.52500000000003
125.87500000000006
109.22500000000008
92.5750000000001
75.92500000000013
59.27500000000009
42.62500000000006
25.97500000000008
9.325000000000045
68.96279129362425
207.87930537133144
348.8096117991378
491.81918853870593
636.9768651579384
784.3550509572951
934.035277925902
1086.0988979615452
1240.6264568137512
1397.707604092146
1557.4371526836794
1719.915466852523
1885.2489050620684
2053.5503441594806
2224.939711733814
2399.5446115752698
2577.5009928596282
2758.9539119489073
2944.058377675206
3132.9802919540125
3325.8975097472044
3523.0010361703726
3724.4963761265753
3930.6050651765245
4141.566415081114
4357.639503897093
4579.105449416009
4806.270021233988
5039.466656531996
5279.059962329315
5525.449801410588
5779.07607417914
6040.4243419247
6310.032483592568
6588.498617196606
6876.49059997258
7174.757515917117
7484.143624415896
7805.605444250854
8140.232963894095
8489.27616091109
8854.178409309385
9236.619233756195
9638.569627606921
10062.36445902825
10510.799101712299
10987.24500179914
11498.652061185798
12055.933356431575
12670.915118020068
13357.133708363988
14132.580468364802
15022.944589819232
16068.255465272247
17332.524068735453
18929.923064510767
21099.930970779293
24486.969503488945
32752.740436538465
56560.69457252452
3.521179111399233e+23
3.521179111399233e+23
3.521179111399257e+23
3.521179111399233e+23
3.521179111399233e+23
3.521179111399233e+23
3.521179111399233e+23
3.521179111399257e+23
3.521179111399233e+23
3.521179111399233e+23
3.521179111399233e+23
3.521179111399233e+23
3.521179111399257e+23
3.5211791113992086e+23
3.521179111399257e+23
3.521179111399233e+23
3.521179111399233e+23
3.521179111399257e+23
3.5211791113992086e+23
3.521179111399257e+23
3.521179111399233e+23
3.521179111399233e+23
3.521179111399257e+23
3.5211791113992086e+23
3.521179111399257e+23
3.521179111399233e+23
3.521179111399233e+23
3.521179111399233e+23
3.521179111399233e+23
3.521179111399244e+23
3.521179111399244e+23
3.521179111399233e+23
3.521179111399233e+23
3.521179111399233e+23
3.521179111399257e+23
3.521179111399233e+23
3.521179111399233e+23
3.521179111399233e+23
3.521179111399233e+23
3.521179111399257e+23
3.521179111399233e+23
3.521179111399233e+23
3.521179111399233e+23
3.521179111399233e+23
3.521179111399233e+23
3.521179111399257e+23
3.521179111399233e+23
3.521179111399233e+23
3.521179111399233e+23
3.521179111399233e+23
3.521179111399257e+23
3.521179111399233e+23
3.521179111399233e+23
3.521179111399233e+23
3.521179111399233e+23
3.521179111399233e+23
3.521179111399257e+23
3.521179111399233e+23
3.521179111399233e+23
3.521179111399257e+23
0.16937356993917208
0.616052957870044
0.5965117187030469
0.48207806407810105
0.3831006460357922
0.31400444343156453
0.25942278643220495
0.1471330993807478
0.16978931544488285
0.20572854122464035
0.2423588409036741
0.28253980552638147
0.3281992334672439
0.35884796786612494
0.3815384074410564
0.40063838228576376
0.3964586370951668
0.40257869188092155
0.4212727715639657
5.22158283717079
1.0783042455360508
1.020347864336605
0.9489806893924344
0.8840622121250661
0.822339305870849
0.7605617102005424
0.6901396535900468
0.6191644751964802
0.5455768470466433
0.4748867677764512
0.4036776891242633
0.3305758386516533
0.24559297679792258
0.15768751640671086
0.06632417071264851
-0.03638153478128259
-0.13119557340968147
-0.23480161633538543
-0.3452636146549779
-0.43545643166045034
-0.5093865795492376
-0.5890557271107546
-0.6362930451750728
-0.637616473445127
-0.6053525261998995
-0.4379620108096888
-0.08770547747655089
0.5813300603663232
0.749412285296285
0.6828404137732191
0.6274977618740956
0.5770612617488095
0.5318893412026432
0.4949837690046209
0.488533624830739
0.49266370727685016
0.5497196332584519
0.6807433082348425
0.854522310768649
0.38595261123533103
-3.299936304016782
-2.7954929066845438
-2.757270136450174
-2.813939781673753
-2.855153190314695
-2.8664853835175563
-2.8633030311155494
-2.91782870876564
-2.8374084833001376
-2.7437052481190136
-2.649310939038614
-2.55136596501454
-2.4479425276723106
-2.3595297838720626
-2.279075334895765
-2.2022113506496908
-2.148627086438921
-2.0847430222518
-2.0082849331673884
2.8497891418408017
-1.2357254403925708
-1.2359178121906496
-1.2495209777334537
-1.2566754455994555
-1.260634342452306
-1.2646479287212458
-1.2773059759303749
-1.2905171449225747
-1.3063407636710451
-1.3192668335398707
-1.3327119027906917
-1.3480497438619352
-1.3752685963142994
-1.4054100473041444
-1.43900938359684
-1.4839510796894047
-1.5210011089164368
-1.5668431424407743
-1.619541131359
-1.6519699389631057
-1.6681360774505265
-1.6900412156106768
-1.6795145242736282
-1.623073943142316
-1.533045986495722
-1.3078914617041448
-0.8998709189696399
-0.1730713717253991
0.05277486260592923
0.04396700048422986
0.046388357986472784
0.05371586726255373
0.06630795611775397
0.08716639332109821
0.13848025854858292
0.20037435039606066
0.31519428577902886
0.5039819701567865
0.7355249820919596
0.32471929196000815
3.4693098739559542
3.4115458645545877
3.353781855153221
3.296017845751854
3.2382538363504874
3.180489826949121
3.1227258175477544
3.064961808146388
3.0071977987450205
2.949433789343654
2.891669779942288
2.8339057705409214
2.7761417611395545
2.7183777517381875
2.6606137423368215
2.6028497329354545
2.545085723534088
2.4873217141327215
2.429557704731354
2.3717936953299885
2.3140296859286216
2.2562656765272546
2.198501667125888
2.1407376577245216
2.082973648323155
2.025209638921788
1.9674456295204217
1.909681620119055
1.8519176107176885
1.794153601316322
1.736389591914955
1.6786255825135885
1.620861573112222
1.5630975637108553
1.5053335543094886
1.447569544908122
1.3898055355067553
1.3320415261053888
1.2742775167040221
1.2165135073026554
1.158749497901289
1.1009854884999222
1.0432214790985554
0.9854574696971891
0.9276934602958224
0.8699294508944561
0.812165441493089
0.7544014320917223
0.6966374226903558
0.6388734132889893
0.5811094038876228
0.5233453944862557
0.4655813850848892
0.40781737568352266
0.35005336628215605
0.2922893568807895
0.23452534747942297
0.17676133807805602
0.11899732867668945
0.0612333192753229
-16.649999999999977
-16.649999999999977
-16.65000000000009
-16.649999999999977
-16.649999999999977
-16.649999999999977
-16.649999999999977
-16.65000000000009
-16.649999999999977
-16.649999999999977
-16.649999999999977
-16.649999999999977
-16.65000000000009
-16.649999999999864
-16.65000000000009
-16.649999999999977
-16.649999999999977
-16.65000000000009
-16.649999999999864
-16.65000000000009
-16.649999999999977
-16.649999999999977
-16.65000000000009
-16.649999999999864
-16.65000000000009
-16.649999999999977
-16.649999999999977
-16.649999999999977
-16.649999999999977
-16.650000000000034
-16.650000000000034
-16.649999999999977
-16.649999999999977
-16.649999999999977
-16.65000000000009
-16.649999999999977
-16.649999999999977
-16.649999999999977
-16.649999999999977
-16.65000000000009
-16.649999999999977
-16.649999999999977
-16.649999999999977
-16.649999999999977
-16.649999999999977
-16.65000000000009
-16.649999999999977
-16.649999999999977
-16.649999999999977
-16.649999999999977
-16.65000000000009
-16.649999999999977
-16.649999999999977
-16.649999999999977
-16.649999999999977
-16.649999999999977
-16.65000000000009
-16.649999999999977
-16.649999999999977
-16.65000000000009
276.844018172047
276.046308188186
275.2371358500839
274.416131822682
273.5829080409576
272.737056400978
271.8781474300521
271.41052021808594
270.53495055231326
269.63691194119065
268.72379332315853
267.79505590030226
266.85009454055194
265.8882544291767
264.90888806268526
263.91127492702606
262.894672604217
261.85827319997463
260.801222329173
259.72260603981897
258.62143673191605
257.4966514905932
256.3471093014491
255.17157945776844
253.96873401365937
252.73714311571698
251.4752611790429
250.18140650933003
248.85374335374357
247.49026347653228
246.08876979367392
244.64685672428544
243.16187831119143
241.63090781077284
240.05069540251193
238.41761168922739
236.72758897714905
234.97606043527253
233.1578481979284
231.26702936512538
229.2968357638003
227.23947744587278
225.08584587231707
222.8252294439588
220.44487402522475
217.92927750741788
215.26003066242058
212.41810772818576
210.44416095192906
210.2070029947069
210.89667354641927
211.80812957711152
212.7558138342486
213.72193856888953
214.95966435418413
216.43026295105412
218.16550987617362
220.6455895792961
223.96716528490578
230.59120916541193
240.12164436944116
1000.0
983.35
966.7
950.05
933.4
916.75
900.1
883.45
866.8
850.15
833.5
816.85
800.2
783.55
766.9000000000001
750.25
733.6
716.95
700.3
683.6500000000001
667.0
650.35
633.7
617.05
600.4000000000001
583.75
567.1
550.45
533.8000000000001
517.1500000000001
500.50000000000006
483.85
467.20000000000005
450.55000000000007
433.9000000000001
417.25
400.6
383.95000000000005
367.30000000000007
350.6500000000001
334.0
317.35
300.70000000000005
284.05000000000007
267.4000000000001
250.7500000000001
234.10000000000002
217.45000000000005
200.80000000000007
184.1500000000001
167.5000000000001
150.85000000000002
134.20000000000005
117.55000000000007
100.90000000000009
84.25000000000011
67.60000000000014
50.950000000000045
34.30000000000007
17.65000000000009
1.0
0.0
137.9255825872485
277.83302815541435
419.7861954428613
563.8521816345506
710.1015486813262
858.6085532332642
1009.4620026185399
1162.7357933045503
1318.517120322952
1476.8980878613402
1637.9762175060187
1801.854716199027
1968.6430939251095
2138.4575943938517
2311.4218290737767
2487.667394076763
2667.3345916424933
2850.5732322553213
3037.5435230950907
3228.417060812934
3423.377958681475
3622.6241136592703
3826.36863859388
4034.8414917591695
4248.29133840306
4466.987669391127
4691.223229440891
4921.316813027083
5157.616500036908
5400.503424621722
5650.396178199455
5907.755970158825
6173.092713690574
6446.972253494561
6730.02498089865
7022.956219046509
7326.5588127877245
7641.728436044066
7969.482452457642
8310.983475330548
8667.568846491631
9040.78797212714
9432.450495385252
9844.688759828592
10280.040158227908
10741.558045196689
11232.93195840159
11764.372163970005
12347.494548893144
12994.335687146991
13719.931729580985
14545.229207148617
15500.659972489848
16635.850958054645
18029.19717941626
19830.648949605275
22369.21299195331
26604.726015024575
38900.75485805236
51196.783701080225
336.3568941417746
335.50815558663004
333.9981484997704
332.2832264156099
330.4501306319552
328.556094272412
326.62900621577234
325.06680983053855
323.1306078822846
321.18454169338315
319.2454458642859
317.3151566481246
315.39343555187793
313.4807819623643
311.5692599701063
309.6590977256254
307.7492243474723
305.8341599958086
303.91908370355367
302.00122146386144
508.3163082499507
506.3653765125371
504.4399251044997
502.54732213386626
500.6895036050631
498.86399891336544
497.0659694972494
495.29320339470496
493.54503438850713
491.8215772052994
490.1250176012127
488.4579599263788
486.8178644634229
485.2036382867787
483.6153460839754
482.0563451035497
480.53664414809225
479.0566037178139
477.61342121286214
476.2074722781333
474.8456283554782
473.5315682161995
472.26567085979434
471.0522404163237
469.89290511470733
468.7871760782074
467.7403705738477
466.75019969107734
465.9137150588886
465.5008766670996
465.4000428444956
465.4461497968643
465.5420967847811
465.645167004437
465.734806764269
465.7642976894547
465.7183695532942
465.5821399380796
465.3161701174954
465.09970307967683
466.2062002986718
333.0817140334071
332.2039966062511
330.6646132308404
328.9199986544068
327.0569230730932
325.1325518137836
323.1747693126656
321.5815289045841
319.6140238230376
317.6363549685515
315.665404273802
313.703061146936
311.7491298322723
309.8041438684015
307.8602060745973
305.9175688455984
303.975179408621
302.0275785039168
300.0799494412435
298.1295261150064
291.9380483575761
290.0873425032194
288.1998966325901
286.2983007835825
284.3925181511698
282.4860314919121
280.5786255772012
278.6712234996464
276.7657867323627
274.8646418324871
272.971338139053
271.0899433282032
269.2191682663266
267.3588762379917
265.510055156903
263.676783813112
261.8696056638321
260.089525206575
258.3344515777549
256.6052849912945
254.9095874614186
253.2517494180532
251.6327616775377
250.0582433948317
248.530851148018
247.0506816402364
245.6249609763665
244.2527324651929
243.0326368000704
242.2360760069858
241.7523698146357
241.4175291434068
241.1397080604716
240.8836591251807
240.64176628316
240.4137146004308
240.1991376517882
240.0627665619899
240.0739635527972
240.4585804201766
241.4341158677633
3.275180108367541
3.304158980378956
3.333535268930009
3.363227761203086
3.393207558861988
3.423542458628385
3.454236903106715
3.485280925954468
3.516584059247006
3.548186724831684
3.580041590483912
3.612095501188618
3.644305719605675
3.676638093962737
3.709053895509025
3.741528880026996
3.774044938851302
3.806581491891766
3.839134262310181
3.871695348855048
216.3782598923746
216.2780340093177
216.2400284719096
216.2490213502838
216.2969854538933
216.3779674214533
216.4873439200482
216.6219798950586
216.7792476561444
216.9569353728123
217.1536794621597
217.3680165981756
217.5986961970963
217.844762048787
218.1052909270724
218.3795612904377
218.6670384842602
218.9670785112389
219.2789696351072
219.6021872868388
219.9360408940596
220.2798187981463
220.6329091822566
220.993997021492
221.3620539666893
221.736494437971
222.1154095974812
222.4974672258844
222.8810782588182
223.2648006601138
223.6476730298599
224.0286206534575
224.4023887243095
224.7615078792563
225.093040481109
225.3505830890239
225.519231901506
225.5193733760897
225.2422065646982
224.6411226595002
224.7720844309085
258.31308359736215
254.1644087382006
249.8589087446566
245.3867165240458
240.73968095871746
235.99049140885947
231.19691796870222
226.77141855235294
221.91738789533332
217.13391322313177
212.4511121459154
207.8715119907156
203.3984249294544
199.03782881226823
194.76677703613836
190.5775394567617
186.465454727959
182.40176328985623
178.40194397534947
174.47579680248984
383.64067273041996
380.4540155526138
377.2926463323858
374.1505223840189
371.0360284096163
367.94988937546634
364.88721203062903
361.8371399521542
358.7984538010339
355.768655854155
352.7528294165285
349.7530598389038
346.7649146320859
343.77541985912757
340.7817176090201
337.7837072449975
334.7800552098506
331.77901367065584
328.76898802326326
325.7434979571756
322.7296840955574
319.7474878788281
316.7915493068123
313.898604339068
311.1161950943093
308.47742007131353
306.12272310524986
304.23268130350976
303.2231252995956
302.8630617704127
302.8061949482929
302.89869025864783
303.04835311382726
303.21773128960086
303.39453744275414
303.56250862648835
303.71695484072393
303.8959195112885
304.13393166086087
304.6529896051342
306.0842061160892
234.7506368377138
230.5294559287066
226.1506277464628
221.6045397965959
216.8833279826166
212.0607755835461
207.195333837439
202.7000415679856
197.7779000331905
192.9290359738614
188.1835625006532
183.5437773472318
179.0127676051358
174.5963010980971
170.2710487273804
166.0290433374599
161.8654334051301
157.7511751801612
153.7017249718009
149.7267770914313
133.4084805425922
129.1247538116171
124.8612895886169
120.609250830478
116.3787347524503
112.170449668634
107.9780923617618
103.791032326721
99.60749836326794
95.42363875516887
91.246188288948
87.0769928583812
82.9113098961286
78.73678114344081
74.5511605156747
70.35576019545248
66.15183094875286
61.94997054220966
57.73841294737145
53.50953746278975
49.29555986929951
45.11999902743861
40.9782631995145
36.92563159317594
33.02477199004602
29.31462501445605
25.95450852905655
23.13889267054368
21.29435942867428
20.15896804736364
19.34639625242935
18.68384795585077
18.04626734464929
17.36888500534907
16.59274821184741
15.60742072894331
14.33741673414136
12.59115750622298
9.970935339611747
5.73214375168495
0.0
23.56244675964833
23.634952809494
23.7082809981938
23.78217672744989
23.85635297610086
23.92971582531336
24.00158413126322
24.07137698436733
24.13948786214282
24.20487724927036
24.26754964526219
24.32773464348379
24.38565732431861
24.44152771417115
24.49572830875798
24.54849611930179
24.60002132282891
24.65058810969504
24.70021900354856
24.74901971105854
250.2321921878278
251.3292617409967
252.4313567437689
253.5412715535409
254.657293657166
255.7794397068323
256.9091196688672
258.0461076254332
259.1909554377659
260.3450170989861
261.5066411275805
262.6760669805226
263.8536047359573
265.0386387156868
266.2305570933454
267.427947049545
268.6282242610978
269.8290431284462
271.0305750758918
272.2339604943858
273.4341242262579
274.6274888513895
275.8132861072978
276.9729727458921
278.0914231042633
279.1627950568575
280.1682145761933
281.0937886329661
281.9287658709213
282.704093723049
283.4597986958635
284.2148423027971
285.002085769178
285.8488462842518
286.8017892309067
287.955087897545
289.3795381065826
291.3047620050655
294.1629963212491
298.9208458534493
306.0842061160892
-78.04381054441258
-81.34374684842936
-84.1392397551139
-86.89650989156408
-89.71044967323783
-92.56560286355253
-95.43208824707008
-98.29539127818563
-101.21321998695127
-104.05062847025141
-106.79433371837042
-109.44364465740904
-111.99501062242358
-114.44295315009589
-116.80248293396795
-119.08155826886372
-121.28376961951341
-123.43239670595233
-125.51713972820413
-127.52542466137152
-124.67563551953072
-125.91136095992329
-127.14727877211394
-128.3967997498474
-129.65347519544684
-130.91410953789915
-132.1787574666204
-133.45606344255077
-134.74658058747335
-136.0529213511444
-137.37218818468426
-138.70490008747495
-140.0529498313369
-141.4282184276512
-142.83362847495533
-144.27263785855217
-145.75658893824158
-147.27759004715801
-148.8444331895988
-150.4639743209578
-152.1159442599209
-153.78408033737142
-155.4741215529821
-157.15363607725573
-158.77671002039804
-160.30975600689376
-161.6176474685979
-162.51751838756755
-162.69058975929295
-162.63781489668702
-162.5938478962028
-162.54745953821632
-162.49374367095376
-162.427435714836
-162.3402693215149
-162.20178906296633
-162.00141471257027
-161.68622042679124
-161.18223845663445
-160.4467134745425
-160.12199418258248
98.33107719569337
101.6745406775444
104.5139854843777
107.3154588578109
110.1735950904767
113.0717762302375
115.9794354752266
118.8814873365985
121.8361237898471
124.7073189946901
127.4818417731487
130.1592837997042
132.7363622271365
135.2078427703043
137.5891573472169
139.8885255081385
142.109746003491
144.2764033237556
146.3782244694425
148.402749023575
158.5295678149839
160.9625886916023
163.3386070439732
165.6890499531045
168.0137833987195
170.3155818232781
172.6005332154394
174.8801911729254
177.1582883690948
179.4410030773182
181.725149850105
184.012950469822
186.3078583701979
188.622095094551
190.9588946412283
193.3210236176595
195.7177747150792
198.1395546643653
200.5960386303834
203.0957475285048
205.6140275921191
208.1317503906146
210.6544984780232
213.1326118016558
215.506079157972
217.7360566257803
219.67045244731
221.1138397946492
221.7382773713961
222.0771079596222
222.4059735622064
222.733681187556
223.0934407158223
223.5147741198316
224.0490180713126
224.8062938714874
225.8617209176469
227.471609055767
230.1030282131854
234.7264366684916
241.4341158677633
20.28726665128079
20.33079382911504
20.37474572926379
20.41894896624681
20.46314541723887
20.50617336668497
20.54734722815651
20.58609605841287
20.62290380289582
20.65669052443868
20.68750805477828
20.71563914229517
20.74135160471293
20.76488962020841
20.78667441324896
20.8069672392748
20.8259763839776
20.84400661780328
20.86108474123837
20.87732436220349
33.85393229545318
35.051227731679
36.19132827185928
37.29225020325711
38.36030820327267
39.40147228537896
40.42177574881902
41.42412773037464
42.41170778162146
43.38808172617379
44.35296166542074
45.30805038234703
46.25490853886101
47.19387666689983
48.12526616627298
49.04838575910733
49.96118577683762
50.86196461720729
51.7516054407846
52.63177320754702
53.49808333219821
54.34767005324318
55.18037692504111
55.97897572440007
56.72936913757397
57.42630061888653
58.05280497871209
58.59632140708166
59.04768761210315
59.43929306293517
59.81212566600362
60.18622164933968
60.59969704486855
61.08733840499559
61.70874874979768
62.60450480852109
63.86030620507663
65.78538862897577
68.92078975655096
74.27972319394911
81.31212168518081
-1.671520396333494
-1.4160018749498091
-1.3966406128316373
-1.4253457906083418
-1.4462222078928577
-1.4519629525269153
-1.450351748785962
-1.4779715455559044
-1.4372368220383636
-1.3897737687789289
-1.3419605724078676
-1.2923487538652505
-1.239961822733997
-1.1951782039648926
-1.1544256594717859
-1.1154917459579798
-1.0883497355845426
-1.0559905044517341
-1.0172620497957674
1.4476395786461893
-0.6255583468292008
-0.6256739524612204
-0.6325768773346316
-0.6362113039522123
-0.6382251652470994
-0.6402648127573004
-0.6466822610535403
-0.6533788753742698
-0.6613976553653698
-0.6679488159952197
-0.6747623274043996
-0.6825340989553941
-0.6963239140072262
-0.7115940294932737
-0.7286159054597972
-0.7513837379082517
-0.7701547028828671
-0.7933788479207725
-0.820075247649658
-0.8365059839317498
-0.8447000143060108
-0.8558011002689859
-0.8504797907266854
-0.8219059520151282
-0.7763205912857465
-0.6622942414959443
-0.4556437875909471
-0.08752342522324591
0.026856687022651704
0.022389232547600807
0.02361613678385699
0.027340284007269205
0.03374217325977019
0.04435018697280413
0.07042959083584699
0.10189546728639154
0.16026835099898606
0.2562803197056198
0.3742711220509527
0.16671495666303793
0.0
-1.693582270595415
-1.438279020928506
-1.419045149601813
-1.447746887879641
-1.468031046822023
-1.472832041676729
-1.469991703946109
-1.496627655854166
-1.454361718240909
-1.405393721949433
-1.35621889436966
-1.305381188795561
-1.251892133038377
-1.206219888466302
-1.16471113623543
-1.12512658518089
-1.097488411036689
-1.064646600036187
-1.025493148011182
-5.129591172674389
-1.232410954387964
-1.20353716379067
-1.190582299031894
-1.177559548272409
-1.165942150550596
-1.157408533977541
-1.154727222467717
-1.153936641769286
-1.156275574612915
-1.15700096586302
-1.158851768306065
-1.162451856831491
-1.172242588441607
-1.183671454367746
-1.196501704612254
-1.214039030978985
-1.226717027913717
-1.244295837365294
-1.26619079122231
-1.275597742066518
-1.275315467613556
-1.277860953829945
-1.255251870466636
-1.202244994244306
-1.129562300831983
-0.9798397635982795
-0.7311266398824575
-0.3162996739197522
-0.171629652924291
-0.1665820359541961
-0.165995479610812
-0.1822308998010038
-0.213420241289667
-0.2706134190824085
-0.3835869229883392
-0.5346110531743805
-0.8154651675311793
-1.332906686643918
-2.341919578942844
-3.397676281015849
0.0
0.0220618742619211
0.0222771459786968
0.0224045367701758
0.0224010972712992
0.0218088389291654
0.0208690891498137
0.0196399551601469
0.0186561102982617
0.0171248962025455
0.0156199531705041
0.0142583219617925
0.0130324349303105
0.0119303103043799
0.0110416845014095
0.0102854767636442
0.0096348392229103
0.0091386754521464
0.0086560955844527
0.0082310982154146
6.577230751320578
0.6068526075587632
0.5778632113294496
0.5580054216972623
0.5413482443201968
0.5277169853034966
0.5171437212202407
0.5080449614141767
0.5005577663950163
0.4948779192475452
0.4890521498678003
0.4840894409016655
0.479917757876097
0.4759186744343809
0.4720774248744724
0.4678857991524568
0.4626552930707332
0.4565623250308498
0.4509169894445214
0.446115543572652
0.4390917581347683
0.4306154533075453
0.4220598535609591
0.4047720797399505
0.3803390422291779
0.3532417095462366
0.3175455221023353
0.2754828522915104
0.2287762486965063
0.1984863399469427
0.1889712685017969
0.189611616394669
0.209571183808273
0.2471624145494372
0.3149636060552126
0.4540165138241862
0.636506520460772
0.9757335185301653
1.589187006349538
2.716190700993797
3.564391237678887
0.0
1.0
1.0
1.0
1.0
1.0
1.0
1.0
0.0
0.0
0.0
0.0
0.0
0.0
0.0
0.0
0.0
0.0
0.0
0.0
0.0
0.0
0.0
0.0
0.0
0.0
0.0
0.0
0.0
0.0
0.0
0.0
0.0
0.0
0.0
0.0
0.0
0.0
0.0
0.0
0.0
0.0
0.0
0.0
0.0
0.0
0.0
1.0
1.0
0.0
0.0
0.0
0.0
0.0
0.0
0.0
0.0
0.0
0.0
0.0
0.0
0.0
1.0
1.0
1.0
1.0
1.0
1.0
1.0
1.0
1.0
1.0
1.0
1.0
1.0
1.0
1.0
1.0
0.8605561031037754
0.8605561031037754
0.8605561031037754
0.8605561031037754
0.8605561031037754
0.8605561031037754
0.8605561031037754
0.8605561031037754
0.8605561031037754
0.8605561031037754
0.8605561031037754
0.8605561031037754
0.8605561031037754
0.8605561031037754
0.8605561031037754
0.8605561031037754
0.8605561031037754
0.8605561031037754
0.8605561031037754
0.8605561031037754
0.8605561031037754
0.8605561031037754
0.8605561031037754
0.8605561031037754
0.8605561031037754
0.8605561031037754
0.8605561031037754
0.8605561031037754
0.8605561031037754
1.0
1.0
1.0
1.0
1.0
1.0
1.0
1.0
1.0
1.0
1.0
1.0
1.0
1.0
1.0
1.0
1.0
1.0
1.0
1.0
1.0
1.0
1.0
1.0
1.0
1.0
1.0
1.0
1.0
0.004057347218577478
0.004022179781566021
0.003951614959253813
0.0038465515260593867
0.0036367721691921216
0.003374329874368015
0.0030761650357795296
0.0028314975146235656
0.0025187340897245484
0.0022288658085266888
0.001977576764853189
0.0017599438689341104
0.0015711353635838798
0.0014203451900652727
0.0012937732435890942
0.0011860377473829366
0.0011016311229328534
0.0010211666903088912
0.0009480861306297931
0.000886760641793854
0.000827681078742923
0.0007729574594272708
0.0007242015736227121
0.0006768384955758999
0.0006322904115327019
0.0005911256554824822
0.0005509376946409015
0.0005132026523426546
0.00047810075360953184
0.00044364817223814914
0.0004110373723685191
0.00038018316224678857
0.00034986746923439127
0.00032083342852402537
0.0002929711040143802
0.00026578837445938617
0.00023921311112394894
0.00021350226862616414
0.0001889580777588682
0.00016413914438830388
0.00014031575796883338
0.00011861327410857683
9.647989894083393e-05
7.624184705818365e-05
5.9175585730100945e-05
4.286374017605236e-05
2.888977609137934e-05
1.7223530609591605e-05
1.0213190069306247e-05
6.6270960107873495e-06
4.401915836199644e-06
3.5274010521955463e-06
3.207967500619726e-06
3.716329303044646e-06
4.24661375261124e-06
4.87057340081134e-06
5.6511929315384445e-06
6.799886116271672e-06
7.644871920744686e-06
1.6332166280625872e-07
0.0004
0.0004
0.0004
0.0004
0.0004
0.0004
0.0004
0.0004
0.0004
0.0004
0.0004
0.0004
0.0004
0.0004
0.0004
0.0004
0.0004
0.0004
0.0004
0.0004
0.0004
0.0004
0.0004
0.0004
0.0004
0.0004
0.0004
0.0004
0.0004
0.0004
0.0004
0.0004
0.0004
0.0004
0.0004
0.0004
0.0004
0.0004
0.0004
0.0004
0.0004
0.0004
0.0004
0.0004
0.0004
0.0004
0.0004
0.0004
0.0004
0.0004
0.0004
0.0004
0.0004
0.0004
0.0004
0.0004
0.0004
0.0004
0.0004
0.0004
1.3065442837795994e-08
1.609813246251006e-08
1.8451320475760573e-08
2.016080036876345e-08
2.1358414023579076e-08
2.2454492528502163e-08
2.346184864599769e-08
2.435074770331274e-08
2.5168293008394306e-08
2.59248194795521e-08
2.6578860853539352e-08
2.717492227184444e-08
2.7727500794852817e-08
2.821868937946919e-08
2.867559255048391e-08
2.9106915692640655e-08
2.950022653046024e-08
2.9893537368279825e-08
3.0281774756529767e-08
3.065711262938458e-08
3.1032450502239386e-08
3.142093683129147e-08
3.1836199651687564e-08
3.225146247208365e-08
3.2701440677579656e-08
3.320893932168535e-08
3.3716437965791035e-08
3.428270566534462e-08
3.492899931274215e-08
3.557529296013967e-08
3.6371436914800125e-08
3.733624217274159e-08
3.8301047430683085e-08
3.959226158737696e-08
4.118778732859431e-08
4.278331306981166e-08
4.513146211348355e-08
4.806009189575067e-08
5.0988721678017794e-08
5.632170630050282e-08
6.318151527324084e-08
7.004132424597885e-08
8.255287402060394e-08
9.799336545699721e-08
1.1343385689339041e-07
1.3646888186188418e-07
1.6453988297575865e-07
1.9889493840858378e-07
2.3731543525971197e-07
2.78963375570315e-07
3.2556784487230723e-07
3.9737569592667986e-07
5.064205645747201e-07
6.801946019508522e-07
1.1053081705738778e-06
1.6111307341008319e-06
2.5512822486276946e-06
4.137854497676283e-06
6.1841356611202155e-06
2.780474791942962e-06
0.0
0.0
0.0
0.0
0.0
0.0
0.0
0.0
0.0
0.0
0.0
0.0
0.0
0.0
0.0
0.0
0.0
0.0
0.0
0.0
0.0
0.0
0.0
0.0
0.0
0.0
0.0
0.0
0.0
0.0
0.0
0.0
0.0
0.0
0.0
0.0
0.0
0.0
0.0
0.0
0.0
0.0
0.0
0.0
0.0
0.0
0.0
0.0
0.0
0.0
0.0
0.0
0.0
0.0
0.0
0.0
0.0
0.0
0.0
0.0
0.0
0.0
0.0
0.0
0.0
0.0
0.0
0.0
0.0
0.0
0.0
0.0
0.0
0.0
0.0
0.0
0.0
0.0
0.0
0.0
0.0
0.0
0.0
0.0
0.0
0.0
0.0
0.0
0.0
0.0
0.0
0.0
0.0
0.0
0.0
0.0
0.0
0.0
0.0
0.0
0.0
0.0
0.0
0.0
0.0
0.0
0.0
0.0
0.0
0.0
0.0
0.0
0.0
0.0
0.0
0.0
0.0
0.0
0.0
0.0
0.0
0.0
0.0
0.0
0.0
0.0
0.0
0.0
0.0
0.0
0.0
0.0
0.0
0.0
0.0
0.0
0.0
0.0
0.0
0.0
0.0
0.0
0.0
0.0
0.0
0.0
0.0
0.0
0.0
0.0
0.0
0.0
0.0
0.0
0.0
0.0
0.0
0.0
0.0
0.0
0.0
0.0
0.0
0.0
0.0
0.0
0.0
0.0
0.0
0.0
0.0
0.0
0.0
0.0
0.0
0.0
0.0
0.0
0.0
0.0
0.0
0.0
0.0
0.0
0.0
0.0
0.0
0.0
0.0
0.0
0.0
0.0
0.0
0.0
0.0
0.0
0.0
0.0
0.0
0.0
0.0
0.0
0.0
0.0
0.0
0.0
0.0
0.0
0.0
0.0
0.0
0.0
0.0
0.0
0.0
0.0
0.0
0.0
0.0
0.0
0.0
0.0
0.0
0.0
0.0
0.0
0.0
0.0
0.0
0.0
0.0
0.0
0.0
0.0
0.0
0.0
0.0
0.0
0.0
0.0
0.0
0.0
0.0
0.0
0.0
0.0
0.0
0.0
0.0
0.0
0.0
0.0
0.0
0.0
0.0
0.0
0.0
0.0
0.0
0.0
0.0
0.0
0.0
0.0
0.0
0.0
0.0
0.0
0.0
0.0
0.0
0.0
0.0
0.0
0.0
0.0
0.0
0.0
0.0
0.0
0.0
0.0
0.0
0.0
0.0
0.0
0.0
0.0
0.0
0.0
0.0
0.0
0.0
0.0
0.0
0.0
0.0
0.0
0.0
0.0
2.0
2.0
1.0
276.844018172047
-160.12199418258248
0.0
0.0
47.0
5.783625987995279
1.0
2.0
3.0
4.0
5.0
6.0
7.0
8.0
9.0
10.0
11.0
12.0
13.0
14.0
15.0
16.0
17.0
18.0
19.0
20.0
21.0
22.0
23.0
24.0
25.0
26.0
27.0
28.0
29.0
30.0
31.0
32.0
33.0
34.0
35.0
36.0
37.0
38.0
39.0
40.0
41.0
42.0
43.0
44.0
45.0
46.0
47.0
48.0
49.0
50.0
51.0
52.0
53.0
54.0
55.0
56.0
57.0
58.0
59.0
60.0
0.0
0.0
0.0
0.0
0.0
0.0
0.0
0.0
0.0
0.0
0.0
0.0
0.0
0.0
0.0
0.0
0.0
0.0
0.0
0.1
0.0
0.0
0.0
0.0
0.0
0.0
0.0
0.0
0.0
0.0
0.0
0.0
0.0
0.0
0.0
0.0
0.0
0.0
0.0
0.0
0.0
0.0
0.0
0.0
0.0
0.0
0.0
0.0
0.0
0.0
0.0
0.0
0.0
0.0
0.0
0.0
0.0
0.0
0.0
0.0
0.0
0.0
0.0
0.0
0.0
0.0
0.0
0.0
0.0
0.0
0.0
0.0
0.0
0.0
0.0
0.0
0.0
0.0
0.0
220.0
0.0
0.0
0.0
0.0
0.0
0.0
0.0
0.0
0.0
0.0
0.0
0.0
0.0
0.0
0.0
0.0
0.0
0.0
0.0
0.0
0.0
0.0
0.0
0.0
0.0
0.0
0.0
0.0
0.0
0.0
0.0
0.0
0.0
0.0
0.0
0.0
0.0
0.0
0.0
0.0
0.0
0.0
0.0
0.0
0.0
0.0
0.0
0.0
0.0
0.0
0.0
0.0
0.0
0.0
0.0
0.0
0.0
0.0
0.0
0.01
0.0
0.0
0.0
0.0
0.0
0.0
0.0
0.0
0.0
0.0
0.0
0.0
0.0
0.0
0.0
0.0
0.0
0.0
0.0
0.0
0.0
0.0
0.0
0.0
0.0
0.0
0.0
0.0
0.0
0.0
0.0
0.0
0.0
0.0
0.0
0.0
0.0
0.0
0.0
0.0
45.0
