9.81
6.022e+23
0
0
0
3
0
1
295.0
2
2
0
0
1
1
0
1
60
7
1000.0
1.0


3
3
0
72.38857731909356
0
6.7
150.0
1000.0
287.04
9.81
79000.0
40.0
20000.0
0.0
0.0
0.0
0.0
0.0280134
0.04401
0.0319988
0.039948
0.01604
0.01801528
0.048
99000.0
2.1153802199668344e+29
0.8
1e-06
1000000.0
0.6
3.0
0.0001
300
50
6.50984987350073
0
1
6
1.0
1
0
1
1
0.1
1000000000000.0
1
294.0
293.01224486184003
292.02387330907504
291.0381550440311
290.0464641964584
289.03248113261134
287.99758072571944
286.9430092466781
285.86877323655887
284.77274135114544
283.65886217555044
282.52361156217506
281.366474108169
280.18695084374906
278.9842795997626
277.7576940347612
276.5050972746925
275.2285699407937
273.92652626211583
272.59496715347956
271.2364997873047
269.8503504124343
268.43566893435866
266.9901688170956
265.512343880565
264.0051479677038
262.46199659803375
260.88191541917445
259.26222174658955
257.60147483076054
255.8963418455543
254.14432355052742
252.34188044611926
250.48224465747043
248.56038426709688
246.5765645183113
244.5216108972691
242.3877040565516
240.17398209798688
237.87033732378347
235.46783270476087
232.9620148313507
230.34311049694443
227.5991025604863
224.71550105123913
221.67851682648168
218.47335224180463
215.0724666987307
211.43682803178453
208.5930043627426
203.1897503523446
200.35979853489215
198.87724594226847
198.61571689974602
201.04742229194014
205.59691096448478
213.64766044536546
223.09856958463695
235.5051683348321
242.96230578794075
991.675
975.0250000000001
958.375
941.7249999999999
925.075
908.425
891.7750000000001
875.125
858.4749999999999
841.825
825.175
808.5250000000001
791.875
775.225
758.575
741.925
725.2750000000001
708.625
691.975
675.325
658.675
642.0250000000001
625.375
608.725
592.075
575.425
558.7750000000001
542.125
525.4750000000001
508.82500000000005
492.17500000000007
475.52500000000003
458.87500000000006
442.2250000000001
425.57500000000005
408.925
392.27500000000003
375.62500000000006
358.9750000000001
342.32500000000005
325.675
309.02500000000003
292.37500000000006
275.7250000000001
259.0750000000001
242.42500000000007
225.77500000000003
209.12500000000006
192.47500000000008
175.8250000000001
159.17500000000007
142.52500000000003
125.87500000000006
109.22500000000008
92.5750000000001
75.92500000000013
59.27500000000009
42.62500000000006
25.97500000000008
9.325000000000045
73.2027968841588
220.62893690803483
370.13294722432806
521.7880928458641
675.664980761665
831.8341339224992
990.3707862913245
1151.3548586519505
1314.8703533724038
1481.0068580291759
1649.8595449216784
1821.5283087940652
1996.1190998796628
2173.7443706785207
2354.52356759185
2538.5833180167247
2726.05908649265
2917.0961626168605
3111.84845630625
3310.4809307695023
3513.171898670801
3720.1131121458266
3931.510610016224
4147.586049398643
4368.58069890068
4594.755477085918
4826.391688051546
5063.795301261689
5307.29993294326
5557.270189073179
5814.105425391634
6078.244584273829
6350.169723633131
6630.411856599163
6919.562932190707
7218.283289679619
7527.308543792969
7847.46886946422
8179.705169611139
8525.085483496965
8884.836165112825
9260.376189442744
9653.356048437396
10065.711339223835
10499.737220603984
10958.190907918191
11444.418154076146
11962.5203216698
12519.092241205777
13119.023041250959
13772.360266969901
14499.554992464382
15327.230035686885
16299.034790282425
17487.504756236543
19024.962884273657
21177.78402640934
24661.168408483638
33216.17880977599
56560.69457252452
3.521179111399233e+23
3.521179111399233e+23
3.521179111399257e+23
3.521179111399233e+23
3.521179111399233e+23
3.521179111399233e+23
3.521179111399233e+23
3.521179111399257e+23
3.521179111399233e+23
3.521179111399233e+23
3.521179111399233e+23
3.521179111399233e+23
3.521179111399257e+23
3.5211791113992086e+23
3.521179111399257e+23
3.521179111399233e+23
3.521179111399233e+23
3.521179111399257e+23
3.5211791113992086e+23
3.521179111399257e+23
3.521179111399233e+23
3.521179111399233e+23
3.521179111399257e+23
3.5211791113992086e+23
3.521179111399257e+23
3.521179111399233e+23
3.521179111399233e+23
3.521179111399233e+23
3.521179111399233e+23
3.521179111399244e+23
3.521179111399244e+23
3.521179111399233e+23
3.521179111399233e+23
3.521179111399233e+23
3.521179111399257e+23
3.521179111399233e+23
3.521179111399233e+23
3.521179111399233e+23
3.521179111399233e+23
3.521179111399257e+23
3.521179111399233e+23
3.521179111399233e+23
3.521179111399233e+23
3.521179111399233e+23
3.521179111399233e+23
3.521179111399257e+23
3.521179111399233e+23
3.521179111399233e+23
3.521179111399233e+23
3.521179111399233e+23
3.521179111399257e+23
3.521179111399233e+23
3.521179111399233e+23
3.521179111399233e+23
3.521179111399233e+23
3.521179111399233e+23
3.521179111399257e+23
3.521179111399233e+23
3.521179111399233e+23
3.521179111399257e+23
-4.522584155237229
-4.269674971024159
-4.107187298384798
-3.980768543612152
-3.817259475425551
-3.682588336106864
-3.5689831460734083
-3.468984446985089
-3.380251075341615
-3.309142312183135
-3.2365726971995823
-3.174425027707062
-3.1218894628913603
-3.07790703804545
-3.042319327021242
-3.014784324046438
-3.000252555410559
-2.986011448004591
-2.9743696306053087
-2.9773723110546193
-2.979194379939792
-2.9777090769371792
-2.9707084493790776
-2.9615288104378696
-2.9497107002731986
-2.915682123756165
-2.8790061215904714
-2.8352051335974595
-2.7861417257268517
-2.727644782806592
-2.662449800170375
-2.5887185846037055
-2.507739807016256
-2.432877159437371
-2.368566880470369
-2.2952890780187527
-2.2307186105372905
-2.1842526486789424
-2.1332389271578664
-2.0899673968313994
-2.0574389710052112
-2.014622444668458
-1.956175194101712
-1.8781397805558189
-1.7768415888559623
-1.6327847474369444
-1.4142364530167537
-1.1214517397858357
-0.733001427225908
12.546275457131097
-0.11170456786877259
0.10370119088604257
0.12763956273880991
0.13699474755192945
0.1239802535561774
0.10077941595664786
0.06147158477959523
0.03069263306625361
0.019764896463688182
0.028047693101405965
-2.879334457174707
-2.6537726930801853
-2.518674598475826
-2.4196130353545016
-2.2834507316001975
-2.176151365734995
-2.089893846756979
-2.0172616813050013
-1.9558849211271934
-1.9121368009999458
-1.866927098926709
-1.8321391397415425
-1.8069634682392177
-1.7903408864812889
-1.7821127127440946
-1.7819373634864917
-1.794765140275132
-1.8078835119557652
-1.8236008949082247
-1.853962863505501
-1.8831441452367983
-1.9090177519188956
-1.929376036761738
-1.947554965878311
-1.9630953339728308
-1.956425077229909
-1.947106875999765
-1.9306633661729222
-1.908957082583953
-1.877816740164576
-1.8399776952948912
-1.7936014821543438
-1.7399772750322597
-1.6924670606124437
-1.6555074772245746
-1.6095784127114143
-1.5723534057314907
-1.5532279487399023
-1.5295490866288617
-1.5136038314531106
-1.5083910873061086
-1.4928747329306873
-1.4617055834455357
-1.4109236041179543
-1.3368341881044046
-1.2199393526590256
-1.028525426175321
-0.7628482738288938
-0.401457705119185
12.852715368374874
0.16744290556971464
0.34967983994903307
0.3456081469892638
0.3268601409270957
0.28643037993515463
0.23623808208836294
0.17090151486752347
0.11278237225948828
0.07533065855722043
0.05597599785289731
-1.6432373352918885
-1.6158774336592787
-1.5885175320266685
-1.5611576303940586
-1.5337977287614488
-1.5064378271288386
-1.4790779254962287
-1.4517180238636191
-1.4243581222310089
-1.3969982205983988
-1.3696383189657892
-1.3422784173331792
-1.3149185157005692
-1.2875586140679591
-1.2601987124353495
-1.2328388108027393
-1.2054789091701295
-1.1781190075375194
-1.1507591059049094
-1.1233992042722998
-1.0960393026396895
-1.0686794010070797
-1.0413194993744699
-1.0139595977418598
-0.9865996961092499
-0.9592397944766399
-0.9318798928440301
-0.9045199912114199
-0.8771600895788102
-0.8498001879462004
-0.8224402863135902
-0.7950803846809803
-0.7677204830483704
-0.7403605814157604
-0.7130006797831505
-0.6856407781505405
-0.6582808765179305
-0.6309209748853207
-0.6035610732527108
-0.5762011716201008
-0.5488412699874908
-0.5214813683548808
-0.4941214667222709
-0.46676156508966105
-0.4394016634570511
-0.41204176182444124
-0.38468186019183115
-0.3573219585592212
-0.3299620569266113
-0.30260215529400136
-0.27524225366139154
-0.2478823520287814
-0.2205224503961715
-0.19316254876356162
-0.1658026471309517
-0.1384427454983418
-0.11108284386573188
-0.0837229422331218
-0.056363040600511886
-0.02900313896790198
-16.649999999999977
-16.649999999999977
-16.65000000000009
-16.649999999999977
-16.649999999999977
-16.649999999999977
-16.649999999999977
-16.65000000000009
-16.649999999999977
-16.649999999999977
-16.649999999999977
-16.649999999999977
-16.65000000000009
-16.649999999999864
-16.65000000000009
-16.649999999999977
-16.649999999999977
-16.65000000000009
-16.649999999999864
-16.65000000000009
-16.649999999999977
-16.649999999999977
-16.65000000000009
-16.649999999999864
-16.65000000000009
-16.649999999999977
-16.649999999999977
-16.649999999999977
-16.649999999999977
-16.650000000000034
-16.650000000000034
-16.649999999999977
-16.649999999999977
-16.649999999999977
-16.65000000000009
-16.649999999999977
-16.649999999999977
-16.649999999999977
-16.649999999999977
-16.65000000000009
-16.649999999999977
-16.649999999999977
-16.649999999999977
-16.649999999999977
-16.649999999999977
-16.65000000000009
-16.649999999999977
-16.649999999999977
-16.649999999999977
-16.649999999999977
-16.65000000000009
-16.649999999999977
-16.649999999999977
-16.649999999999977
-16.649999999999977
-16.649999999999977
-16.65000000000009
-16.649999999999977
-16.649999999999977
-16.65000000000009
295.0
294.0190825217523
293.02448972368006
292.01572878351396
290.9923107723515
289.95377848544223
288.8996441199963
287.8293873437
286.74245755036395
285.6382797144459
284.51622838796317
283.37565371008634
282.21586695207316
281.0361371095393
279.83568832336846
278.6136958709007
277.36928766767517
276.10152057332334
274.80939084761076
273.49183983788555
272.1477156898032
270.77578086800816
269.37470342923785
267.9430543965448
266.4792925415135
264.98172609321756
263.44855051383126
261.8778008662781
260.26734209681536
258.61483880174507
256.91774066467445
255.1732466350778
253.37827593565302
251.52944976766312
249.62303135390817
247.65482535473643
245.62017856355678
243.51388694961756
241.33003019956203
239.06192052764885
236.70193399349196
234.24126139399633
231.66969766747104
228.975331283468
226.14413677093276
223.15938447297398
220.0008573609224
216.6439393744574
213.05828831516743
209.1858756526753
205.8910831383314
201.76223555301647
199.59126632866665
198.71539397918372
199.80101795760905
203.2959278856742
209.60335166663862
218.36243785451137
229.29609914508717
239.2282181983589
246.68343278290746
1000.0
983.35
966.7
950.05
933.4
916.75
900.1
883.45
866.8
850.15
833.5
816.85
800.2
783.55
766.9000000000001
750.25
733.6
716.95
700.3
683.6500000000001
667.0
650.35
633.7
617.05
600.4000000000001
583.75
567.1
550.45
533.8000000000001
517.1500000000001
500.50000000000006
483.85
467.20000000000005
450.55000000000007
433.9000000000001
417.25
400.6
383.95000000000005
367.30000000000007
350.6500000000001
334.0
317.35
300.70000000000005
284.05000000000007
267.4000000000001
250.7500000000001
234.10000000000002
217.45000000000005
200.80000000000007
184.1500000000001
167.5000000000001
150.85000000000002
134.20000000000005
117.55000000000007
100.90000000000009
84.25000000000011
67.60000000000014
50.950000000000045
34.30000000000007
17.65000000000009
1.0
0.0
146.4055937683176
294.85228004775206
445.413614400904
598.1625712908242
753.1673902325057
910.5008776124927
1070.2406949701563
1232.469022333745
1397.2716844110628
1564.742031647289
1734.977058196068
1908.0795593920623
2084.158640367263
2263.3301009897777
2445.7170341939222
2631.4496018395275
2820.668571145772
3013.523754087949
3210.1731585245507
3410.7887030144543
3615.5550943271483
3824.6711299645044
4038.3500900679437
4256.822008729342
4480.339389072017
4709.1715650998185
4943.611811003273
5183.978791520105
5430.621074366414
5683.919303779942
5944.291547003325
6212.197621544334
6488.141825721929
6772.681887476398
7066.443976905017
7370.12260245422
7684.494485131718
8010.443253796722
8348.967085425556
8701.203881568374
9068.468448657275
9452.283930228212
9854.428166646578
10276.994511801091
10722.479929406878
11193.901886429505
11694.934421722788
12230.106221616812
12808.078260794744
13429.967821707172
14114.75271223263
14884.357272696136
15770.102798677635
16827.966781887215
18147.042730585872
19902.883037961445
22452.68501485723
26869.651802110046
39562.705817441936
52255.75983277391
450.6178873517244
448.2480184914393
445.5456075632763
442.6740250992486
439.7183965635432
436.7334337627961
433.7121214613055
430.6552969424662
427.5997898798873
424.56028103716517
421.5510064101655
418.58235359355524
415.654179975078
412.7677764524136
409.9127600274452
407.08862551677805
404.28856723635124
401.49896374329745
398.7362418896073
395.9967099991231
393.2726857458004
390.5724607932096
387.90320719577704
385.2710029328269
382.6788486532504
380.1353953460834
377.6551779165709
375.23387426972516
372.87253940518076
370.57363462578235
368.3369930061121
366.1613694936749
364.0478460319267
361.99530289759304
359.99535889600116
358.0414855673686
356.14393856888455
354.2931768498391
352.4815755650189
350.7215898150898
349.01308444970647
347.3674448112008
345.78952386529886
344.29081352610854
342.87974199214375
341.56234190127276
340.3417672558467
339.225558543735
338.21056745083916
337.28217944180915
333.72975765233986
332.90010006754244
332.51347362889885
332.40984171082937
332.5828416909492
333.0543660348278
333.80449546711844
334.6574151508262
335.49399334003414
336.53318963391973
338.1214701159927
429.430175842788
426.5559978147241
423.3437030170773
419.9567361708022
416.4802074746702
412.9684709427225
409.4151314130444
405.8214273662712
402.2241538297781
398.6380236504116
395.0773962468606
391.55280673993
388.0643916140122
384.6136662222043
381.1904899015899
377.7945451115328
374.4191758842291
371.050952486359
367.7063109643484
364.3816142365309
361.0692244865854
357.7773930560596
354.5132444741368
351.2828046761594
348.089030448137
344.9404973599655
341.8516567523116
338.8181596317939
335.8410177376134
332.9226471585407
330.062837742097
327.2602963334102
324.5160504671302
321.8289096304619
319.1904371758904
316.5940348084689
314.0498526181936
311.5482640940941
309.0815418861001
306.6620054055907
304.289383601412
301.9749112044746
299.7232803988331
297.5458172335604
295.4507669022969
293.4439638190857
291.5283967453631
289.7113864082919
287.9895688480909
286.3480962753205
265.1347263161863
263.6668743126496
262.6295321330972
261.8677548929367
261.3788924433594
261.2027117236991
261.329322868597
261.6577170407805
262.211543320176
263.3355517199941
264.3809977606511
21.1877115089364
21.69202067671521
22.201904546199
22.71728892844643
23.238189088873
23.76496282007363
24.29699004826111
24.83386957619494
25.37563605010917
25.92225738675359
26.47361016330488
27.02954685362525
27.58978836106584
28.1541102302093
28.7222701258553
29.29408040524526
29.86939135212213
30.44801125693847
31.02993092525888
31.61509576259221
32.20346125921496
32.79506773714996
33.38996272164025
33.98819825666751
34.58981820511338
35.19489798611789
35.80352116425929
36.41571463793129
37.03152166756736
37.65098746724161
38.27415526401513
38.90107316026469
39.53179556479656
40.16639326713114
40.80492172011078
41.44745075889971
42.09408595069094
42.74491275574494
43.40003367891874
44.05958440949908
44.72370084829448
45.39253360672623
46.06624346646579
46.74499629254814
47.42897508984688
48.11837808218708
48.81337051048361
49.51417213544313
50.22099860274825
50.9340831664887
68.59503133615358
69.23322575489286
69.88394149580164
70.54208681789265
71.20394924758979
71.85165431112867
72.47517259852145
72.99969811004573
73.2824500198581
73.19763791392562
73.74047235534155
598.899348209336
593.6501448918763
588.293961270633
582.9037042081295
577.5284626370697
572.2600491047223
567.0625854374969
561.9158670719005
556.8430983280166
551.8477045641673
546.9262931361677
542.0907132206307
537.3304004624121
532.6370334715083
527.9916761600587
523.3854289366474
518.803433292734
514.2190646594051
509.64845929375923
505.0853265083669
500.5073393915385
495.92397029371097
491.3456989443596
486.78411864464766
482.24440939919293
477.7378607580531
473.3012182513106
468.9328077284652
464.6408094977478
460.43294763576534
456.31848927593063
452.3028880681985
448.395763124296
444.60324271493
440.91083165272573
437.30145084686853
433.79432543567316
430.3712103108963
427.0063810773361
423.71684624077807
420.49473704394177
417.3407063181299
414.2699106392972
411.30949471666133
408.4874995785786
405.8332652996032
403.39275130151816
401.2480171632312
399.4701777965066
398.14033208235736
407.44062566126286
406.77841098203504
406.7414643833406
406.9834406122604
407.48330073330726
408.24125545712093
409.2276229715001
410.2514441700754
411.20080473154275
412.31533168398545
413.9595881639114
330.700469068068
323.3950121010259
315.8866677428041
308.268067720069
300.6075099046251
293.0316265326651
285.5021210912525
277.9986463069766
270.5650871529517
263.2224727517274
255.9814923472401
248.8680735221259
241.8731318736234
234.9889762104601
228.1897406140847
221.45889613978
214.7733161338564
208.0880525775381
201.4186749328304
194.7517459293161
188.0530743858648
181.3314138772222
174.5985754720351
167.8697666755083
161.1510320231408
154.4640354382877
147.8631407418636
141.3491275088661
134.9362574886076
128.6389735319635
122.4725707603922
116.4450971906091
110.5682302554718
104.8529177874082
99.27749635829262
93.8188860289176
88.50390616260017
83.30364218096788
78.18350128481356
73.16491304118452
68.23258232566215
63.38368198665726
58.63677358759762
54.02934195390778
49.60200401286359
45.39733628306423
41.46760582677709
37.90466195253162
34.77545284651566
32.14670255757825
19.25195111440165
17.38187594862182
16.21735441147268
15.40476558426547
14.89403196831694
14.60686500156691
14.44531158492849
13.8708332646172
11.95049298269033
6.80952089179975
0.0
268.1988791412681
270.2551327908504
272.4072935278289
274.6356364880605
276.9209527324445
279.2284225720572
281.5604643462444
283.9172207649239
286.2780111750649
288.6252318124399
290.9448007889276
293.2226396985048
295.4572685887886
297.6480572610482
299.8019355459739
301.9265327968674
304.0301171588776
306.1310120818671
308.2297843609288
310.3335805790508
312.4542650056737
314.5925564164888
316.7471234723245
318.9143519691394
321.0933773760521
323.2738253197654
325.438077509447
327.5836802195991
329.7045520091402
331.7939741038019
333.8459185155384
335.8577908775894
337.8275328688242
339.7503249275218
341.6333352944331
343.4825648179509
345.290419273073
347.0675681299284
348.8228797925225
350.5519331995936
352.2621547182796
353.9570243314726
355.6331370516996
357.2801527627536
358.885495565715
360.435929016539
361.9251454747411
363.3433552106996
364.6947249499909
365.9936295247791
388.1886745468612
389.3965350334132
390.5241099718679
391.5786750279949
392.5892687649903
393.634390455554
394.7823113865716
396.3806109054582
399.2503117488524
405.5058107921857
413.9595881639114
148.2814608576117
145.402126400437
142.7483537073568
140.229679108881
137.81006607352649
135.5266153419263
133.3504639761913
131.2605701294343
129.2433084481293
127.28742352700212
125.37528672600217
123.50835962707546
121.67622048733392
119.8692570190947
118.07891613261341
116.29680341986932
114.51486605638283
112.7201009161077
110.91221740415193
109.0886165092437
107.2346536457382
105.35150950050141
103.44249174858251
101.51311571182077
99.56556074594246
97.60246541196963
95.64604033473972
93.69893345873996
91.76827009256704
89.85931300998308
87.9814962698185
86.14151857452362
84.34791709236927
82.60793981733701
80.91547275672457
79.2599652795
77.65038686678858
76.07803346105709
74.52480551231719
72.99525642568832
71.48165259423521
69.9732615069291
68.48038677399842
67.01868119055288
65.60775758643493
64.27092339833052
63.0509840456715
62.02245861949618
61.259610345667284
60.8581526405481
73.71086800892297
73.87831091449269
74.22799075444172
74.57359890143098
74.90045904235808
75.18688942229323
75.4231275043816
75.59402901924912
75.70681139150861
75.78214205006583
75.83811804791873
98.72970677472001
103.1609857136982
107.4570352742731
111.6886684507331
115.872697570045
119.9368444100573
123.9130103217919
127.8227810592946
131.6590666768264
135.4155508986842
139.0959038996205
142.6847332178041
146.1912597403889
149.6246900117441
153.0007492875052
156.3356489717528
159.6458597503727
162.962899908821
166.287636031518
169.6298683072149
173.0161501007205
176.4459791788374
179.9146690021017
183.4130380006511
186.9379984249962
190.4764619216779
193.988516010448
197.4690321229278
200.9047602490058
204.2836736265772
207.5902669817048
210.8151991428012
213.9478202116584
216.9759918430537
219.9129408175978
222.7751487795512
225.5459464555934
228.2446219131263
230.8980406012866
233.4970923644062
236.0568012757499
238.5912292178173
241.0865068112355
243.5164752796526
245.8487628894333
248.0466275360215
250.060790918586
251.8067244557603
253.2141160015753
254.2013937177423
245.8827752017847
246.2849983640277
246.4121777216245
246.4629893086712
246.4848604750424
246.5958467221322
246.8840112836685
247.7868837761633
250.2610503374857
256.5260308281943
264.3809977606511
247.0111676323317
248.5631121141352
250.2053889816299
251.9183475596141
253.6827636435715
255.4634597519836
257.2634742979832
259.0833511887289
260.9023751249557
262.7029744256863
264.4711906256227
266.1930928448796
267.8674802277228
269.4939470308388
271.0796654201186
272.6324523916221
274.1607258067555
275.6830008249287
277.1998534356699
278.7184848164586
280.2508037464587
281.7974886793388
283.3571607506842
284.9261537124719
286.5035591709387
288.0789273336475
289.6345563451877
291.1679655816678
292.6730303415728
294.1429866365603
295.5717632515233
296.9567177173248
298.2957373040277
299.5839316603907
300.8284135743224
302.0351140590512
303.196333322382
304.3226553741834
305.4228461136038
306.4923487900945
307.5384538699851
308.5644907247464
309.5668935852339
310.5351564702055
311.4565204758682
312.317550934352
313.1117749642575
313.8291830752565
314.4737263472426
315.0595463582904
319.5936432107077
320.1633092785204
320.6401684760662
321.0365882101022
321.3853195174005
321.7827361444254
322.3071387880501
323.3809127954124
325.9678617289943
332.3081728782601
340.2191158085698
-1.4579917090945025
-1.343708028235774
-1.2752536293162406
-1.22505911034711
-1.156082927457069
-1.1017258765437863
-1.058027091090243
-1.0212366063902056
-0.9901529617285261
-0.9680032780859034
-0.9451176754177703
-0.927511434725197
-0.9147742858827477
-0.906367301344257
-0.9022098984464092
-0.9021288622606826
-0.9086284888179778
-0.9152751290370853
-0.9232359734347823
-0.9386110356913369
-0.9533878229282339
-0.9664895938641951
-0.976798823845089
-0.9860044216890398
-0.9938768136238639
-0.9905043614042569
-0.985791419569779
-0.9774712023528487
-0.9664873523990967
-0.9507267465907171
-0.931573850670814
-0.9080972485861094
-0.8809508346668581
-0.8568991151604832
-0.8381897792633651
-0.8149395296805091
-0.7960948314673307
-0.786415410543066
-0.7744309762193625
-0.7663615716638619
-0.7637275055203318
-0.7558754294287107
-0.7400979963312277
-0.714390024281929
-0.6768802790950423
-0.6176901335231019
-0.5207566165412012
-0.38620489964310556
-0.20316646815126477
6.511793832353829
0.08499664235955168
0.1772766109059065
0.17518861074489211
0.1656769402113243
0.1452132994529624
0.11982945396014644
0.08690863205377419
0.05794975112626988
0.040171035159452195
0.030865978331000576
0.0
-2.24459919716588
-2.176100743699711
-2.14347157138627
-2.119358436120407
-2.058633830069695
-2.014068384360333
-1.980436885005662
-1.943214077874387
-1.902791854148682
-1.864228703484316
-1.817868727581756
-1.776179456500114
-1.73915362511257
-1.710093190771929
-1.689244404825705
-1.676738602660226
-1.680197924605674
-1.684096202148547
-1.692958621219427
-1.715271256842342
-1.737329493623014
-1.757013832740532
-1.772047382633213
-1.785516878418622
-1.792356661186348
-1.778979363884096
-1.763004265670639
-1.740317569638986
-1.711538894082506
-1.674906249974156
-1.633541972733582
-1.586783146132337
-1.533875819218401
-1.487668323560532
-1.449809362487078
-1.403506826087439
-1.366974376653931
-1.344050225500578
-1.316511458932456
-1.296582915790272
-1.283777212488259
-1.263946178974634
-1.230864801890636
-1.181385999067983
-1.113296023370762
-1.020244848885012
-0.8843769642608073
-0.712893495836399
-0.5000910120091108
4.213673907594985
-0.2037402292847843
-0.0644208337793436
-0.0257378623783886
-0.0110785177719499
-0.0562184517257281
-0.1459655220046306
-0.4573367868970567
-1.253252696044351
-3.17343375882067
-3.978818014652558
0.0
0.7866074880713776
0.8323927154639369
0.8682179420700294
0.8942993257732968
0.9025509026126262
0.9123425078165466
0.9224097939154191
0.9219774714841812
0.9126388924201558
0.8962254253984125
0.8727510521639857
0.8486680217749171
0.8243793392298224
0.803725889427672
0.7870345063792957
0.7746097403995434
0.7715694357876962
0.7688210731114618
0.7697226477846447
0.7766602211510052
0.78394167069478
0.7905242388763369
0.7952485587881241
0.7995124567295822
0.798479847562484
0.7884750024798391
0.77721284610086
0.7628463672861374
0.7450515416834094
0.724179503383439
0.701968122062768
0.6786858975462275
0.6529249845515429
0.6307692084000487
0.6116195832237129
0.58856729640693
0.5708795451866003
0.557634814957512
0.5420804827130935
0.5302213441264101
0.5200497069679272
0.5080707495459234
0.4907668055594084
0.466995974786054
0.4364157442757198
0.4025547153619101
0.3636203477196061
0.3266885961932935
0.296924543857846
2.298119924758844
0.288736871644336
0.2416974446852501
0.2009264731232807
0.1767554579832742
0.2014317511786905
0.265794975964777
0.5442454189508309
1.311202447170621
3.213604793980122
4.009683992983558
0.0
1.0
1.0
1.0
1.0
1.0
1.0
1.0
1.0
1.0
1.0
1.0
1.0
1.0
1.0
1.0
1.0
1.0
1.0
1.0
1.0
1.0
1.0
1.0
1.0
1.0
1.0
1.0
1.0
1.0
1.0
1.0
1.0
1.0
1.0
1.0
1.0
1.0
1.0
1.0
1.0
1.0
1.0
1.0
1.0
1.0
1.0
1.0
1.0
1.0
1.0
1.0
0.0
0.0
0.0
0.0
0.0
0.0
0.0
0.0
0.0
0.0
1.0
1.0
1.0
1.0
1.0
1.0
1.0
1.0
1.0
1.0
1.0
1.0
1.0
1.0
1.0
1.0
0.920954420531807
0.920954420531807
0.920954420531807
0.920954420531807
0.920954420531807
0.920954420531807
0.920954420531807
0.920954420531807
0.920954420531807
0.920954420531807
0.920954420531807
0.920954420531807
0.920954420531807
0.920954420531807
0.920954420531807
0.920954420531807
0.920954420531807
0.920954420531807
0.920954420531807
0.920954420531807
0.920954420531807
0.920954420531807
0.920954420531807
0.920954420531807
0.920954420531807
0.920954420531807
0.920954420531807
0.920954420531807
0.920954420531807
1.0
1.0
1.0
1.0
1.0
1.0
1.0
1.0
1.0
1.0
1.0
1.0
1.0
1.0
1.0
1.0
1.0
1.0
1.0
1.0
1.0
1.0
1.0
1.0
1.0
1.0
1.0
1.0
1.0
0.013509746998944071
0.01344443406968829
0.013148259055820217
0.012653336284002463
0.011908239456548083
0.011205554723531666
0.010527508226722278
0.00976473345824168
0.008976297856711477
0.008187736590331113
0.00740743660660181
0.006693472023185666
0.006043367075250573
0.005474466490940865
0.004976199818816282
0.004538985377597849
0.004179099374427857
0.00383890109579104
0.003528244220672125
0.003259372767724338
0.0030037219111806817
0.0027581433649266004
0.002520263787861449
0.0022961072622575325
0.0020735650064328784
0.0018481637959805466
0.0016403486916896806
0.0014490959181183924
0.001273636742071601
0.0011136039312743594
0.0009719133643814969
0.0008470377282283518
0.0007337631818012495
0.0006392666685923989
0.0005596442402655598
0.0004865198195823483
0.0004267625606311985
0.00037579024056886667
0.0003276041967529076
0.00028585008800786644
0.0002479991930837049
0.00021198719556871627
0.0001772229923741355
0.00014509062041216195
0.00011639409823853277
9.08242399353568e-05
6.9066815467669e-05
5.136670466873208e-05
3.763096862483636e-05
2.6479824586952503e-05
2.0046900918002913e-05
1.3270594036055179e-05
1.1426181418054548e-05
1.1773500329327784e-05
1.1021438950176103e-05
9.945333657841824e-06
9.216496065103994e-06
1.0918656289767776e-05
6.794605007011861e-06
2.3747128269290237e-07
0.0004
0.0004
0.0004
0.0004
0.0004
0.0004
0.0004
0.0004
0.0004
0.0004
0.0004
0.0004
0.0004
0.0004
0.0004
0.0004
0.0004
0.0004
0.0004
0.0004
0.0004
0.0004
0.0004
0.0004
0.0004
0.0004
0.0004
0.0004
0.0004
0.0004
0.0004
0.0004
0.0004
0.0004
0.0004
0.0004
0.0004
0.0004
0.0004
0.0004
0.0004
0.0004
0.0004
0.0004
0.0004
0.0004
0.0004
0.0004
0.0004
0.0004
0.0004
0.0004
0.0004
0.0004
0.0004
0.0004
0.0004
0.0004
0.0004
0.0004
8.60451419224123e-09
1.578021977514803e-08
2.1892415260555535e-08
2.6925828092092847e-08
2.971401735545372e-08
3.191536891169426e-08
3.3615820560817765e-08
3.4746051764151937e-08
3.5661340336177934e-08
3.6398811651530586e-08
3.6864029565337865e-08
3.7202242046694526e-08
3.743385508154835e-08
3.7482031518220545e-08
3.74258526023047e-08
3.730742951458454e-08
3.7124070818281054e-08
3.694071212197757e-08
3.678655663276213e-08
3.670665185093012e-08
3.662674706909812e-08
3.66023509716688e-08
3.6690996875910616e-08
3.6779642780152424e-08
3.6903178538193995e-08
3.7084523814632495e-08
3.726586909107099e-08
3.747683636083778e-08
3.7728139961945275e-08
3.797944356305276e-08
3.8298642947284706e-08
3.8694261202309925e-08
3.9089879457335157e-08
3.957872216284235e-08
4.015447818582019e-08
4.073023420879802e-08
4.1342697689445876e-08
4.198347277308391e-08
4.262424785672194e-08
4.3230986919605434e-08
4.381611227372829e-08
4.440123762785115e-08
4.5133689117812545e-08
4.594249047452311e-08
4.6751291831233675e-08
4.796747172172955e-08
4.949951687407961e-08
5.152241095280844e-08
5.3986620437539895e-08
5.680107822856821e-08
6.015331959489829e-08
6.559586769304933e-08
7.569057461390363e-08
9.442662951156912e-08
2.539995051245074e-07
4.925296956825388e-07
1.3900175836980765e-06
3.720822161311321e-06
7.931814761427643e-06
2.7860567514510038e-06
0.0
0.0
0.0
0.0
0.0
0.0
0.0
0.0
0.0
0.0
0.0
0.0
0.0
0.0
0.0
0.0
0.0
0.0
0.0
0.0
0.0
0.0
0.0
0.0
0.0
0.0
0.0
0.0
0.0
0.0
0.0
0.0
0.0
0.0
0.0
0.0
0.0
0.0
0.0
0.0
0.0
0.0
0.0
0.0
0.0
0.0
0.0
0.0
0.0
0.0
0.0
0.0
0.0
0.0
0.0
0.0
0.0
0.0
0.0
0.0
0.0
0.0
0.0
0.0
0.0
0.0
0.0
0.0
0.0
0.0
0.0
0.0
0.0
0.0
0.0
0.0
0.0
0.0
0.0
0.0
0.0
0.0
0.0
0.0
0.0
0.0
0.0
0.0
0.0
0.0
0.0
0.0
0.0
0.0
0.0
0.0
0.0
0.0
0.0
0.0
0.0
0.0
0.0
0.0
0.0
0.0
0.0
0.0
0.0
0.0
0.0
0.0
0.0
0.0
0.0
0.0
0.0
0.0
0.0
0.0
0.0
0.0
0.0
0.0
0.0
0.0
0.0
0.0
0.0
0.0
0.0
0.0
0.0
0.0
0.0
0.0
0.0
0.0
0.0
0.0
0.0
0.0
0.0
0.0
0.0
0.0
0.0
0.0
0.0
0.0
0.0
0.0
0.0
0.0
0.0
0.0
0.0
0.0
0.0
0.0
0.0
0.0
0.0
0.0
0.0
0.0
0.0
0.0
0.0
0.0
0.0
0.0
0.0
0.0
0.0
0.0
0.0
0.0
0.0
0.0
0.0
0.0
0.0
0.0
0.0
0.0
0.0
0.0
0.0
0.0
0.0
0.0
0.0
0.0
0.0
0.0
0.0
0.0
0.0
0.0
0.0
0.0
0.0
0.0
0.0
0.0
0.0
0.0
0.0
0.0
0.0
0.0
0.0
0.0
0.0
0.0
0.0
0.0
0.0
0.0
0.0
0.0
0.0
0.0
0.0
0.0
0.0
0.0
0.0
0.0
0.0
0.0
0.0
0.0
0.0
0.0
0.0
0.0
0.0
0.0
0.0
0.0
0.0
0.0
0.0
0.0
0.0
0.0
0.0
0.0
0.0
0.0
0.0
0.0
0.0
0.0
0.0
0.0
0.0
0.0
0.0
0.0
0.0
0.0
0.0
0.0
0.0
0.0
0.0
0.0
0.0
0.0
0.0
0.0
0.0
0.0
0.0
0.0
0.0
0.0
0.0
0.0
0.0
0.0
0.0
0.0
0.0
0.0
0.0
0.0
0.0
0.0
0.0
0.0
0.0
0.0
0.0
0.0
0.0
0.0
2
2
1
295.0
75.83811804791873
0.0
0.0
50.0
6.7
1.0
2.0
3.0
4.0
5.0
6.0
7.0
8.0
9.0
10.0
11.0
12.0
13.0
14.0
15.0
16.0
17.0
18.0
19.0
20.0
21.0
22.0
23.0
24.0
25.0
26.0
27.0
28.0
29.0
30.0
31.0
32.0
33.0
34.0
35.0
36.0
37.0
38.0
39.0
40.0
41.0
42.0
43.0
44.0
45.0
46.0
47.0
48.0
49.0
50.0
51.0
52.0
53.0
54.0
55.0
56.0
57.0
58.0
59.0
60.0
0.0
0.0
0.0
0.0
0.0
0.0
0.0
0.0
0.0
0.0
0.0
0.0
0.0
0.0
0.0
0.0
0.0
0.0
0.0
0.0
0.0
0.0
0.0
0.0
0.0
0.0
0.0
0.0
0.0
0.0
0.0
0.0
0.0
0.0
0.0
0.0
0.0
0.0
0.0
0.0
0.0
0.0
0.0
0.0
0.0
0.0
0.0
0.0
0.0
0.99
0.0
0.0
0.0
0.0
0.0
0.0
0.0
0.0
0.0
0.0
0.0
0.0
0.0
0.0
0.0
0.0
0.0
0.0
0.0
0.0
0.0
0.0
0.0
0.0
0.0
0.0
0.0
0.0
0.0
0.0
0.0
0.0
0.0
0.0
0.0
0.0
0.0
0.0
0.0
0.0
0.0
0.0
0.0
0.0
0.0
0.0
0.0
0.0
0.0
0.0
0.0
0.0
0.0
0.0
0.0
0.0
0.0
0.0
0.0
6.5
0.0
0.0
0.0
0.0
0.0
0.0
0.0
0.0
0.0
0.0
0.0
0.0
0.0
0.0
0.0
0.0
0.0
0.0
0.0
0.0
0.0
0.0
0.0
0.0
0.0
0.0
0.0
0.0
0.0
0.0
0.0
0.0
0.0
0.0
0.0
0.0
0.0
0.0
0.0
0.0
0.0
0.0
0.0
0.0
0.0
0.0
0.0
0.0
0.0
0.0
0.0
0.0
0.0
0.0
0.0
0.0
0.0
0.0
0.0
0.99
0.0
0.0
0.0
0.0
0.0
0.0
0.0
0.0
0.0
0.0
0.0
