9.81
6.022e+23
0
0
0
3
0
1
205.09228361614504
2
2
0
0
1
1
0
1
60
7
1000.0
1.0


3
3
0
82.89447300661956
0
4.450138748639506
150.0
1000.0
287.04
9.81
79000.0
40.0
20000.0
0.0
0.0
0.0
0.0
0.0280134
0.04401
0.0319988
0.039948
0.01604
0.01801528
0.048
99000.0
2.1153802199668344e+29
0.8
1e-06
1000000.0
0.6
3.0
0.0001
1000
6
2.529884240104246
0
1
6
1.0
1
0
1
1
0.1
1000000000000.0
1
205.34226038483163
204.89995393732062
204.44316824805483
203.97977522702902
203.51172237109014
203.037710549464
201.2452989122942
212.27561908574327
214.80700612560335
216.43011275483903
217.501968421576
218.2578158375016
218.79293023410824
219.15746185608518
219.38955726718527
219.51308758797853
219.54605404764195
219.49818173606343
219.38029745561943
219.20538432657153
218.97276798949002
218.68590659622714
218.34827495078454
217.96277997438509
217.52598541339725
217.0378166619835
216.50486258688363
215.92463202432828
215.29596544662013
214.62884380637007
213.9239647722383
213.18376318900238
212.41351997559732
211.61470586286478
210.79078458548497
209.94493505668908
209.07880625082032
208.19699879389935
207.30924277232185
206.44331568654874
205.60727045926458
204.8061423387865
204.1146951607375
203.5245799283965
203.0050563462765
202.56914012900418
202.21095240344707
201.8835129480284
201.54869349948126
201.217670823039
200.8717173900904
200.5805223335888
200.35728065203386
200.26348291183183
200.30690963307006
200.36039715279526
200.11160293394101
199.29464385747391
199.29950390031198
214.96630267290178
991.675
975.0250000000001
958.375
941.7249999999999
925.075
908.425
891.7750000000001
875.125
858.4749999999999
841.825
825.175
808.5250000000001
791.875
775.225
758.575
741.925
725.2750000000001
708.625
691.975
675.325
658.675
642.0250000000001
625.375
608.725
592.075
575.425
558.7750000000001
542.125
525.4750000000001
508.82500000000005
492.17500000000007
475.52500000000003
458.87500000000006
442.2250000000001
425.57500000000005
408.925
392.27500000000003
375.62500000000006
358.9750000000001
342.32500000000005
325.675
309.02500000000003
292.37500000000006
275.7250000000001
259.0750000000001
242.42500000000007
225.77500000000003
209.12500000000006
192.47500000000008
175.8250000000001
159.17500000000007
142.52500000000003
125.87500000000006
109.22500000000008
92.5750000000001
75.92500000000013
59.27500000000009
42.62500000000006
25.97500000000008
9.325000000000045
51.18484728011165
154.32769663300428
259.0424864080411
365.3823713874993
473.40359480429447
582.8076728194335
696.8596356484497
816.8978071745971
940.47897000298
1067.318502817211
1197.290808242549
1330.3627784258313
1466.5443381643936
1605.8741516861658
1748.4136180353462
1894.2422182311702
2043.4543663112543
2196.158416475425
2352.4791441528923
2512.555121660047
2676.536724596745
2844.5888088591855
3016.8920513263038
3193.6420115445044
3375.0494760781544
3561.3467038975846
3752.7888422917376
3949.653236363497
4152.2483537245
4360.9184538616355
4576.045075947696
4798.054706963108
5027.42469052138
5264.690240366221
5510.45465062316
5765.399466985338
6030.299021003899
6306.0428240174
6593.673817440793
6894.417035835257
7209.700867562606
7541.258149638181
7891.182787759984
8261.924669287728
8656.407582989781
9078.188923685368
9531.586136572489
10021.893431811914
10555.817759666457
11142.07015087833
11792.366430339243
12522.98760203142
13357.413160061678
14331.168534019927
15501.111564428402
16966.340585977676
18927.65745446601
21935.60625740663
29420.051113584297
56560.69457252452
3.521179111399233e+23
3.521179111399233e+23
3.521179111399257e+23
3.521179111399233e+23
3.521179111399233e+23
3.521179111399233e+23
3.521179111399233e+23
3.521179111399257e+23
3.521179111399233e+23
3.521179111399233e+23
3.521179111399233e+23
3.521179111399233e+23
3.521179111399257e+23
3.5211791113992086e+23
3.521179111399257e+23
3.521179111399233e+23
3.521179111399233e+23
3.521179111399257e+23
3.5211791113992086e+23
3.521179111399257e+23
3.521179111399233e+23
3.521179111399233e+23
3.521179111399257e+23
3.5211791113992086e+23
3.521179111399257e+23
3.521179111399233e+23
3.521179111399233e+23
3.521179111399233e+23
3.521179111399233e+23
3.521179111399244e+23
3.521179111399244e+23
3.521179111399233e+23
3.521179111399233e+23
3.521179111399233e+23
3.521179111399257e+23
3.521179111399233e+23
3.521179111399233e+23
3.521179111399233e+23
3.521179111399233e+23
3.521179111399257e+23
3.521179111399233e+23
3.521179111399233e+23
3.521179111399233e+23
3.521179111399233e+23
3.521179111399233e+23
3.521179111399257e+23
3.521179111399233e+23
3.521179111399233e+23
3.521179111399233e+23
3.521179111399233e+23
3.521179111399257e+23
3.521179111399233e+23
3.521179111399233e+23
3.521179111399233e+23
3.521179111399233e+23
3.521179111399233e+23
3.521179111399257e+23
3.521179111399233e+23
3.521179111399233e+23
3.521179111399257e+23
0.9573320238104268
1.0266520974610878
1.0650077390093937
1.1059707490217474
1.1586319323077805
1.212545135880328
-4.120092902322415
0.006390843751489794
-0.022085476188970943
-0.04607818773971173
-0.06632476400715914
-0.08363659649756683
-0.09872460199816213
-0.11163926619825937
-0.12360555463641287
-0.1340977103587817
-0.1435250460058648
-0.15151217890445046
-0.15865505877286978
-0.16508859093857176
-0.17037374458153864
-0.17613688083285028
-0.18026918810289916
-0.18383519859578967
-0.1876964470337974
-0.18999935887468422
-0.1923547100540105
-0.1933517500481866
-0.1949404274963633
-0.1955357338747009
-0.19516808844666672
-0.19511579595724654
-0.19397851296139856
-0.1923883882997247
-0.19086004207534996
-0.18832921958553417
-0.18580739483604186
-0.18228473413402507
-0.17862832009510438
-0.17468042951899115
-0.17020380746760727
-0.16542397924506963
-0.16181959026264647
-0.15845925482555356
-0.15458276446823366
-0.15129158761798026
-0.14767445488872075
-0.14309573745101925
-0.13743212863298765
-0.12948304701301214
-0.1192845981617717
-0.1065136315451091
-0.09151010884986471
-0.07532321944118632
-0.05864763525527593
-0.04396383694749817
-0.029912163724107252
-0.01885570353391848
-0.008179850592174721
-0.008054707129472101
-0.016470556319671203
0.06921415996741587
0.12374718924264982
0.18087998023453622
0.24976082148519652
0.31945305530015133
-5.012597907347423
-0.8533325160890186
-0.8652054344718394
-0.8726383729157732
-0.876476278027198
-0.8773386427950456
-0.8760744634812099
-0.8726360104881863
-0.8680351617571489
-0.8620914557836556
-0.8551081210479623
-0.8467779390476977
-0.8379365518170587
-0.8277956126501493
-0.8172295675795596
-0.8063849513406325
-0.7946120509628756
-0.7820079970659322
-0.7693830241253394
-0.7552347651370326
-0.7415047550579175
-0.7266497312375364
-0.7117973699261952
-0.6964469912331381
-0.6797652510244987
-0.6634284813488662
-0.6462398309069712
-0.6285556268400825
-0.6103811001315407
-0.5919320174538285
-0.5728891462819732
-0.553258354786422
-0.533518545210157
-0.5135804008458891
-0.49297960922005757
-0.47230713803877933
-0.45213785512969196
-0.43275768787457736
-0.4128730272991632
-0.3933388766006516
-0.37360807476331814
-0.3530621066214721
-0.33113271647184916
-0.30710387739092226
-0.2806359987614542
-0.2518116117943521
-0.22089478933799
-0.18869980893738614
-0.15605596899044372
-0.12547006662174454
-0.09534020922681208
-0.06840424407113233
-0.04159113949537385
-0.025121644063851534
0.9728097691250286
0.956612486469097
0.9404152038131651
0.9242179211572333
0.9080206385013018
0.8918233558453699
0.8756260731894383
0.8594287905335066
0.8432315078775746
0.827034225221643
0.8108369425657114
0.7946396599097797
0.7784423772538479
0.7622450945979161
0.7460478119419846
0.7298505292860527
0.7136532466301211
0.6974559639741893
0.6812586813182574
0.6650613986623259
0.648864116006394
0.6326668333504624
0.6164695506945307
0.6002722680385989
0.5840749853826672
0.5678777027267354
0.5516804200708038
0.535483137414872
0.5192858547589403
0.5030885721030086
0.4868912894470769
0.4706940067911451
0.45449672413521347
0.4382994414792817
0.42210215882334995
0.4059048761674182
0.3897075935114865
0.3735103108555548
0.35731302819962313
0.34111574554369134
0.32491846288775955
0.3087211802318279
0.29252389757589614
0.27632661491996446
0.26012933226403273
0.24393204960810108
0.22773476695216924
0.2115374842962375
0.1953402016403058
0.1791429189843741
0.16294563632844242
0.14674835367251057
0.13055107101657887
0.11435378836064718
0.09815650570471547
0.08195922304878378
0.06576194039285206
0.049564657736920245
0.03336737508098855
0.017170092425056842
-16.649999999999977
-16.649999999999977
-16.65000000000009
-16.649999999999977
-16.649999999999977
-16.649999999999977
-16.649999999999977
-16.65000000000009
-16.649999999999977
-16.649999999999977
-16.649999999999977
-16.649999999999977
-16.65000000000009
-16.649999999999864
-16.65000000000009
-16.649999999999977
-16.649999999999977
-16.65000000000009
-16.649999999999864
-16.65000000000009
-16.649999999999977
-16.649999999999977
-16.65000000000009
-16.649999999999864
-16.65000000000009
-16.649999999999977
-16.649999999999977
-16.649999999999977
-16.649999999999977
-16.650000000000034
-16.650000000000034
-16.649999999999977
-16.649999999999977
-16.649999999999977
-16.65000000000009
-16.649999999999977
-16.649999999999977
-16.649999999999977
-16.649999999999977
-16.65000000000009
-16.649999999999977
-16.649999999999977
-16.649999999999977
-16.649999999999977
-16.649999999999977
-16.65000000000009
-16.649999999999977
-16.649999999999977
-16.649999999999977
-16.649999999999977
-16.65000000000009
-16.649999999999977
-16.649999999999977
-16.649999999999977
-16.649999999999977
-16.649999999999977
-16.65000000000009
-16.649999999999977
-16.649999999999977
-16.65000000000009
205.112501131914
204.65694178746517
204.1945011508132
203.7249511003981
203.2480466654673
202.76353223639305
202.2743200117986
206.75176396118272
213.5432127507986
215.62666998097387
216.9793963578283
217.89770386992842
218.54702788396938
219.00017738628992
219.30141659472605
219.48185422128137
219.56244118761327
219.55704017397227
219.4759906007887
219.3312031105021
219.1288424257898
218.87042308319562
218.55935111881644
218.19875101900612
217.7884671103646
217.32666082411484
216.81664204361527
216.26050746086838
215.65638180985252
215.00875111790248
214.32279445252772
213.60017933025676
212.84482122823104
212.05999500747606
211.24821133115816
210.41281806949794
209.556216737952
208.68149449533843
207.7958749285456
206.9181586280632
206.06619430346024
205.24654125407935
204.49923906219493
203.85759854608187
203.3019540168022
202.8233904985472
202.42551339010373
202.08175312295424
201.7494128996176
201.41486270289357
201.07420035018743
200.7528757656635
200.49237264916954
200.33016331473723
200.30108073215308
200.34583406217905
200.24477890204489
199.70893887471104
199.30032438697037
207.1348460573587
222.80157956819573
1000.0
983.35
966.7
950.05
933.4
916.75
900.1
883.45
866.8
850.15
833.5
816.85
800.2
783.55
766.9000000000001
750.25
733.6
716.95
700.3
683.6500000000001
667.0
650.35
633.7
617.05
600.4000000000001
583.75
567.1
550.45
533.8000000000001
517.1500000000001
500.50000000000006
483.85
467.20000000000005
450.55000000000007
433.9000000000001
417.25
400.6
383.95000000000005
367.30000000000007
350.6500000000001
334.0
317.35
300.70000000000005
284.05000000000007
267.4000000000001
250.7500000000001
234.10000000000002
217.45000000000005
200.80000000000007
184.1500000000001
167.5000000000001
150.85000000000002
134.20000000000005
117.55000000000007
100.90000000000009
84.25000000000011
67.60000000000014
50.950000000000045
34.30000000000007
17.65000000000009
1.0
0.0
102.3696945602233
206.28569870578525
311.7992741102969
418.9654686647017
527.8417209438873
637.7736246949798
755.9456466019195
877.8499677472747
1003.1079722586852
1131.5290333757368
1263.0525831093612
1397.6729737423013
1535.415702586486
1676.3326007858454
1820.4946352848467
1967.989801177494
2118.9189314450146
2273.397901505835
2431.5603867999503
2593.5498565201437
2759.5235926733462
2929.6540250450253
3104.1300776075827
3283.153945481426
3466.9450066748827
3655.7484011202864
3849.8292834631884
4049.477189263805
4255.019518185195
4466.817389538076
4685.272762357316
4910.836651568901
5144.012729473859
5385.367751258583
5635.541549987736
5895.257383982941
6165.340658024856
6446.744990009944
6740.602644871643
7048.2314267988695
7371.170308326343
7711.345990950018
8071.019584569951
8452.829754005506
8859.985411974054
9296.392435396681
9766.779837748296
10277.007025875531
10834.628493457385
11449.511808299274
12135.221052379215
12910.754151683626
13804.072168439729
14858.264899600126
16143.958229256677
17788.722942698674
20066.591966233344
23804.62054857992
35035.48167858867
46266.3428085975
160.94003342073532
161.01577012826914
161.03304207581633
161.02987188291613
161.01345144910334
160.98791701168994
160.95538095303613
193.44888911827056
195.69105466590534
197.23634571101962
198.54129565570116
199.67227246146678
200.6671128185776
201.54642707357647
202.3256213099923
203.0164356192716
203.6285661606857
204.17001497034067
204.6474563172021
205.06776098629567
205.4369071802185
205.7590299112382
206.03881747408576
206.27961291134773
206.4847263635802
206.65661775375628
206.7969893793096
206.9099601560363
206.99661556735782
207.05997587181062
207.1044076166948
207.1323409100979
207.14739057851068
207.1526879358261
207.1510261343343
207.14543156778052
207.1388898894075
207.1337575157831
207.13270824663402
207.1408226101721
207.16551223623838
207.21033610788078
207.2805581530905
207.3905947379333
207.54091568234088
207.7271736175517
207.95099386101282
208.2096154971434
208.4951639670783
208.8002428493498
209.1227820018119
209.4591794735188
209.8103791704452
210.1754937333033
210.5554192903923
210.935161115998
211.2908895187423
211.5840781382208
211.8399226850259
212.4656947300119
214.15688820168168
100.3631812401796
100.3315217828445
100.2406327511818
100.1284851341678
100.0022194982398
99.86592169805444
99.72165262244982
98.75350357056993
100.7932157606136
102.1395628584243
103.2462414409116
104.1793544790279
104.9761796810952
105.6567908133872
106.2359948519247
106.7249102159163
107.1326030773115
107.4664121527688
107.7324490634507
107.9370450569433
108.085537581145
108.1816356527203
108.229628769579
108.2325011594553
108.1932312767962
108.1140616711469
107.9965498399444
107.8445735996891
107.6590393328176
107.4428054979002
107.1999694168975
106.9327411512973
106.6445197666732
106.3382308055222
106.0164614545612
105.6820226101847
105.3376541672723
104.9855984046393
104.6283926028599
104.2708465170129
103.9204375848263
103.580684292112
103.2565829030408
102.9629304229564
102.7002650038295
102.4638840221995
102.2554336051142
102.0718239675415
101.9046906724936
101.7465758030132
101.5955582514904
101.4490754252949
101.3124713225353
101.1890161110446
101.0865475396152
101.0075716528039
100.9305205489358
100.81422397887
100.664277900209
100.9029340476396
101.9876112455208
60.57685218055572
60.68424834542465
60.79240932463453
60.90138674874832
61.01123195086354
61.12199531363551
61.23372833058632
94.69538554770062
94.89783890529174
95.09678285259533
95.29505421478954
95.4929179824389
95.6909331374824
95.88963626018926
96.08962645806761
96.2915254033553
96.4959630833742
96.70360281757189
96.91500725375141
97.13071592935236
97.3513695990735
97.5773942585179
97.80918870450675
98.04711175189244
98.29149508678398
98.5425560826094
98.80043953936519
99.0653865563472
99.33757623454024
99.61717037391043
99.90443819979728
100.1995997588006
100.5028708118375
100.8144571303039
101.1345646797731
101.4634089575958
101.8012357221352
102.1481591111438
102.5043156437741
102.8699760931592
103.2450746514121
103.6296518157688
104.0239752500497
104.4276643149769
104.8406506785114
105.2632895953522
105.6955602558986
106.1377915296019
106.5904732945847
107.0536670463366
107.5272237503215
108.0101040482239
108.4979078479099
108.9864776222587
109.4688717507771
109.9275894631941
110.3603689698065
110.7698541593508
111.1756447848169
111.5627606823723
112.1692769561609
150.38715288209335
150.44641903330756
150.5329051408221
150.65348213716456
150.81794168358627
151.0421680676581
151.32908506430448
178.80999532219147
180.19882835373716
180.8789139643796
181.3112255361454
181.5657260638839
181.68322777819967
181.6864675697173
181.5930257956449
181.41580494316707
181.16584402879752
180.85218471740453
180.4828481252183
180.06521624249473
179.60656682376742
179.11145998720764
178.58486259871452
178.03104598501363
177.4541514401801
176.85665980623088
176.2417966666471
175.61326268831596
174.97326836839997
174.3248313029266
173.6728160565776
173.02098409895612
172.37260528602016
171.7316628124285
171.10144538409668
170.48546971741123
169.88699602158442
169.30897450167816
168.7546668777426
168.22926269607055
167.740371921291
167.29221618371326
166.89013109088418
166.54802982059726
166.26559307713035
166.03897798504204
165.86945935190252
165.75447291326972
165.6869592765831
165.66090544238273
165.676340717454
165.73210219039944
165.83149027553142
165.97571004905157
166.1669357972032
166.39062165381839
166.62087998994096
166.8187284001927
167.00616870292657
167.59034960841726
169.2564214360233
59.29414232836484
59.23473876813157
59.20198316339748
59.20268457362065
59.24657261135533
59.34946509858539
59.51422019060643
51.56921805076696
52.71717711532186
53.12908549398861
53.27395265194631
53.22142292358938
53.01266992418386
52.67058737406539
52.21308880461441
51.65351707829046
51.00343761298842
50.27273275479961
49.47001671241809
48.60337623345965
47.68163543954712
46.71011532209442
45.69465620164251
44.64044668938435
43.5526037204078
42.43398489892067
41.28767282262402
40.11799680475606
38.92730419730997
37.71850110410269
36.4973961980967
35.26826843505671
34.03480966445065
32.80116958650713
31.57089685718357
30.34772671897523
29.13515629595763
27.93561017426177
26.75145820611589
25.58767328735565
24.45238059312689
23.34946915501587
22.28276684251738
21.26913986747006
20.30826139934904
19.39437094443263
18.52716313199293
17.70241335738791
16.91030866112153
16.13872547935301
15.38211480378249
14.62741707446376
13.85099450254453
13.02691410796369
12.11376313325471
11.0463965306274
9.712851538347556
8.003231368969898
5.891263014197468
3.362540740880752
0.0
91.0930105537285
91.21168026517599
91.33092197742462
91.45079756354392
91.57136907223094
91.69270296907273
91.81486487369806
127.2407772714245
127.4816512384153
127.749828470391
128.0372728841991
128.3443031402945
128.6705578540158
129.0158801956519
129.3799369910305
129.7622878648766
130.1624064158091
130.5794519626049
131.0128314128002
131.4618400090351
131.9249313842203
132.4013446651132
132.890206397072
133.3905992956293
133.9015477197723
134.4226749073102
134.9541238440231
135.4952658835599
136.04596417109
136.6063301988239
137.1754198584809
137.7527156638994
138.3377956215695
138.9304932259214
139.5305485269131
140.137742998436
140.7518397256268
141.3733643274164
142.0032086716267
142.6415894087149
143.2879913281641
143.9427470286974
144.6073642483668
145.2788899531272
145.9573316777813
146.6446070406094
147.3422962199096
148.0520595558818
148.7766506154616
149.5221799630297
150.2942259136715
151.1046851159357
151.9804957729869
152.9487959410879
154.0531726639485
155.344225123191
156.9080284515934
158.8154970312228
161.1149056887291
164.2278088675365
169.2564214360233
-10.552880538641958
-10.569351094961629
-10.500136934994213
-10.376389745751563
-10.195509765517027
-9.94574894403183
-9.62629588873168
-14.638893796079103
-15.492226312168121
-16.35743174663996
-17.230070119555734
-18.10654639758293
-18.983885040377977
-19.859959503859187
-20.732595514347373
-21.600630676104522
-22.462722131888178
-23.31783025293614
-24.164608191983838
-25.002544743800897
-25.830340356451046
-26.647569924030606
-27.453954875371238
-28.248566926334114
-29.030574923400046
-29.799957947525385
-30.555192712662418
-31.296697467720335
-32.02334719895787
-32.73514456888407
-33.431591560117205
-34.111356811141704
-34.77478529249057
-35.42102512339754
-36.049580750237624
-36.659961850369164
-37.25189386782299
-37.824783014104966
-38.37804136889139
-38.911559914101545
-39.425140314947434
-39.91811992416749
-40.39042706220627
-40.84256491733596
-41.27532260521054
-41.688195632509704
-42.081534509110355
-42.45514258387367
-42.808204690495145
-43.139337406966995
-43.44644128435792
-43.72707728311937
-43.97888889491372
-44.19978368425171
-44.3884834931891
-44.54453946217954
-44.67000952880129
-44.7653497380281
-44.83375398209923
-44.875345121594606
-44.90046676565846
41.06903891181473
41.09678301471297
41.03864958778431
40.92580056054715
40.75564688688443
40.51645659946905
40.2074324318434
47.18428551980297
48.07603864529173
49.01047736443566
49.9722887889653
50.9579315554385
51.96350975691136
52.98620343932183
54.0229060473103
55.07139313762588
56.12916546432305
57.19367939796919
58.26243235103258
59.33366882348362
60.40390214159783
61.47152033062593
62.5349725679365
63.59205447007099
64.64062755638841
65.68007677222622
66.70887701732039
67.72657679493307
68.73173513550765
69.72430439379757
70.70257321880081
71.66447271624055
72.60971010222259
73.53706121901503
74.44556459737758
75.33429589120942
76.20249787131463
77.04998823037754
77.87693439674398
78.68317322965726
79.46805699169946
80.23121513709611
80.97381606052346
81.69379055548633
82.3920036044805
83.06951307776689
83.72827047312131
84.3694106101536
84.99438201137205
85.60785032366017
86.21344344770787
86.82165835083117
87.46147681999076
88.1621020030809
88.97278440636049
89.96117512217648
91.21766901058822
92.81099260990008
94.77301488601152
97.54039330675884
101.9876112455208
30.51615837317277
30.52743191975134
30.5385126527901
30.54941081479559
30.5601371213674
30.57070765543722
30.58113654311172
32.54539172372387
32.58381233312361
32.6530456177957
32.74221866940957
32.85138515785557
32.97962471653338
33.12624393546264
33.29031053296293
33.47076246152136
33.66644333243487
33.87584914503305
34.09782415904874
34.33112407968272
34.57356178514679
34.82395040659532
35.08101769256526
35.34348754373688
35.61005263298836
35.88011882470083
36.15368430465797
36.42987932721273
36.70838793654978
36.9891598249135
37.2709816586836
37.55311590509885
37.83492480973202
38.11603609561749
38.39598384713996
38.67433404084026
38.95060400349164
39.22520521627257
39.49889302785259
39.77161331555571
40.04291667675202
40.31309521292862
40.58338899831719
40.85122563815037
41.11668099926995
41.38131744525718
41.64673596401096
41.91426802627992
42.18617732087691
42.46851291669318
42.76700216334996
43.0945810677118
43.48258792507704
43.96231831882919
44.58430091317139
45.41663565999694
46.54765948178694
48.04564287187198
49.93926090391229
52.66504818516424
57.08714447986234
-0.008339338179734802
0.0350629338761388
0.06268578012583109
0.0916255008537517
0.1265160288257613
0.1618175602578176
-2.538434014868803
-0.4322308395362775
-0.4382351070660418
-0.44199382078160904
-0.4439315061742111
-0.44436226761967357
-0.44371607962115645
-0.4419688413077017
-0.4396331457813791
-0.43661761287884815
-0.4330759489145447
-0.428852426281057
-0.424370355286002
-0.4192307098953245
-0.4138761102552974
-0.4083808084953446
-0.40241570328438714
-0.3960300046263502
-0.3896338984050133
-0.3824661946079412
-0.3755106248387411
-0.3679852962323855
-0.3604613322563282
-0.35268549019766193
-0.34423550074438997
-0.33596045356491466
-0.32725401692620293
-0.3182967128383008
-0.30909118085137033
-0.29974672985016637
-0.290101373349284
-0.2801579745873949
-0.2701593715064373
-0.2600604475646232
-0.24962577663653762
-0.23915440369167074
-0.2289387302450002
-0.2191227476392496
-0.2090507252228338
-0.1991557400295849
-0.1891607212779631
-0.1787520731737758
-0.1676407520786643
-0.1554641672452462
-0.1420480148938564
-0.12742825625701823
-0.1117386671170228
-0.09538560023142212
-0.07878354466070064
-0.0631958552815538
-0.04781748914157358
-0.034047836244891605
-0.020201792815671027
-0.011320740610827773
0.0
-0.0140533674248499
0.0294466327237424
0.0571620156224928
0.0861888417672547
0.121158323476298
0.1565316487879116
-3.534022356893064
-0.4517044350188789
-0.4733261949144666
-0.4871914363896934
-0.499262852278998
-0.50936085378411
-0.5180304490185085
-0.5251264643085869
-0.5310957205740168
-0.5357990205500897
-0.539213882433901
-0.5413610953969648
-0.5426190856296801
-0.5421109525488882
-0.540786297358374
-0.5386760957643483
-0.5354492961385909
-0.5311392805844343
-0.526517718133586
-0.5211236385662787
-0.5155008599643791
-0.5091481794189504
-0.5027713648743608
-0.4955276906402574
-0.4872360484274513
-0.4787961008375724
-0.4697360741463889
-0.4601890293472065
-0.4501737706205144
-0.4397749485775643
-0.4292837814441547
-0.4188774226777813
-0.4083884273596158
-0.3975713301755374
-0.3865665384772559
-0.3761535799242661
-0.3646924952429685
-0.3536695547277917
-0.3431824628403044
-0.3336838734599148
-0.3247601102685974
-0.3165700748574624
-0.3107433542800475
-0.3067542934591368
-0.3080823171040684
-0.3240906388390604
-0.3548913857905221
-0.4106392525985848
-0.5006547856177885
-0.6364585060003493
-0.8070746439323642
-0.9938335379981265
-1.401774852588245
-2.252672863168594
0.0
0.0057140292451151
0.0056163011523964
0.0055237645033383
0.005436659086497
0.0053577053494633
0.005285911469906
0.9955883420242612
0.0194735954826014
0.0350910878484248
0.0451976156080844
0.0553313461047869
0.0649985861644364
0.074314369397352
0.0831576230008852
0.0914625747926377
0.0991814076712415
0.1061379335193563
0.1125086691159077
0.1182487303436781
0.1228802426535637
0.1269101871030766
0.1302952872690037
0.1330335928542038
0.1351092759580841
0.1368838197285728
0.1386574439583376
0.139990235125638
0.1411628831865649
0.1423100326180326
0.1428422004425955
0.1430005476830613
0.1428356472726577
0.142482057220186
0.1418923165089057
0.1410825897691441
0.1400282187273979
0.1391824080948707
0.1387194480903864
0.1382290558531785
0.1375108826109142
0.1369407618407183
0.1369991762325954
0.1357537649979683
0.1345468070885421
0.1341317376174706
0.1345281334303299
0.1355993889906343
0.1378180016836866
0.1431026022013832
0.1512901262138906
0.166034302210212
0.1966623825820422
0.2431527186734993
0.3152536523671627
0.4218712409570879
0.5732626507187955
0.7592571547907906
0.9597857017532349
1.381573059772574
2.241352122557766
0.0
1.0
1.0
1.0
1.0
1.0
1.0
1.0
0.0
0.0
0.0
0.0
0.0
0.0
0.0
0.0
0.0
0.0
0.0
0.0
0.0
0.0
0.0
0.0
0.0
0.0
0.0
0.0
0.0
0.0
0.0
0.0
0.0
0.0
0.0
0.0
0.0
0.0
0.0
0.0
0.0
0.0
0.0
0.0
0.0
0.0
0.0
0.0
0.0
0.0
0.0
0.0
0.0
0.0
0.0
0.0
0.0
0.0
0.0
0.0
0.0
0.0
1.0
1.0
1.0
1.0
1.0
1.0
1.0
1.0
1.0
1.0
1.0
1.0
1.0
1.0
1.0
1.0
0.3345146001807895
0.3345146001807895
0.3345146001807895
0.3345146001807895
0.3345146001807895
0.3345146001807895
0.3345146001807895
0.3345146001807895
0.3345146001807895
0.3345146001807895
0.3345146001807895
0.3345146001807895
0.3345146001807895
0.3345146001807895
0.3345146001807895
0.3345146001807895
0.3345146001807895
0.3345146001807895
0.3345146001807895
0.3345146001807895
0.3345146001807895
0.3345146001807895
0.3345146001807895
0.3345146001807895
0.3345146001807895
0.3345146001807895
0.3345146001807895
0.3345146001807895
0.3345146001807895
1.0
1.0
1.0
1.0
1.0
1.0
1.0
1.0
1.0
1.0
1.0
1.0
1.0
1.0
1.0
1.0
1.0
1.0
1.0
1.0
1.0
1.0
1.0
1.0
1.0
1.0
1.0
1.0
1.0
3.608996504370721e-06
3.4278424404543665e-06
3.2516524252571883e-06
3.080743879109777e-06
2.9195416514339707e-06
2.7657920709048964e-06
2.619994713527768e-06
5.017926515516874e-06
1.2559259763292527e-05
1.664702981591392e-05
2.007100105462848e-05
2.2907533929468058e-05
2.5289760906966495e-05
2.725962245705279e-05
2.8838143442725706e-05
3.004617814802373e-05
3.085827367058834e-05
3.138301108788319e-05
3.156935523442014e-05
3.133689265816261e-05
3.090275252484001e-05
3.0278824231455193e-05
2.9485818779026404e-05
2.855086540933435e-05
2.758462433243316e-05
2.6650021964286574e-05
2.5607688087957984e-05
2.4578938263842652e-05
2.3594685558889606e-05
2.2538119497988632e-05
2.1467463214468786e-05
2.039668644754304e-05
1.9306946318498458e-05
1.8222632343659158e-05
1.7154635162394477e-05
1.6107506299251012e-05
1.5124522805853872e-05
1.420023013514368e-05
1.332187384725939e-05
1.2369730346050643e-05
1.144963047805238e-05
1.066041548047425e-05
9.570901228536175e-06
8.473914113114627e-06
7.55110228836976e-06
6.698933079448808e-06
5.944389176600671e-06
5.3163309656732834e-06
4.8459769281039996e-06
4.509579036283437e-06
4.412602609722077e-06
4.624055041478305e-06
5.0837205873763515e-06
5.900850344102336e-06
6.992071522959639e-06
8.638244710737899e-06
1.1228024642208772e-05
1.421976013935464e-05
1.3508833386829244e-05
7.843727708534226e-09
0.0004
0.0004
0.0004
0.0004
0.0004
0.0004
0.0004
0.0004
0.0004
0.0004
0.0004
0.0004
0.0004
0.0004
0.0004
0.0004
0.0004
0.0004
0.0004
0.0004
0.0004
0.0004
0.0004
0.0004
0.0004
0.0004
0.0004
0.0004
0.0004
0.0004
0.0004
0.0004
0.0004
0.0004
0.0004
0.0004
0.0004
0.0004
0.0004
0.0004
0.0004
0.0004
0.0004
0.0004
0.0004
0.0004
0.0004
0.0004
0.0004
0.0004
0.0004
0.0004
0.0004
0.0004
0.0004
0.0004
0.0004
0.0004
0.0004
0.0004
1.8773226216432527e-08
1.877095031835031e-08
1.876832220921395e-08
1.876568407675483e-08
1.8769335947603097e-08
1.8779997812492683e-08
1.87963020454428e-08
1.8816134095254587e-08
1.8835188145698223e-08
1.885352964810307e-08
1.887046628602802e-08
1.8899797168902408e-08
1.89490171386796e-08
1.905706034620368e-08
1.924291658298672e-08
1.951597410078659e-08
1.9970057612538964e-08
2.0424141124291348e-08
2.0955522451498848e-08
2.168343758608693e-08
2.2411352720675015e-08
2.3191469918052262e-08
2.407789526761416e-08
2.4964320617176045e-08
2.5804319907065242e-08
2.656739516723079e-08
2.733047042739633e-08
2.8009659812301375e-08
2.8574621622383624e-08
2.913958343246586e-08
2.9694270662182702e-08
3.023739352378613e-08
3.078051638538956e-08
3.157247195760499e-08
3.259641469909505e-08
3.362035744058511e-08
3.584791085846282e-08
3.9003781021426747e-08
4.215965118439069e-08
4.9949805561599495e-08
6.06828441861521e-08
7.141588281070471e-08
9.175447216909068e-08
1.1707101411142368e-07
1.4238755605375652e-07
1.7188869026138428e-07
2.0319331714906281e-07
2.3469440725547267e-07
2.7066267249474884e-07
3.14892052060593e-07
3.769183317406037e-07
4.910384404144355e-07
6.585727236838624e-07
9.106057881670588e-07
1.3931332719414156e-06
1.9200067952766016e-06
2.479662343274163e-06
2.920054741943086e-06
3.6699031813738386e-06
2.339684190033935e-06
0.0
0.0
0.0
0.0
0.0
0.0
0.0
0.0
0.0
0.0
0.0
0.0
0.0
0.0
0.0
0.0
0.0
0.0
0.0
0.0
0.0
0.0
0.0
0.0
0.0
0.0
0.0
0.0
0.0
0.0
0.0
0.0
0.0
0.0
0.0
0.0
0.0
0.0
0.0
0.0
0.0
0.0
0.0
0.0
0.0
0.0
0.0
0.0
0.0
0.0
0.0
0.0
0.0
0.0
0.0
0.0
0.0
0.0
0.0
0.0
0.0
0.0
0.0
0.0
0.0
0.0
0.0
0.0
0.0
0.0
0.0
0.0
0.0
0.0
0.0
0.0
0.0
0.0
0.0
0.0
0.0
0.0
0.0
0.0
0.0
0.0
0.0
0.0
0.0
0.0
0.0
0.0
0.0
0.0
0.0
0.0
0.0
0.0
0.0
0.0
0.0
0.0
0.0
0.0
0.0
0.0
0.0
0.0
0.0
0.0
0.0
0.0
0.0
0.0
0.0
0.0
0.0
0.0
0.0
0.0
0.0
0.0
0.0
0.0
0.0
0.0
0.0
0.0
0.0
0.0
0.0
0.0
0.0
0.0
0.0
0.0
0.0
0.0
0.0
0.0
0.0
0.0
0.0
0.0
0.0
0.0
0.0
0.0
0.0
0.0
0.0
0.0
0.0
0.0
0.0
0.0
0.0
0.0
0.0
0.0
0.0
0.0
0.0
0.0
0.0
0.0
0.0
0.0
0.0
0.0
0.0
0.0
0.0
0.0
0.0
0.0
0.0
0.0
0.0
0.0
0.0
0.0
0.0
0.0
0.0
0.0
0.0
0.0
0.0
0.0
0.0
0.0
0.0
0.0
0.0
0.0
0.0
0.0
0.0
0.0
0.0
0.0
0.0
0.0
0.0
0.0
0.0
0.0
0.0
0.0
0.0
0.0
0.0
0.0
0.0
0.0
0.0
0.0
0.0
0.0
0.0
0.0
0.0
0.0
0.0
0.0
0.0
0.0
0.0
0.0
0.0
0.0
0.0
0.0
0.0
0.0
0.0
0.0
0.0
0.0
0.0
0.0
0.0
0.0
0.0
0.0
0.0
0.0
0.0
0.0
0.0
0.0
0.0
0.0
0.0
0.0
0.0
0.0
0.0
0.0
0.0
0.0
0.0
0.0
0.0
0.0
0.0
0.0
0.0
0.0
0.0
0.0
0.0
0.0
0.0
0.0
0.0
0.0
0.0
0.0
0.0
0.0
0.0
0.0
0.0
0.0
0.0
0.0
0.0
0.0
0.0
0.0
0.0
0.0
0.0
0.0
0.0
0.0
0.0
0.0
2
2
1
205.112501131914
-44.90046676565846
0.0
0.0
6.0
4.450138748639506
1.0
2.0
3.0
4.0
5.0
6.0
7.0
8.0
9.0
10.0
11.0
12.0
13.0
14.0
15.0
16.0
17.0
18.0
19.0
20.0
21.0
22.0
23.0
24.0
25.0
26.0
27.0
28.0
29.0
30.0
31.0
32.0
33.0
34.0
35.0
36.0
37.0
38.0
39.0
40.0
41.0
42.0
43.0
44.0
45.0
46.0
47.0
48.0
49.0
50.0
51.0
52.0
53.0
54.0
55.0
56.0
57.0
58.0
59.0
60.0
0.0
0.0
0.0
0.0
0.0
0.0
0.99
0.0
0.0
0.0
0.0
0.0
0.0
0.0
0.0
0.0
0.0
0.0
0.0
0.0
0.0
0.0
0.0
0.0
0.0
0.0
0.0
0.0
0.0
0.0
0.0
0.0
0.0
0.0
0.0
0.0
0.0
0.0
0.0
0.0
0.0
0.0
0.0
0.0
0.0
0.0
0.0
0.0
0.0
0.0
0.0
0.0
0.0
0.0
0.0
0.0
0.0
0.0
0.0
0.0
0.0
0.0
0.0
0.0
0.0
0.0
2.45
0.0
0.0
0.0
0.0
0.0
0.0
0.0
0.0
0.0
0.0
0.0
0.0
0.0
0.0
0.0
0.0
0.0
0.0
0.0
0.0
0.0
0.0
0.0
0.0
0.0
0.0
0.0
0.0
0.0
0.0
0.0
0.0
0.0
0.0
0.0
0.0
0.0
0.0
0.0
0.0
0.0
0.0
0.0
0.0
0.0
0.0
0.0
0.0
0.0
0.0
0.0
0.0
0.0
0.0
0.0
0.0
0.0
0.0
0.0
0.5
0.0
0.0
0.0
0.0
0.0
0.0
0.0
0.0
0.0
0.0
0.0
0.0
0.0
0.0
0.0
0.0
0.0
0.0
0.0
0.0
0.0
0.0
0.0
0.0
0.0
0.0
0.0
0.0
0.0
0.0
0.0
0.0
0.0
0.0
0.0
0.0
0.0
0.0
0.0
0.0
0.0
0.0
0.0
0.0
0.0
0.0
0.0
0.0
0.0
0.0
0.0
0.0
0.0
85.0
