9.81
6.022e+23
0
0
0
3
0
1
297.34848217669486
2
2
0
0
1
1
0
1
60
7
1000.0
1.0


3
3
0
77.072922555375
0
5.783625987995279
150.0
1000.0
287.04
9.81
79000.0
40.0
20000.0
0.0
0.0
0.0
0.0
0.0280134
0.04401
0.0319988
0.039948
0.01604
0.01801528
0.048
99000.0
2.1153802199668344e+29
0.8
1e-06
1000000.0
0.6
3.0
0.0001
1000
53
5.7401349102824195
0
1
6
1.0
1
0
1
1
0.1
1000000000000.0
1
296.66497803784046
295.84842118614836
294.98693848999886
294.10170726868984
293.2182970439377
292.333517493393
291.44284905673595
290.54491153200723
289.63601410725875
288.70382332098467
287.7466123475952
286.7652961300941
285.7622526535972
284.73268211160286
283.67956200675263
282.6026257926908
281.4984701127984
280.3718106431398
279.2214356759359
278.04372204470934
276.84081457177047
275.611510386339
274.35382615991887
273.0684859330588
271.7541145449084
270.4089330848528
269.03057536388513
267.6156380346935
266.1630515511022
264.6715508358757
263.1384868596822
261.5599922806548
259.93241797405494
258.25080597820585
256.51306211603236
254.7157810138313
252.8547242799897
250.92103538312028
248.90552308754215
246.80617342898924
244.61578872912676
242.31876080973367
239.91427999015139
237.39032774505012
234.72415303807585
231.91690892328137
228.95614441720915
225.8666770800215
222.63474052220263
219.20932088104092
215.45539893131348
211.22529797128624
206.48240383095532
201.2662639796323
216.07318561217508
218.95005525171436
221.58766108681917
224.49776242879136
227.66146157821825
236.19318910900415
991.675
975.0250000000001
958.375
941.7249999999999
925.075
908.425
891.7750000000001
875.125
858.4749999999999
841.825
825.175
808.5250000000001
791.875
775.225
758.575
741.925
725.2750000000001
708.625
691.975
675.325
658.675
642.0250000000001
625.375
608.725
592.075
575.425
558.7750000000001
542.125
525.4750000000001
508.82500000000005
492.17500000000007
475.52500000000003
458.87500000000006
442.2250000000001
425.57500000000005
408.925
392.27500000000003
375.62500000000006
358.9750000000001
342.32500000000005
325.675
309.02500000000003
292.37500000000006
275.7250000000001
259.0750000000001
242.42500000000007
225.77500000000003
209.12500000000006
192.47500000000008
175.8250000000001
159.17500000000007
142.52500000000003
125.87500000000006
109.22500000000008
92.5750000000001
75.92500000000013
59.27500000000009
42.62500000000006
25.97500000000008
9.325000000000045
73.91228430988853
222.80198107699283
373.8534689753981
527.1382857721136
682.7376490758559
840.735176323162
1001.21766269879
1164.2753991527402
1329.9994653224821
1498.4823841431225
1669.822021897337
1844.1232192762968
2021.4969363035134
2202.0608239231115
2385.940960917146
2573.2710634642153
2764.1945142188506
2958.866058971001
3157.4503438763395
3360.1235603677933
3567.0757756088833
3778.510930209627
3994.6489288882813
4215.727717133692
4442.004239727699
4673.756441505826
4911.284932254202
5154.916354284558
5405.007929532554
5661.950598151532
5926.172396308948
6198.143201302101
6478.3805577243675
6767.457745222906
7066.013169001029
7374.760542832517
7694.498414705705
8026.1219175354645
8370.646358268645
8729.232340403329
9103.205998705445
9494.101289071468
9903.710969890839
10334.132043130205
10787.861786428164
11267.919645941913
11778.036624759092
12322.890887617808
12908.349915141021
13541.767620548027
14232.496846471204
14993.08857505286
15841.533403093286
16858.909478192207
18129.82483561049
19742.761850095598
21936.138602021274
25353.81485396991
33657.91527393831
56560.69457252452
3.521179111399233e+23
3.521179111399233e+23
3.521179111399257e+23
3.521179111399233e+23
3.521179111399233e+23
3.521179111399233e+23
3.521179111399233e+23
3.521179111399257e+23
3.521179111399233e+23
3.521179111399233e+23
3.521179111399233e+23
3.521179111399233e+23
3.521179111399257e+23
3.5211791113992086e+23
3.521179111399257e+23
3.521179111399233e+23
3.521179111399233e+23
3.521179111399257e+23
3.5211791113992086e+23
3.521179111399257e+23
3.521179111399233e+23
3.521179111399233e+23
3.521179111399257e+23
3.5211791113992086e+23
3.521179111399257e+23
3.521179111399233e+23
3.521179111399233e+23
3.521179111399233e+23
3.521179111399233e+23
3.521179111399244e+23
3.521179111399244e+23
3.521179111399233e+23
3.521179111399233e+23
3.521179111399233e+23
3.521179111399257e+23
3.521179111399233e+23
3.521179111399233e+23
3.521179111399233e+23
3.521179111399233e+23
3.521179111399257e+23
3.521179111399233e+23
3.521179111399233e+23
3.521179111399233e+23
3.521179111399233e+23
3.521179111399233e+23
3.521179111399257e+23
3.521179111399233e+23
3.521179111399233e+23
3.521179111399233e+23
3.521179111399233e+23
3.521179111399257e+23
3.521179111399233e+23
3.521179111399233e+23
3.521179111399233e+23
3.521179111399233e+23
3.521179111399233e+23
3.521179111399257e+23
3.521179111399233e+23
3.521179111399233e+23
3.521179111399257e+23
-2.8283115833751826
-2.644039003837303
-2.5934388058650835
-2.587698659811781
-2.5179174243470603
-2.3974152106662623
-2.24117815713557
-2.0534708708704428
-1.8478978669982358
-1.6717285546010394
-1.5307046067770111
-1.4187377508382324
-1.3249749509179014
-1.2621120278770013
-1.2188972846380772
-1.192657845856287
-1.1912025832471842
-1.1956098646980755
-1.2034001117061601
-1.225180080321334
-1.250791305524082
-1.277098622775316
-1.3090263729925193
-1.3366752511592592
-1.3606296598581111
-1.3811511215816967
-1.3999999064798039
-1.4244641487924752
-1.4502990972100107
-1.4725720089479784
-1.4932094055289689
-1.515941782595753
-1.5449553405517407
-1.5843296454644633
-1.6300054004664253
-1.6791068708443415
-1.7283012116438399
-1.7932892177345936
-1.888884726064412
-1.9940883212748057
-2.1087292043888937
-2.258634596889205
-2.4064162787329684
-2.551699135596652
-2.727962499900171
-2.853679459231054
-2.897939558300171
-2.642006698276618
-1.9993009998139368
-1.0091488068274188
-0.005411625307008172
0.6977341617359946
1.3812280086953068
11.445604370249606
0.05021554891398054
0.07052588953402714
0.07639039360105107
0.07278534346591944
0.06235198226374864
0.10106628261137371
-3.803553853198764
-3.6018093754269103
-3.5350250236413814
-3.513327981511722
-3.4283298543090694
-3.2912973239510137
-3.118953523204013
-2.914869847408596
-2.6922166188496988
-2.5001044421537983
-2.343365162364506
-2.2156663584503065
-2.104438377681788
-2.0268280454190233
-1.967406243049254
-1.924063340607404
-1.9075139667886276
-1.8944037167231897
-1.8858125759876998
-1.892580282022891
-1.9012032698414316
-1.911778752833584
-1.9272682742103768
-1.9389296338327142
-1.9463011618855148
-1.9500962344488073
-1.9529271301103677
-1.9610965829484144
-1.9704566954501104
-1.9768617241965103
-1.9810335641941776
-1.9877580386585123
-1.9997650831647888
-2.0238908822315125
-2.053483261984894
-2.0855349001454044
-2.1184635834893015
-2.167584886936197
-2.246714481141481
-2.336294725459595
-2.43436013250772
-2.568950763463988
-2.70027743337252
-2.8278833089344744
-2.9863492600986206
-3.0981845163834976
-3.1253948477119025
-2.852053416573767
-2.194207077238758
-1.1871604027230944
-0.16776737482325643
0.5514243867703783
1.2511202007104885
11.333263936846294
-0.04941057209978794
-0.013859904398799472
0.007800142232810003
0.020033445829284346
0.026063513356291423
0.07953327538652388
0.9754411569604994
0.9592000616971071
0.9429589664337147
0.9267178711703223
0.9104767759069301
0.8942356806435378
0.8779945853801455
0.8617534901167532
0.8455123948533607
0.8292712995899685
0.8130302043265762
0.796789109063184
0.7805480137997916
0.7643069185363992
0.7480658232730071
0.7318247280096146
0.7155836327462224
0.69934253748283
0.6831014422194376
0.6668603469560455
0.6506192516926531
0.6343781564292608
0.6181370611658684
0.6018959659024762
0.5856548706390838
0.5694137753756915
0.5531726801122993
0.5369315848489068
0.5206904895855147
0.5044493943221223
0.48820829905873
0.4719672037953376
0.45572610853194534
0.43948501326855305
0.42324391800516076
0.40700282274176836
0.390761727478376
0.3745206322149838
0.3582795369515915
0.3420384416881992
0.3257973464248068
0.30955625116141444
0.2933151558980222
0.2770740606346299
0.2608329653712376
0.24459187010784536
0.22835077484445293
0.2121096795810606
0.19586858431766835
0.17962748905427606
0.16338639379088377
0.14714529852749134
0.13090420326409904
0.11466310800070677
0.09842201273731448
0.08218091747392217
0.06593982221052988
0.049698726947137485
0.033457631683745194
0.017216536420352903
-16.649999999999977
-16.649999999999977
-16.65000000000009
-16.649999999999977
-16.649999999999977
-16.649999999999977
-16.649999999999977
-16.65000000000009
-16.649999999999977
-16.649999999999977
-16.649999999999977
-16.649999999999977
-16.65000000000009
-16.649999999999864
-16.65000000000009
-16.649999999999977
-16.649999999999977
-16.65000000000009
-16.649999999999864
-16.65000000000009
-16.649999999999977
-16.649999999999977
-16.65000000000009
-16.649999999999864
-16.65000000000009
-16.649999999999977
-16.649999999999977
-16.649999999999977
-16.649999999999977
-16.650000000000034
-16.650000000000034
-16.649999999999977
-16.649999999999977
-16.649999999999977
-16.65000000000009
-16.649999999999977
-16.649999999999977
-16.649999999999977
-16.649999999999977
-16.65000000000009
-16.649999999999977
-16.649999999999977
-16.649999999999977
-16.649999999999977
-16.649999999999977
-16.65000000000009
-16.649999999999977
-16.649999999999977
-16.649999999999977
-16.649999999999977
-16.65000000000009
-16.649999999999977
-16.649999999999977
-16.649999999999977
-16.649999999999977
-16.649999999999977
-16.65000000000009
-16.649999999999977
-16.649999999999977
-16.65000000000009
297.34440995859796
296.48944794186446
295.62216531946405
294.7421973199953
293.84908121948285
292.9423402773572
292.0214840102298
291.0859989197168
290.13535408603235
289.1690268878457
288.1864697103836
287.18709812446775
286.1702838405843
285.13537164569584
284.081655854724
283.0083837677062
281.9147613558739
280.79992410470174
279.6629465451705
278.5028496427298
277.3185743812293
276.1089812220467
274.87285067138
273.60885852974434
272.31557662119866
270.99146097664857
269.6348405072405
268.24390907268537
266.8166944593465
265.3510368047194
263.8445738680473
262.29471668788324
260.6986190365785
259.0531405730614
257.35479036827223
255.59967475742118
253.78343169823805
251.90118622719703
249.9474590798456
247.91598520934912
245.79960466943564
243.59013767138555
241.27802034954385
238.8520792815428
236.29923133960781
233.6036730118138
230.74628111555762
227.70302138060447
224.44381456687825
220.93086928762506
217.11691236238167
212.9410302841908
208.31895618702345
203.1268551705212
208.66530908784296
217.49752694778408
220.25179420116052
223.02547819033055
226.06408631162913
231.90855419899415
240.4313378152365
1000.0
983.35
966.7
950.05
933.4
916.75
900.1
883.45
866.8
850.15
833.5
816.85
800.2
783.55
766.9000000000001
750.25
733.6
716.95
700.3
683.6500000000001
667.0
650.35
633.7
617.05
600.4000000000001
583.75
567.1
550.45
533.8000000000001
517.1500000000001
500.50000000000006
483.85
467.20000000000005
450.55000000000007
433.9000000000001
417.25
400.6
383.95000000000005
367.30000000000007
350.6500000000001
334.0
317.35
300.70000000000005
284.05000000000007
267.4000000000001
250.7500000000001
234.10000000000002
217.45000000000005
200.80000000000007
184.1500000000001
167.5000000000001
150.85000000000002
134.20000000000005
117.55000000000007
100.90000000000009
84.25000000000011
67.60000000000014
50.950000000000045
34.30000000000007
17.65000000000009
1.0
0.0
147.82456861977707
297.77939353420857
449.9275444165875
604.3490271276397
761.1262710240719
920.3440816222522
1082.0912437753277
1246.4595545301527
1413.5393761148114
1583.4253921714335
1756.2186516232407
1932.0277869293527
2110.966085677674
2293.155562168549
2478.726359665743
2667.815767262688
2860.573261175013
3057.158856766989
3257.7418309856903
3462.5052897498967
3671.6462614678694
3885.375598951385
4103.922258825177
4327.533175442207
4556.475304013191
4791.037578998462
5031.532285509944
5278.300423059171
5531.715436005938
5792.185760297127
6060.15903232077
6336.127370283432
6620.633745165302
6914.28174528051
7217.744592721549
7531.776492943485
7857.220336467924
8195.023498603005
8546.269217934283
8912.195462872374
9294.216534538515
9693.986043604422
10113.435896177256
10554.828190083153
11020.895382773175
11514.94390911065
12041.129340407533
12604.652434828084
13212.04739545396
13871.487845642094
14593.505847300312
15392.671302805407
16290.395503381167
17427.423453003248
18832.226218217733
20653.297481973463
23218.97972206908
27488.64998587074
39827.18056200589
52165.711138141116
468.3599477990706
466.2965181007365
463.8168357549453
461.11077241211757
458.262252363815
455.3708137515732
452.4783205769087
449.61716989193695
446.81154656976787
444.03443741182707
441.2948911440125
438.58412444988545
435.8948959981531
433.22721219940405
430.5630547701231
427.8975284582428
425.23280764749944
422.5534828050065
419.8715045667536
417.18783641469213
414.49141039200936
411.7919511729597
409.0948652756826
406.3968467920653
403.70402261983634
401.0194795221164
398.3437150379073
395.6726944476754
393.0104097849802
390.35651872675794
387.7176380057605
385.0966302946523
382.4955710513789
379.91170889757944
377.34725419445965
374.80589763664796
372.2966030684309
369.82681536492123
367.3956261981297
365.00242671215506
362.66338276616705
360.3884440381969
358.1752372607342
356.0421208247648
353.9982479894194
352.041699066404
350.2008662631581
348.5012578242491
346.97821914339715
345.6398648972414
344.4719436816864
343.39918303306337
342.3384677838064
341.24136952562935
347.6494070467647
348.8233654036907
349.22751730437153
349.41911509230147
349.48570820557035
349.71115107596887
351.10353061949047
443.2537524616978
440.8346705016469
437.9929495664219
434.9189273377945
431.6965978123527
428.4244623734978
425.1441986713369
421.8881961213712
418.6806528582286
415.4951189141975
412.3410978104432
409.2103392718852
406.0960048994189
402.9984414068382
399.9000258567061
396.7960869873328
393.6889475783585
390.5633722625335
387.4312853153764
384.2936938262257
381.1395958603881
377.9786506593037
374.8162122393158
371.6489344919333
368.4828559429552
365.3209863784912
362.1637523118371
359.0070293853312
355.8547181836378
352.70638366927
349.5685225588049
346.4438930616459
343.334461839705
340.2373575025684
337.1546934329024
334.0900332184533
331.052187462336
328.0484797016268
325.0778831878755
322.1396265636589
319.2498109668088
316.4182822035919
313.642501686412
310.9409283516367
308.3226642072117
305.7855821156194
303.3583134277556
301.0663650528937
298.9451592325689
297.0027745104336
295.2247933357136
293.535886917605
291.8541341337889
290.1328982094368
275.4947438639879
276.1422953371607
276.0572961966862
275.831768172598
275.6015904168913
275.6602887967196
276.484068880427
25.1061953373728
25.46184759908962
25.82388618852344
26.19184507432304
26.56565455146228
26.94635137807543
27.33412190557179
27.72897377056573
28.13089371153929
28.53931849762955
28.9537933335693
29.37378517800028
29.7988910987342
30.22877079256585
30.66302891341693
31.10144147090998
31.54386006914092
31.99011054247303
32.44021925137721
32.89414258846644
33.35181453162127
33.81330051365602
34.27865303636677
34.74791230013198
35.22116667688112
35.69849314362515
36.17996272607024
36.6656650623442
37.15569160134245
37.65013505748793
38.14911544695558
38.6527372330064
39.16110921167387
39.67435139501108
40.19256076155728
40.71586441819465
41.24441560609487
41.77833566329443
42.31774301025423
42.86280014849615
43.41357179935823
43.97016183460502
44.53273557432221
45.10119247312807
45.67558378220771
46.25611695078467
46.84255283540249
47.43489277135539
48.03305991082825
48.63709038680779
49.24715034597278
49.86329611545835
50.4843336500175
51.10847131619257
72.1546631827768
72.68107006652998
73.17022110768532
73.58734691970344
73.88411778867902
74.05086227924926
74.61946173906344
529.276262086078
523.4092785345449
517.3277868133268
511.0866984468578
504.7248504170435
498.4050819504927
492.22129145187716
486.24118724370123
480.52069407412364
475.0513682973333
469.8117175873647
464.7575857308733
459.85269092069063
455.0805687442599
450.3895832695597
445.75665071463015
441.1678665632794
436.581027753998
432.0046457990218
427.43516507097263
422.846158766267
418.245496277376
413.63663162726505
409.0113448694376
404.37959106337576
399.74874680377036
395.12288608511255
390.4989383647702
385.8755571191267
381.2512093654543
376.63546692026034
372.0334256449579
367.44460836302596
362.8609811260618
358.2726355407104
353.6777957209138
349.0829662525514
344.4947149655524
339.8959409118247
335.2560269447085
330.58068827326093
325.8713894127832
321.0892318718564
316.2558380025145
311.38408185823454
306.4411836751206
301.5021663554911
296.67716306887036
292.3020709714445
288.76950964805013
286.41442802977207
285.17390000632565
284.664609143839
284.81863108637265
302.5599325443542
303.68448032918036
304.0747723254623
304.27417025562517
304.3607968147233
304.612303198478
306.0842160173862
348.6561522103049
341.2731139911248
333.6021410604634
325.6986963879098
317.6039044894742
309.5140254341291
301.5453061679838
293.7887250037999
286.3287048082179
279.1649531263078
272.2834595287036
265.6385912374488
259.1924315922742
252.9260297859
246.7753743714561
240.7102828661278
234.7109233870278
228.7226329495731
222.7552910602985
216.8009513255021
210.8240710727287
204.8327168998369
198.8280889342838
192.7969576749094
186.7492162192327
180.6903825158754
174.6210821532167
168.5367359646247
162.4337654880599
156.3076236987931
150.1685951812542
144.019941250404
137.8590702540908
131.6765124358412
125.4592622055796
119.2044523891132
112.9196417626861
106.613207623662
100.2660692404895
93.84578839595046
87.36768140154273
80.84043484089437
74.2228901332126
67.56048690150881
60.87453085576992
54.11771336153661
47.38716812622028
40.84404614912687
34.90970468649382
30.02445281511723
26.52722881936425
24.29426545317522
22.82997947026604
22.00480789528574
16.76890339402499
16.61627081105235
15.41718199774907
13.51555052065438
10.5590688782351
5.862148465288353
0.0
180.620109875773
182.1361645434202
183.7256457528635
185.388002058948
187.1209459275693
188.8910565163636
190.6759852838933
192.4524622399013
194.1919892659058
195.8864151710255
197.5282580586611
199.1189944934245
200.6602593284164
202.1545389583599
203.6142088981036
205.0463678485023
206.4569431762516
207.8583948044249
209.2493547387233
210.6342137454705
212.0220876935383
213.4127793775391
214.8085426929812
216.2143871945282
217.6303748441431
219.058364287895
220.5018039318959
221.9622024001455
223.4417916310668
224.9435856666612
226.4668717390061
228.0134843945539
229.5855381089352
231.1844686902206
232.8133733351308
234.4733433318006
236.1633244898653
237.8815073418904
239.6298716713352
241.410238548758
243.2130068717182
245.0309545718888
246.8663417386438
248.6953511010057
250.5095510024646
252.323470313584
254.1149982292708
255.8331169197435
257.3923662849507
258.7450568329329
259.8871992104078
260.8796345531504
261.834629673573
262.8138231910869
285.7910291503292
287.068209518128
288.6575903277132
290.7586197349708
293.8017279364882
298.7501547331897
306.0842160173862
60.91631428700727
57.1127604338085
53.51095105838159
49.97592603474021
46.46259805322849
43.03426819891942
39.74297087496841
36.624017351764394
33.7091475043558
31.0169308855061
28.5168264433523
26.173461280987794
23.957794922537488
21.8533565448557
19.826528499436677
17.859122256387423
15.935058915780019
14.027544948991391
12.133141232268201
10.247328656280501
8.35474837425761
6.453545104416179
4.541766351582595
2.614498077372218
0.675568443539504
-1.2707327183460109
-3.220828952794818
-5.173756082905186
-7.1348526658536
-9.10530936130371
-11.082171085500221
-13.063204649694399
-15.05096268835291
-17.0507277715177
-19.074618653749212
-21.128101915734106
-23.21363681587951
-25.332100399368812
-27.49968528630501
-29.74639976744649
-32.082694492906086
-34.517054625413806
-37.086005388877794
-39.786282822250314
-42.61416613118479
-45.60051539128341
-48.69869990766691
-51.82409475537881
-54.676148171952576
-56.870355249191334
-58.05751565191443
-58.225283026737685
-57.67385863996731
-56.42273843925682
-45.089474502410525
-45.13888507451031
-45.15274497890911
-45.1449448366763
-45.12491139084702
-45.098847877490726
-45.0193146021042
94.59760025139293
99.5615565105221
104.3908085059585
109.2202309498847
114.0926933228785
118.9104369393688
123.5988925033531
128.0994711175712
132.3519480500107
136.3301657878898
140.0576382817395
143.5717480344364
146.9035733071447
150.0724116209383
153.12465148525
156.0858041212049
158.9780241913307
161.8407393129604
164.6759942550779
167.4927425007236
170.3155247876594
173.1459337594669
175.9881233050319
178.851976817024
181.7336397237225
184.6306038626158
187.5426701586204
190.4702934207065
193.4209526955779
196.3987599704769
199.3999273775507
202.4239518112419
205.4753915856142
208.5608450667272
211.6954312273228
214.8855808293401
218.1325456996499
221.4352720779648
224.811813947386
228.2938381677084
231.8821295652661
235.5778473626975
239.4196115531994
243.3804414501279
247.4481333514417
251.6678687540828
255.9711453015353
260.2223189037669
264.0354545460751
266.9783216953164
268.6975645163494
269.2416214644298
269.0241546635229
268.1280903141511
258.7258404699629
259.5260245261084
260.640114198937
262.3162176519437
265.0425215386562
269.7981403314312
276.484068880427
155.5139145384002
156.6743169443306
157.9017595643401
159.1961569846249
160.555291376107
161.9447051382882
163.3418633783215
164.7234884693356
166.0610955543665
167.3470966733959
168.5744647250918
169.7452093154242
170.8613682296822
171.925768165794
172.9511799846867
173.9449263775923
174.9130831071107
175.8682842619518
176.8091354873461
177.7400711570041
178.670273161917
179.5994788638831
180.5298896566145
181.4664748943962
182.409208167262
183.3598711442698
184.3218412058256
185.2965373378013
186.2861000297243
187.2934506091732
188.3177562920505
189.3607471615475
190.4244288972613
191.5101172952095
192.6208125735736
193.757478913606
194.9189088837704
196.103171678596
197.312128661081
198.5474384002619
199.79943507236
201.0607927372837
202.3336061643216
203.5941586278776
204.8339672202569
206.0673533627994
207.2724453938684
208.3982241483881
209.3593063741225
210.1079664461251
210.640048864435
211.0163384376921
211.3502960235556
211.7053518748943
213.6363659675524
214.3871394515981
215.4873692200279
217.1712728152674
219.9176101478092
224.6992924539405
231.4647542783228
-1.9262657922778437
-1.8240538041861067
-1.7902039108308472
-1.7791930355837153
-1.736128868539461
-1.6667145956629694
-1.5794213098501708
-1.4760597024852964
-1.3632943707755398
-1.2660013913587735
-1.1866253946514966
-1.1219587769321373
-1.0656343148884209
-1.0263343229924504
-0.9962451381455995
-0.9742985542738729
-0.9659198263851931
-0.9592835788556591
-0.9549350115588019
-0.9583633265299556
-0.9627314906138353
-0.9680879633585074
-0.9759319919564939
-0.9818369298866787
-0.9855683509270855
-0.9874870985168397
-0.9889170058665758
-0.9930504011423733
-0.9977859798833714
-1.0010249688490216
-1.003132219490157
-1.006531832677347
-1.0126068362166922
-1.0248194639722752
-1.039800801623644
-1.0560282238905718
-1.0727005136377568
-1.097574345946429
-1.1376479100651316
-1.1830181667820863
-1.2326887843187864
-1.3008600518219802
-1.3673855392087972
-1.4320290067130572
-1.5122996439644205
-1.5689571337526793
-1.5827653133649098
-1.4443605303399412
-1.1112055946318826
-0.6011696827374039
-0.08486060453352398
0.2794219658943813
0.6338492932656918
5.741311426951396
-0.02478978697136608
-0.006671147324044724
0.0044857793975477955
0.011019760637818177
0.01472053668852391
0.04243481765511925
0.0
-2.514419062180981
-2.446186597851102
-2.446272936027587
-2.468074179316867
-2.440357197693971
-2.37486823551073
-2.279701928803744
-2.15402966952942
-2.015107706727557
-1.88809638986127
-1.780020630223514
-1.687687106860974
-1.605128459083084
-1.546067228747209
-1.499928332402075
-1.465011554638947
-1.450066256764755
-1.436156706556837
-1.42678241154744
-1.429838866449503
-1.433702051542483
-1.439669327979521
-1.450642891666006
-1.459663978718007
-1.467414592925102
-1.475064368575448
-1.482944521023096
-1.494613074620291
-1.508364494900027
-1.520197226408756
-1.531775117194163
-1.545661954951374
-1.562891098025976
-1.587778534461307
-1.615923378810866
-1.644702317657227
-1.672947489722589
-1.710337641495346
-1.763768175525857
-1.817596251797302
-1.87201151525321
-1.945989168465542
-2.006300151532861
-2.060429528751936
-2.13744492898127
-2.179761467650226
-2.15336948677438
-1.931487798279607
-1.490666087943419
-0.8708571744106205
-0.2755840482376444
0.1101546107676357
0.4538882220925277
4.762571425188601
-0.4053214692061949
-0.5643257442463288
-0.8490055617787757
-1.380969151257286
-2.408888781610135
-3.386658808900116
0.0
0.5881532699031372
0.6221327936649951
0.6560690251967398
0.6888811437331515
0.7042283291545102
0.7081536398477604
0.7002806189535732
0.6779699670441235
0.6518133359520172
0.6220949985024964
0.5933952355720172
0.5657283299288367
0.5394941441946632
0.5197329057547587
0.5036831942564755
0.4907130003650742
0.484146430379562
0.4768731277011779
0.471847399988638
0.4714755399195473
0.4709705609286476
0.4715813646210135
0.474710899709512
0.4778270488313283
0.4818462419980164
0.4875772700586084
0.4940275151565202
0.5015626734779177
0.5105785150166556
0.5191722575597343
0.5286428977040059
0.539130122274027
0.5502842618092839
0.5629590704890317
0.5761225771872222
0.5886740937666552
0.6002469760848324
0.612763295548917
0.6261202654607255
0.6345780850152158
0.6393227309344236
0.6451291166435619
0.6389146123240635
0.6284005220388788
0.6251452850168496
0.6108043338975468
0.5706041734094702
0.4871272679396658
0.3794604933115365
0.2696874916732166
0.1907234437041204
0.1692673551267456
0.1799610711731641
0.9787400017627943
0.3805316822348288
0.557654596922284
0.8534913411763235
1.391988911895104
2.423609318298659
3.429093626555235
0.0
1.0
1.0
1.0
1.0
1.0
1.0
1.0
1.0
1.0
1.0
1.0
1.0
1.0
1.0
1.0
1.0
1.0
1.0
1.0
1.0
1.0
1.0
1.0
1.0
1.0
1.0
1.0
1.0
1.0
1.0
1.0
1.0
1.0
1.0
1.0
1.0
1.0
1.0
1.0
1.0
1.0
1.0
1.0
1.0
1.0
1.0
1.0
1.0
1.0
1.0
1.0
1.0
1.0
1.0
0.0
0.0
0.0
0.0
0.0
0.0
0.0
1.0
1.0
1.0
1.0
1.0
1.0
1.0
1.0
1.0
1.0
1.0
1.0
1.0
1.0
1.0
1.0
0.8605561031037754
0.8605561031037754
0.8605561031037754
0.8605561031037754
0.8605561031037754
0.8605561031037754
0.8605561031037754
0.8605561031037754
0.8605561031037754
0.8605561031037754
0.8605561031037754
0.8605561031037754
0.8605561031037754
0.8605561031037754
0.8605561031037754
0.8605561031037754
0.8605561031037754
0.8605561031037754
0.8605561031037754
0.8605561031037754
0.8605561031037754
0.8605561031037754
0.8605561031037754
0.8605561031037754
0.8605561031037754
0.8605561031037754
0.8605561031037754
0.8605561031037754
0.8605561031037754
1.0
1.0
1.0
1.0
1.0
1.0
1.0
1.0
1.0
1.0
1.0
1.0
1.0
1.0
1.0
1.0
1.0
1.0
1.0
1.0
1.0
1.0
1.0
1.0
1.0
1.0
1.0
1.0
1.0
0.015657650221700573
0.01559703818397591
0.015396638105321582
0.015058124604105955
0.014298723654079987
0.013322562081793738
0.012195514249565846
0.01093872458256076
0.00976243753468273
0.008674341724189827
0.007730218454871652
0.006911715696985465
0.00620078666179581
0.005635278089596515
0.005161616097684726
0.004759308761072934
0.004447596825343127
0.004148772704423261
0.003877093797608021
0.0036510422768292966
0.0034318385949474515
0.003228380731616152
0.0030477269790474097
0.0028708324853702785
0.002703802369173895
0.0025492491290536154
0.002396903914688341
0.0022532399863984046
0.002119211776684549
0.0019861088384279407
0.0018592769452450103
0.0017384307614558014
0.00161802911756358
0.0015014728817111837
0.0013882733400487418
0.0012760804345044563
0.0011644618432433303
0.0010545805210467256
0.0009478894724603114
0.0008370250277672837
0.0007281857055673642
0.0006272231700106367
0.0005205861418233295
0.00042046937169599227
0.0003342109092934337
0.0002484945193787587
0.00017239674823301318
0.00010609479178860108
5.6559226358648946e-05
2.5234824639212946e-05
9.68448756051931e-06
4.083751010372236e-06
1.7898131545873458e-06
8.909104840913834e-07
1.8750260044536759e-06
5.5421639518585325e-06
7.24062222993974e-06
8.954817588831404e-06
9.66667722982104e-06
1.8737979152912558e-07
0.0004
0.0004
0.0004
0.0004
0.0004
0.0004
0.0004
0.0004
0.0004
0.0004
0.0004
0.0004
0.0004
0.0004
0.0004
0.0004
0.0004
0.0004
0.0004
0.0004
0.0004
0.0004
0.0004
0.0004
0.0004
0.0004
0.0004
0.0004
0.0004
0.0004
0.0004
0.0004
0.0004
0.0004
0.0004
0.0004
0.0004
0.0004
0.0004
0.0004
0.0004
0.0004
0.0004
0.0004
0.0004
0.0004
0.0004
0.0004
0.0004
0.0004
0.0004
0.0004
0.0004
0.0004
0.0004
0.0004
0.0004
0.0004
0.0004
0.0004
1.3065442837795994e-08
1.609813246251006e-08
1.8451320475760573e-08
2.016080036876345e-08
2.1358414023579076e-08
2.2454492528502163e-08
2.346184864599769e-08
2.435074770331274e-08
2.5168293008394306e-08
2.59248194795521e-08
2.6578860853539352e-08
2.717492227184444e-08
2.7727500794852817e-08
2.821868937946919e-08
2.867559255048391e-08
2.9106915692640655e-08
2.950022653046024e-08
2.9893537368279825e-08
3.0281774756529767e-08
3.065711262938458e-08
3.1032450502239386e-08
3.142093683129147e-08
3.1836199651687564e-08
3.225146247208365e-08
3.2701440677579656e-08
3.320893932168535e-08
3.3716437965791035e-08
3.428270566534462e-08
3.492899931274215e-08
3.557529296013967e-08
3.6371436914800125e-08
3.733624217274159e-08
3.8301047430683085e-08
3.959226158737696e-08
4.118778732859431e-08
4.278331306981166e-08
4.513146211348355e-08
4.806009189575067e-08
5.0988721678017794e-08
5.632170630050282e-08
6.318151527324084e-08
7.004132424597885e-08
8.255287402060394e-08
9.799336545699721e-08
1.1343385689339041e-07
1.3646888186188418e-07
1.6453988297575865e-07
1.9889493840858378e-07
2.3731543525971197e-07
2.78963375570315e-07
3.2556784487230723e-07
3.9737569592667986e-07
5.064205645747201e-07
6.801946019508522e-07
1.1053081705738778e-06
1.6111307341008319e-06
2.5512822486276946e-06
4.137854497676283e-06
6.1841356611202155e-06
2.780474791942962e-06
0.0
0.0
0.0
0.0
0.0
0.0
0.0
0.0
0.0
0.0
0.0
0.0
0.0
0.0
0.0
0.0
0.0
0.0
0.0
0.0
0.0
0.0
0.0
0.0
0.0
0.0
0.0
0.0
0.0
0.0
0.0
0.0
0.0
0.0
0.0
0.0
0.0
0.0
0.0
0.0
0.0
0.0
0.0
0.0
0.0
0.0
0.0
0.0
0.0
0.0
0.0
0.0
0.0
0.0
0.0
0.0
0.0
0.0
0.0
0.0
0.0
0.0
0.0
0.0
0.0
0.0
0.0
0.0
0.0
0.0
0.0
0.0
0.0
0.0
0.0
0.0
0.0
0.0
0.0
0.0
0.0
0.0
0.0
0.0
0.0
0.0
0.0
0.0
0.0
0.0
0.0
0.0
0.0
0.0
0.0
0.0
0.0
0.0
0.0
0.0
0.0
0.0
0.0
0.0
0.0
0.0
0.0
0.0
0.0
0.0
0.0
0.0
0.0
0.0
0.0
0.0
0.0
0.0
0.0
0.0
0.0
0.0
0.0
0.0
0.0
0.0
0.0
0.0
0.0
0.0
0.0
0.0
0.0
0.0
0.0
0.0
0.0
0.0
0.0
0.0
0.0
0.0
0.0
0.0
0.0
0.0
0.0
0.0
0.0
0.0
0.0
0.0
0.0
0.0
0.0
0.0
0.0
0.0
0.0
0.0
0.0
0.0
0.0
0.0
0.0
0.0
0.0
0.0
0.0
0.0
0.0
0.0
0.0
0.0
0.0
0.0
0.0
0.0
0.0
0.0
0.0
0.0
0.0
0.0
0.0
0.0
0.0
0.0
0.0
0.0
0.0
0.0
0.0
0.0
0.0
0.0
0.0
0.0
0.0
0.0
0.0
0.0
0.0
0.0
0.0
0.0
0.0
0.0
0.0
0.0
0.0
0.0
0.0
0.0
0.0
0.0
0.0
0.0
0.0
0.0
0.0
0.0
0.0
0.0
0.0
0.0
0.0
0.0
0.0
0.0
0.0
0.0
0.0
0.0
0.0
0.0
0.0
0.0
0.0
0.0
0.0
0.0
0.0
0.0
0.0
0.0
0.0
0.0
0.0
0.0
0.0
0.0
0.0
0.0
0.0
0.0
0.0
0.0
0.0
0.0
0.0
0.0
0.0
0.0
0.0
0.0
0.0
0.0
0.0
0.0
0.0
0.0
0.0
0.0
0.0
0.0
0.0
0.0
0.0
0.0
0.0
0.0
0.0
0.0
0.0
0.0
0.0
0.0
0.0
0.0
0.0
0.0
0.0
0.0
0.0
0.0
0.0
0.0
0.0
0.0
2
2
1
297.34440995859796
-45.0193146021042
0.0
0.0
53.0
5.783625987995279
1.0
2.0
3.0
4.0
5.0
6.0
7.0
8.0
9.0
10.0
11.0
12.0
13.0
14.0
15.0
16.0
17.0
18.0
19.0
20.0
21.0
22.0
23.0
24.0
25.0
26.0
27.0
28.0
29.0
30.0
31.0
32.0
33.0
34.0
35.0
36.0
37.0
38.0
39.0
40.0
41.0
42.0
43.0
44.0
45.0
46.0
47.0
48.0
49.0
50.0
51.0
52.0
53.0
54.0
55.0
56.0
57.0
58.0
59.0
60.0
0.0
0.0
0.0
0.0
0.0
0.0
0.0
0.0
0.0
0.0
0.0
0.0
0.0
0.0
0.0
0.0
0.0
0.0
0.0
0.0
0.0
0.0
0.0
0.0
0.0
0.0
0.0
0.0
0.0
0.0
0.0
0.0
0.0
0.0
0.0
0.0
0.0
0.0
0.0
0.0
0.0
0.0
0.0
0.0
0.0
0.0
0.0
0.0
0.0
0.0
0.0
0.0
0.0
0.99
0.0
0.0
0.0
0.0
0.0
0.0
0.0
0.0
0.0
0.0
0.0
0.0
0.0
0.0
0.0
0.0
0.0
0.0
0.0
0.0
0.0
0.0
0.0
0.0
0.0
0.0
0.0
0.0
0.0
0.0
0.0
0.0
0.0
0.0
0.0
0.0
0.0
0.0
0.0
0.0
0.0
0.0
0.0
0.0
0.0
0.0
0.0
0.0
0.0
0.0
0.0
0.0
0.0
0.0
0.0
0.0
0.0
0.0
0.0
0.8
0.0
0.0
0.0
0.0
0.0
0.0
0.0
0.0
0.0
0.0
0.0
0.0
0.0
0.0
0.0
0.0
0.0
0.0
0.0
0.0
0.0
0.0
0.0
0.0
0.0
0.0
0.0
0.0
0.0
0.0
0.0
0.0
0.0
0.0
0.0
0.0
0.0
0.0
0.0
0.0
0.0
0.0
0.0
0.0
0.0
0.0
0.0
0.0
0.0
0.0
0.0
0.0
0.0
0.0
0.0
0.0
0.0
0.0
0.0
0.5
0.0
0.0
0.0
0.0
0.0
0.0
45.0
