9.81
6.022e+23
0
0
0
3
0
1
297.4842994268492
2
2
0
0
1
1
0
1
60
7
1000.0
1.0


3
3
0
77.072922555375
0
5.783625987995279
150.0
1000.0
287.04
9.81
79000.0
40.0
20000.0
0.0
0.0
0.0
0.0
0.0280134
0.04401
0.0319988
0.039948
0.01604
0.01801528
0.048
99000.0
2.1153802199668344e+29
0.8
1e-06
1000000.0
0.6
3.0
0.0001
1000
49
1.8030145286903427
0
1
6
1.0
1
0
1
1
0.1
1000000000000.0
1
296.8092801220576
295.993988065382
295.13213003877036
294.2472784600072
293.364064405103
292.4791696054492
291.58857398452267
290.6895506169446
289.78009685693536
288.84681478808545
287.8884882671199
286.90599146059265
285.90145893016285
284.87062767137706
283.8163130479721
282.73808407328795
281.6329394075671
280.5050744117937
279.35345039761785
278.1747577038741
276.9711696431666
275.74090248500835
274.48232418037236
273.195807308929
271.8803561713497
270.533841921557
269.15432573246164
267.7381694595041
266.28407087479945
264.79150612388656
263.25684717496637
261.6770087219445
260.0481820769346
258.3650322433428
256.62560285668536
254.82671229979007
252.96415185606975
251.02899274313475
249.0120942061733
246.91130566525652
244.71924694121194
242.4211000507472
240.01698786686276
237.49568660343348
234.83722134177268
232.0762238883542
229.08688435066213
226.03378756938017
222.86458684922434
219.49694280291357
219.21176460192044
219.23721215775439
219.4294592381578
219.63395199838723
220.5042514744331
221.28886112645185
222.61787123053122
224.65065295579808
227.12126157592974
235.2302902862625
991.675
975.0250000000001
958.375
941.7249999999999
925.075
908.425
891.7750000000001
875.125
858.4749999999999
841.825
825.175
808.5250000000001
791.875
775.225
758.575
741.925
725.2750000000001
708.625
691.975
675.325
658.675
642.0250000000001
625.375
608.725
592.075
575.425
558.7750000000001
542.125
525.4750000000001
508.82500000000005
492.17500000000007
475.52500000000003
458.87500000000006
442.2250000000001
425.57500000000005
408.925
392.27500000000003
375.62500000000006
358.9750000000001
342.32500000000005
325.675
309.02500000000003
292.37500000000006
275.7250000000001
259.0750000000001
242.42500000000007
225.77500000000003
209.12500000000006
192.47500000000008
175.8250000000001
159.17500000000007
142.52500000000003
125.87500000000006
109.22500000000008
92.5750000000001
75.92500000000013
59.27500000000009
42.62500000000006
25.97500000000008
9.325000000000045
73.94868456410136
222.91170927789886
374.03780099102823
527.3986342432976
683.0753388927899
841.1516118751533
1001.7140703615685
1164.8529669249779
1330.6593359169533
1499.2254914072869
1670.6493263481918
1845.035752377592
2022.4956725115517
2203.1466794937314
2387.115083388088
2574.534738440383
2765.5490963548555
2960.312959302202
3158.9909843045857
3361.759635230036
3568.809105353379
3780.34327233313
3996.582139921057
4217.763725401717
4444.144983960088
4676.003965464353
4913.641375277606
5157.383909048012
5407.589036436302
5664.647699191735
5928.987992992348
6201.080181139481
6481.441805391317
6770.646173202091
7069.332119863295
7378.213615170446
7698.089249052499
8029.8548657540805
8374.526342832238
8733.264389081482
9107.395801867195
9498.45700728184
9908.245419936551
10338.866442877825
10792.862250557833
11273.220025353889
11783.67197036681
12329.010575281261
12915.157163789445
13554.690089833233
14264.787669267484
15064.029745814514
15978.370279479837
17048.264511234687
18338.28196777552
19962.924765553216
22161.4154406136
25574.960509808872
33849.09942652164
56560.69457252452
3.521179111399233e+23
3.521179111399233e+23
3.521179111399257e+23
3.521179111399233e+23
3.521179111399233e+23
3.521179111399233e+23
3.521179111399233e+23
3.521179111399257e+23
3.521179111399233e+23
3.521179111399233e+23
3.521179111399233e+23
3.521179111399233e+23
3.521179111399257e+23
3.5211791113992086e+23
3.521179111399257e+23
3.521179111399233e+23
3.521179111399233e+23
3.521179111399257e+23
3.5211791113992086e+23
3.521179111399257e+23
3.521179111399233e+23
3.521179111399233e+23
3.521179111399257e+23
3.5211791113992086e+23
3.521179111399257e+23
3.521179111399233e+23
3.521179111399233e+23
3.521179111399233e+23
3.521179111399233e+23
3.521179111399244e+23
3.521179111399244e+23
3.521179111399233e+23
3.521179111399233e+23
3.521179111399233e+23
3.521179111399257e+23
3.521179111399233e+23
3.521179111399233e+23
3.521179111399233e+23
3.521179111399233e+23
3.521179111399257e+23
3.521179111399233e+23
3.521179111399233e+23
3.521179111399233e+23
3.521179111399233e+23
3.521179111399233e+23
3.521179111399257e+23
3.521179111399233e+23
3.521179111399233e+23
3.521179111399233e+23
3.521179111399233e+23
3.521179111399257e+23
3.521179111399233e+23
3.521179111399233e+23
3.521179111399233e+23
3.521179111399233e+23
3.521179111399233e+23
3.521179111399257e+23
3.521179111399233e+23
3.521179111399233e+23
3.521179111399257e+23
-2.7943369316262228
-2.6011339396254374
-2.5504594949643318
-2.541355465857999
-2.4699353956919357
-2.348193635731357
-2.1897956936269343
-2.0042267499821875
-1.7977728760562142
-1.6249552928328006
-1.4866761189684312
-1.3781614352118847
-1.2866912533939234
-1.2285446633920616
-1.1889276171495418
-1.164907680975478
-1.165891109828901
-1.1723426580399825
-1.1825891774649568
-1.207017704504055
-1.2327394287496043
-1.261117081057876
-1.294817929678139
-1.3243982342634832
-1.350352879273095
-1.3736926682308577
-1.3945494635618354
-1.4219652975003616
-1.4504481861200458
-1.4746229714707475
-1.4991191577179168
-1.5245723282875572
-1.5556393357237275
-1.5992071327629789
-1.6482830418403165
-1.7000112132929608
-1.7525466926796016
-1.8217373160604704
-1.918167948132619
-2.0262808939365358
-2.143740507233387
-2.2955109042703916
-2.436390496161107
-2.564848703645229
-2.701467068860719
-2.6323866803656584
-2.7863228757487186
-2.3664683727626556
-1.4482499190939335
-0.07070793582413248
0.0744214188566939
0.0945558313507604
0.11019446534434305
0.11533441566292985
0.11106051090376366
0.10194518044213147
0.0840728124720539
0.061618144954866366
0.040171921211761864
0.06583804283025473
-3.7684907362142326
-3.5597163318843883
-3.492698360160901
-3.4675911145473037
-3.3799145931047008
-3.2414661401650875
-3.0668940727517935
-2.8653764463407185
-2.643057681769079
-2.453484205495613
-2.299361505376311
-2.1745251843557014
-2.067420212259691
-1.9929603770602853
-1.9363858953770148
-1.8962682961333996
-1.8816471505139987
-1.8713325078402079
-1.865683898711211
-1.8742295360111711
-1.8833442278569237
-1.8955445316847772
-1.9123274057488118
-1.9264118773818097
-1.9357565177344895
-1.9425287806585914
-1.9475597498069988
-1.9581282187610043
-1.9710488638048105
-1.979090563299593
-1.9870488773441082
-1.9964451124570814
-2.0106734540718207
-2.0381388251119006
-2.0716050527014147
-2.107127264445694
-2.1429987151331886
-2.194818599684197
-2.276178725070821
-2.3680875784012585
-2.4693233803832015
-2.6045775374580273
-2.730067014585103
-2.8418246260471847
-2.961794790705312
-2.873908160434098
-3.0119980745831754
-2.5756040924751176
-1.6400673546130236
-0.24530995118075793
-0.09067626004801355
-0.05500869373679507
-0.02325925814309926
-0.002331268054092561
0.009490322033599341
0.016647282033886768
0.015780386885808184
0.009502960329086818
0.005407455547981499
0.045936244060385434
0.9754343563032641
0.9591933742708149
0.9429523922383655
0.9267114102059161
0.9104704281734668
0.8942294461410173
0.8779884641085681
0.8617474820761187
0.8455065000436692
0.82926551801122
0.8130245359787707
0.7967835539463214
0.780542571913872
0.7643015898814226
0.7480606078489734
0.7318196258165239
0.7155786437840745
0.6993376617516254
0.6830966797191758
0.6668556976867266
0.6506147156542773
0.6343737336218278
0.6181327515893785
0.6018917695569291
0.5856507875244799
0.5694098054920305
0.5531688234595811
0.5369278414271317
0.5206868593946824
0.5044458773622332
0.4882048953297838
0.47196391329733434
0.4557229312648851
0.4394819492324357
0.4232409671999864
0.40699998516753694
0.39075900313508766
0.3745180211026383
0.358277039070189
0.3420360570377396
0.32579507500529026
0.3095540929728409
0.29331311094039153
0.27707212890794225
0.2608311468754929
0.24459016484304363
0.2283491828105942
0.21210820077814482
0.19586721874569551
0.17962623671324618
0.16338525468079684
0.1471442726483474
0.1309032906158981
0.11466230858344878
0.09842132655099943
0.08218034451855011
0.06593936248610079
0.04969838045365135
0.033457398421202024
0.0172164163887527
-16.649999999999977
-16.649999999999977
-16.65000000000009
-16.649999999999977
-16.649999999999977
-16.649999999999977
-16.649999999999977
-16.65000000000009
-16.649999999999977
-16.649999999999977
-16.649999999999977
-16.649999999999977
-16.65000000000009
-16.649999999999864
-16.65000000000009
-16.649999999999977
-16.649999999999977
-16.65000000000009
-16.649999999999864
-16.65000000000009
-16.649999999999977
-16.649999999999977
-16.65000000000009
-16.649999999999864
-16.65000000000009
-16.649999999999977
-16.649999999999977
-16.649999999999977
-16.649999999999977
-16.650000000000034
-16.650000000000034
-16.649999999999977
-16.649999999999977
-16.649999999999977
-16.65000000000009
-16.649999999999977
-16.649999999999977
-16.649999999999977
-16.649999999999977
-16.65000000000009
-16.649999999999977
-16.649999999999977
-16.649999999999977
-16.649999999999977
-16.649999999999977
-16.65000000000009
-16.649999999999977
-16.649999999999977
-16.649999999999977
-16.649999999999977
-16.65000000000009
-16.649999999999977
-16.649999999999977
-16.649999999999977
-16.649999999999977
-16.649999999999977
-16.65000000000009
-16.649999999999977
-16.649999999999977
-16.65000000000009
297.4802899840498
296.6249069164038
295.7571971420796
294.87679333341134
293.9832337406027
293.07604166393884
292.15472565959027
291.21877524874196
290.26765693595627
289.30085119938775
288.3178097407756
287.3179485059357
286.3006380097011
285.26522489410706
284.21100229222185
283.13721601064026
282.04307191697876
280.9277048016115
279.7901892384495
278.6295460243168
277.44471316036316
276.23455263190476
274.9978441493771
273.73326316351233
272.4393810176732
271.1146541031258
269.7574097557169
268.3658423048942
266.9379784503282
265.4716565507091
263.964516125625
262.4139657649101
260.8171572246285
259.1709522127911
257.4718574296042
255.7159766060737
253.89894734266562
252.01589454798028
250.06133085730855
248.0289927236804
245.911717482969
243.70132039985475
241.3882139819032
238.9611945738365
236.40711210338267
233.7097106703585
230.85069268369057
227.80518440075957
224.54262362840993
221.18278218683287
219.34660585868815
219.20468807767242
219.3093389061668
219.5052828565253
220.04264673990093
220.87172324695962
221.93167921040578
223.61733495060292
225.87417776980317
231.1635217133599
239.26671542654645
1000.0
983.35
966.7
950.05
933.4
916.75
900.1
883.45
866.8
850.15
833.5
816.85
800.2
783.55
766.9000000000001
750.25
733.6
716.95
700.3
683.6500000000001
667.0
650.35
633.7
617.05
600.4000000000001
583.75
567.1
550.45
533.8000000000001
517.1500000000001
500.50000000000006
483.85
467.20000000000005
450.55000000000007
433.9000000000001
417.25
400.6
383.95000000000005
367.30000000000007
350.6500000000001
334.0
317.35
300.70000000000005
284.05000000000007
267.4000000000001
250.7500000000001
234.10000000000002
217.45000000000005
200.80000000000007
184.1500000000001
167.5000000000001
150.85000000000002
134.20000000000005
117.55000000000007
100.90000000000009
84.25000000000011
67.60000000000014
50.950000000000045
34.30000000000007
17.65000000000009
1.0
0.0
147.8973691282027
297.926049427595
450.1495525544615
604.6477159321337
761.5029618534461
920.8002618968607
1082.6278788262762
1247.0780550236796
1414.2406168102268
1584.2103660043467
1757.088286692037
1932.9832180631468
2112.008126959957
2294.2852320275056
2479.94493474867
2669.1245421320955
2861.973650577616
3058.652268026789
3259.3297005823824
3464.1895698776893
3673.4286408290686
3887.2579038371905
4105.906376004924
4329.621074798511
4558.668893121665
4793.339037807042
5033.94371274817
5280.824105347856
5534.353967524749
5794.941430858722
6063.034555125973
6339.12580715299
6623.757803629644
6917.534542774537
7221.129696952052
7535.297533388841
7860.880964716158
8198.828766792003
8550.223918872472
8916.30485929049
9298.486744443897
9698.427270119784
10118.063569753318
10559.669316002331
11026.055185113335
11520.384865594442
12046.959075139175
12611.062075423348
13219.252252155542
13890.127927510925
14639.447411024044
15488.612080604986
16468.12847835469
17628.400544114684
19048.16339143636
20877.686139670077
23445.144741557127
27704.776278060614
39993.42257498267
52282.06887190482
470.84014739491596
468.81579286976205
466.3688406631029
463.69304302232183
460.87392373385325
458.0123974244623
455.14875656332003
452.3153310009651
449.53911565657444
446.79067327239915
444.07892994714484
441.3960625120054
438.73574526189486
436.09625809464796
433.46086389486493
430.824310969522
428.1875437372304
425.537408003542
422.8853355316958
420.23119054163965
417.5649219656284
414.8956948008015
412.2279600871783
409.5611668744742
406.89985511520945
404.2459943421127
401.6009030898875
398.96223602948703
396.3303595432152
393.7088567213748
391.10139748759906
388.5129761264505
385.9436147555897
383.39252444223246
380.860549817039
378.35155904070825
375.87494760791276
373.438159440846
371.040305375515
368.68079580983334
366.3754594836123
364.1344416012771
361.9554903242297
359.85692116013195
357.8488226608412
355.9296066449505
356.2906700266906
354.6145805048274
353.1256369114493
351.84634233084023
350.9096513374316
350.57943986267173
350.42085238703385
350.3239900449943
350.23455840491977
350.12619621595775
349.97539226926364
349.80331617301533
349.6323201355584
349.73368035602175
351.1032402305072
444.064521346396
441.645892402669
438.7987982670944
435.7171026097336
432.4863004891647
429.206282402528
425.9170792757363
422.6509514843904
419.434856140938
416.2398798886469
413.0753128598852
409.9338784046238
406.8096763848945
403.7013240463796
400.5924784107325
397.4781073049125
394.359300762411
391.223077164033
388.0808423107859
384.9325290287991
381.7681191825224
378.5967058578185
375.4226876966573
372.245474709111
369.0695179987052
365.8967118178429
362.7283058857648
359.5618669578694
356.3976756104752
353.2392285873101
350.0900828195838
346.9551370829617
343.8343189242625
340.7267461452781
337.6331599932812
334.5573191303216
331.5084860714981
328.4940103637789
325.5129117144895
322.5644681828912
319.6644878916301
316.8230578667689
314.0378072853559
311.3272290770287
308.701433069566
306.1586881082986
301.9496348645881
299.6664721145387
297.5579844428418
295.6509532460765
294.0802526830363
293.1111994727869
292.3115446541082
291.5743249395597
290.8500286149166
290.1283951396987
289.3914893167285
288.6888772839038
288.079586988297
287.8406267339593
288.5461546932327
26.77562604851996
27.16990046709306
27.57004239600847
27.97594041258821
28.38762324468855
28.80611502193429
29.23167728758377
29.6643795165747
30.10425951563646
30.55079338375223
31.00361708725969
31.46218410738164
31.92606887700038
32.39493404826837
32.86838548413242
33.34620366460953
33.82824297481936
34.31433083950903
34.80449322090986
35.29866151284055
35.796802783106
36.29898894298299
36.80527239052099
37.3156921653632
37.83033711650428
38.34928252426979
38.87259720412264
39.40036907161762
39.93268393274
40.46962813406466
41.01131466801524
41.55783904348878
42.10929583132719
42.6657782969543
43.22738982375779
43.79423991038665
44.36646153641464
44.94414907706711
45.52739366102549
46.11632762694216
46.71097159198222
47.31138373450817
47.91768303887382
48.52969208310324
49.14738959127521
49.77091853665193
54.34103516210248
54.94810839028872
55.56765246860751
56.19538908476377
56.82939865439534
57.46824038988487
58.10930773292563
58.74966510543457
59.38452979000315
59.99780107625904
60.58390295253513
61.11443888911153
61.5527331472614
61.89305362206246
62.55708553727445
542.1874764396341
536.3946311782659
530.3879626397224
524.2194666387804
517.9327562357644
511.6913153332689
505.5862083319617
499.68588869685493
494.04429690612346
488.6527968401789
483.48756930942926
478.5053403689134
473.6704979344471
468.96359055494065
464.3352359780974
459.7622971573774
455.2292616289523
450.69747874475
446.1740737650634
441.6542448762961
437.1137467642737
432.5611753715899
427.99789612628194
423.4187755078291
418.83105187118247
414.2414345803512
409.6538145474673
405.06758773726006
400.47758303222713
395.8850313465818
391.2984815495066
386.7230113110139
382.157204827696
377.5954410602668
373.0253276099616
368.4447317809295
363.8609930836882
359.2812062014883
354.68853353647313
350.05284524572073
345.37942134109824
340.6690800783798
335.8855512638745
331.0569150851917
326.2069919598537
321.3259811532577
318.81313637456367
314.1250487781173
310.060501092264
307.141139157042
305.95913821245256
305.53825047764474
305.32465430827006
305.20453270808736
305.1127697999587
305.0138979330303
304.8797412683701
304.7234455590076
304.5619524818797
304.6687201578912
306.084216276437
349.5570737290588
342.1300352405387
334.4102942780537
326.4520630948207
318.3012078697972
310.1553402730836
302.1296441548718
294.3177480850046
286.8043593437703
279.5899433440551
272.6604843073255
265.9707313602768
259.4827240205048
253.1740588263021
246.9818700393706
240.8752278977046
234.831986549312
228.7999364886144
222.7871735223661
216.7830982290981
210.7544247312944
204.7097644849485
198.6479244848086
192.5584017937655
186.4484848677587
180.3230980365823
174.1827583234802
168.0256636353137
161.8445427566863
155.6375871397336
149.4142853270404
143.1780198709484
136.9251772051674
130.6477170077794
124.3320927634208
117.9754792847942
111.586392908193
105.1737343716548
98.71881691160841
92.18962897524104
85.60247692778606
78.96727075370686
72.24503226373233
65.48545572571068
58.71758376253303
51.91086205588443
43.27748079567042
36.74855452973184
31.01451817421602
26.63870624745062
24.21540528535274
22.71378311031711
21.44887927736781
20.24461788613886
18.98538462305472
17.5311802185551
15.79373683281841
13.56152636116875
10.42666842199031
5.745036717114186
0.0
192.6304027105753
194.2645959377272
195.9776683616687
197.7674035439597
199.6315483659672
201.5359750601853
203.4565641770899
205.3681406118503
207.2399375623532
209.0628534961238
210.8270850021038
212.5346090086366
214.1877739139423
215.7895317286386
217.3533659387268
218.8870692596728
220.3972750796403
221.8975422561356
223.3869002426973
224.871146647198
226.3593220329793
227.8514108866414
229.3499716414733
230.8603737140636
232.3825670034238
233.9183365437689
235.4710562239871
237.0419241019464
238.6330402755408
240.2474442068482
241.8841962224662
243.5449914400655
245.2320276225286
246.9477240524874
248.6932348465408
250.4692524961353
252.2746001754952
254.1074718298335
255.9697166248647
257.8632162704797
259.7769444133122
261.701809324673
263.6405190001422
265.571459359481
267.4894081973207
269.4151190973733
275.5356555788932
277.3764942483854
279.045982918048
280.5024329095914
281.7437329270998
282.8244673673276
283.8757750309022
284.9599148219485
286.127385176904
287.4827177144752
289.0860044355517
291.1619191978388
294.1352840598894
298.923683440777
306.084216276437
71.34732904471812
67.57883830850389
64.0191219766195
60.5264236164586
57.0588325019113
53.678917908806596
50.43745176864151
47.370557695889715
44.505181249549
41.86212356777992
39.408639362284305
37.109277856907994
34.93475267255229
32.8673324602926
30.874372083232316
28.9379861878553
27.041717891721902
25.160070741207903
23.288738233367695
21.423054334656484
19.548824798645313
17.66548057078839
15.769936039103612
13.8576086333548
11.93119675597299
9.995440238238501
8.05291145757991
6.105351707772911
4.147223489011907
2.1761746252070964
0.19708406190750338
-1.7899648154366048
-3.7864099278936862
-5.797083381965507
-7.835222207077408
-9.906827259778822
-12.013954524224516
-14.156953239357705
-16.351771839041902
-18.627950564112723
-20.99603814251398
-23.465361522897183
-26.06993906035521
-28.800006074940313
-31.641830700987498
-34.60362549169281
-37.47753365212691
-40.489531726710084
-43.0651358191852
-44.705203173798225
-44.95051312497898
-45.041189385026996
-45.09619807876379
-45.11945733690689
-45.12178860496098
-45.112298282927384
-45.0956510008935
-45.07987061400769
-45.0703676536786
-45.06496019813062
-45.019023954070235
94.50744761733716
99.51585716213032
104.3885039890407
109.2650395149129
114.1850926193674
119.0509421294444
123.7874351208646
128.3332033993859
132.6304967971677
136.6499365445917
140.4148285525597
143.963147044347
147.3269523643896
150.5272652200776
153.610608371362
156.6028794072079
159.527314213099
162.4231406754186
165.2936687884198
168.149430799701
171.013694451228
173.88694137287
176.7747632118487
179.6870729153456
182.6210331309465
185.5736137812606
188.5455475622845
191.5362033225558
194.5531328537889
197.6016414475765
200.6757974925434
203.7771172120133
206.9091417190951
210.0790291374986
213.3010672298604
216.5818398455274
219.9220931633051
223.3202759921241
226.7940948028811
230.3748392076502
234.062010963844
237.8557871130621
241.7927750216236
245.841773351318
249.983849307033
254.2478260524142
258.6721540689176
262.9179175848068
266.5434662686257
269.0122469986258
269.8648473976835
270.3974163624697
270.8626653767404
271.3297070534208
271.8646439918619
272.5972149211436
273.5977524839101
275.127350922735
277.6529185663067
282.0955900168451
288.5461546932327
165.8547766620553
167.0946954706342
168.4076259656602
169.7914631313715
171.2439251212787
172.729860038251
174.2248868895061
175.7037610952756
177.1356780467167
178.5120601123716
179.823467914844
181.072424901255
182.2617050369419
183.3945976803702
184.4849804545943
185.5408655950632
186.5690321048209
187.5832114166265
188.5824070217875
189.5724851343575
190.5625192498733
191.5524219436584
192.5446992509523
193.5446815487004
194.5522298869195
195.5690540194991
196.5984590198644
197.6415550303287
198.7003563428008
199.7778160727836
200.8728815544509
201.9871523965767
203.1227317912014
204.2819457555331
205.465845022783
206.6750125857486
207.9081386390806
209.1633227527664
210.4423229638392
211.7468886435375
213.06597282133
214.3904255901649
215.7228359612684
217.0417672763777
218.3420186060455
219.6442005607214
221.1946204167907
222.4283858580967
223.4783304494405
224.3070438248276
224.9143342727045
225.3562269774427
225.7664672979766
226.2102497165139
226.7428553869009
227.4849166382162
228.5021014830166
230.0474803087273
232.5825509126281
237.0306298187145
243.5271307391625
-1.9084798350406333
-1.8027050447350028
-1.7687355596987224
-1.755996061406942
-1.7115741790086294
-1.641442263474163
-1.5530204786660384
-1.450959599263467
-1.338364933017243
-1.2423599086535115
-1.164311152414507
-1.1010961000482462
-1.0468615572382998
-1.0091585216605723
-0.9805125046275638
-0.9602003267362541
-0.9527986420899327
-0.9475786696423247
-0.9447203450401687
-0.9490490259466712
-0.9536659808290291
-0.9598451112918528
-0.9683437826461178
-0.9754756620455873
-0.9802061066548297
-0.983632501754512
-0.9861765175615724
-0.991524832833573
-0.9980636705451102
-1.0021314843990705
-1.0061565526154341
-1.0109093107293217
-1.018108962710827
-1.0320133036690802
-1.0489571051548028
-1.0669427511219012
-1.085105902432152
-1.1113469401661233
-1.15255059706835
-1.1991010650423783
-1.2503788673282927
-1.3188873450896987
-1.3824564751039277
-1.4390715820346673
-1.4998400920420427
-1.455243582411373
-1.5252915534004328
-1.3043009709303486
-0.8304888438591216
-0.12406530105820751
-0.04579040114668578
-0.02773357119531769
-0.011640709919251202
-0.0010117379574731133
0.005042828368359897
0.008755448110065678
0.00848406576462657
0.00561860921979096
0.004151576862334139
0.025331325502374824
0.0
-2.536936220474727
-2.468167611736466
-2.470137375023282
-2.492180564651735
-2.464724530829721
-2.399200888124439
-2.302592088870793
-2.176730791149764
-2.035988109609915
-1.907050694590176
-1.797348564067383
-1.703886129662402
-1.621071425535929
-1.561822141477686
-1.51569090035917
-1.481329455414682
-1.466838319582962
-1.45402381267616
-1.446544260943451
-1.450850641817512
-1.455400985220745
-1.46278369531493
-1.475187663062071
-1.486154411659102
-1.495586319102421
-1.505389362930672
-1.514872706264831
-1.528181298664384
-1.544177208520939
-1.55716854784285
-1.570927907797657
-1.586480966535736
-1.605659867599207
-1.632076024765121
-1.661827134021037
-1.691956209180391
-1.721299551309378
-1.759611845947816
-1.813773433557353
-1.867682643709534
-1.921681531681124
-1.994223342854274
-2.050960574884026
-2.098107677902514
-2.159854730703007
-2.241078309579827
-2.150629087077619
-1.836468382390364
-1.25052458237141
-0.4318721970748824
-0.2697649791981028
-0.2356650480132016
-0.2365730948008474
-0.2709644414386869
-0.3710730338523895
-0.5068075923556585
-0.7747956007852549
-1.279289158550722
-2.250369906402188
-3.267438699587878
0.0
0.6284563854340939
0.6654625670014634
0.7014018153245596
0.7361845032447929
0.7531503518210915
0.7577586246502758
0.7495716102047548
0.725771191886297
0.6976231765926723
0.6646907859366645
0.633037411652876
0.6027900296141557
0.5742098682976292
0.5526636198171136
0.5351783957316063
0.521129128678428
0.5140396774930293
0.5064451430338353
0.5018239159032822
0.5018016158708408
0.5017350043917159
0.5029385840230772
0.5068438804159533
0.5106787496135146
0.5153802124475914
0.52175686117616
0.5286961887032586
0.536656465830811
0.5461135379758288
0.5550370634437795
0.564771355182223
0.5755716558064145
0.58755090488838
0.6000627210960409
0.6128700288662343
0.62501345805849
0.6361936488772261
0.6482649057816928
0.6612228364890029
0.6685815786671555
0.6713026643528313
0.6753359977645752
0.6685040997800983
0.6590360958678464
0.6600146386609644
0.785834727168454
0.6253375336771859
0.5321674114600153
0.4200357385122883
0.3078068960166749
0.223974578051417
0.2079314768178839
0.2249323848815962
0.2699527034812138
0.3761158622207494
0.5155630404657242
0.7832796665498815
1.284907767770513
2.254521483264522
3.292770025090253
0.0
1.0
1.0
1.0
1.0
1.0
1.0
1.0
1.0
1.0
1.0
1.0
1.0
1.0
1.0
1.0
1.0
1.0
1.0
1.0
1.0
1.0
1.0
1.0
1.0
1.0
1.0
1.0
1.0
1.0
1.0
1.0
1.0
1.0
1.0
1.0
1.0
1.0
1.0
1.0
1.0
1.0
1.0
1.0
1.0
1.0
1.0
1.0
1.0
1.0
1.0
0.0
0.0
0.0
0.0
0.0
0.0
0.0
0.0
0.0
0.0
0.0
1.0
1.0
1.0
1.0
1.0
1.0
1.0
1.0
1.0
1.0
1.0
1.0
1.0
1.0
1.0
1.0
0.8605561031037754
0.8605561031037754
0.8605561031037754
0.8605561031037754
0.8605561031037754
0.8605561031037754
0.8605561031037754
0.8605561031037754
0.8605561031037754
0.8605561031037754
0.8605561031037754
0.8605561031037754
0.8605561031037754
0.8605561031037754
0.8605561031037754
0.8605561031037754
0.8605561031037754
0.8605561031037754
0.8605561031037754
0.8605561031037754
0.8605561031037754
0.8605561031037754
0.8605561031037754
0.8605561031037754
0.8605561031037754
0.8605561031037754
0.8605561031037754
0.8605561031037754
0.8605561031037754
1.0
1.0
1.0
1.0
1.0
1.0
1.0
1.0
1.0
1.0
1.0
1.0
1.0
1.0
1.0
1.0
1.0
1.0
1.0
1.0
1.0
1.0
1.0
1.0
1.0
1.0
1.0
1.0
1.0
0.015788908162116817
0.01572821064572293
0.015526521974709322
0.01518552114879128
0.014419970712840829
0.01343575730581948
0.01229932029662309
0.011031988953374261
0.009845828650871202
0.00874859413028909
0.007796549938269844
0.006971186038336683
0.006254300906204622
0.005684075360008444
0.005206474336371174
0.004800830705430181
0.004486559858164882
0.004185273696453851
0.003911356787765734
0.003683458780416405
0.0034624559955771916
0.0032573272196035905
0.0030751961654265116
0.002896846890936605
0.0027284401875697184
0.002572613626848424
0.00241900449267075
0.0022741459946645118
0.0021390025484734347
0.002004782258643542
0.0018768815309733555
0.0017550125581020613
0.00163358119517355
0.001516020774633346
0.001401838096308064
0.0012886595335946912
0.00117604743103338
0.0010651756942795787
0.0009575111151847613
0.0008456140234469335
0.0007357441534177162
0.0006338132086414143
0.0005261260889517542
0.0004250033256474189
0.0003378626127060152
0.0002512342599228097
0.0001743219426921347
0.00010729009110458972
5.719638881269669e-05
2.599008167140099e-05
1.2668458727898552e-05
8.84895290948451e-06
7.207109210787069e-06
7.552614800854301e-06
7.870039062173305e-06
8.293609958539111e-06
8.815327815235328e-06
9.584690836177008e-06
9.468044072993581e-06
1.7332931415365805e-07
0.0004
0.0004
0.0004
0.0004
0.0004
0.0004
0.0004
0.0004
0.0004
0.0004
0.0004
0.0004
0.0004
0.0004
0.0004
0.0004
0.0004
0.0004
0.0004
0.0004
0.0004
0.0004
0.0004
0.0004
0.0004
0.0004
0.0004
0.0004
0.0004
0.0004
0.0004
0.0004
0.0004
0.0004
0.0004
0.0004
0.0004
0.0004
0.0004
0.0004
0.0004
0.0004
0.0004
0.0004
0.0004
0.0004
0.0004
0.0004
0.0004
0.0004
0.0004
0.0004
0.0004
0.0004
0.0004
0.0004
0.0004
0.0004
0.0004
0.0004
1.3065442837795994e-08
1.609813246251006e-08
1.8451320475760573e-08
2.016080036876345e-08
2.1358414023579076e-08
2.2454492528502163e-08
2.346184864599769e-08
2.435074770331274e-08
2.5168293008394306e-08
2.59248194795521e-08
2.6578860853539352e-08
2.717492227184444e-08
2.7727500794852817e-08
2.821868937946919e-08
2.867559255048391e-08
2.9106915692640655e-08
2.950022653046024e-08
2.9893537368279825e-08
3.0281774756529767e-08
3.065711262938458e-08
3.1032450502239386e-08
3.142093683129147e-08
3.1836199651687564e-08
3.225146247208365e-08
3.2701440677579656e-08
3.320893932168535e-08
3.3716437965791035e-08
3.428270566534462e-08
3.492899931274215e-08
3.557529296013967e-08
3.6371436914800125e-08
3.733624217274159e-08
3.8301047430683085e-08
3.959226158737696e-08
4.118778732859431e-08
4.278331306981166e-08
4.513146211348355e-08
4.806009189575067e-08
5.0988721678017794e-08
5.632170630050282e-08
6.318151527324084e-08
7.004132424597885e-08
8.255287402060394e-08
9.799336545699721e-08
1.1343385689339041e-07
1.3646888186188418e-07
1.6453988297575865e-07
1.9889493840858378e-07
2.3731543525971197e-07
2.78963375570315e-07
3.2556784487230723e-07
3.9737569592667986e-07
5.064205645747201e-07
6.801946019508522e-07
1.1053081705738778e-06
1.6111307341008319e-06
2.5512822486276946e-06
4.137854497676283e-06
6.1841356611202155e-06
2.780474791942962e-06
0.0
0.0
0.0
0.0
0.0
0.0
0.0
0.0
0.0
0.0
0.0
0.0
0.0
0.0
0.0
0.0
0.0
0.0
0.0
0.0
0.0
0.0
0.0
0.0
0.0
0.0
0.0
0.0
0.0
0.0
0.0
0.0
0.0
0.0
0.0
0.0
0.0
0.0
0.0
0.0
0.0
0.0
0.0
0.0
0.0
0.0
0.0
0.0
0.0
0.0
0.0
0.0
0.0
0.0
0.0
0.0
0.0
0.0
0.0
0.0
0.0
0.0
0.0
0.0
0.0
0.0
0.0
0.0
0.0
0.0
0.0
0.0
0.0
0.0
0.0
0.0
0.0
0.0
0.0
0.0
0.0
0.0
0.0
0.0
0.0
0.0
0.0
0.0
0.0
0.0
0.0
0.0
0.0
0.0
0.0
0.0
0.0
0.0
0.0
0.0
0.0
0.0
0.0
0.0
0.0
0.0
0.0
0.0
0.0
0.0
0.0
0.0
0.0
0.0
0.0
0.0
0.0
0.0
0.0
0.0
0.0
0.0
0.0
0.0
0.0
0.0
0.0
0.0
0.0
0.0
0.0
0.0
0.0
0.0
0.0
0.0
0.0
0.0
0.0
0.0
0.0
0.0
0.0
0.0
0.0
0.0
0.0
0.0
0.0
0.0
0.0
0.0
0.0
0.0
0.0
0.0
0.0
0.0
0.0
0.0
0.0
0.0
0.0
0.0
0.0
0.0
0.0
0.0
0.0
0.0
0.0
0.0
0.0
0.0
0.0
0.0
0.0
0.0
0.0
0.0
0.0
0.0
0.0
0.0
0.0
0.0
0.0
0.0
0.0
0.0
0.0
0.0
0.0
0.0
0.0
0.0
0.0
0.0
0.0
0.0
0.0
0.0
0.0
0.0
0.0
0.0
0.0
0.0
0.0
0.0
0.0
0.0
0.0
0.0
0.0
0.0
0.0
0.0
0.0
0.0
0.0
0.0
0.0
0.0
0.0
0.0
0.0
0.0
0.0
0.0
0.0
0.0
0.0
0.0
0.0
0.0
0.0
0.0
0.0
0.0
0.0
0.0
0.0
0.0
0.0
0.0
0.0
0.0
0.0
0.0
0.0
0.0
0.0
0.0
0.0
0.0
0.0
0.0
0.0
0.0
0.0
0.0
0.0
0.0
0.0
0.0
0.0
0.0
0.0
0.0
0.0
0.0
0.0
0.0
0.0
0.0
0.0
0.0
0.0
0.0
0.0
0.0
0.0
0.0
0.0
0.0
0.0
0.0
0.0
0.0
0.0
0.0
0.0
0.0
0.0
0.0
0.0
0.0
0.0
0.0
2
2
1
297.4802899840498
-45.019023954070235
0.0
0.0
49.0
5.783625987995279
1.0
2.0
3.0
4.0
5.0
6.0
7.0
8.0
9.0
10.0
11.0
12.0
13.0
14.0
15.0
16.0
17.0
18.0
19.0
20.0
21.0
22.0
23.0
24.0
25.0
26.0
27.0
28.0
29.0
30.0
31.0
32.0
33.0
34.0
35.0
36.0
37.0
38.0
39.0
40.0
41.0
42.0
43.0
44.0
45.0
46.0
47.0
48.0
49.0
50.0
51.0
52.0
53.0
54.0
55.0
56.0
57.0
58.0
59.0
60.0
0.0
0.0
0.0
0.0
0.0
0.0
0.0
0.0
0.0
0.0
0.0
0.0
0.0
0.0
0.0
0.0
0.0
0.0
0.0
0.0
0.0
0.0
0.0
0.0
0.0
0.0
0.0
0.0
0.0
0.0
0.0
0.0
0.0
0.0
0.0
0.0
0.0
0.0
0.0
0.0
0.0
0.0
0.0
0.0
0.0
0.99
0.0
0.0
0.0
0.0
0.0
0.0
0.0
0.0
0.0
0.0
0.0
0.0
0.0
0.0
0.0
0.0
0.0
0.0
0.0
0.0
0.0
0.0
0.0
0.0
0.0
0.0
0.0
0.0
0.0
0.0
0.0
0.0
0.0
0.0
0.0
0.0
0.0
0.0
0.0
0.0
0.0
0.0
0.0
0.0
0.0
0.0
0.0
0.0
0.0
0.0
0.0
0.0
0.0
0.0
0.0
0.0
0.0
0.0
0.0
0.15
0.0
0.0
0.0
0.0
0.0
0.0
0.0
0.0
0.0
0.0
0.0
0.0
0.0
0.0
0.0
0.0
0.0
0.0
0.0
0.0
0.0
0.0
0.0
0.0
0.0
0.0
0.0
0.0
0.0
0.0
0.0
0.0
0.0
0.0
0.0
0.0
0.0
0.0
0.0
0.0
0.0
0.0
0.0
0.0
0.0
0.0
0.0
0.0
0.0
0.0
0.0
0.0
0.0
0.0
0.0
0.0
0.0
0.0
0.0
0.5
0.0
0.0
0.0
0.0
0.0
0.0
0.0
0.0
0.0
0.0
0.0
0.0
0.0
0.0
45.0
