9.81
6.022e+23
0
0
0
3
0
1
225.23812452881782
2
2
0
0
1
1
0
1
60
7
1000.0
1.0


3
3
0
77.072922555375
0
5.783625987995279
150.0
1000.0
287.04
9.81
79000.0
40.0
20000.0
0.0
0.0
0.0
0.0
0.0280134
0.04401
0.0319988
0.039948
0.01604
0.01801528
0.048
99000.0
2.1153802199668344e+29
0.8
1e-06
1000000.0
0.6
3.0
0.0001
1000
16
14.328078540552163
0
1
6
1.0
1
0
1
1
0.1
1000000000000.0
1
225.31086998622237
224.69209289096312
224.04119910551398
223.37514941853718
222.6966665136624
222.00739433199436
221.30615931505028
220.59375877026682
219.86966176350407
219.13333619743858
218.38445328388315
217.62278829024504
216.84805904790872
216.05997177991765
215.25831996894547
214.44290871927123
212.36779968364036
225.18867359223785
226.22374593437976
227.00885417617303
227.40204938461295
227.56138171918963
227.54211374244528
227.38178057328102
227.0990271685367
226.70795906902615
226.2219741912001
225.64733014182104
224.98898086815092
224.2570878107936
223.45420141784163
222.58346292267103
221.64921639244815
220.65356499094932
219.6018358077774
218.50032431202916
217.35973169458975
216.1831816050151
214.9792254944498
213.77314976075237
212.57142471952343
211.37322061256884
210.23666595462691
209.16617909375984
208.17588205591008
207.3939629572252
206.88806848902513
206.7662651311964
207.0618953975808
207.77208015211738
208.684764827531
209.54907197935898
210.41831263677247
211.346982980475
212.91171011335516
214.66035089875447
217.28510895799315
221.1540808658522
226.01360521706093
236.05421208017665
991.675
975.0250000000001
958.375
941.7249999999999
925.075
908.425
891.7750000000001
875.125
858.4749999999999
841.825
825.175
808.5250000000001
791.875
775.225
758.575
741.925
725.2750000000001
708.625
691.975
675.325
658.675
642.0250000000001
625.375
608.725
592.075
575.425
558.7750000000001
542.125
525.4750000000001
508.82500000000005
492.17500000000007
475.52500000000003
458.87500000000006
442.2250000000001
425.57500000000005
408.925
392.27500000000003
375.62500000000006
358.9750000000001
342.32500000000005
325.675
309.02500000000003
292.37500000000006
275.7250000000001
259.0750000000001
242.42500000000007
225.77500000000003
209.12500000000006
192.47500000000008
175.8250000000001
159.17500000000007
142.52500000000003
125.87500000000006
109.22500000000008
92.5750000000001
75.92500000000013
59.27500000000009
42.62500000000006
25.97500000000008
9.325000000000045
56.14366631193098
169.24102877421947
283.98310338933413
400.4213079192418
518.6110046274648
638.6108150790697
760.4826323641787
884.291939504742
1010.1077607184552
1138.003035135324
1268.0550287544147
1400.3456569474647
1534.9618757190765
1671.9962198773833
1811.5474886856812
1953.3011775921643
2102.0848473276715
2259.2081786252434
2420.802573546534
2586.8554812299417
2757.366687440989
2932.4136697719755
3112.1157930662907
3296.6244974970996
3486.117702686471
3680.8008356077453
3880.906512163456
4086.6941665566383
4298.455558827829
4516.517735592577
4741.244390746398
4973.042043474702
5212.365836972665
5459.727659271711
5715.707520383009
5980.9680675642085
6256.267197827428
6542.474171677518
6840.605911445158
7151.854399539665
7477.6038215019435
7819.516518487502
8179.600810766851
8560.25905066997
8964.516356405784
9396.248383106136
9860.425310562681
10363.431188013394
10913.434122977163
11520.73351448757
12198.318600874987
12963.741093391003
13842.360905421076
14874.01298773115
16123.021480222884
17704.736896197763
19861.59852171124
23245.057795155077
31530.923626100503
56560.69457252452
3.521179111399233e+23
3.521179111399233e+23
3.521179111399257e+23
3.521179111399233e+23
3.521179111399233e+23
3.521179111399233e+23
3.521179111399233e+23
3.521179111399257e+23
3.521179111399233e+23
3.521179111399233e+23
3.521179111399233e+23
3.521179111399233e+23
3.521179111399257e+23
3.5211791113992086e+23
3.521179111399257e+23
3.521179111399233e+23
3.521179111399233e+23
3.521179111399257e+23
3.5211791113992086e+23
3.521179111399257e+23
3.521179111399233e+23
3.521179111399233e+23
3.521179111399257e+23
3.5211791113992086e+23
3.521179111399257e+23
3.521179111399233e+23
3.521179111399233e+23
3.521179111399233e+23
3.521179111399233e+23
3.521179111399244e+23
3.521179111399244e+23
3.521179111399233e+23
3.521179111399233e+23
3.521179111399233e+23
3.521179111399257e+23
3.521179111399233e+23
3.521179111399233e+23
3.521179111399233e+23
3.521179111399233e+23
3.521179111399257e+23
3.521179111399233e+23
3.521179111399233e+23
3.521179111399233e+23
3.521179111399233e+23
3.521179111399233e+23
3.521179111399257e+23
3.521179111399233e+23
3.521179111399233e+23
3.521179111399233e+23
3.521179111399233e+23
3.521179111399257e+23
3.521179111399233e+23
3.521179111399233e+23
3.521179111399233e+23
3.521179111399233e+23
3.521179111399233e+23
3.521179111399257e+23
3.521179111399233e+23
3.521179111399233e+23
3.521179111399257e+23
0.43889773120210684
0.6041884774476506
0.659638640058697
0.6917230048044796
0.7141281765387585
0.7338534684985754
0.7497373947405849
0.7653014667074963
0.7806199633816949
0.7945829658882393
0.8087170585378002
0.8234552989565065
0.8400228200573397
0.8590710642177108
0.8834027660159764
0.9062838938954393
-27.578614282438505
-0.47546227174049294
-0.48011475166612705
-0.4208165324768063
-0.41438093230639583
-0.4195819606679314
-0.4294534157867175
-0.44033586492562404
-0.4500948377474685
-0.4587906792144304
-0.4665315833401865
-0.4717616775566963
-0.47632860115357434
-0.47856364326934764
-0.47941262626301634
-0.4782613997660746
-0.47568791777678926
-0.47127273173381506
-0.46549301912686564
-0.4589676338744016
-0.44867665763069453
-0.43906812848255794
-0.4272684143062831
-0.4133003545609759
-0.39782280175456897
-0.379587281478208
-0.35750594218596793
-0.3330375266659724
-0.30727560512489194
-0.27997777647929317
-0.24941100511646025
-0.215916306151071
-0.18206162971306908
-0.14956715712647936
-0.12464798268368121
-0.10757553983749832
-0.09362306080271557
-0.08201246370110948
-0.06924283087321446
-0.05962338201565327
-0.05051719371790557
-0.040042867670222713
-0.02590207121355248
-0.007136310555527301
-0.5153502054946273
-0.35205320603564516
-0.2828465647007796
-0.2358931498367305
-0.1985269807037504
-0.1624938767788251
-0.13118873975461298
-0.0997163166834163
-0.06862490821850287
-0.03837340782193266
-0.008470268145966742
0.022121120162957197
0.05431963893843417
0.0891301563256306
0.1280715713234386
0.16276113998328867
-27.983171693091773
-1.1736286997681447
-1.1602679247000154
-1.090620009532202
-1.0678220383337518
-1.0557655006796551
-1.048603153887612
-1.0420784696609502
-1.034567765417691
-1.026274386206552
-1.0170400323579258
-1.0058269807257076
-0.9929161113155374
-0.9787186134714858
-0.9628663434154348
-0.9454979632599745
-0.9262954339026024
-0.9057782838813111
-0.8839276131596634
-0.8603727793295377
-0.8340951454963061
-0.8073679091671835
-0.7796215554681964
-0.7500000276809828
-0.717822697905028
-0.6832333768235586
-0.6450972075219781
-0.6052845958386825
-0.5635478138221615
-0.5206307901297649
-0.47362735341231144
-0.4256451733796993
-0.37600502927357127
-0.3288964894482689
-0.2884046062593484
-0.25536777762735596
-0.22537682355824984
-0.19720549779751195
-0.16836899542111894
-0.14227046684543154
-0.11679918228574593
-0.08993451101547123
-0.059704398795972224
-0.024925821892821887
0.9790480115807149
0.962746862187896
0.946445712795077
0.930144563402258
0.9138434140094392
0.8975422646166202
0.8812411152238014
0.8649399658309825
0.8486388164381634
0.8323376670453446
0.8160365176525258
0.799735368259707
0.783434218866888
0.767133069474069
0.7508319200812503
0.7345307706884313
0.7182296212956124
0.7019284719027935
0.6856273225099745
0.6693261731171558
0.6530250237243369
0.6367238743315178
0.620422724938699
0.6041215755458801
0.5878204261530613
0.5715192767602423
0.5552181273674234
0.5389169779746045
0.5226158285817857
0.5063146791889668
0.4900135297961478
0.47371238040332886
0.45741123101051
0.4411100816176911
0.4248089322248722
0.4085077828320533
0.39220663343923434
0.37590548404641555
0.3596043346535966
0.34330318526077774
0.32700203586795873
0.3107008864751399
0.294399737082321
0.27809858768950213
0.2617974382966832
0.24549628890386438
0.22919513951104536
0.21289399011822646
0.19659284072540759
0.18029169133258874
0.16399054193976986
0.14768939254695082
0.13138824315413197
0.1150870937613131
0.09878594436849421
0.08248479497567533
0.06618364558285646
0.04988249619003746
0.03358134679721858
0.017280197404399702
-16.649999999999977
-16.649999999999977
-16.65000000000009
-16.649999999999977
-16.649999999999977
-16.649999999999977
-16.649999999999977
-16.65000000000009
-16.649999999999977
-16.649999999999977
-16.649999999999977
-16.649999999999977
-16.65000000000009
-16.649999999999864
-16.65000000000009
-16.649999999999977
-16.649999999999977
-16.65000000000009
-16.649999999999864
-16.65000000000009
-16.649999999999977
-16.649999999999977
-16.65000000000009
-16.649999999999864
-16.65000000000009
-16.649999999999977
-16.649999999999977
-16.649999999999977
-16.649999999999977
-16.650000000000034
-16.650000000000034
-16.649999999999977
-16.649999999999977
-16.649999999999977
-16.65000000000009
-16.649999999999977
-16.649999999999977
-16.649999999999977
-16.649999999999977
-16.65000000000009
-16.649999999999977
-16.649999999999977
-16.649999999999977
-16.649999999999977
-16.649999999999977
-16.65000000000009
-16.649999999999977
-16.649999999999977
-16.649999999999977
-16.649999999999977
-16.65000000000009
-16.649999999999977
-16.649999999999977
-16.649999999999977
-16.649999999999977
-16.649999999999977
-16.65000000000009
-16.649999999999977
-16.649999999999977
-16.65000000000009
225.20075826807278
224.55133033298674
223.89253257865155
223.2240798436658
222.5456625272222
221.8569498408759
221.15759448265737
220.44722782156714
219.72546102998965
218.99188451502192
218.24606416427127
217.48754033485
216.71582513390018
215.9304006122637
215.13071434565643
214.3161759223889
213.49101370754894
218.85137963878338
225.82079644712286
226.72481048617743
227.30675236124827
227.58272416589566
227.65434253103274
227.56679263119756
227.3474581726235
227.0125437930223
226.57580663188259
226.0469307844067
225.4314311155179
224.7369484506025
223.9698439046473
223.13293575302131
222.22994509921017
221.26411976162038
220.2392350024973
219.16105530930554
218.03791213163925
216.87686858769052
215.68396687437217
214.47595467635483
213.26852576362705
212.06443593234343
210.89221551618374
209.78322630077326
208.7469333893771
207.85455145672856
207.20373817770957
206.88237434193064
206.9614561518357
207.45663695969006
208.26144386225928
209.14500225911303
210.008100019834
210.90396382128154
212.14770953333843
213.80168945089056
215.98608906199033
219.23056220516747
223.5918468633795
231.03799837992466
241.0741447902991
1000.0
983.35
966.7
950.05
933.4
916.75
900.1
883.45
866.8
850.15
833.5
816.85
800.2
783.55
766.9000000000001
750.25
733.6
716.95
700.3
683.6500000000001
667.0
650.35
633.7
617.05
600.4000000000001
583.75
567.1
550.45
533.8000000000001
517.1500000000001
500.50000000000006
483.85
467.20000000000005
450.55000000000007
433.9000000000001
417.25
400.6
383.95000000000005
367.30000000000007
350.6500000000001
334.0
317.35
300.70000000000005
284.05000000000007
267.4000000000001
250.7500000000001
234.10000000000002
217.45000000000005
200.80000000000007
184.1500000000001
167.5000000000001
150.85000000000002
134.20000000000005
117.55000000000007
100.90000000000009
84.25000000000011
67.60000000000014
50.950000000000045
34.30000000000007
17.65000000000009
1.0
0.0
112.28733262386196
226.19472492457697
341.77148185409135
459.0711339843923
578.1508752705373
699.070754887602
821.8945098407554
946.6893691687287
1073.5261522681817
1202.4799180024659
1333.6301395063633
1467.0611743885663
1602.8625770495864
1741.12986270518
1881.9651146661824
2024.6372405181462
2179.532454137197
2338.8839031132898
2502.721243979778
2670.989718480105
2843.7436564018735
3021.0836831420775
3203.147902990504
3390.1010920036947
3582.1343133692476
3779.4673578462434
3982.345666480668
4191.042666632608
4405.8684510230505
4627.167020162103
4855.321761330692
5090.762325618712
5333.969348326618
5585.485970216803
5845.929070549215
6116.007064579202
6396.527331075655
6688.421012279381
6992.790810610935
7310.917988468394
7644.289654535494
7994.74338243951
8364.458239094192
8756.05986224575
9172.972850565817
9619.523915646456
10101.326705478908
10625.53567054788
11201.332575406446
11840.134453568695
12556.502748181281
13370.979438600725
14313.742372241426
15434.283603220874
16811.759357224895
18597.714435170634
21125.48260825184
25364.632982058312
37697.21427014269
50029.79555822716
151.5143429633684
151.4806018556346
151.28239061010933
151.02135985352385
150.72222208420706
150.39927333738487
150.05943022913522
149.71064599484657
149.35707577094607
149.00054586175216
148.64286349655117
148.2841748276862
147.92476432338268
147.56480857911143
147.204132479178
146.84261564990078
146.48217906157922
337.6551658417683
340.2018029963972
341.55430786586817
342.60274635802386
343.4386633189569
344.1144516715137
344.65861765434363
345.0907315286588
345.4242622331623
345.6710803166606
345.8408417601054
345.9416129326812
345.9804569591632
345.9659482976019
345.9038852664403
345.80004380230514
345.6605729437364
345.4909036194666
345.2972706811819
345.0859958477904
344.8635953774384
344.6367678599046
344.412033487441
344.19929958338525
344.00293841046164
343.8269306626534
343.6849982040311
343.5801525307709
343.5199890352104
343.5288762250068
343.6242947689296
343.82593051335823
344.1392025681683
344.5563194254139
345.0371450145425
345.5368094318668
346.0454842964055
346.5741614055568
347.1315399799166
347.70668610917767
348.3230976359359
348.9480006345927
349.62837560113564
351.0237282097082
145.8451829499103
145.7578466686583
145.506233994177
145.1919687592155
144.8397386905217
144.4637955693356
144.0710345126005
143.669394487817
143.2630192321699
142.8537393225694
142.4433664866327
142.0320539275431
141.620091702994
141.2076606650897
140.794591741248
140.380767500985
139.9681108366129
128.7723604444669
131.1010695677711
132.2516426226773
133.097817069001
133.7287092007622
134.195128109739
134.5244745086199
134.7351369917489
134.8398055264385
134.8498716116205
134.7744932098339
134.6214363537591
134.3976006851429
134.1112463068203
133.7681110097084
133.3739620187371
132.9349117365927
132.4564649114187
131.9449372621928
131.4066606697041
130.8483433154206
130.2769559510297
129.6991876581365
129.1254032102317
128.5604027216531
128.0084446882999
127.4842861097729
126.9916537443926
126.5384330788104
126.150507915469
125.8462852184774
125.646563706754
125.5576509350394
125.5723085862381
125.6514442005938
125.755583632567
125.8821904625743
126.0547990395671
126.3272798864692
126.7024535056685
127.2801849468059
128.1319776169541
129.3488157262499
130.5739364007759
5.66916001345809
5.722755186976319
5.776156615932345
5.829391094308322
5.882483393685354
5.935477768049275
5.988395716534703
6.041251507029586
6.094056538776162
6.146806539182752
6.199497009918469
6.25212090014309
6.304672620388683
6.357147914021732
6.409540737930005
6.461848148915773
6.51406822496631
208.8828053973014
209.1007334286261
209.3026652431909
209.5049292890229
209.7099541181947
209.9193235617747
210.1341431457237
210.3555945369099
210.5844567067238
210.8212087050401
211.0663485502715
211.3201765789221
211.5828562740203
211.8547019907816
212.1357742567319
212.426081783568
212.7256612071437
213.0344387080479
213.3523334189891
213.6793351780863
214.0152520620178
214.3598119088749
214.7128458293045
215.0738963731536
215.4425356888085
215.8184859743535
216.2007120942582
216.5884987863783
216.9815559564
217.3783683095378
217.7780095504522
218.1793668066042
218.5815516331289
218.9840108391758
219.3857008139487
219.7812257992998
220.1632938338312
220.5193623659897
220.8042600934474
221.0042326035092
221.04291268913
220.8160230176386
220.2795598748857
220.4497918089323
165.45320082105056
164.90410950782226
164.35384505626132
163.80996773497495
163.27493681582146
162.75346108829558
162.25112410326705
161.77115112922382
161.3178645886399
160.89270977122746
160.49665399820455
160.12949506119367
159.792205677053
159.48656957172022
159.21502362811242
158.98157837015864
158.78390292182036
321.97371800891756
323.3467264637784
323.5389634085494
323.4967818911728
323.26487681377216
322.88489966564924
322.3804624945916
321.7704978992458
321.0694608383316
320.2900045356233
319.44272594671025
318.5376701385604
317.5835980537269
316.590370778694
315.565441404117
314.5161019767217
313.45033568425055
312.3748880760994
311.297327524655
310.225679911934
309.16918429608575
308.1349888693847
307.1306329414529
306.1678990097162
305.25371513888746
304.3944740142558
303.6074443481115
302.89731407901263
302.27360276962986
301.7618591692966
301.38365035980706
301.159640930856
301.09690795639244
301.1851283241898
301.377549307059
301.62184594675597
301.90514398773655
302.2366155990902
302.6256251780288
303.05850084044465
303.558113184917
304.0930816725584
304.71375224030544
306.0841790269851
124.667877092514
124.0532275765228
123.4377295841776
122.8290224620709
122.2296439384239
121.6445387946172
121.0793970828209
120.5375111381931
120.0232566496666
119.5380131974887
119.0826765929496
118.6569484453379
118.2617158799698
117.8986884334786
117.5702143387799
117.2802445355848
117.0264010271164
61.2465312996293
62.19198983643227
61.89226266317641
61.32822338438233
60.54836768773988
59.59677733324135
58.4987927557459
57.27584932944528
55.94419888195723
54.51763715653416
53.00832692965578
51.42741676426544
49.78439400780831
48.09082943846013
46.35502384043898
44.58510643508862
42.79041146722268
40.97878099493286
39.15908219751789
37.34117187170918
35.53584655612446
33.75096009919781
31.99461254818663
30.28024331030214
28.61504765027615
27.00382721338992
25.46615889806808
24.00782874205391
22.6351402814528
21.37337695608898
20.24350064388728
19.26811776411762
18.45327599718195
17.78912424084311
17.22246329216538
16.67319906042816
16.10307374125844
15.47802006523694
14.70920595065856
13.7157552641867
12.28981212373956
9.963966199256385
5.813914678540902
0.0
40.78532372853656
40.85088193129946
40.91611547208371
40.98094527290406
41.04529287739755
41.10892229367838
41.17172702044613
41.23363999103072
41.29460793897331
41.35469657373876
41.41397740525496
41.47254661585576
41.5304897970832
41.58788113824164
41.64480928933251
41.70133383457385
41.75750189470394
260.7271867092883
261.1547366273461
261.646700745373
262.1685585067905
262.7165091260323
263.2881223324079
263.8816697388457
264.4946485698005
265.1252619563744
265.7723673790892
266.4343990170545
267.1102533742949
267.7992040459186
268.4995413402339
269.210417563678
269.9309955416331
270.6599242170279
271.3961070811666
272.1382453271371
272.8845080402248
273.6333377399613
274.3840287701869
275.1360203932663
275.8876556994141
276.6386674886113
277.3906468008659
278.1412854500434
278.8894853369587
279.6384624881771
280.3884822132076
281.1401497159198
281.8915231667384
282.6436319592105
283.3960040833467
284.1550860148936
284.9486468863278
285.8020702464781
286.7585955338533
287.9164192273703
289.3427455762579
291.2683010611774
294.129115473302
298.8998375617645
306.0841790269851
13.93885785768219
13.423507652187563
13.071454446151918
12.788607881451139
12.552714731614408
12.354187750910658
12.191693874131833
12.06050513437722
11.960788817693803
11.8921639094753
11.853790501653368
11.845320233507401
11.867441353670358
11.921760992608792
12.010891148934423
12.138962720257862
12.30172386024115
-15.681447832850623
-16.855076532618767
-18.015344457318783
-19.105964466850985
-20.173786505184736
-21.22955200586439
-22.278155159752004
-23.320233629412954
-24.354801394830645
-25.381075781037197
-26.398115813395123
-27.40394279412083
-28.396858905436368
-29.375577518907853
-30.338443862323288
-31.283941825583263
-32.210237259485865
-33.116015543367176
-33.99994315652684
-34.86031593585638
-35.69441108135268
-36.50177899051987
-37.28140054598806
-38.031400573669046
-38.749223271574074
-39.43245664839763
-40.07755385591961
-40.68283845175829
-41.246386265580455
-41.76701705571022
-42.24064440912253
-42.66628958250223
-43.0422946117758
-43.37119110122407
-43.65959570748342
-43.914963485110775
-44.140340308669025
-44.33754580646654
-44.505914801887656
-44.64818526873309
-44.76498445101883
-44.854918962034304
-44.91462336083028
-44.9395491827231
21.17730585739628
21.70461909213557
22.06850440999945
22.3629462971446
22.61009475209778
22.81925677471845
22.99163742977959
23.13188334962391
23.23976258250334
23.3157261250807
23.36068989368312
23.37510548220527
23.35837582302416
23.30897223161112
23.22437740246809
23.10052296540022
22.94170980949647
67.5258291448376
68.9090797313388
70.35937995950087
71.76959368461864
73.18034151302236
74.59835077649764
76.02568175287402
77.45928766230362
78.89560664448126
80.33223445508634
81.76616628017808
83.19401958949362
84.61320667733465
86.02041686836021
87.41308716926946
88.78885558364846
90.14450026937001
91.47768391648587
92.78585506467486
94.06548879799492
95.31249675929615
96.52599585183187
97.70457510994989
98.84515989992956
99.9453550713769
101.00461747491
102.0181272117048
102.9838250023387
103.9032927973576
104.77713095938
105.6027845745901
106.3784459426364
107.1043749378574
107.783184345395
108.4289809084284
109.0823845721388
109.7791167213159
110.5767789743302
111.6180739358106
112.9866982414818
114.9903728230663
118.1680114176977
123.534901047709
130.5739364007759
35.11616371507847
35.12812674432313
35.13995885615137
35.15155417859574
35.16280948371219
35.17344452562911
35.18333130391142
35.19238848400113
35.20055140019714
35.207890034556
35.21448039533649
35.22042571571267
35.22581717669452
35.23073322421991
35.23526855140251
35.23948568565808
35.24343366973762
51.84438131198698
52.05400319872004
52.34403550218209
52.66362921776766
53.00655500783762
53.36879877063325
53.74752659312202
54.13905403289067
54.54080524965062
54.95115867404914
55.36805046678296
55.79007679537279
56.21634777189828
56.64483934945236
57.07464330694617
57.50491375806519
57.93426300988415
58.3616683731187
58.78591190814802
59.20517286213854
59.61808567794347
60.024216861312
60.42317456396182
60.81375932626051
61.19613179980282
61.57216082651237
61.94057335578518
62.30098655058041
62.65690653177714
63.01011390366978
63.36214016546757
63.71215636013417
64.0620803260816
64.41199324417093
64.76938520094498
65.16742108702803
65.63877641264688
66.23923316786366
67.11215913392294
68.33851297274872
70.22538837204746
73.3130924556634
78.62027768687872
85.6343872180528
-0.26103927091203777
-0.17832361822823461
-0.1432680867408626
-0.1194846327323103
-0.100557546089109
-0.08230574467526941
-0.0664488512118641
-0.050507241995755
-0.034758607903543404
-0.0194353927580984
-0.0042886018318137
0.0112068402757571
0.0275163756037531
0.045149010496784804
0.0648741106972369
0.082445516220292
-14.169192493910423
-0.5944177965091998
-0.5876245575997556
-0.5523360427716932
-0.5407806564233341
-0.5346674600127137
-0.531034243951378
-0.5277251965006905
-0.5239175130781983
-0.5197138920952313
-0.5150342896265252
-0.5093528526806973
-0.5028116936894041
-0.4956194547274226
-0.48758930364030884
-0.47879145788788435
-0.46906499149202835
-0.4586729480867244
-0.44760581613915473
-0.4356760436130228
-0.4223675104159039
-0.40883137534287034
-0.39477914578276296
-0.37977745525177536
-0.3634811097834925
-0.3459624121207464
-0.3266475149020919
-0.30648356201407
-0.2853438355469713
-0.26360570957121754
-0.23979718482148657
-0.2154931552745795
-0.1903486993826795
-0.16648656463973932
-0.1459736215223418
-0.12922639500808789
-0.11401163520055249
-0.09970086750965229
-0.08500763722593185
-0.07167557848783668
-0.058563721844215544
-0.04457448841223388
-0.028557062150270873
-0.010398442971505162
0.0
-0.2671027664134566
-0.1843207578636525
-0.1491452090015374
-0.1251894162403157
-0.1059479474249061
-0.0873168864531843
-0.0710395087791369
-0.0546446393572997
-0.0384782156643753
-0.0227757359210171
-0.0073020044256036
0.0084741628960591
0.0250246628907519
0.0428502669756585
0.0627366441689382
0.0804444692265569
-22.58343016644536
-0.7006652478202486
-0.734628258028983
-0.7143230292700823
-0.7145935714371098
-0.7182717446138305
-0.7229935212345588
-0.7261719963176054
-0.727546263430083
-0.7277026959295602
-0.7263370841046031
-0.7232581013054632
-0.7188683542297262
-0.7128016332341225
-0.7054366656634967
-0.6968752635358403
-0.6866818846467077
-0.6753045757667683
-0.6626348621731447
-0.648179654232925
-0.6316535490861367
-0.6146801242657149
-0.596991995538446
-0.5777464563037185
-0.5572876888508188
-0.5365537970639608
-0.5133784563907473
-0.489160018001842
-0.4657428934038702
-0.4426298736636591
-0.4182226998928212
-0.3928998620860496
-0.3677086598047166
-0.343840925423383
-0.3271187543999333
-0.3309720194070952
-0.3529194266978495
-0.4040440869060459
-0.5274526534524125
-0.69325652030372
-1.014931900956658
-1.609586111958373
-2.718519037210288
-3.565519869069476
0.0
0.0060634955014188
0.0059971396354179
0.0058771222606748
0.0057047835080054
0.0053904013357971
0.0050111417779149
0.0045906575672728
0.0041373973615447
0.0037196077608319
0.0033403431629187
0.0030134025937899
0.002732677379698
0.0024917127130012
0.0022987435211263
0.0021374665282987
0.0020010469937351
8.414237672534938
0.1062474513110488
0.1470037004292274
0.1619869864983891
0.1738129150137757
0.1836042846011168
0.1919592772831809
0.1984467998169149
0.2036287503518847
0.2079888038343288
0.2113027944780779
0.2139052486247659
0.216056660540322
0.2171821785066999
0.2178473620231879
0.2180838056479559
0.2176168931546793
0.2166316276800439
0.21502904603399
0.2125036106199022
0.2092860386702328
0.2058487489228446
0.202212849755683
0.1979690010519431
0.1938065790673263
0.1905913849432144
0.1867309414886554
0.182676455987772
0.1803990578568989
0.1790241640924415
0.1784255150713346
0.1774067068114701
0.1773599604220371
0.1773543607836437
0.1811451328775915
0.2017456243990073
0.238907791497297
0.3043432193963936
0.4424450162264807
0.6215809418158833
0.9563681791124424
1.565011623546139
2.689961975060017
3.555121426097971
0.0
1.0
1.0
1.0
1.0
1.0
1.0
1.0
1.0
1.0
1.0
1.0
1.0
1.0
1.0
1.0
1.0
1.0
0.0
0.0
0.0
0.0
0.0
0.0
0.0
0.0
0.0
0.0
0.0
0.0
0.0
0.0
0.0
0.0
0.0
0.0
0.0
0.0
0.0
0.0
0.0
0.0
0.0
0.0
0.0
0.0
0.0
0.0
0.0
0.0
0.0
0.0
0.0
0.0
0.0
0.0
0.0
0.0
0.0
0.0
0.0
0.0
1.0
1.0
1.0
1.0
1.0
1.0
1.0
1.0
1.0
1.0
1.0
1.0
1.0
1.0
1.0
1.0
0.8605561031037754
0.8605561031037754
0.8605561031037754
0.8605561031037754
0.8605561031037754
0.8605561031037754
0.8605561031037754
0.8605561031037754
0.8605561031037754
0.8605561031037754
0.8605561031037754
0.8605561031037754
0.8605561031037754
0.8605561031037754
0.8605561031037754
0.8605561031037754
0.8605561031037754
0.8605561031037754
0.8605561031037754
0.8605561031037754
0.8605561031037754
0.8605561031037754
0.8605561031037754
0.8605561031037754
0.8605561031037754
0.8605561031037754
0.8605561031037754
0.8605561031037754
0.8605561031037754
1.0
1.0
1.0
1.0
1.0
1.0
1.0
1.0
1.0
1.0
1.0
1.0
1.0
1.0
1.0
1.0
1.0
1.0
1.0
1.0
1.0
1.0
1.0
1.0
1.0
1.0
1.0
1.0
1.0
4.086688071050148e-05
3.983081960715126e-05
3.846107293334663e-05
3.6784221726140316e-05
3.416215835893775e-05
3.1124975187759756e-05
2.7852049151878894e-05
2.441172195763411e-05
2.1274008935963853e-05
1.8443937244919772e-05
1.6023212275284473e-05
1.3953947814451258e-05
1.2182078082171708e-05
1.076267998435274e-05
9.574316560914794e-06
8.56573346172637e-06
7.774036486013874e-06
1.529848595829267e-05
3.470795412798361e-05
3.91430031788516e-05
4.259040245728426e-05
4.4986097104908586e-05
4.676127059720505e-05
4.780165350997982e-05
4.830287777663041e-05
4.839706010793901e-05
4.79755243073318e-05
4.722654064469202e-05
4.6229608145562e-05
4.486422455082163e-05
4.330494452131379e-05
4.1591186545719005e-05
3.96372771615328e-05
3.7565524409336306e-05
3.540717903572727e-05
3.314948260730832e-05
3.0827868193828375e-05
2.8507663215470244e-05
2.625183848566836e-05
2.3898060318758086e-05
2.163244465088073e-05
1.959974859205775e-05
1.7390199856595376e-05
1.5354027656534786e-05
1.3694528782730078e-05
1.1879561308113471e-05
1.0172183834143873e-05
8.315479273241298e-06
6.439459685614491e-06
4.607669452985228e-06
3.114278466967375e-06
2.4933006356978922e-06
2.249303998823249e-06
2.590548425378878e-06
2.975784377679939e-06
3.512009630020655e-06
4.3337211347533015e-06
5.754573693348084e-06
7.330749360792709e-06
1.7134068186966033e-07
0.0004
0.0004
0.0004
0.0004
0.0004
0.0004
0.0004
0.0004
0.0004
0.0004
0.0004
0.0004
0.0004
0.0004
0.0004
0.0004
0.0004
0.0004
0.0004
0.0004
0.0004
0.0004
0.0004
0.0004
0.0004
0.0004
0.0004
0.0004
0.0004
0.0004
0.0004
0.0004
0.0004
0.0004
0.0004
0.0004
0.0004
0.0004
0.0004
0.0004
0.0004
0.0004
0.0004
0.0004
0.0004
0.0004
0.0004
0.0004
0.0004
0.0004
0.0004
0.0004
0.0004
0.0004
0.0004
0.0004
0.0004
0.0004
0.0004
0.0004
1.3065442837795994e-08
1.609813246251006e-08
1.8451320475760573e-08
2.016080036876345e-08
2.1358414023579076e-08
2.2454492528502163e-08
2.346184864599769e-08
2.435074770331274e-08
2.5168293008394306e-08
2.59248194795521e-08
2.6578860853539352e-08
2.717492227184444e-08
2.7727500794852817e-08
2.821868937946919e-08
2.867559255048391e-08
2.9106915692640655e-08
2.950022653046024e-08
2.9893537368279825e-08
3.0281774756529767e-08
3.065711262938458e-08
3.1032450502239386e-08
3.142093683129147e-08
3.1836199651687564e-08
3.225146247208365e-08
3.2701440677579656e-08
3.320893932168535e-08
3.3716437965791035e-08
3.428270566534462e-08
3.492899931274215e-08
3.557529296013967e-08
3.6371436914800125e-08
3.733624217274159e-08
3.8301047430683085e-08
3.959226158737696e-08
4.118778732859431e-08
4.278331306981166e-08
4.513146211348355e-08
4.806009189575067e-08
5.0988721678017794e-08
5.632170630050282e-08
6.318151527324084e-08
7.004132424597885e-08
8.255287402060394e-08
9.799336545699721e-08
1.1343385689339041e-07
1.3646888186188418e-07
1.6453988297575865e-07
1.9889493840858378e-07
2.3731543525971197e-07
2.78963375570315e-07
3.2556784487230723e-07
3.9737569592667986e-07
5.064205645747201e-07
6.801946019508522e-07
1.1053081705738778e-06
1.6111307341008319e-06
2.5512822486276946e-06
4.137854497676283e-06
6.1841356611202155e-06
2.780474791942962e-06
0.0
0.0
0.0
0.0
0.0
0.0
0.0
0.0
0.0
0.0
0.0
0.0
0.0
0.0
0.0
0.0
0.0
0.0
0.0
0.0
0.0
0.0
0.0
0.0
0.0
0.0
0.0
0.0
0.0
0.0
0.0
0.0
0.0
0.0
0.0
0.0
0.0
0.0
0.0
0.0
0.0
0.0
0.0
0.0
0.0
0.0
0.0
0.0
0.0
0.0
0.0
0.0
0.0
0.0
0.0
0.0
0.0
0.0
0.0
0.0
0.0
0.0
0.0
0.0
0.0
0.0
0.0
0.0
0.0
0.0
0.0
0.0
0.0
0.0
0.0
0.0
0.0
0.0
0.0
0.0
0.0
0.0
0.0
0.0
0.0
0.0
0.0
0.0
0.0
0.0
0.0
0.0
0.0
0.0
0.0
0.0
0.0
0.0
0.0
0.0
0.0
0.0
0.0
0.0
0.0
0.0
0.0
0.0
0.0
0.0
0.0
0.0
0.0
0.0
0.0
0.0
0.0
0.0
0.0
0.0
0.0
0.0
0.0
0.0
0.0
0.0
0.0
0.0
0.0
0.0
0.0
0.0
0.0
0.0
0.0
0.0
0.0
0.0
0.0
0.0
0.0
0.0
0.0
0.0
0.0
0.0
0.0
0.0
0.0
0.0
0.0
0.0
0.0
0.0
0.0
0.0
0.0
0.0
0.0
0.0
0.0
0.0
0.0
0.0
0.0
0.0
0.0
0.0
0.0
0.0
0.0
0.0
0.0
0.0
0.0
0.0
0.0
0.0
0.0
0.0
0.0
0.0
0.0
0.0
0.0
0.0
0.0
0.0
0.0
0.0
0.0
0.0
0.0
0.0
0.0
0.0
0.0
0.0
0.0
0.0
0.0
0.0
0.0
0.0
0.0
0.0
0.0
0.0
0.0
0.0
0.0
0.0
0.0
0.0
0.0
0.0
0.0
0.0
0.0
0.0
0.0
0.0
0.0
0.0
0.0
0.0
0.0
0.0
0.0
0.0
0.0
0.0
0.0
0.0
0.0
0.0
0.0
0.0
0.0
0.0
0.0
0.0
0.0
0.0
0.0
0.0
0.0
0.0
0.0
0.0
0.0
0.0
0.0
0.0
0.0
0.0
0.0
0.0
0.0
0.0
0.0
0.0
0.0
0.0
0.0
0.0
0.0
0.0
0.0
0.0
0.0
0.0
0.0
0.0
0.0
0.0
0.0
0.0
0.0
0.0
0.0
0.0
0.0
0.0
0.0
0.0
0.0
0.0
0.0
0.0
0.0
0.0
0.0
0.0
0.0
0.0
0.0
0.0
0.0
0.0
2
2
1
225.20075826807278
-44.9395491827231
0.0
0.0
16.0
5.783625987995279
1.0
2.0
3.0
4.0
5.0
6.0
7.0
8.0
9.0
10.0
11.0
12.0
13.0
14.0
15.0
16.0
17.0
18.0
19.0
20.0
21.0
22.0
23.0
24.0
25.0
26.0
27.0
28.0
29.0
30.0
31.0
32.0
33.0
34.0
35.0
36.0
37.0
38.0
39.0
40.0
41.0
42.0
43.0
44.0
45.0
46.0
47.0
48.0
49.0
50.0
51.0
52.0
53.0
54.0
55.0
56.0
57.0
58.0
59.0
60.0
0.0
0.0
0.0
0.0
0.0
0.0
0.0
0.0
0.0
0.0
0.0
0.0
0.0
0.0
0.0
0.0
0.99
0.0
0.0
0.0
0.0
0.0
0.0
0.0
0.0
0.0
0.0
0.0
0.0
0.0
0.0
0.0
0.0
0.0
0.0
0.0
0.0
0.0
0.0
0.0
0.0
0.0
0.0
0.0
0.0
0.0
0.0
0.0
0.0
0.0
0.0
0.0
0.0
0.0
0.0
0.0
0.0
0.0
0.0
0.0
0.0
0.0
0.0
0.0
0.0
0.0
0.0
0.0
0.0
0.0
0.0
0.0
0.0
0.0
0.0
0.0
220.0
0.0
0.0
0.0
0.0
0.0
0.0
0.0
0.0
0.0
0.0
0.0
0.0
0.0
0.0
0.0
0.0
0.0
0.0
0.0
0.0
0.0
0.0
0.0
0.0
0.0
0.0
0.0
0.0
0.0
0.0
0.0
0.0
0.0
0.0
0.0
0.0
0.0
0.0
0.0
0.0
0.0
0.0
0.0
0.0
0.0
0.0
0.0
0.0
0.0
0.0
0.0
0.0
0.0
0.0
0.0
0.0
0.0
0.0
0.0
0.5
0.0
0.0
0.0
0.0
0.0
0.0
0.0
0.0
0.0
0.0
0.0
0.0
0.0
0.0
0.0
0.0
0.0
0.0
0.0
0.0
0.0
0.0
0.0
0.0
0.0
0.0
0.0
0.0
0.0
0.0
0.0
0.0
0.0
0.0
0.0
0.0
0.0
0.0
0.0
0.0
0.0
0.0
0.0
45.0
