9.81
6.022e+23
0
0
0
3
0
1
240.642025377199
2
2
0
0
1
1
0
1
60
7
1000.0
1.0


3
3.0
0
82.63901085766538
0
4.588924494582185
150.0
1000.0
287.04
9.81
79000.0
40.0
20000.0
0.0
0.0
0.0
0.0
0.0280134
0.04401
0.0319988
0.039948
0.01604
0.01801528
0.048
99000.0
2.1153802199668344e+29
0.8
1e-06
1000000.0
0.6
3.0
0.0001
100
43
4.011577147528752
0
2
6.0
1.0
1.0
0.0
1
1
0.1
1000000000000.0
1
240.642025377199
244.83001204369228
245.77113316791383
246.25079989248354
246.42936380710367
246.4107625664058
246.2460022150571
245.96630791072428
245.5918581921902
245.1401078799985
244.62046358094292
244.0458534670194
243.42155876205712
242.75739966948865
242.0576524765228
241.32848217829064
240.57941218981782
239.81500590405022
239.03457126555082
238.2373669051012
237.422597378826
236.58940680467188
235.73687253989803
234.86399918052263
233.96971054925797
233.05284020067253
232.11212140456524
231.1461767521652
230.15350193286798
229.13244863345773
228.08120799937717
226.99778647312925
225.87998000452072
224.72534337187278
223.53115174569876
222.2943584209823
221.01154218265154
219.67883991209456
218.2918501408903
216.84553137671818
215.33410142186216
213.75081736196614
212.08775144371896
210.3340140115166
208.86869771039815
208.08579904700943
207.48114162376913
206.9583184895586
206.4496127875981
205.96785435813698
205.47878858116871
205.03924322614358
204.637975894582
204.31806722180144
204.02132785444445
203.6381626816946
202.89948010421762
201.59211149952756
201.0753767210792
216.46576753397673
240.642025377199
244.83001204369228
245.77113316791383
246.25079989248354
246.42936380710367
246.4107625664058
246.2460022150571
245.96630791072428
245.5918581921902
245.1401078799985
244.62046358094292
244.0458534670194
243.42155876205712
242.75739966948865
242.0576524765228
241.32848217829064
240.57941218981782
239.81500590405022
239.03457126555082
238.2373669051012
237.422597378826
236.58940680467188
235.73687253989803
234.86399918052263
233.96971054925797
233.05284020067253
232.11212140456524
231.1461767521652
230.15350193286798
229.13244863345773
228.08120799937717
226.99778647312925
225.87998000452072
224.72534337187278
223.53115174569876
222.2943584209823
221.01154218265154
219.67883991209456
218.2918501408903
216.84553137671818
215.33410142186216
213.75081736196614
212.08775144371896
210.3340140115166
208.86869771039815
208.08579904700943
207.48114162376913
206.9583184895586
206.4496127875981
205.96785435813698
205.47878858116871
205.03924322614358
204.637975894582
204.31806722180144
204.02132785444445
203.6381626816946
202.89948010421762
201.59211149952756
201.0753767210792
216.46576753397673
991.675
975.0250000000001
958.375
941.7249999999999
925.075
908.425
891.7750000000001
875.125
858.4749999999999
841.825
825.175
808.5250000000001
791.875
775.225
758.575
741.925
725.2750000000001
708.625
691.975
675.325
658.675
642.0250000000001
625.375
608.725
592.075
575.425
558.7750000000001
542.125
525.4750000000001
508.82500000000005
492.17500000000007
475.52500000000003
458.87500000000006
442.2250000000001
425.57500000000005
408.925
392.27500000000003
375.62500000000006
358.9750000000001
342.32500000000005
325.675
309.02500000000003
292.37500000000006
275.7250000000001
259.0750000000001
242.42500000000007
225.77500000000003
209.12500000000006
192.47500000000008
175.8250000000001
159.17500000000007
142.52500000000003
125.87500000000006
109.22500000000008
92.5750000000001
75.92500000000013
59.27500000000009
42.62500000000006
25.97500000000008
9.325000000000045
991.675
975.0250000000001
958.375
941.7249999999999
925.075
908.425
891.7750000000001
875.125
858.4749999999999
841.825
825.175
808.5250000000001
791.875
775.225
758.575
741.925
725.2750000000001
708.625
691.975
675.325
658.675
642.0250000000001
625.375
608.725
592.075
575.425
558.7750000000001
542.125
525.4750000000001
508.82500000000005
492.17500000000007
475.52500000000003
458.87500000000006
442.2250000000001
425.57500000000005
408.925
392.27500000000003
375.62500000000006
358.9750000000001
342.32500000000005
325.675
309.02500000000003
292.37500000000006
275.7250000000001
259.0750000000001
242.42500000000007
225.77500000000003
209.12500000000006
192.47500000000008
175.8250000000001
159.17500000000007
142.52500000000003
125.87500000000006
109.22500000000008
92.5750000000001
75.92500000000013
59.27500000000009
42.62500000000006
25.97500000000008
9.325000000000045
61.16550402047535
184.79835360240406
310.96155924597144
439.54673104831215
570.50968559226
703.8456032884836
839.5720229644069
977.7219162078422
1118.3409720328705
1261.4854489988743
1407.2217206623297
1555.6258274413253
1706.7833706279196
1860.7899904393958
2017.751095895735
2177.7845008913764
2341.0210013823944
2507.602053975633
2677.6789453014044
2851.413736464517
3028.980324326665
3210.5656374655273
3396.3709887852274
3586.6136101771954
3781.5283989703985
3981.3699126747847
4186.414656748877
4396.963717443913
4613.345803364757
4835.920777328342
5065.08377631561
5301.270040737622
5544.960607070017
5796.689055951906
6057.049562342578
6326.706564582719
6606.40645877269
6896.991841735045
7199.419007616616
7514.77967199335
7844.328166520112
8189.515831744922
8552.033777284792
8934.2368950019
9339.70553871667
9772.64216993571
10237.55912736589
10739.899091323223
11286.522895887287
11886.320667959848
12551.201231659095
13297.64150754196
14149.311453840637
15141.806366132667
16331.96887210711
17819.107869129497
19804.955713966614
22842.64328615083
30382.842780725805
56560.69457252452
61.16550402047535
184.79835360240406
310.96155924597144
439.54673104831215
570.50968559226
703.8456032884836
839.5720229644069
977.7219162078422
1118.3409720328705
1261.4854489988743
1407.2217206623297
1555.6258274413253
1706.7833706279196
1860.7899904393958
2017.751095895735
2177.7845008913764
2341.0210013823944
2507.602053975633
2677.6789453014044
2851.413736464517
3028.980324326665
3210.5656374655273
3396.3709887852274
3586.6136101771954
3781.5283989703985
3981.3699126747847
4186.414656748877
4396.963717443913
4613.345803364757
4835.920777328342
5065.08377631561
5301.270040737622
5544.960607070017
5796.689055951906
6057.049562342578
6326.706564582719
6606.40645877269
6896.991841735045
7199.419007616616
7514.77967199335
7844.328166520112
8189.515831744922
8552.033777284792
8934.2368950019
9339.70553871667
9772.64216993571
10237.55912736589
10739.899091323223
11286.522895887287
11886.320667959848
12551.201231659095
13297.64150754196
14149.311453840637
15141.806366132667
16331.96887210711
17819.107869129497
19804.955713966614
22842.64328615083
30382.842780725805
56560.69457252452
3.521179111399233e+23
3.521179111399233e+23
3.521179111399257e+23
3.521179111399233e+23
3.521179111399233e+23
3.521179111399233e+23
3.521179111399233e+23
3.521179111399257e+23
3.521179111399233e+23
3.521179111399233e+23
3.521179111399233e+23
3.521179111399233e+23
3.521179111399257e+23
3.5211791113992086e+23
3.521179111399257e+23
3.521179111399233e+23
3.521179111399233e+23
3.521179111399257e+23
3.5211791113992086e+23
3.521179111399257e+23
3.521179111399233e+23
3.521179111399233e+23
3.521179111399257e+23
3.5211791113992086e+23
3.521179111399257e+23
3.521179111399233e+23
3.521179111399233e+23
3.521179111399233e+23
3.521179111399233e+23
3.521179111399244e+23
3.521179111399244e+23
3.521179111399233e+23
3.521179111399233e+23
3.521179111399233e+23
3.521179111399257e+23
3.521179111399233e+23
3.521179111399233e+23
3.521179111399233e+23
3.521179111399233e+23
3.521179111399257e+23
3.521179111399233e+23
3.521179111399233e+23
3.521179111399233e+23
3.521179111399233e+23
3.521179111399233e+23
3.521179111399257e+23
3.521179111399233e+23
3.521179111399233e+23
3.521179111399233e+23
3.521179111399233e+23
3.521179111399257e+23
3.521179111399233e+23
3.521179111399233e+23
3.521179111399233e+23
3.521179111399233e+23
3.521179111399233e+23
3.521179111399257e+23
3.521179111399233e+23
3.521179111399233e+23
3.521179111399257e+23
3.521179111399233e+23
3.521179111399233e+23
3.521179111399257e+23
3.521179111399233e+23
3.521179111399233e+23
3.521179111399233e+23
3.521179111399233e+23
3.521179111399257e+23
3.521179111399233e+23
3.521179111399233e+23
3.521179111399233e+23
3.521179111399233e+23
3.521179111399257e+23
3.5211791113992086e+23
3.521179111399257e+23
3.521179111399233e+23
3.521179111399233e+23
3.521179111399257e+23
3.5211791113992086e+23
3.521179111399257e+23
3.521179111399233e+23
3.521179111399233e+23
3.521179111399257e+23
3.5211791113992086e+23
3.521179111399257e+23
3.521179111399233e+23
3.521179111399233e+23
3.521179111399233e+23
3.521179111399233e+23
3.521179111399244e+23
3.521179111399244e+23
3.521179111399233e+23
3.521179111399233e+23
3.521179111399233e+23
3.521179111399257e+23
3.521179111399233e+23
3.521179111399233e+23
3.521179111399233e+23
3.521179111399233e+23
3.521179111399257e+23
3.521179111399233e+23
3.521179111399233e+23
3.521179111399233e+23
3.521179111399233e+23
3.521179111399233e+23
3.521179111399257e+23
3.521179111399233e+23
3.521179111399233e+23
3.521179111399233e+23
3.521179111399233e+23
3.521179111399257e+23
3.521179111399233e+23
3.521179111399233e+23
3.521179111399233e+23
3.521179111399233e+23
3.521179111399233e+23
3.521179111399257e+23
3.521179111399233e+23
3.521179111399233e+23
3.521179111399257e+23
3.286928947379545
0.13103351281938758
0.19278769824675535
0.21118349298355943
0.2113612540893981
0.20727271866735575
0.201400261437777
0.19487194137374897
0.1883853870154233
0.18160070494041558
0.1746693941127624
0.16816733565523445
0.16200798985885756
0.15557199479220452
0.15025007555496517
0.14469560873310172
0.13311939672231432
0.11389936960308233
0.09291075339865484
0.0699119094838776
0.04548960295760862
0.019042660033164127
-0.006719779004030313
-0.03243641407284148
-0.05823940992760246
-0.08403341895800165
-0.10951657999695041
-0.13582942064765424
-0.1655686167765551
-0.19454652343186885
-0.22331057223760964
-0.2514869726546056
-0.27667717082889176
-0.29497027883182814
-4.801769487479051
-0.3561404160093269
-0.3810769820251517
-0.4116725914066587
-0.4401364752488941
-0.44617892243201396
-0.42836784859759125
-0.4003516628016429
-0.2887085581354145
-0.08601088154222536
0.06888935860770251
0.05729498653124354
0.051620339980626595
0.047032256177015286
0.04395661695725639
0.04138233657104334
0.039091650452515614
0.038235451378777596
0.03859625912749759
0.04125700483187275
0.054924519972412544
0.0663065058578623
0.07772255372989442
0.08579587666018065
0.10191883677270624
0.0629700054495239
3.033979728153426
-0.11482427492682157
-0.04049102260868498
-0.013884552385432292
-0.005963337497336685
-0.002710765057890585
-0.0015197078622894988
-0.0012365872731125993
-0.0010393338788123874
-0.0013439884250148193
-0.0020389460464884657
-0.002471112912412643
-0.0027191838216251707
-0.0035596502903241234
-0.00344319908310875
-0.004019119488480438
-0.01088119423813283
-0.02571385175365637
-0.04215093150780169
-0.060774010139631685
-0.08121885786842564
-0.10416246241619254
-0.12669891319408166
-0.14961975599974675
-0.17299248575469717
-0.1965969394203706
-0.21994731577063287
-0.24465537109050006
-0.2734140149469174
-0.3024997530666186
-0.3325976711576035
-0.36384649709682304
-0.394555378358487
-0.42533573568508254
-0.4554001943554109
-0.48238063237682627
-0.5065335143225407
-0.5321668222468823
-0.5548203600752194
-0.5547101023832374
-0.5307321332453815
-0.49676603865905267
-0.3791640242136468
-0.1707709842999065
-0.010572755165459413
-0.01747821783769965
-0.01880928491757855
-0.01924306385754687
-0.01848944274599451
-0.017577803339062004
-0.0169730625271573
-0.016288363830701313
-0.015905762000977902
-0.01569874853031067
-0.009715237005966049
-0.00785640113422642
-0.006855225180697422
-0.005835363256538231
-0.0029420771621228095
-0.00035395736659404875
1.2698490760197316
-1.8524619786822853
-1.7571234133967764
-1.7051432388018313
-1.6713810978378518
-1.6418852534017532
-1.6141733307731911
-1.5871172709790784
-1.5600194454792629
-1.5332197476961298
-1.5065666786656422
-1.4794843572650294
-1.4520593232032653
-1.4249109384117773
-1.396648477790876
-1.3686185647545983
-1.346610396907245
-1.3322460441683361
-1.3196502805146224
-1.309064744571259
-1.299902671239387
-1.2927652343056906
-1.2849432934847442
-1.2770755486954144
-1.2692941646920346
-1.2615037938642928
-1.2534025750451008
-1.2461310358376636
-1.2422858521084237
-1.2376793789055966
-1.2328590478531964
-1.2274510684120514
-1.2190568867281968
-1.2037656148729923
-5.6769804436620745
-1.1977669923342091
-1.189119178491893
-1.1861304080152593
-1.1810099119993538
-1.1534679793243328
-1.102072525631769
-1.0404719599776797
-0.8952444754533104
-0.6589624190019805
-0.47047779899391173
-0.44848779121223004
-0.4205780579047058
-0.39158176185017624
-0.3610730212117943
-0.3300629217398665
-0.2987692280002534
-0.2660410472158503
-0.23209585960898949
-0.19585073404647346
-0.1485988390477928
-0.10363247330420222
-0.058632045574029235
-0.016974342785601948
0.032732997185064505
0.027368545720023008
1.295119112492749
-1.8247328613367486
-1.7214475797678617
-1.6658890802938586
-1.6290158361550127
-1.5968112344648162
-1.566668148018465
-1.537432998178538
-1.5082837155334872
-1.4796363408289395
-1.4513792691996628
-1.4228594068148368
-1.394155448473299
-1.3660438856912478
-1.3369754052332823
-1.3085992963879036
-1.2865093418868057
-1.272389970151579
-1.2598750206549738
-1.249546070036054
-1.2410388885140975
-1.235030463811114
-1.2286148853382528
-1.2225836988931675
-1.2170043993973678
-1.211656823812291
-1.206055170911803
-1.2018111969809198
-1.201617811586587
-1.201751520455538
-1.2028974092957725
-1.2051942059842418
-1.2069510579951555
-1.2087793860710008
-1.209891815490579
-1.207920224261244
-1.203121076956208
-1.1998023556297994
-1.1935038642073863
-1.164441577264654
-1.1115115788760477
-1.0485934550389686
-0.9020394113428125
-0.664694342178322
-0.47554408379312463
-0.45349751721461473
-0.4258765550437431
-0.3973583047329612
-0.36765265437065864
-0.3377889857129759
-0.308232215650321
-0.2785954877031145
-0.24926085662264086
-0.2201018139012234
-0.18516627312612854
-0.15435540800363867
-0.12440220279935943
-0.09443031162444981
-0.06258499627928416
-0.031044847233005157
2.0170798713598135
1.983495491501673
1.9499111116435317
1.9163267317853907
1.88274235192725
1.849157972069109
1.8155735922109681
1.7819892123528274
1.7484048324946861
1.7148204526365454
1.6812360727784046
1.6476516929202638
1.6140673130621228
1.5804829332039818
1.5468985533458413
1.5133141734877
1.4797297936295593
1.4461454137714185
1.4125610339132773
1.3789766540551367
1.3453922741969957
1.3118078943388547
1.278223514480714
1.244639134622573
1.2110547547644321
1.1774703749062911
1.1438859950481504
1.1103016151900094
1.0767172353318686
1.0431328554737278
1.0095484756155868
0.9759640957574458
0.942379715899305
0.9087953360411641
0.8752109561830232
0.8416265763248822
0.8080421964667414
0.7744578166086006
0.7408734367504597
0.7072890568923188
0.6737046770341777
0.6401202971760368
0.6065359173178959
0.5729515374597551
0.5393671576016142
0.5057827777434736
0.4721983978853324
0.4386140180271915
0.4050296381690507
0.37144525831090985
0.337860878452769
0.3042764985946279
0.2706921187364871
0.2371077388783462
0.20352335902020535
0.16993897916206452
0.13635459930392366
0.1027702194457826
0.06918583958764174
0.03560145972950089
1.7388606156606772
1.709908586409927
1.6809565571591767
1.6520045279084263
1.623052498657676
1.5941004694069256
1.5651484401561755
1.5361964109054254
1.5072443816546748
1.4782923524039246
1.4493403231531743
1.4203882939024242
1.3914362646516738
1.3624842354009237
1.3335322061501735
1.3045801768994232
1.2756281476486728
1.2466761183979227
1.2177240891471721
1.1887720598964222
1.1598200306456719
1.1308680013949215
1.1019159721441711
1.0729639428934208
1.0440119136426707
1.0150598843919203
0.9861078551411702
0.9571558258904197
0.9282037966396696
0.8992517673889194
0.870299738138169
0.8413477088874187
0.8123956796366685
0.7834436503859182
0.754491621135168
0.7255395918844176
0.6965875626336673
0.6676355333829171
0.6386835041321669
0.6097314748814165
0.5807794456306662
0.551827416379916
0.5228753871291657
0.4939233578784155
0.4649713286276652
0.4360192993769151
0.40706727012616456
0.3781152408754143
0.3491632116246641
0.3202111823739139
0.2912591531231637
0.2623071238724132
0.23335509462166296
0.20440306537091274
0.1754510361201625
0.14649900686941225
0.11754697761866201
0.08859494836791158
0.059642919117161346
0.03069088986641111
-16.649999999999977
-16.649999999999977
-16.65000000000009
-16.649999999999977
-16.649999999999977
-16.649999999999977
-16.649999999999977
-16.65000000000009
-16.649999999999977
-16.649999999999977
-16.649999999999977
-16.649999999999977
-16.65000000000009
-16.649999999999864
-16.65000000000009
-16.649999999999977
-16.649999999999977
-16.65000000000009
-16.649999999999864
-16.65000000000009
-16.649999999999977
-16.649999999999977
-16.65000000000009
-16.649999999999864
-16.65000000000009
-16.649999999999977
-16.649999999999977
-16.649999999999977
-16.649999999999977
-16.650000000000034
-16.650000000000034
-16.649999999999977
-16.649999999999977
-16.649999999999977
-16.65000000000009
-16.649999999999977
-16.649999999999977
-16.649999999999977
-16.649999999999977
-16.65000000000009
-16.649999999999977
-16.649999999999977
-16.649999999999977
-16.649999999999977
-16.649999999999977
-16.65000000000009
-16.649999999999977
-16.649999999999977
-16.649999999999977
-16.649999999999977
-16.65000000000009
-16.649999999999977
-16.649999999999977
-16.649999999999977
-16.649999999999977
-16.649999999999977
-16.65000000000009
-16.649999999999977
-16.649999999999977
-16.65000000000009
-16.649999999999977
-16.649999999999977
-16.65000000000009
-16.649999999999977
-16.649999999999977
-16.649999999999977
-16.649999999999977
-16.65000000000009
-16.649999999999977
-16.649999999999977
-16.649999999999977
-16.649999999999977
-16.65000000000009
-16.649999999999864
-16.65000000000009
-16.649999999999977
-16.649999999999977
-16.65000000000009
-16.649999999999864
-16.65000000000009
-16.649999999999977
-16.649999999999977
-16.65000000000009
-16.649999999999864
-16.65000000000009
-16.649999999999977
-16.649999999999977
-16.649999999999977
-16.649999999999977
-16.650000000000034
-16.650000000000034
-16.649999999999977
-16.649999999999977
-16.649999999999977
-16.65000000000009
-16.649999999999977
-16.649999999999977
-16.649999999999977
-16.649999999999977
-16.65000000000009
-16.649999999999977
-16.649999999999977
-16.649999999999977
-16.649999999999977
-16.649999999999977
-16.65000000000009
-16.649999999999977
-16.649999999999977
-16.649999999999977
-16.649999999999977
-16.65000000000009
-16.649999999999977
-16.649999999999977
-16.649999999999977
-16.649999999999977
-16.649999999999977
-16.65000000000009
-16.649999999999977
-16.649999999999977
-16.65000000000009
240.642025377199
242.73601871044565
245.30057260580304
246.0109665301987
246.3400818497936
246.42006318675473
246.32838239073146
246.1061550628907
245.77908305145723
245.36598303609435
244.88028573047072
244.33315852398118
243.73370611453828
243.08947921577288
242.40752607300573
241.6930673274067
240.95394718405424
240.19736092683462
239.42509143889745
238.63642090170018
237.8305797614384
237.00674157278021
236.1640171787998
235.30144811698938
234.41799912836157
233.5125496196905
232.5838838938167
231.63067992255662
230.65149640994724
229.64475781401472
228.60873691014226
227.54153441540555
226.44105504196216
225.30497919752287
224.13072935184758
222.91542978712693
221.65585810641682
220.34838639596612
218.98890934312982
217.5727555372841
216.09457678835759
214.54820921991103
212.92649652400206
211.22107425988398
209.60135586095737
208.4772483787038
207.78347033538927
207.21973005666388
206.70396563857835
206.20873357286754
205.72332146965283
205.25901590365615
204.83860956036278
204.47802155819173
204.16969753812293
203.82974526806953
203.2688213929561
202.2457958018726
201.33374411030337
208.77057212752797
224.1609629404255
240.642025377199
242.73601871044565
245.30057260580304
246.0109665301987
246.3400818497936
246.42006318675473
246.32838239073146
246.1061550628907
245.77908305145723
245.36598303609435
244.88028573047072
244.33315852398118
243.73370611453828
243.08947921577288
242.40752607300573
241.6930673274067
240.95394718405424
240.19736092683462
239.42509143889745
238.63642090170018
237.8305797614384
237.00674157278021
236.1640171787998
235.30144811698938
234.41799912836157
233.5125496196905
232.5838838938167
231.63067992255662
230.65149640994724
229.64475781401472
228.60873691014226
227.54153441540555
226.44105504196216
225.30497919752287
224.13072935184758
222.91542978712693
221.65585810641682
220.34838639596612
218.98890934312982
217.5727555372841
216.09457678835759
214.54820921991103
212.92649652400206
211.22107425988398
209.60135586095737
208.4772483787038
207.78347033538927
207.21973005666388
206.70396563857835
206.20873357286754
205.72332146965283
205.25901590365615
204.83860956036278
204.47802155819173
204.16969753812293
203.82974526806953
203.2688213929561
202.2457958018726
201.33374411030337
208.77057212752797
224.1609629404255
1000.0
983.35
966.7
950.05
933.4
916.75
900.1
883.45
866.8
850.15
833.5
816.85
800.2
783.55
766.9000000000001
750.25
733.6
716.95
700.3
683.6500000000001
667.0
650.35
633.7
617.05
600.4000000000001
583.75
567.1
550.45
533.8000000000001
517.1500000000001
500.50000000000006
483.85
467.20000000000005
450.55000000000007
433.9000000000001
417.25
400.6
383.95000000000005
367.30000000000007
350.6500000000001
334.0
317.35
300.70000000000005
284.05000000000007
267.4000000000001
250.7500000000001
234.10000000000002
217.45000000000005
200.80000000000007
184.1500000000001
167.5000000000001
150.85000000000002
134.20000000000005
117.55000000000007
100.90000000000009
84.25000000000011
67.60000000000014
50.950000000000045
34.30000000000007
17.65000000000009
1.0
1000.0
983.35
966.7
950.05
933.4
916.75
900.1
883.45
866.8
850.15
833.5
816.85
800.2
783.55
766.9000000000001
750.25
733.6
716.95
700.3
683.6500000000001
667.0
650.35
633.7
617.05
600.4000000000001
583.75
567.1
550.45
533.8000000000001
517.1500000000001
500.50000000000006
483.85
467.20000000000005
450.55000000000007
433.9000000000001
417.25
400.6
383.95000000000005
367.30000000000007
350.6500000000001
334.0
317.35
300.70000000000005
284.05000000000007
267.4000000000001
250.7500000000001
234.10000000000002
217.45000000000005
200.80000000000007
184.1500000000001
167.5000000000001
150.85000000000002
134.20000000000005
117.55000000000007
100.90000000000009
84.25000000000011
67.60000000000014
50.950000000000045
34.30000000000007
17.65000000000009
1.0
0.0
122.3310080409507
247.2656991638574
374.6574193280855
504.43604276853875
636.5833284159812
771.107878160986
908.0361677678278
1047.4076646478568
1189.274279417884
1333.696618579865
1480.7468227447946
1630.5048321378563
1783.0619091179829
1938.5180717608087
2096.9841200306614
2258.584881752091
2423.4571210126983
2591.746986938568
2763.6109036642406
2939.2165692647936
3118.744079388537
3302.387195542517
3490.354782027938
3682.872438326453
3880.1843596143444
4082.555465735225
4290.273847762529
4503.653587125297
4723.038019604215
4948.80353505247
5181.36401757875
5421.176063896495
5668.745150243539
5924.632961660273
6189.466163024881
6463.946966140557
6748.865951404823
7045.117732065269
7353.720283167962
7675.839060818737
8012.817272221486
8366.214391268359
8737.853163301228
9130.620626702572
9548.790450730768
9996.493889140653
10478.624365591128
11001.173817055318
11571.871974719254
12200.769361200444
12901.633102117748
13693.649912966172
14604.972994715105
15678.63973755023
16985.29800666399
18652.917731595007
20956.99369633822
24728.292875963438
36037.39268548817
47346.49249501298
0.0
122.3310080409507
247.2656991638574
374.6574193280855
504.43604276853875
636.5833284159812
771.107878160986
908.0361677678278
1047.4076646478568
1189.274279417884
1333.696618579865
1480.7468227447946
1630.5048321378563
1783.0619091179829
1938.5180717608087
2096.9841200306614
2258.584881752091
2423.4571210126983
2591.746986938568
2763.6109036642406
2939.2165692647936
3118.744079388537
3302.387195542517
3490.354782027938
3682.872438326453
3880.1843596143444
4082.555465735225
4290.273847762529
4503.653587125297
4723.038019604215
4948.80353505247
5181.36401757875
5421.176063896495
5668.745150243539
5924.632961660273
6189.466163024881
6463.946966140557
6748.865951404823
7045.117732065269
7353.720283167962
7675.839060818737
8012.817272221486
8366.214391268359
8737.853163301228
9130.620626702572
9548.790450730768
9996.493889140653
10478.624365591128
11001.173817055318
11571.871974719254
12200.769361200444
12901.633102117748
13693.649912966172
14604.972994715105
15678.63973755023
16985.29800666399
18652.917731595007
20956.99369633822
24728.292875963438
36037.39268548817
47346.49249501298
242.43174295401005
243.23707176655154
245.96625634362752
247.5046960361094
248.5676186686993
249.29162922534337
249.7564902946943
250.0117396149309
250.0930486046572
250.02779276575706
249.83696479029342
249.53993419955074
249.15247102102398
248.6890977101992
248.16347728074095
247.58546805837358
246.96671281813366
246.32188270192376
245.65776178557599
244.97716098302516
244.28428749003578
243.58079978263845
242.86923506760678
242.15090480616462
241.42732375336254
240.69969793034787
239.96886950499848
239.23636760098861
238.50227428414945
237.76697336196546
237.0321993105204
236.298537493885
235.56632768665855
234.83646851841002
234.11060271344553
270.6827139572008
270.11978458250803
269.56534392590305
269.02395559839385
268.49807618021794
267.9903144103372
267.5023755424113
267.0331830859801
266.5862382219465
266.1851714122285
265.9093296616565
265.793115285282
265.7636919528797
265.7923128027799
265.857264725498
265.95113164754116
266.0620584812787
266.1797149702138
266.2952521108216
266.4000639571128
266.47482262715346
266.5021550233901
266.4615101656762
266.4059473680776
266.7803487601167
268.3933394278335
259.41693243484127
260.35464786622634
263.2179180502786
264.892265259412
266.09212516045284
266.9540983620275
267.5580067667537
267.95348463956077
268.17631375277415
268.25398397484844
268.20760452170657
268.05665813146175
267.81702577568615
267.5033382452634
267.1293637825153
266.70506263853287
266.2421779608528
265.7554775130383
265.25183988282606
264.7341689302866
264.2067634106014
263.671373244401
263.13062696643823
262.5859276181538
262.0388835293056
261.49079468766837
260.9425980874505
260.3959205849045
259.85094377837294
259.30815274999077
258.76938696557806
258.23533759460986
257.7064520316044
257.1837387498487
256.66894664079314
256.16274955315566
255.66681632298128
255.1817242903021
254.70795706302104
254.24721428968877
253.80183673954673
253.37358508881445
252.96166765638088
252.56962473087555
252.22139917236126
251.99678590442966
251.93083745109283
251.95110413193666
252.02906898492284
252.14337592696404
252.28697880259057
252.44862900780663
252.6193432715608
252.79178065903932
252.9597809158423
253.10916919419242
253.22437836126858
253.28574167787468
253.34299953797273
253.84718327903363
255.552450703258
190.1513966853593
190.8592286196951
193.4946217508091
194.9449083376503
195.9195835910482
196.5542713136198
196.9280635112075
197.0900980426571
197.0757930892827
196.9123341378609
196.620603060413
196.2198819790981
195.7258774449809
195.1530782715602
194.5151252165204
193.8218844242139
193.0850038673136
192.3191655112287
191.531198407017
190.7239704569514
189.901706668186
189.0660832837934
188.2196471847413
187.3637117362146
186.4997835525836
185.6290623472628
184.7523821842274
183.8712472666187
182.9857112744941
182.0961219550816
181.2041397881935
180.310278239952
179.4147935806323
178.5184858114464
177.6228939678692
173.0848933769439
172.2463993501397
171.3961599852545
170.5412360345118
169.6854867828079
168.8325784085849
167.985056361288
167.1424246399356
166.3088957956455
165.5087598395148
164.8218631024583
164.2836186655435
163.8213568498235
163.4060660367412
163.0164281394701
162.6455090273332
162.2829501992315
161.9229548255329
161.5613000994391
161.197153119149
160.8280318518551
160.4392498574549
160.0095301105425
159.5743252790557
159.594333440233
160.6215162265786
190.1513966853593
190.8592286196951
193.4946217508091
194.9449083376503
195.9195835910482
196.5542713136198
196.9280635112075
197.0900980426571
197.0757930892827
196.9123341378609
196.620603060413
196.2198819790981
195.7258774449809
195.1530782715602
194.5151252165204
193.8218844242139
193.0850038673136
192.3191655112287
191.531198407017
190.7239704569514
189.901706668186
189.0660832837934
188.2196471847413
187.3637117362146
186.4997835525836
185.6290623472628
184.7523821842274
183.8712472666187
182.9857112744941
182.0961219550816
181.2041397881935
180.310278239952
179.4147935806323
178.5184858114464
177.6228939678692
176.7284652230008
175.8366096042329
174.9477114110123
174.0620336321771
173.1809702183915
172.3068256019825
171.4412064293762
170.5829657561221
169.7358571761445
168.9237360691832
168.2259847853602
167.6775305176909
167.2055414156101
166.7809578432608
166.3822880233484
166.0025222160415
165.6311372294162
165.2619382496496
164.890532077587
164.5159210118812
164.1357453636658
163.7358479854423
163.2957107699078
162.851758783102
162.8646723563606
163.8892960357783
52.28034626865075
52.37784314685642
52.47163459281841
52.55978769845912
52.64803507765112
52.73735791172357
52.82842678348679
52.92164157227377
53.0172555153745
53.11545862789613
53.21636172988041
53.32005222045265
53.42659357604306
53.53601943863902
53.64835206422054
53.76358363415968
53.88170895082006
54.00271719069504
54.12656337855898
54.25319052607376
54.38258082184978
54.51471649884506
54.6495878828655
54.78719306995
54.92754020077895
55.07063558308508
55.21648732077107
55.36512033436991
55.51656300965534
55.67085140688386
55.82805952232693
55.98825925393299
56.15153410602626
56.31798270696363
56.48770874557633
97.5978205802569
97.8733852323683
98.16918394064852
98.48271956388203
98.81258939741
99.1577360017523
99.51731918112333
99.89075844604454
100.277342426301
100.6764115727137
101.0874665591982
101.5094966197385
101.9423351030562
102.3862467660387
102.8408365860279
103.305622620208
103.7791082820472
104.2567601446809
104.7339520113825
105.2029108379638
105.6467907752984
106.0629051659352
106.4519800551337
106.8316220890219
107.1860153198837
107.7718232012549
69.26553574948198
69.49541924653123
69.72329629946952
69.94735692176168
70.17254156940463
70.39982704840764
70.62994325554615
70.86338659690367
71.10052066349144
71.34164983698756
71.5870014612936
71.83677615236367
72.09114833070521
72.3502599737032
72.61423856599492
72.88317821431896
73.15717409353924
73.43631200180954
73.72064147580905
74.01019847333524
74.30505674241543
74.60528996060762
74.91097978169695
75.22221588193919
75.53909997672203
75.86173234040557
76.1902159032231
76.5246733182858
76.86523250387884
77.21203079490915
77.56524717738458
77.92505935465783
78.29165845097208
78.6652529384023
79.04605267292395
79.43428433015487
79.83020671874839
80.2340128792898
80.64592343084394
81.06624407129728
81.49501113756423
81.93237865943826
82.3787019002588
82.83376755473105
83.29766310317805
83.77080111906945
84.25330693340192
84.74556271632656
85.24811114166204
85.76108790361565
86.28445658654904
86.81749177839045
87.35740502191119
87.90124858145232
88.44385990396108
88.97342383052663
89.4885303758263
89.99003090796688
90.4912407548707
90.98251092267304
91.66315466747967
213.43638123805795
215.5115591266192
216.38828172501286
216.16959800409805
215.52737739788608
214.5800068566923
213.40298267264134
212.04405866210482
210.5382503808521
208.91297509647256
207.18892737331288
205.38533010390466
203.51838256811277
201.60294993408473
199.65241856621472
197.67776086605645
195.69038706106187
193.69894654794473
191.7025795874287
189.7023285043632
187.7003902668026
185.69699988816586
183.69266993882854
181.6893963839015
179.68873978240418
177.69181979469747
175.69948757548377
173.71358309642875
171.73335874375192
169.7557719694595
167.78331853910896
165.8167976746202
163.85713679898177
161.90822074400506
159.97858932416764
190.87372012426084
189.11302375723378
187.36946392213693
185.6419451866124
183.935055856437
182.2738261072321
180.6838147136744
179.17415029726564
177.83196095777862
176.77193172905865
176.02561217949275
175.46091001190598
175.01090862159901
174.64794770964915
174.3518266111553
174.11563061145867
173.92778821719585
173.77940365891527
173.662844939914
173.57180605215882
173.49796588315158
173.42166580608395
173.3223889027961
173.24985176241185
173.65698615163615
175.2973453650729
237.8073580273753
240.0401925712531
241.0787298939687
241.03162952333417
240.5656003440813
239.7985577095008
238.8056548797621
237.63446460455089
236.3198607195857
234.88924722612649
233.36323143215571
231.76090577271128
230.0984140101207
228.39057103122468
226.65055268278542
224.8892761335697
223.1177921595017
221.34458236980024
219.5685547694365
217.7910087962422
216.01405720652087
214.2376281518064
212.46185141003247
210.68853717640974
208.9189093886685
207.15381614763382
205.3939627236038
203.6412300501459
201.89444204663332
200.1500332066646
198.40951590179648
196.67256912153243
194.93848935254272
193.20882501279192
191.48525351766534
189.76916461453715
188.0653111601017
186.37709805046623
184.7035284675554
183.04928183001573
181.439462702609
179.8996994730008
178.43918858552826
177.14510624868
176.13218634798747
175.43202899626263
174.91258302571117
174.50697315151132
174.18757969976446
173.9342339874352
173.74004787734856
173.59346586691436
173.48558464296548
173.40876117382135
173.3566596167231
173.32088162194708
173.28173538101956
173.21869649482628
173.18152404329996
173.62312278808156
175.2973453650729
121.7164757493625
123.5832217186746
124.2325948530661
123.757891871424
122.8471685446991
121.621216059616
120.1574423266802
118.5048983037716
116.6995785672576
114.769828261242
112.7370599374496
110.6212434987048
108.439327837932
106.2068569302648
103.9379139844926
101.6440144692093
99.33713611227257
97.02649720237778
94.71145452905253
92.39301581712411
90.0736623855983
87.75382574387599
85.43421314161019
83.11701860208203
80.80399499817727
78.49629295393324
76.19463427737956
73.90076381123373
71.6136668250469
69.3298747492718
67.05198843164678
64.78062774017852
62.51647919841687
60.26314289221986
58.02881585393333
45.22001748167094
42.77421479338168
40.34068027989641
37.9173526371485
35.50886679786652
33.14288965762329
30.84765922536719
28.63322140385725
26.59481774019491
24.85022970038136
23.42844895924883
22.18525400821297
21.04612825934581
19.97941575835026
18.95738538493619
17.96639335042827
16.98211805494996
15.96985281413887
14.89390318551743
13.7026638975086
12.33693232617077
10.69506271162067
8.679225925036878
6.275426629660944
3.501830519250745
0.0
116.2888745819844
118.1075549849679
118.6943813414191
118.1386318048768
117.1376812404283
115.8137024312578
114.2452036401631
112.4819563081977
110.5604379462483
108.509578526506
106.351109167481
104.1053312865705
101.7896314488695
99.41995528178688
97.0106848170385
94.5736648034708
92.1209864787094
89.66220815068274
87.19659576136543
84.72525132135402
82.25081465291288
79.77357778267219
77.29405244656807
74.81446817533656
72.33649027076181
69.86107250763462
67.3886803346061
64.92107112953342
62.45661564539321
59.9909543480227
57.52623683762628
55.06215826743995
52.59795485844394
50.13509226678302
47.67527593063244
45.22001748167094
42.77421479338168
40.34068027989641
37.9173526371485
35.50886679786652
33.14288965762329
30.84765922536719
28.63322140385725
26.59481774019491
24.85022970038136
23.42844895924883
22.18525400821297
21.04612825934581
19.97941575835026
18.95738538493619
17.96639335042827
16.98211805494996
15.96985281413887
14.89390318551743
13.7026638975086
12.33693232617077
10.69506271162067
8.679225925036878
6.275426629660944
3.501830519250745
0.0
91.71990548869543
91.9283374079446
92.15568687194674
92.41170613267406
92.68020885318697
92.9587907970763
93.24554034596115
93.5391603583332
93.83867181359452
94.14314683523055
94.45186743586328
94.76408660519985
95.07905473018079
95.39609300381994
95.71450458172212
96.03374639684715
96.35325094878931
96.67244934556695
96.99112505837616
97.30931268723909
97.6267278812043
97.94317414428988
98.25845679721834
98.57237778181948
98.88474478422692
99.19552684076423
99.50485329810421
99.81281928519503
100.119691918705
100.4258972201877
100.7313301074622
101.0361699344417
101.3406576005649
101.6450778517852
101.9497734702343
145.6537026425899
146.3388089638521
147.0287836422405
147.7245925494639
148.4261890585705
149.1309364496088
149.8361554883072
150.5409288934084
151.2371432175837
151.9217020286773
152.5971632202439
153.275656003693
153.9647803622532
154.6685319512989
155.3944412262191
156.1492372610304
156.9456701622459
157.8095508447764
158.7689417543966
159.8691421546502
161.1610335569808
162.7266030944633
164.6431629777592
166.9744251327509
170.1551556323854
175.2973453650729
121.5184834453909
121.9326375862852
122.3843485525496
122.8929977184574
123.427919103653
123.984855278243
124.560451239599
125.1525082963532
125.7594227733374
126.3796686996205
127.0121222646747
127.6555744861408
128.3087825612512
128.9706157494378
129.6398678657469
130.3156113300989
130.9968056807923
131.6823742191175
132.3719590080711
133.0657574748882
133.763242553608
134.4640503691342
135.1677989634644
135.8740690010732
136.5824191179067
137.2927436399992
138.0052823889977
138.7201589206125
139.4378264012401
140.1590788586419
140.8832790641702
141.6104108540925
142.3405344940988
143.0737327460089
143.8099775870329
144.5491471328662
145.29109636672
146.0364177705698
146.7861758304069
147.5404150321492
148.2965730449857
149.0520402476336
149.805967181671
150.5502885084851
151.2819566476061
152.0035800370138
152.7273290174982
153.4608448921655
154.2081639414142
154.976848602499
155.7736545269203
156.6113478119644
157.5157318288266
158.5148579883039
159.6539957192145
160.9839492957763
162.5866726693989
164.5394705697894
166.906097413639
170.1212922688308
175.2973453650729
-28.995361715952107
-27.725512639932376
-29.57797461861466
-31.335098032011437
-33.04024127081327
-34.71162236865112
-36.353507622052874
-37.967680952826065
-39.55479822380514
-41.114817669284406
-42.648037416980536
-44.15460409564618
-45.63408845291121
-47.08614777611447
-48.51105871452625
-49.907707192317126
-51.276325757071724
-52.62293615397897
-53.955182198147305
-55.27483247866193
-56.58389722323319
-57.883799894472574
-59.176565128778265
-60.46150842226301
-61.73858397095842
-63.00787813565046
-64.26938192951475
-65.52278450455985
-66.76891554039751
-68.01120139250594
-69.24888077141154
-70.48173981926473
-71.70919088767678
-72.92824777440498
-74.13201338927797
-79.80899383294005
-81.00676082527426
-82.19588000376615
-83.38201041178141
-84.56302032378076
-85.7164883031051
-86.81856082873686
-87.85903278871454
-88.75427726416785
-89.41323968316983
-89.88371748216375
-90.33220527337598
-90.75278333128068
-91.14436509313086
-91.50543811434265
-91.83550103608252
-92.13427026408277
-92.40031131129862
-92.63240717090761
-92.82825790495409
-92.97685674400188
-93.08048921730608
-93.13912126288011
-93.15609560566571
-93.12336260848065
-93.09599406276062
-21.609574407465907
-20.314455294973158
-22.139188156309906
-23.860635736077768
-25.526524816371627
-27.15554065252664
-28.752351886991455
-30.31902003500992
-31.85645303318846
-33.364736748721946
-34.844373089550885
-36.29575235875055
-37.718611765565385
-39.11276721403868
-40.47881109972993
-41.815786504963214
-43.12438580135112
-44.41089514323792
-45.6832851133895
-46.943160134044476
-48.19270620408053
-49.43374509259463
-50.66877555640574
-51.897390441743994
-53.11997414063716
-54.33697854003453
-55.54863536384682
-56.75469053475862
-57.95650173173954
-59.15811954332613
-60.35987106378167
-61.56276847307744
-62.76796267906168
-63.97491373705684
-65.18369312312784
-66.39358493861842
-67.60150516287966
-68.80462623983587
-70.00442859546567
-71.19793245967305
-72.36237403693771
-73.47388561581376
-74.52247907085273
-75.42451848219554
-76.08921282437386
-76.56475690816698
-77.0182544253816
-77.44413098042534
-77.8414892851583
-78.20914193952896
-78.54693092524194
-78.85516314089226
-79.13375862859537
-79.38301948521801
-79.60312129911924
-79.78828757224537
-79.942642980249
-80.06704518304836
-80.16147549467281
-80.2240604909521
-80.2551053381851
68.43492093599679
67.27600690102054
69.262026897743
71.18701646622637
73.07241504634911
74.93305525400386
76.77062118452724
78.5851997388855
80.37621452202517
82.14250587661883
83.8835431229634
85.59863848039338
87.28654960704894
88.94622134129538
90.57721123202782
92.1778699550046
93.74786775504097
95.29266830885089
96.81974387796448
98.33095463982725
99.8280442825877
101.3122575399174
102.7854340431311
104.2466931341325
105.6957885544064
107.1327693933296
108.5577479068479
109.970483455385
111.3720444494472
112.7662472058098
114.1521513565468
115.5296504997735
116.8983143822154
118.2553429192266
119.5940781139359
127.864875895273
129.4721845567581
131.0554797053581
132.6238833973633
134.1766199849413
135.6896887509616
137.1373971359208
138.5092032360784
139.7140780554506
140.6585301391334
141.3934141432094
142.0983646573305
142.7752285904777
143.426650278391
144.0590427545339
144.6791156769049
145.3008321442815
145.9531020113941
146.6673969139217
147.4944892216404
148.4910995256843
149.7441871458342
151.3303041855056
153.2988986493947
156.0925029209823
160.6215162265786
73.86252210337484
72.75167363472714
74.80024040938996
76.80627653277351
78.78190235061994
80.74056888236203
82.68285987104434
84.60814173445941
86.5153551430344
88.40275561135485
90.269493892932
92.11455069252763
93.93624599611135
95.7331229897733
97.5044403994819
99.2482196207431
100.9640173886042
102.6569573605459
104.3346026456516
105.9987191355974
107.6508920152731
109.2925055011212
110.9255947381732
112.549243560878
114.1632932818218
115.7679898396282
117.3637018496214
118.9501761370853
120.5290956291008
122.1051676070589
123.6779029505673
125.2481199725121
126.8168387221884
128.3833935446634
129.9476180372368
131.5084477413298
133.0623948108513
134.6070311311159
136.1446809950286
137.672103420525
139.1639359443592
140.5935472040091
141.9497443522649
143.1410394359496
144.0735063688019
144.7975358261113
145.4922765094779
146.1594131562643
146.8015420849105
147.4249026384123
148.0361288656132
148.6490191744662
149.2920854355108
149.9966288920696
150.8132571143727
151.798813037495
153.0407852738216
154.6164848448709
156.5763321534411
159.3628418371099
163.8892960357783
39.43955922004468
39.55049426108816
39.68405227912834
39.85191843421493
40.03217377553584
40.22143288535274
40.41711356247437
40.61751878605944
40.82141629822002
41.02768820733442
41.23550570598287
41.4440343847472
41.65246115413773
41.86007356518091
42.06615251750157
42.27016276268747
42.47154199796925
42.66973215487192
42.86456167981718
43.05612216116533
43.24414705935451
43.42845764544482
43.60886891435284
43.78518471186949
43.95720458344798
44.12489125767914
44.28836597733314
44.44769895082514
44.60312890904969
44.75504581330387
44.90327058513525
45.04791068050876
45.18912349453863
45.32709514482162
45.46206472465792
48.05588206233296
48.46542373148383
48.85959970159194
49.2418729855819
49.61359966116054
49.97320044785651
50.31883630718393
50.65017044736386
50.95980079128276
51.24529045596357
51.50969666104567
51.76615938395453
52.02244525919701
52.28228518526014
52.55360464019124
52.84361464082238
53.16656188019872
53.55279070009547
54.03498974301409
54.66623131668632
55.51424278168241
56.66369792852811
58.1911829226255
60.14280304372898
62.96914031250165
67.52552216381797
52.25294769590894
52.43721833975398
52.66105225308005
52.94564079669574
53.25537753424832
53.58502822983539
53.93050798405289
54.28912169944949
54.65890210984594
55.0380188626329
55.42512080338112
55.81879833377708
56.21763423054597
56.62035577573462
57.02562929975196
57.43243311577989
57.83963158725309
58.24606221730798
58.6513175322621
59.05555900155292
59.45818581119257
59.85876040852657
60.25681918176746
60.651853119134
61.04331914118463
61.43101129959367
61.81506648577459
62.19548560232667
62.57259389736125
62.94704806373277
63.31803188678563
63.68535149943466
64.04887604312671
64.40847980760655
64.76392491410896
65.11486280271139
65.46088964797163
65.80240489128002
66.14025239956294
66.47417096085194
66.80156190742149
67.11966158819534
67.42726528141218
67.71652095375407
67.98429354442804
68.23277891794432
68.4740220840963
68.71528217583895
68.96005279975219
69.21576069888334
69.48919794037126
69.79385603357393
70.15832680691544
70.61360940685158
71.21013581525347
72.01052546524963
73.0981422935726
74.54943966182255
76.41485665876827
79.1387813461578
83.6341906975932
0.680428967407138
-0.8925383730207808
-0.8308306491890748
-0.7980299822670557
-0.7753955462535919
-0.7556846068896024
-0.7373837037643622
-0.7197879506743222
-0.7025325096563141
-0.6856930971139537
-0.669219758313927
-0.6528354531698924
-0.6365617521383744
-0.6207399082417057
-0.6046004682774786
-0.5888695963054981
-0.5764954842968577
-0.5681128657063274
-0.5605906514071592
-0.5542562009874101
-0.5487740269199446
-0.5444586740054282
-0.5399552307533843
-0.5356023102351709
-0.5313786407155241
-0.5271424489913563
-0.5227839073427284
-0.51880170039494
-0.5164197459549589
-0.5139751626941598
-0.5115749452082466
-0.5090231152827358
-0.5051166602486183
-0.4979582643171482
-4.011577147528752
-0.6387738778817684
-0.6288969043005999
-0.623212857860237
-0.6172683144454935
-0.600483702780986
-0.572085667268422
-0.5389584020665524
-0.4637015627598069
-0.342677016004663
-0.2462991674233021
-0.23480753163714702
-0.22057210819430972
-0.20590538968137817
-0.1907228330829661
-0.1754963764911361
-0.16050451228993728
-0.14566466016005292
-0.1310542965652631
-0.11660033653061741
-0.0991385196944915
-0.08347141864554986
-0.06783005566316946
-0.05167065642939417
-0.03443017299502604
-0.015594049153476952
0.0
0.6560820614510694
-0.9242205238137007
-0.8718835900143159
-0.8437332630006765
-0.8250493395212926
-0.8087315454154121
-0.7934588373892911
-0.7786466560177572
-0.7638785506490087
-0.749365108434241
-0.7350498161289752
-0.7206018610764298
-0.7060610590815821
-0.6918207498613747
-0.6770960525029488
-0.6627224264325867
-0.651533328582065
-0.6443817416419975
-0.6380427999230625
-0.6328113345882461
-0.6285027985525398
-0.6254601182685767
-0.6222113618678367
-0.6191574860549682
-0.6163325723324018
-0.6136249914794498
-0.6107887112113217
-0.6086400399801466
-0.608542926283645
-0.6086117565703683
-0.6091933533037217
-0.6103579670415684
-0.6112491196613077
-0.6121765529703785
-0.6127414690274441
-0.611744348003256
-0.6093148431755819
-0.6076349583876858
-0.6044457978159438
-0.5897267965202448
-0.562918834509829
-0.5310519169660183
-0.45682294729878414
-0.3366061140590551
-0.24080095634399212
-0.22963589197501433
-0.2156448943003848
-0.20119827909828847
-0.1861478454578344
-0.1710152131182713
-0.1560337514534107
-0.14100270881919313
-0.1261148449770955
-0.1112999079079896
-0.09353908556196844
-0.07784108438998638
-0.06255324009193453
-0.04723991350467094
-0.030836513790541087
-0.014297771163582773
0.0
0.5870308658772477
-1.005989230555313
-0.9750751644099289
-0.9550209313289182
-0.9424799417568221
-0.9307920059176485
-0.9191480884852906
-0.9072122066128577
-0.8946889173706928
-0.881896820127067
-0.8687563376991863
-0.854986565267329
-0.8406823162225521
-0.8261539500756198
-0.8107901429826629
-0.795259303249015
-0.7824960086269589
-0.7735176782246025
-0.7654815933586424
-0.7583287480883055
-0.7518064043590654
-0.7462158988256808
-0.7401793088813134
-0.7340179803064868
-0.7278815172338255
-0.7218019157600946
-0.7156004218469104
-0.7099401155676955
-0.7062129084429941
-0.7020093717707638
-0.697751938788211
-0.6932765673350832
-0.6873828541718524
-0.678116630580476
-4.18945101754105
-0.8141585715655943
-0.8019948796641948
-0.7944518312626629
-0.786515889855341
-0.7664227380479519
-0.7333153979602397
-0.694868211521578
-0.6103116254901666
-0.4783983175035641
-0.3722446878822327
-0.3570823186325373
-0.3428554739736108
-0.3299680787063768
-0.3203291112546004
-0.3140888224154986
-0.3149213359744238
-0.3303977114096821
-0.36181558119716
-0.4189514484311793
-0.5048182971889428
-0.6347331108918157
-0.8034242670984961
-0.9971625830915364
-1.415059171754723
-2.294105103669909
0.0
0.5626839599211793
-1.037671381348233
-1.01612810523517
-1.000724212062539
-0.9921337350245228
-0.9838389444434583
-0.9752232221102195
-0.9660709119562927
-0.9560349583633874
-0.9455688314473544
-0.9345863955142345
-0.9227529731738663
-0.9101816231657597
-0.8972347916952887
-0.8832857272081331
-0.8691121333761036
-0.8575338529121662
-0.8497865541602726
-0.8429337418745456
-0.8368838816891415
-0.8315351759916606
-0.8272173430888293
-0.8224354399957658
-0.8175731561262841
-0.8128354488507032
-0.8082844582481881
-0.8036052257155037
-0.7997784551529021
-0.7983360887716804
-0.7966459656469723
-0.795370346883686
-0.7946114190939159
-0.7935153135845417
-0.7923349192337064
-0.7906153390397431
-0.787129041687082
-0.7824128185391768
-0.7788739317901118
-0.7736933732257913
-0.7556658317872108
-0.7241485652016467
-0.6869617264210438
-0.6034330100291438
-0.4723274155579562
-0.3667464768029227
-0.3519106789704046
-0.3379282600796859
-0.3252609681232871
-0.3157541236294687
-0.3096076590426338
-0.3104505751378972
-0.3257357600688223
-0.3568761296089924
-0.4136510198085515
-0.4992188630564197
-0.6291027766362522
-0.7981474515272612
-0.9927318401668132
-1.411465512550238
-2.292808825680015
0.0
0.0933981015298902
0.1134508575345323
0.1442445152208541
0.1569909490618625
0.1670843955032303
0.1751073990280462
0.1817643847209284
0.1874242559385355
0.1921564077143787
0.1962037230131134
0.1995365793852593
0.2021511120974365
0.2041205640841776
0.2054140418339141
0.2061896747051844
0.2063897069435169
0.2060005243301012
0.2054048125182751
0.2048909419514832
0.2040725471008954
0.2030323774391209
0.2017572248202526
0.2002240781279292
0.1984156700713159
0.1965028765183015
0.1946594667687383
0.192816514504182
0.1911384151727555
0.1897931624880353
0.1880342090766041
0.1861769935799643
0.1842534520523474
0.182266193923234
0.1801583662633278
0.177873870012299
0.1753846936838259
0.1730979753635949
0.171238973402426
0.1692475754098476
0.1659390352669659
0.1612297306918177
0.1559098094550255
0.1466100627303597
0.1357213014989011
0.1259455204589306
0.1222747869953903
0.1222833657793011
0.1240626890249986
0.1296062781716343
0.1385924459243625
0.1544168236844865
0.1847330512496292
0.2307612846318969
0.3023511119005619
0.4056797774944513
0.5512616922462659
0.7355942114353267
0.9454919266621422
1.380628998759697
2.278511054516432
0.0
0.0933981015298902
0.1134508575345323
0.1442445152208541
0.1569909490618625
0.1670843955032303
0.1751073990280462
0.1817643847209284
0.1874242559385355
0.1921564077143787
0.1962037230131134
0.1995365793852593
0.2021511120974365
0.2041205640841776
0.2054140418339141
0.2061896747051844
0.2063897069435169
0.2060005243301012
0.2054048125182751
0.2048909419514832
0.2040725471008954
0.2030323774391209
0.2017572248202526
0.2002240781279292
0.1984156700713159
0.1965028765183015
0.1946594667687383
0.192816514504182
0.1911384151727555
0.1897931624880353
0.1880342090766041
0.1861769935799643
0.1842534520523474
0.182266193923234
0.1801583662633278
0.177873870012299
0.1753846936838259
0.1730979753635949
0.171238973402426
0.1692475754098476
0.1659390352669659
0.1612297306918177
0.1559098094550255
0.1466100627303597
0.1357213014989011
0.1259455204589306
0.1222747869953903
0.1222833657793011
0.1240626890249986
0.1296062781716343
0.1385924459243625
0.1544168236844865
0.1847330512496292
0.2307612846318969
0.3023511119005619
0.4056797774944513
0.5512616922462659
0.7355942114353267
0.9454919266621422
1.380628998759697
2.278511054516432
0.0
1.0
0.0
0.0
0.0
0.0
0.0
0.0
0.0
0.0
0.0
0.0
0.0
0.0
0.0
0.0
0.0
0.0
1.0
1.0
1.0
1.0
1.0
1.0
1.0
1.0
1.0
1.0
1.0
1.0
1.0
1.0
1.0
1.0
1.0
1.0
1.0
1.0
1.0
1.0
1.0
1.0
1.0
1.0
1.0
0.0
0.0
0.0
0.0
0.0
0.0
0.0
0.0
0.0
0.0
0.0
0.0
0.0
0.0
0.0
0.0
0.0
1.0
0.0
0.0
0.0
0.0
0.0
0.0
0.0
0.0
0.0
0.0
0.0
0.0
0.0
0.0
0.0
0.0
1.0
1.0
1.0
1.0
1.0
1.0
1.0
1.0
1.0
1.0
1.0
1.0
1.0
1.0
1.0
1.0
1.0
1.0
1.0
1.0
1.0
1.0
1.0
1.0
1.0
1.0
1.0
0.0
0.0
0.0
0.0
0.0
0.0
0.0
0.0
0.0
0.0
0.0
0.0
0.0
0.0
0.0
0.0
0.0
1.0
1.0
1.0
1.0
1.0
1.0
1.0
1.0
1.0
1.0
1.0
1.0
1.0
1.0
1.0
1.0
0.4298603249408176
0.4298603249408176
0.4298603249408176
0.4298603249408176
0.4298603249408176
0.4298603249408176
0.4298603249408176
0.4298603249408176
0.4298603249408176
0.4298603249408176
0.4298603249408176
0.4298603249408176
0.4298603249408176
0.4298603249408176
0.4298603249408176
0.4298603249408176
0.4298603249408176
0.4298603249408176
0.4298603249408176
0.4298603249408176
0.4298603249408176
0.4298603249408176
0.4298603249408176
0.4298603249408176
0.4298603249408176
0.4298603249408176
0.4298603249408176
0.4298603249408176
0.4298603249408176
1.0
1.0
1.0
1.0
1.0
1.0
1.0
1.0
1.0
1.0
1.0
1.0
1.0
1.0
1.0
1.0
1.0
1.0
1.0
1.0
1.0
1.0
1.0
1.0
1.0
1.0
1.0
1.0
1.0
0.00022322746515013902
0.0002735358543811186
0.00034834124055190614
0.00037219306804179707
0.000386589630621636
0.0003936016343144828
0.00039547903726410945
0.00039351218503173337
0.00038816473469519285
0.0003801300962099319
0.00036993596419907345
0.00035790780022916264
0.00034449983862721765
0.0003299440814658296
0.0003147656091480394
0.00029917898655643305
0.00028326917837101045
0.0002677479724218499
0.000252592067982196
0.00023767917883957192
0.00022325693547178943
0.00020931552830163013
0.00019584660119093713
0.000182865378083061
0.00017054572340829887
0.00015896055618836642
0.00014779943378260893
0.0001374866903314689
0.0001280758021159767
0.00011895399082705805
0.00011035914861295333
0.0001022701005622553
9.441681431950333e-05
8.68721844231376e-05
7.962719987348731e-05
7.263197828141036e-05
6.596031753098455e-05
5.959331237803682e-05
5.349313956696374e-05
4.708553927340285e-05
4.07905070404343e-05
3.5019940928724135e-05
2.8338818673077157e-05
2.195614076761598e-05
1.7032806105101695e-05
1.3798470574963083e-05
1.1668379685035801e-05
1.0072679656685398e-05
8.91315509483389e-06
8.073095907387377e-06
7.701222346106473e-06
7.864777316862139e-06
8.413163513502596e-06
9.470246569176298e-06
1.0745517239001922e-05
1.251716500721296e-05
1.5216530839044787e-05
1.792667261529142e-05
1.5565064446043002e-05
9.691874727274787e-09
0.00022322746515013902
0.0002735358543811186
0.00034834124055190614
0.00037219306804179707
0.000386589630621636
0.0003936016343144828
0.00039547903726410945
0.00039351218503173337
0.00038816473469519285
0.0003801300962099319
0.00036993596419907345
0.00035790780022916264
0.00034449983862721765
0.0003299440814658296
0.0003147656091480394
0.00029917898655643305
0.00028326917837101045
0.0002677479724218499
0.000252592067982196
0.00023767917883957192
0.00022325693547178943
0.00020931552830163013
0.00019584660119093713
0.000182865378083061
0.00017054572340829887
0.00015896055618836642
0.00014779943378260893
0.0001374866903314689
0.0001280758021159767
0.00011895399082705805
0.00011035914861295333
0.0001022701005622553
9.441681431950333e-05
8.68721844231376e-05
7.962719987348731e-05
7.263197828141036e-05
6.596031753098455e-05
5.959331237803682e-05
5.349313956696374e-05
4.708553927340285e-05
4.07905070404343e-05
3.5019940928724135e-05
2.8338818673077157e-05
2.195614076761598e-05
1.7032806105101695e-05
1.3798470574963083e-05
1.1668379685035801e-05
1.0072679656685398e-05
8.91315509483389e-06
8.073095907387377e-06
7.701222346106473e-06
7.864777316862139e-06
8.413163513502596e-06
9.470246569176298e-06
1.0745517239001922e-05
1.251716500721296e-05
1.5216530839044787e-05
1.792667261529142e-05
1.5565064446043002e-05
9.691874727274787e-09
0.0004
0.0004
0.0004
0.0004
0.0004
0.0004
0.0004
0.0004
0.0004
0.0004
0.0004
0.0004
0.0004
0.0004
0.0004
0.0004
0.0004
0.0004
0.0004
0.0004
0.0004
0.0004
0.0004
0.0004
0.0004
0.0004
0.0004
0.0004
0.0004
0.0004
0.0004
0.0004
0.0004
0.0004
0.0004
0.0004
0.0004
0.0004
0.0004
0.0004
0.0004
0.0004
0.0004
0.0004
0.0004
0.0004
0.0004
0.0004
0.0004
0.0004
0.0004
0.0004
0.0004
0.0004
0.0004
0.0004
0.0004
0.0004
0.0004
0.0004
0.0004
0.0004
0.0004
0.0004
0.0004
0.0004
0.0004
0.0004
0.0004
0.0004
0.0004
0.0004
0.0004
0.0004
0.0004
0.0004
0.0004
0.0004
0.0004
0.0004
0.0004
0.0004
0.0004
0.0004
0.0004
0.0004
0.0004
0.0004
0.0004
0.0004
0.0004
0.0004
0.0004
0.0004
0.0004
0.0004
0.0004
0.0004
0.0004
0.0004
0.0004
0.0004
0.0004
0.0004
0.0004
0.0004
0.0004
0.0004
0.0004
0.0004
0.0004
0.0004
0.0004
0.0004
0.0004
0.0004
0.0004
0.0004
0.0004
0.0004
1.877557714963332e-08
1.865745869128693e-08
1.8535041437279667e-08
1.8413622445511908e-08
1.8391672093234864e-08
1.8437077588693318e-08
1.8540260692305766e-08
1.8711641034853778e-08
1.891196040308019e-08
1.913632150353231e-08
1.9397953051882506e-08
1.9686348858618813e-08
1.9993330013128225e-08
2.0322235326327487e-08
2.069523370962853e-08
2.1103147250369924e-08
2.156650662276344e-08
2.2029865995156963e-08
2.2509370267420665e-08
2.30299238063756e-08
2.3550477345330534e-08
2.410152353369602e-08
2.4714667214782094e-08
2.532781089586817e-08
2.5965338878783292e-08
2.6643269574569403e-08
2.732120027035552e-08
2.7972666206880893e-08
2.8588095024412927e-08
2.9203523841944957e-08
2.982572661639793e-08
3.0455553695555535e-08
3.108538077471314e-08
3.19855042285731e-08
3.3137625463103324e-08
3.428974669763354e-08
3.6645917336993666e-08
3.9930743102419395e-08
4.3215568867845125e-08
5.125889882326669e-08
6.232399576022413e-08
7.338909269718157e-08
9.40175700253228e-08
1.1960214570208656e-07
1.4518672137885019e-07
1.7492682778015548e-07
2.0642628591815767e-07
2.3801453618254435e-07
2.755129915827522e-07
3.2242400156029277e-07
3.889065788082892e-07
5.039036563820559e-07
6.723309256003414e-07
9.271656173621281e-07
1.398310266493293e-06
1.9128260146282463e-06
2.4797167081128144e-06
2.9592385390215685e-06
3.7526051598733156e-06
2.3789655830545737e-06
1.877557714963332e-08
1.865745869128693e-08
1.8535041437279667e-08
1.8413622445511908e-08
1.8391672093234864e-08
1.8437077588693318e-08
1.8540260692305766e-08
1.8711641034853778e-08
1.891196040308019e-08
1.913632150353231e-08
1.9397953051882506e-08
1.9686348858618813e-08
1.9993330013128225e-08
2.0322235326327487e-08
2.069523370962853e-08
2.1103147250369924e-08
2.156650662276344e-08
2.2029865995156963e-08
2.2509370267420665e-08
2.30299238063756e-08
2.3550477345330534e-08
2.410152353369602e-08
2.4714667214782094e-08
2.532781089586817e-08
2.5965338878783292e-08
2.6643269574569403e-08
2.732120027035552e-08
2.7972666206880893e-08
2.8588095024412927e-08
2.9203523841944957e-08
2.982572661639793e-08
3.0455553695555535e-08
3.108538077471314e-08
3.19855042285731e-08
3.3137625463103324e-08
3.428974669763354e-08
3.6645917336993666e-08
3.9930743102419395e-08
4.3215568867845125e-08
5.125889882326669e-08
6.232399576022413e-08
7.338909269718157e-08
9.40175700253228e-08
1.1960214570208656e-07
1.4518672137885019e-07
1.7492682778015548e-07
2.0642628591815767e-07
2.3801453618254435e-07
2.755129915827522e-07
3.2242400156029277e-07
3.889065788082892e-07
5.039036563820559e-07
6.723309256003414e-07
9.271656173621281e-07
1.398310266493293e-06
1.9128260146282463e-06
2.4797167081128144e-06
2.9592385390215685e-06
3.7526051598733156e-06
2.3789655830545737e-06
0.0
0.0
0.0
0.0
0.0
0.0
0.0
0.0
0.0
0.0
0.0
0.0
0.0
0.0
0.0
0.0
0.0
0.0
0.0
0.0
0.0
0.0
0.0
0.0
0.0
0.0
0.0
0.0
0.0
0.0
0.0
0.0
0.0
0.0
0.0
0.0
0.0
0.0
0.0
0.0
0.0
0.0
0.0
0.0
0.0
0.0
0.0
0.0
0.0
0.0
0.0
0.0
0.0
0.0
0.0
0.0
0.0
0.0
0.0
0.0
0.0
0.0
0.0
0.0
0.0
0.0
0.0
0.0
0.0
0.0
0.0
0.0
0.0
0.0
0.0
0.0
0.0
0.0
0.0
0.0
0.0
0.0
0.0
0.0
0.0
0.0
0.0
0.0
0.0
0.0
0.0
0.0
0.0
0.0
0.0
0.0
0.0
0.0
0.0
0.0
0.0
0.0
0.0
0.0
0.0
0.0
0.0
0.0
0.0
0.0
0.0
0.0
0.0
0.0
0.0
0.0
0.0
0.0
0.0
0.0
0.0
0.0
0.0
0.0
0.0
0.0
0.0
0.0
0.0
0.0
0.0
0.0
0.0
0.0
0.0
0.0
0.0
0.0
0.0
0.0
0.0
0.0
0.0
0.0
0.0
0.0
0.0
0.0
0.0
0.0
0.0
0.0
0.0
0.0
0.0
0.0
0.0
0.0
0.0
0.0
0.0
0.0
0.0
0.0
0.0
0.0
0.0
0.0
0.0
0.0
0.0
0.0
0.0
0.0
0.0
0.0
0.0
0.0
0.0
0.0
0.0
0.0
0.0
0.0
0.0
0.0
0.0
0.0
0.0
0.0
0.0
0.0
0.0
0.0
0.0
0.0
0.0
0.0
0.0
0.0
0.0
0.0
0.0
0.0
0.0
0.0
0.0
0.0
0.0
0.0
0.0
0.0
0.0
0.0
0.0
0.0
0.0
0.0
0.0
0.0
0.0
0.0
0.0
0.0
0.0
0.0
0.0
0.0
0.0
0.0
0.0
0.0
0.0
0.0
0.0
0.0
0.0
0.0
0.0
0.0
0.0
0.0
0.0
0.0
0.0
0.0
0.0
0.0
0.0
0.0
0.0
0.0
0.0
0.0
0.0
0.0
0.0
0.0
0.0
0.0
0.0
0.0
0.0
0.0
0.0
0.0
0.0
0.0
0.0
0.0
0.0
0.0
0.0
0.0
0.0
0.0
0.0
0.0
0.0
0.0
0.0
0.0
0.0
0.0
0.0
0.0
0.0
0.0
0.0
0.0
0.0
0.0
0.0
0.0
0.0
0.0
0.0
0.0
0.0
0.0
0.0
0.0
0.0
0.0
0.0
0.0
0.0
0.0
0.0
0.0
0.0
0.0
0.0
0.0
0.0
0.0
0.0
0.0
0.0
0.0
0.0
0.0
0.0
0.0
0.0
0.0
0.0
0.0
0.0
0.0
0.0
0.0
0.0
0.0
0.0
0.0
0.0
0.0
0.0
0.0
0.0
0.0
0.0
0.0
0.0
0.0
0.0
0.0
0.0
0.0
0.0
0.0
0.0
0.0
0.0
0.0
0.0
0.0
0.0
0.0
0.0
0.0
0.0
0.0
0.0
0.0
0.0
0.0
0.0
0.0
0.0
0.0
0.0
0.0
0.0
0.0
0.0
0.0
0.0
0.0
0.0
0.0
0.0
0.0
0.0
0.0
0.0
0.0
0.0
0.0
0.0
0.0
0.0
0.0
0.0
0.0
0.0
0.0
0.0
0.0
0.0
0.0
0.0
0.0
0.0
0.0
0.0
0.0
0.0
0.0
0.0
0.0
0.0
0.0
0.0
0.0
0.0
0.0
0.0
0.0
0.0
0.0
0.0
0.0
0.0
0.0
0.0
0.0
0.0
0.0
0.0
0.0
0.0
0.0
0.0
0.0
0.0
0.0
0.0
0.0
0.0
0.0
0.0
0.0
0.0
0.0
0.0
0.0
0.0
0.0
0.0
0.0
0.0
0.0
0.0
0.0
0.0
0.0
0.0
0.0
0.0
0.0
0.0
0.0
0.0
0.0
0.0
0.0
0.0
0.0
0.0
0.0
0.0
0.0
0.0
0.0
0.0
0.0
0.0
0.0
0.0
0.0
0.0
0.0
0.0
0.0
0.0
0.0
0.0
0.0
0.0
0.0
0.0
0.0
0.0
0.0
0.0
0.0
0.0
0.0
0.0
0.0
0.0
0.0
0.0
0.0
0.0
0.0
0.0
0.0
0.0
0.0
0.0
0.0
0.0
0.0
0.0
0.0
0.0
0.0
0.0
0.0
0.0
0.0
0.0
0.0
0.0
0.0
0.0
0.0
0.0
0.0
0.0
0.0
0.0
0.0
0.0
0.0
0.0
0.0
0.0
0.0
0.0
0.0
0.0
0.0
0.0
0.0
0.0
0.0
0.0
0.0
0.0
0.0
0.0
0.0
0.0
0.0
0.0
0.0
0.0
0.0
0.0
0.0
0.0
0.0
0.0
0.0
0.0
0.0
0.0
0.0
0.0
0.0
0.0
0.0
0.0
0.0
0.0
0.0
0.0
0.0
0.0
0.0
0.0
0.0
0.0
0.0
0.0
0.0
0.0
0.0
0.0
0.0
0.0
0.0
0.0
0.0
0.0
0.0
2.0
2.0
2.0
2.0
1.0
1.0
240.642025377199
240.642025377199
-93.09599406276062
-80.2551053381851
0.0
0.0
0.0
0.0
43.0
43.0
4.588924494582185
4.588924494582185
1.0
1.0
2.0
2.0
3.0
3.0
4.0
4.0
5.0
5.0
6.0
6.0
7.0
7.0
8.0
8.0
9.0
9.0
10.0
10.0
11.0
11.0
12.0
12.0
13.0
13.0
14.0
14.0
15.0
15.0
16.0
16.0
17.0
17.0
18.0
18.0
19.0
19.0
20.0
20.0
21.0
21.0
22.0
22.0
23.0
23.0
24.0
24.0
25.0
25.0
26.0
26.0
27.0
27.0
28.0
28.0
29.0
29.0
30.0
30.0
31.0
31.0
32.0
32.0
33.0
33.0
34.0
34.0
35.0
35.0
36.0
36.0
37.0
37.0
38.0
38.0
39.0
39.0
40.0
40.0
41.0
41.0
42.0
42.0
43.0
43.0
44.0
44.0
45.0
45.0
46.0
46.0
47.0
47.0
48.0
48.0
49.0
49.0
50.0
50.0
51.0
51.0
52.0
52.0
53.0
53.0
54.0
54.0
55.0
55.0
56.0
56.0
57.0
57.0
58.0
58.0
59.0
59.0
60.0
60.0
0.0
0.0
0.0
0.0
0.0
0.0
0.0
0.0
0.0
0.0
0.0
0.0
0.0
0.0
0.0
0.0
0.0
0.0
0.0
0.0
0.0
0.0
0.0
0.0
0.0
0.0
0.0
0.0
0.0
0.0
0.0
0.0
0.0
0.0
0.0
0.0
0.0
0.0
0.0
0.0
0.0
0.0
0.0
0.0
0.0
0.0
0.0
0.0
0.0
0.0
0.0
0.0
0.0
0.0
0.0
0.0
0.0
0.0
0.0
0.0
0.0
0.0
0.0
0.0
0.0
0.0
0.0
0.0
0.5
0.0
0.0
0.0
0.0
0.0
0.0
0.0
0.0
0.0
0.0
0.0
0.0
0.0
0.0
0.0
0.0
0.0
0.0
0.0
0.0
0.0
0.0
0.0
0.0
0.0
0.0
0.0
0.0
0.0
0.0
0.0
0.0
0.0
0.0
0.0
0.0
0.0
0.0
0.0
0.0
0.0
0.0
0.0
0.0
0.0
0.0
0.0
0.0
0.0
0.0
0.0
0.0
0.0
0.0
0.0
0.0
0.0
0.0
0.0
0.0
0.0
0.0
0.0
0.0
0.0
0.0
0.0
0.0
0.0
0.0
0.0
0.0
0.0
0.0
0.0
0.0
0.0
0.0
0.0
0.0
0.0
0.0
0.0
0.0
0.0
0.0
0.0
0.0
0.0
0.0
0.0
0.0
0.0
0.0
0.0
0.0
0.0
0.0
0.0
0.0
0.0
0.0
0.0
0.0
0.0
0.0
0.0
0.0
0.0
0.0
0.0
0.0
0.0
0.0
0.0
0.0
0.0
0.0
0.0
2.45
0.0
0.0
0.0
0.0
0.0
0.0
0.0
0.0
0.0
0.0
0.0
0.0
0.0
0.0
0.0
0.0
0.0
0.0
0.0
0.0
0.0
0.0
0.0
0.0
0.0
0.0
0.0
0.0
0.0
0.0
0.0
0.0
0.0
0.0
0.0
0.0
0.0
0.0
0.0
0.0
0.0
0.0
0.0
0.0
0.0
0.0
0.0
0.0
0.0
0.0
0.0
0.0
0.0
0.0
0.0
0.0
0.0
0.0
0.0
0.0
0.0
0.0
0.0
0.0
0.0
0.0
0.0
0.0
0.0
0.0
0.0
0.0
0.0
0.0
0.0
0.0
0.0
0.0
0.0
0.0
0.0
0.0
0.0
0.0
0.0
0.0
0.0
0.0
0.0
0.0
0.0
0.0
0.0
0.0
0.0
0.0
0.0
0.0
0.0
0.0
0.0
0.0
0.0
0.0
0.0
0.0
0.0
0.0
0.0
0.0
0.0
0.0
0.0
0.0
0.0
0.0
0.0
0.0
0.0
0.5
0.0
0.0
0.0
0.0
0.0
0.0
0.0
0.0
0.0
0.0
0.0
0.0
0.0
0.0
0.0
0.0
0.0
0.0
0.0
0.0
0.0
0.0
0.0
0.0
0.0
0.0
0.0
0.0
0.0
0.0
0.0
0.0
0.0
0.0
0.0
0.0
0.0
0.0
0.0
0.0
0.0
0.0
0.0
0.0
0.0
0.0
0.0
0.0
0.0
0.0
0.0
80.0
