9.81
6.022e+23
0
0
0
3
0
1
298.17208566547436
2
2
0
0
1
1
0
1
60
7
1014.8
1.607


3
3
0
75.0
0
5.7
150.0
1000.0
287.04
9.81
79000.0
40.0
20000.0
0.0
0.0
0.0
0.0
0.0280134
0.04401
0.0319988
0.039948
0.01604
0.01801528
0.048
99000.0
2.1153802199668344e+29
0.8
1e-06
1000000.0
0.6
3.0
0.0001
1000
51
1.7879128424336352
0
1
7
1.0
1
0
1
1
0.1
1000000000000.0
1
297.2454636961392
296.4725636775716
295.68323849386513
294.87219037992173
294.0403185659681
293.18755550687706
292.31421144033567
291.4193925974573
290.5023890182492
289.5623011880954
288.59823174527514
287.609086375258
286.5966622063503
285.5603566056382
284.5010786129426
283.41940536731795
282.3149832417168
281.1875060071533
280.03818329187715
278.86430546813585
277.666666973752
276.44561391903886
275.20008294634073
273.92791517652245
272.6269481466899
271.2969159167975
269.93409586440225
268.53584688641564
267.1013687251062
265.6267399163234
264.1113997797952
262.55238061598396
260.94812245179156
259.2928181872121
257.582606593528
255.81649543575685
253.98567511357564
252.08787010256628
250.1168112513577
248.06679398775796
245.9340198020082
243.71070801648202
241.3833098310134
238.94032934603771
236.3701376003701
233.65295612411563
230.77882612268925
227.7214970522564
224.43479838784594
220.8874062408013
217.03261235491198
212.80215527408745
210.82221176461906
210.62892618177406
211.99023919927956
215.45723399738017
221.58958912051818
230.00940509772306
239.93616890128493
255.7514126659023
1006.356725
989.4701749999999
972.583625
955.6970749999999
938.810525
921.9239749999999
905.037425
888.1508749999999
871.264325
854.3777749999999
837.491225
820.6046749999999
803.718125
786.8315749999999
769.945025
753.0584749999999
736.171925
719.2853749999999
702.398825
685.5122749999999
668.625725
651.7391749999999
634.852625
617.9660749999999
601.079525
584.1929749999999
567.306425
550.4198749999999
533.533325
516.6467749999999
499.76022499999993
482.87367499999993
465.987125
449.100575
432.21402499999994
415.32747499999994
398.440925
381.554375
364.66782499999994
347.78127499999994
330.894725
314.008175
297.12162499999994
280.23507499999994
263.348525
246.461975
229.57542499999994
212.68887499999994
195.802325
178.915775
162.02922499999994
145.14267499999994
128.256125
111.369575
94.48302499999994
77.59647499999994
60.709925
43.823375
26.936824999999942
10.050274999999957
74.0232262405637
223.15439300424282
374.4877279395296
528.0906956829346
684.0346068248116
842.3948210784175
1003.2507903393569
1166.6860806707377
1332.7887192467688
1501.6514747660717
1673.3722011166083
1848.0550650661116
2025.8112464525734
2206.759269052486
2391.0260193394024
2578.7470993177417
2770.0673263876706
2965.142159815514
3164.1378704718272
3367.2324942042274
3574.6181576818562
3786.501848325831
4003.106028464327
4224.6699090755665
4451.452158054017
4683.732494789935
4921.8132115283615
5166.023315691975
5416.721346763049
5674.299465877992
5939.1885176450605
6211.863064451562
6492.846255609454
6782.71605740769
7082.116834999615
7391.767255531753
7712.472547512904
8045.14172572854
8390.805092477785
8750.640235576977
9126.001188282316
9518.449709211938
9929.801045519573
10362.188894485065
10818.141896788475
11300.698667964052
11813.556321688484
12361.24554164695
12949.42874887048
13585.350509325854
14278.481481495071
15046.767209697715
15920.034557133873
16941.474038510984
18181.608970540685
19769.146258577774
21967.371428107028
25464.4472862925
33951.59018126896
54964.779872378
3.519122223737253e+23
3.519122223737277e+23
3.519122223737277e+23
3.519122223737253e+23
3.519122223737253e+23
3.519122223737277e+23
3.519122223737277e+23
3.519122223737253e+23
3.519122223737253e+23
3.519122223737277e+23
3.519122223737277e+23
3.519122223737253e+23
3.519122223737253e+23
3.519122223737277e+23
3.519122223737277e+23
3.519122223737253e+23
3.519122223737253e+23
3.519122223737277e+23
3.519122223737277e+23
3.519122223737253e+23
3.519122223737253e+23
3.519122223737277e+23
3.519122223737277e+23
3.519122223737253e+23
3.519122223737253e+23
3.519122223737277e+23
3.519122223737277e+23
3.519122223737253e+23
3.519122223737253e+23
3.519122223737277e+23
3.519122223737277e+23
3.519122223737253e+23
3.519122223737253e+23
3.519122223737277e+23
3.519122223737277e+23
3.519122223737253e+23
3.519122223737253e+23
3.519122223737277e+23
3.519122223737277e+23
3.519122223737253e+23
3.519122223737253e+23
3.519122223737277e+23
3.519122223737277e+23
3.519122223737253e+23
3.519122223737253e+23
3.519122223737277e+23
3.519122223737277e+23
3.519122223737253e+23
3.519122223737253e+23
3.519122223737277e+23
3.519122223737277e+23
3.519122223737253e+23
3.519122223737253e+23
3.519122223737277e+23
3.519122223737277e+23
3.519122223737253e+23
3.519122223737253e+23
3.519122223737277e+23
3.519122223737277e+23
3.519122223737247e+23
-3.9068581740227026
-3.580797283908844
-3.271766696879908
-2.9994579853044954
-2.7586454633305233
-2.548265923136902
-2.3642315089438157
-2.2092065942698214
-2.0833754142434326
-1.9887758743802428
-1.9264801404523386
-1.8988362031330197
-1.895574011564261
-1.916243990963256
-1.9540621359813704
-2.0033169627431593
-2.0619307994661495
-2.1276041227022966
-2.1911399938601424
-2.2596976409249994
-2.325288335781772
-2.381531997193023
-2.4274696684128765
-2.466542982424699
-2.501593529051199
-2.5271235122846316
-2.551403825094105
-2.577800371883341
-2.6010191616652976
-2.6281777393025276
-2.6512868846593616
-2.6714587299396135
-2.6826477522591476
-2.6955164815124815
-2.7108196194184626
-2.715459614380759
-2.7272565783502674
-2.7339778126688645
-2.737451039100139
-2.7329464560129915
-2.7042632656322088
-2.6466919723604665
-2.573633241453082
-2.482352500933012
-2.361012413526723
-2.220089346832687
-2.0125660684354045
-1.7403042904595263
-1.4619727682053985
-1.1354662914058682
-0.7301969262147154
-0.1029761175358229
0.04379383868560384
0.07459220659856192
0.0971624196198233
0.10131279069467368
0.0844702537197468
0.0564259640578336
0.03157655505981835
0.013539904959043303
-3.907294536186498
-3.581594268046004
-3.272243585312296
-2.9999843077248016
-2.759304240702207
-2.5486751293548906
-2.3648753851475988
-2.2096672982625023
-2.0839298351560984
-1.9892280963067037
-1.9269957268403175
-1.8993459263183752
-1.896016512942424
-1.9166995072295094
-1.954503961021203
-2.003730366152581
-2.0623868183957086
-2.1280252373103963
-2.191537979465778
-2.260079974971916
-2.3256741871638837
-2.3818786563678316
-2.427829307889084
-2.466883933237085
-2.5019472549826958
-2.5274109945513317
-2.5517165552641927
-2.578096701542819
-2.6013021762118456
-2.6284512750744113
-2.6515434293901308
-2.6716876377043945
-2.6828808244527806
-2.695730665079026
-2.7110322937917033
-2.7156810395991045
-2.7274913592328005
-2.734195765741788
-2.737467835560267
-2.7330535159304077
-2.704406183942041
-2.646791921173076
-2.573727952385184
-2.4824019285105123
-2.3610595835550043
-2.220079227980989
-2.0125384021498007
-1.7402340326765398
-1.4618246120714389
-1.1352198346004343
-0.7297094103566906
-0.10163883988911948
0.043119878247921406
0.07354826206494636
0.09562581991201569
0.09953515709702287
0.08265879856691072
0.055340095637177456
0.030600566771738613
0.013311753999289522
0.0006703377385114588
0.0006591831349065508
0.0006480285313016428
0.0006368739276967347
0.0006257193240918267
0.0006145647204869187
0.0006034101168820107
0.0005922555132771025
0.0005811009096721945
0.0005699463060672865
0.0005587917024623784
0.0005476370988574704
0.0005364824952525624
0.0005253278916476544
0.0005141732880427463
0.0005030186844378383
0.0004918640808329303
0.0004807094772280222
0.0004695548736231142
0.0004584002700182061
0.00044724566641329817
0.00043609106280839005
0.00042493645920348204
0.000413781855598574
0.0004026272519936659
0.00039147264838875796
0.00038031804478384985
0.0003691634411789418
0.0003580088375740338
0.0003468542339691258
0.00033569963036421776
0.0003245450267593097
0.00031339042315440163
0.0003022358195494937
0.00029108121594458556
0.00027992661233967756
0.00026877200873476955
0.00025761740512986154
0.0002464628015249535
0.00023530819792004536
0.00022415359431513738
0.00021299899071022937
0.0002018443871053213
0.00019068978350041322
0.00017953517989550524
0.00016838057629059726
0.00015722597268568917
0.00014607136908078108
0.00013491676547587307
0.0001237621618709651
0.00011260755826605701
0.00010145295466114892
9.029835105624093e-05
7.914374745133294e-05
6.798914384642486e-05
5.683454024151678e-05
4.5679936636608795e-05
3.4525333031700794e-05
2.337072942679271e-05
1.2216125821884639e-05
-16.886549999999943
-16.886550000000057
-16.886550000000057
-16.886549999999943
-16.886549999999943
-16.886550000000057
-16.886550000000057
-16.886549999999943
-16.886549999999943
-16.886550000000057
-16.886550000000057
-16.886549999999943
-16.886549999999943
-16.886550000000057
-16.886550000000057
-16.886549999999943
-16.886549999999943
-16.886550000000057
-16.886550000000057
-16.886549999999943
-16.886549999999943
-16.886550000000057
-16.886550000000057
-16.886549999999943
-16.886549999999943
-16.886550000000057
-16.886550000000057
-16.886549999999943
-16.886549999999943
-16.886550000000057
-16.886550000000057
-16.886549999999943
-16.886549999999943
-16.886550000000057
-16.886550000000057
-16.886549999999943
-16.886549999999943
-16.886550000000057
-16.886550000000057
-16.886549999999943
-16.886549999999943
-16.886550000000057
-16.886550000000057
-16.886549999999943
-16.886549999999943
-16.886550000000057
-16.886550000000057
-16.886549999999943
-16.886549999999943
-16.886550000000057
-16.886550000000057
-16.886549999999943
-16.886549999999943
-16.886550000000057
-16.886550000000057
-16.886549999999943
-16.886549999999943
-16.886550000000057
-16.886550000000057
-16.886549999999914
298.1708481188802
297.32698333973775
296.4707528177742
295.60178332147547
294.7196789854994
293.8240227344581
292.9143725430083
291.99026468488336
291.05121023323056
290.0966946051166
289.1261748203105
288.13907832472046
287.1347901712861
286.1126578569148
285.0719827136471
284.01201690364394
282.93196240189405
281.83096631504674
280.7081093008166
279.56241521356475
278.39283059026724
277.1982186499198
275.97735651692597
274.728930996341
273.4515282779579
272.1436133579867
270.80353243916846
269.42949318716865
268.0195372517033
266.57153563295844
265.08314669379297
263.5518004428138
261.9746568601988
260.34859206361386
258.67014111969894
256.9354231990659
255.14012632563254
253.27938287048076
251.34769769397428
249.33882048953936
247.24557706264352
245.0597056286985
242.7716639240458
240.37030039479149
237.84244244583917
235.1724361685326
232.3412952544376
229.32585891607408
226.09763814691107
222.66195189832317
218.9608078015615
214.9181025554209
211.80740252177742
210.71173142796707
211.2895290647084
213.7006077403057
218.50182107142405
225.7831435616797
234.96260168602743
247.83858578942062
263.6579274294921
1014.8
997.91345
981.0269
964.1403499999999
947.2538
930.36725
913.4807
896.5941499999999
879.7076
862.82105
845.9345
829.0479499999999
812.1614
795.27485
778.3883
761.5017499999999
744.6152
727.72865
710.8421
693.9555499999999
677.069
660.18245
643.2959
626.4093499999999
609.5228
592.63625
575.7497
558.8631499999999
541.9766
525.09005
508.20349999999996
491.3169499999999
474.43039999999996
457.54385
440.65729999999996
423.7707499999999
406.88419999999996
389.99765
373.11109999999996
356.2245499999999
339.33799999999997
322.45145
305.56489999999997
288.6783499999999
271.79179999999997
254.90525000000002
238.01869999999997
221.1321499999999
204.24559999999997
187.35905000000002
170.47249999999997
153.5859499999999
136.69939999999997
119.81285000000003
102.92629999999997
86.03974999999991
69.15319999999997
52.26665000000003
35.38009999999997
18.493549999999914
1.607
0.0
148.0464524811274
298.26233352735824
450.7131223517009
605.4682690141682
762.6009446354549
922.1886975213802
1084.3128831573335
1249.059278184142
1416.5181603093954
1586.7847892227478
1759.959613010469
1936.150517121754
2115.4719757833927
2298.04656232158
2484.0054763572243
2673.488722278259
2866.6459304970826
3063.6383891339447
3264.63735180971
3469.827636598745
3679.4086787649676
3893.5950178866947
4112.61703904196
4336.722779109172
4566.181536998862
4801.2834525810085
5042.3429704757145
5289.703660908236
5543.739032617862
5804.85989913812
6073.517136152001
6350.208992751124
6635.483518467783
6929.948596347596
7234.285073651635
7549.249437411872
7875.695657613936
8214.587793843144
8567.022391112429
8934.258080041525
9317.744296523106
9719.155121900772
10140.446969138371
10583.930819831761
11052.35297374519
11549.044362182914
12078.068281194055
12644.422802099845
13254.434695641115
13916.26632301059
14640.696639979553
15452.837779415879
16387.23133485187
17495.716742170098
18867.501198911268
20670.79131824428
23263.951537969773
27664.943034615226
40238.2373279227
52811.531621230075
464.1177583365438
461.7654584373831
459.285377552428
456.693428582389
454.02459840395176
451.3040582446059
448.54692732957614
445.7653972927572
442.9703558509772
440.16521152046636
437.35272834642865
434.5367421386612
431.7202920774897
428.9057146526769
426.1001701660668
423.30642519326193
420.527066729384
417.7684069941369
415.0316419576793
412.3150823882487
409.6209749274989
406.9509745914124
404.30800844902944
401.7005035938604
399.12558096379144
396.58482508693504
394.0801344158422
391.60865825437696
389.1718303880552
386.7747583489592
384.4168448988853
382.1014157484187
379.83004422027017
377.6057663709231
375.42964574270707
373.3011643519093
371.22520898613703
369.2175089556927
367.28122180677803
365.4080846231702
363.5991977466038
361.8654147238546
360.2123777892552
358.6308462244332
357.12155633830764
355.6921427490571
354.3371262540145
353.0552578753654
351.84840867451646
350.7156319205634
349.6528808301526
348.6570180462545
347.8530159694101
347.5707227505886
347.73265126735237
348.32361200163706
349.2469742470353
350.28958672298603
351.1419248732644
352.0856392002189
354.15227161451304
448.1969026281732
445.3544570843593
442.37716184381
439.2822470235192
436.1054318707457
432.8723595860308
429.5984749332815
426.2962027596517
422.97659957387
419.6431947875751
416.2988155802041
412.9473357028973
409.5918550236059
406.2347299235761
402.8831540365306
399.5399159487935
396.2076085838373
392.8925521767289
389.5959392010305
386.3160737169805
383.0551715761928
379.8148078940407
376.5978878550907
373.4128141986319
370.2566784155095
367.131034791079
364.037747505977
360.9739591356037
357.9410875929542
354.9441854501274
351.9826014441327
349.0596053582313
346.1767039487912
343.3369036552
340.5412040341691
337.7890691918827
335.0853376991356
332.4456891300435
329.8732351738774
327.3596751111523
324.9060710727459
322.52324332326
320.2168062401864
317.9775002335797
315.806043768877
313.7100633415664
311.684096354324
309.7269080723519
307.8403981739168
306.0236902520058
304.2727996868783
302.5846823872241
301.0844639976121
300.1022564614784
299.5611792791993
299.4479099533772
299.6716720346746
300.0401562940104
300.3113948463622
300.9446932551292
303.1968793027287
15.92085570837061
16.41100135302377
16.90821570861798
17.41118155886985
17.91916653320606
18.43169865857513
18.9484523962946
19.46919453310549
19.99375627710724
20.52201673289126
21.05391276622452
21.58940643576392
22.12843705388383
22.67098472910083
23.21701612953619
23.76650924446838
24.31945814554668
24.87585481740804
25.43570275664883
25.99900867126822
26.5658033513061
27.13616669737164
27.71012059393877
28.28768939522851
28.86890254828191
29.45379029585605
30.04238690986522
30.63469911877325
31.23074279510097
31.83057289883182
32.4342434547526
33.04181039018737
33.65334027147896
34.26886271572311
34.88844170853797
35.5120951600266
36.13987128700145
36.77181982564923
37.40798663290065
38.04840951201791
38.69312667385794
39.34217140059462
39.99557154906883
40.6533459908535
41.31551256943065
41.98207940749067
42.65302989969044
43.32834980301349
44.00801050059963
44.69194166855761
45.3800811432743
46.07233565903039
46.76855197179796
47.46846628911015
48.1714719881531
48.87570204825986
49.57530221236074
50.24943042897563
50.83053002690216
51.14094594508972
50.95539231178433
585.771403024659
579.5118085893118
573.4501334363107
567.5859408809595
561.9171263947974
556.4372819947496
551.1314759503646
545.985070528398
540.9803617883556
536.0912876226886
531.289576352344
526.5465944177365
521.8307984302467
517.1202044924914
512.3979604986516
507.64971156482557
502.8666227347951
498.0455761811524
493.18078590738435
488.27268835848804
483.3185009227664
478.3228263995158
473.297981600765
468.2626474377071
463.2208408744009
458.17813774256194
453.14603607691777
448.1228433601883
443.10791879232363
438.1095445770158
433.1231798518675
428.1562072720108
423.2131481061578
418.3059894323579
413.434138139063
408.5946244544734
403.8029880491022
399.067796659425
394.39731374476855
389.7867087256005
385.2447683331036
380.80657912641243
376.5067502706398
372.3514907534326
368.3597989387967
364.56932576599104
360.9942300429674
357.6998232621687
354.7527400286431
352.15813866261857
349.96016773760743
348.23459554335267
347.32895462661895
347.0897812860454
347.3252580648742
348.011844619071
349.0347420215662
350.1600132960839
351.0676915419994
352.0420064357257
354.1219506040191
358.3306078002619
349.9825829212009
341.8290248655587
333.8650762127506
326.0868216529892
318.4870085202421
311.0505562865849
303.7632740504058
296.6085309150291
289.5620292083149
282.5981098680043
275.6909514933646
268.8113260494786
261.9401120888966
255.0620021590516
248.1635096863395
241.2361220538429
234.2757794994899
227.2749614087986
220.2312365321395
213.1383730349981
206.0018748296331
198.8332321737144
191.6511804878287
184.4615751395828
177.2720489532879
170.096979703239
162.9341422935665
155.7833565853019
148.6569242314908
141.5548524644176
134.4903189443018
127.4732295474775
120.5188045664084
113.6283243085029
106.8041186568088
100.067686118477
93.4349468819211
86.91913087533283
80.51672436110228
74.23629416017083
68.11170069080083
62.17622845663163
56.43611537217956
50.9181056580988
45.66600008808193
40.69441776006238
36.06876955592797
31.85274217437569
28.05075619752663
24.70710831878492
21.89260388287634
19.94232527409366
18.68920909217602
17.92366534459959
17.60607688532865
17.56181364299391
17.41964442814889
16.43149684570737
13.48463187887095
0.0
227.4407952243971
229.5292256681109
231.621108570752
233.7208646682089
235.8303047418082
237.9502734745074
240.0809196637797
242.2217964779922
244.3718308733265
246.5292584143737
248.6914664843398
250.8556429243719
253.019472380768
255.1800924035948
257.3359583396001
259.4862018784861
261.6305006809522
263.7697966816625
265.9058244985858
268.0414518263486
270.1801278877683
272.3209515698827
274.4647494270506
276.6114669498784
278.7592657348181
280.906088789274
283.0490563736788
285.1887010666218
287.3245622070217
289.452620345525
291.5683273874499
293.665888327709
295.7399185586803
297.7871848659495
299.8058138305601
301.7905057976646
303.7353019306252
305.6328497775039
307.4781828694357
309.2699843644982
311.0084741729328
312.6948784356116
314.3305218140082
315.915375381253
317.4416932806979
318.9033256779091
320.299812282905
321.6310537062407
322.8999978542674
324.1073824650919
325.2530594188225
326.3419916604763
327.3866293525253
328.4005721938694
329.4015927202746
330.4057677337423
331.4729283785723
332.740368867935
334.636194696292
338.5573745568547
354.1219506040191
121.65364468811521
117.74635015192871
114.1647558838827
110.89251229857041
107.89252799084561
105.1332237501434
102.58454862078851
100.21967323564091
98.01000593737841
95.92607610222231
93.9368480059156
92.00985227907529
90.11050635275691
88.21448983981449
86.29779033258498
84.34328637156378
82.3395560054112
80.27716918701549
78.14914394970509
75.95760597023931
73.6975259952674
71.37185180810351
68.98997315173568
66.5621438438466
64.09525991060951
61.59331265562682
59.065901661075486
56.51418510581129
53.936088404268475
51.33478622805663
48.70633495298222
46.05479152359209
43.38310388588769
40.70022306143491
38.004492396355886
35.29346010256418
32.57777906296508
29.850287703732278
27.11609193799049
24.378624102430223
21.645570586499815
18.941164402557774
16.2943724813847
13.720644528999514
11.238242600489002
8.877183016933998
6.657103788953009
4.644565386803208
2.9043313541266684
1.4425067420552296
0.30728690745479526
-0.4224225029018953
-0.5240613427910148
-0.4809414645430934
-0.40739320247814703
-0.31176738256613135
-0.21223222546910847
-0.12957342690219775
-0.0742333312650203
-0.043632764493281684
-0.030321010493992162
89.8662948279113
95.3718741631584
100.5481369782514
105.4171708107686
110.0186102177566
114.3853510657888
118.5479186466966
122.5329287092459
126.3680686588409
130.0811655792602
133.7007057121997
137.2563842095327
140.7805289741273
144.2946178346795
147.8211518774789
151.3764062624539
154.9714865299944
158.6167726772389
162.3209777922319
166.0848371848411
169.9167985411947
173.8129330644076
177.7646556813762
181.7616337108032
185.7951032759267
189.8589858377911
193.940767802738
198.0398168420372
202.1577310076523
206.2872612186366
210.4277489797151
214.5692864139295
218.7034744013137
222.8180990887915
226.9128797256662
230.9849505350738
235.0176515806586
239.0107422481224
242.9541042985446
246.84295075005
250.6697769125751
254.4115426324592
258.0405777835547
261.5413848614001
264.8879381107782
268.0440632534844
270.9896785942616
273.6581385164239
275.9876559995411
277.9729340544791
279.5656913680934
280.6920785043478
281.1421387235184
281.4130473693024
281.6375139345997
281.8418330680485
282.1098583916807
282.6205118658615
283.8798980006548
287.4600613762583
303.1968793027287
211.5199395160265
213.1182243150871
214.7128928621341
216.309683109339
217.9111382086022
219.5185748159322
221.1324672674851
222.7526019448868
224.3780745962193
226.0072416814825
227.6375537181153
229.266236488608
230.8910353268842
232.509107674494
234.1189422100639
235.7196926340177
237.3110425354056
238.8939418642544
240.470121741937
242.0424431550804
243.6143245364621
245.1847848725111
246.7546288331119
248.3237775546498
249.8903631865362
251.4522984934179
253.0066694638135
254.5540019478485
256.0938194119208
257.6220474466932
259.1340839326973
260.6240779375216
262.0865782872014
263.5183221502264
264.9173721220221
266.278410637638
267.5954306436237
268.8610299518547
270.0701962365351
271.2215748524802
272.3153474990749
273.352707035017
274.3349502649394
275.2620293903996
276.1261807112672
276.9212462704184
277.6467823832146
278.3027039032271
278.8919873536678
279.4154407965343
279.8729782755482
280.2696560014459
280.6180773807274
280.9321059047593
281.2301207321216
281.5300656854824
281.8976261662116
282.4909384389593
283.8056646693898
287.416428611765
303.1665582922347
-1.951120556628306
-1.7879816657186614
-1.6339512440964263
-1.497973179977396
-1.377290944256298
-1.2725688549557073
-1.1807706568181426
-1.102771314488344
-1.0404534021383203
-0.9931553567290304
-0.9615922947125521
-0.9482658001705896
-0.946604378564661
-0.9564595109101154
-0.9758189848360794
-0.9999355452939797
-1.0297037289620228
-1.0624875762477028
-1.0937437628884714
-1.128441855982213
-1.1612025065778466
-1.1888087010615584
-1.2122231016310088
-1.2317290711255655
-1.2487797304539354
-1.261961263364373
-1.2741019095271064
-1.2868229981353987
-1.29887096648454
-1.3124337198916578
-1.323530468418503
-1.3340381273325965
-1.3396349390717024
-1.3456454372808255
-1.3537098198567339
-1.3560408768967052
-1.3615756505458076
-1.3653106252445837
-1.3669570213500075
-1.3644407329760382
-1.3504687824231385
-1.321705565850252
-1.2849517466238738
-1.2396276050296084
-1.1788036643107394
-1.1086424973056528
-1.005003069287058
-0.8688431024041707
-0.7299827180417537
-0.5668772505671137
-0.364244689850019
-0.05068894127897369
0.021602045213876403
0.0368840202954686
0.047822622617596205
0.049789369247506016
0.04158390736892059
0.027916479311963727
0.016045100523536027
0.014634163448436155
0.0
-2.749704644713134
-2.585230915445183
-2.431788578328963
-2.29814131071697
-2.180923543362901
-2.078951317235161
-1.990272051493108
-1.91542097395873
-1.854467845551263
-1.807741875873378
-1.775846842607382
-1.760097646002264
-1.755075328754942
-1.761290946285002
-1.775635024077554
-1.795525649132984
-1.820600456379918
-1.850026925315239
-1.879820637157359
-1.913833458446322
-1.945884082773837
-1.973646981150771
-1.996249328743595
-2.014474648748525
-2.029664105353574
-2.038603777056816
-2.047227638717145
-2.056649630899154
-2.062451144592776
-2.067923779633317
-2.06844802802238
-2.064777422831832
-2.055006735072558
-2.045095829282106
-2.03375364088298
-2.014090819615134
-1.994307826025207
-1.969471382677765
-1.942244130753358
-1.911268739011417
-1.868786180870075
-1.812484064467076
-1.74844187977974
-1.671401400881233
-1.576294052950141
-1.471157110064584
-1.332734703362721
-1.163453408483172
-0.991526587177035
-0.7954861634828264
-0.5625624029200847
-0.2247779206688433
-0.1353025206332135
-0.1121075039695278
-0.102045077554557
-0.1338624752120132
-0.2550405950567711
-0.6289873768884807
-1.788075561767689
-7.859590918687328
0.0
0.7985840880848278
0.7972492497265214
0.7978373342325368
0.800168130739574
0.8036325991066029
0.8063824622794534
0.8095013946749654
0.8126496594703859
0.8140144434129429
0.8145865191443477
0.8142545478948298
0.8118318458316743
0.8084709501902811
0.8048314353748866
0.7998160392414746
0.7955901038390044
0.7908967274178952
0.7875393490675362
0.7860768742688876
0.785391602464109
0.7846815761959905
0.7848382800892127
0.7840262271125862
0.7827455776229595
0.7808843748996388
0.7766425136924429
0.7731257291900383
0.7698266327637553
0.763580178108236
0.7554900597416592
0.7449175596038771
0.7307392954992356
0.7153717960008557
0.6994503920012805
0.680043821026246
0.6580499427184288
0.6327321754793994
0.6041607574331812
0.5752871094033505
0.5468280060353786
0.5183173984469365
0.4907784986168242
0.4634901331558662
0.4317737958516245
0.3974903886394017
0.3625146127589312
0.327731634075663
0.2946103060790013
0.2615438691352812
0.2286089129157127
0.1983177130700657
0.1740889793898696
0.1569045658470899
0.1489915242649964
0.1498677001721532
0.1836518444595192
0.2966245024256917
0.6569038562004444
1.804120662291225
7.874225082135764
0.0
1.0
1.0
1.0
1.0
1.0
1.0
1.0
1.0
1.0
1.0
1.0
1.0
1.0
1.0
1.0
1.0
1.0
1.0
1.0
1.0
1.0
1.0
1.0
1.0
1.0
1.0
1.0
1.0
1.0
1.0
1.0
1.0
1.0
1.0
1.0
1.0
1.0
1.0
1.0
1.0
1.0
1.0
1.0
1.0
1.0
1.0
1.0
1.0
1.0
1.0
1.0
1.0
0.0
0.0
0.0
0.0
0.0
0.0
0.0
0.0
0.0
1.0
1.0
1.0
1.0
1.0
1.0
1.0
1.0
1.0
1.0
1.0
1.0
1.0
1.0
1.0
1.0
0.93
0.93
0.93
0.93
0.93
0.93
0.93
0.93
0.93
0.93
0.93
0.93
0.93
0.93
0.93
0.93
0.93
0.93
0.93
0.93
0.93
0.93
0.93
0.93
0.93
0.93
0.93
0.93
0.93
1.0
1.0
1.0
1.0
1.0
1.0
1.0
1.0
1.0
1.0
1.0
1.0
1.0
1.0
1.0
1.0
1.0
1.0
1.0
1.0
1.0
1.0
1.0
1.0
1.0
1.0
1.0
1.0
1.0
0.018569944021908553
0.017354625733319473
0.016199962778740504
0.015103902605346694
0.014064427991185208
0.013079557045175244
0.012147343207108124
0.0112658752476472
0.010433277268327924
0.009647708701557805
0.008907364310616455
0.008210474189655528
0.007555303763698776
0.00694015378864201
0.0063633603512531275
0.005823294869172097
0.0053183640909109636
0.004847010095853838
0.004407710294256919
0.003998977427248466
0.0036193595668288303
0.0032674401158704226
0.0029418378081177378
0.0026412067081873357
0.0023642362115678657
0.0021096510446200374
0.001876211264576645
0.0016627122595425502
0.0014679847484946953
0.0012908947812820945
0.0011303437386258385
0.00098526833211909
0.0008546406042270896
0.0007374679282871497
0.0006327930085086591
0.0005396938799730824
0.0004572839086339571
0.0003847117913168961
0.00032116155571958687
0.0002658525604117926
0.00021803949483535035
0.00017701237930417178
0.00014209656500424397
0.00011265273399362851
8.807689920246192e-05
6.780040443295502e-05
5.12899243593938e-05
3.804746452813904e-05
2.7610361357626142e-05
1.9551282138365252e-05
1.3478225032941378e-05
9.034519076014297e-06
5.898824174318526e-06
3.7851311066633407e-06
2.442761523932813e-06
1.656367949085788e-06
1.2459337771558657e-06
1.066773275251422e-06
1.0095315825556058e-06
1.0001847103263362e-06
0.000696
0.000696
0.000696
0.000696
0.000696
0.000696
0.000696
0.000696
0.000696
0.000696
0.000696
0.000696
0.000696
0.000696
0.000696
0.000696
0.000696
0.000696
0.000696
0.000696
0.000696
0.000696
0.000696
0.000696
0.000696
0.000696
0.000696
0.000696
0.000696
0.000696
0.000696
0.000696
0.000696
0.000696
0.000696
0.000696
0.000696
0.000696
0.000696
0.000696
0.000696
0.000696
0.000696
0.000696
0.000696
0.000696
0.000696
0.000696
0.000696
0.000696
0.000696
0.000696
0.000696
0.000696
0.000696
0.000696
0.000696
0.000696
0.000696
0.000696
3.464459468101899e-42
1.5122732617409248e-41
6.599660101067715e-41
2.8794250374684348e-40
1.255969555382217e-39
5.476935000536324e-39
2.387684786403877e-38
1.0406217165526694e-37
4.533990100529026e-37
1.9748543457279268e-36
8.59906292828674e-36
3.743028685407489e-35
1.628715489024145e-34
7.0845299134511735e-34
3.080448008163625e-33
1.338895283179809e-32
5.817033880934702e-32
2.5262171138269624e-31
1.0965921191894756e-30
4.75790291618829e-30
2.0633456580954143e-29
8.94341830262471e-29
3.8743476610833707e-28
1.6774305158803795e-27
7.258180746456807e-27
3.1385824639111605e-26
1.3562688575940171e-25
5.856619897767543e-25
2.5270754234481524e-24
1.0895279765999425e-23
4.693368302281612e-23
2.0199084022495927e-22
8.684635112915819e-22
3.7300389758916146e-21
1.60023068773893e-20
6.856788396938432e-20
2.934165627308709e-19
1.25379210368675e-18
5.349193332856732e-18
2.2782956498949086e-17
9.685429677208628e-17
4.1089579783316436e-16
1.739210176842311e-15
7.342891348244573e-15
3.091316529177767e-14
1.2972455338795153e-13
5.423897713355846e-13
2.2582773635856483e-12
9.3568479601617e-12
3.854811880262229e-11
1.5773544042833293e-10
6.401650416621378e-10
2.5719320759706783e-09
1.0201641648686015e-08
3.9795131475853725e-08
1.5175024629698932e-07
5.600589114020948e-07
1.963905495862123e-06
6.283023152810349e-06
1.6210460787232225e-05
3.06e-07
3.06e-07
3.06e-07
3.06e-07
3.06e-07
3.06e-07
3.06e-07
3.06e-07
3.06e-07
3.06e-07
3.06e-07
3.06e-07
3.06e-07
3.06e-07
3.06e-07
3.06e-07
3.06e-07
3.06e-07
3.06e-07
3.06e-07
3.06e-07
3.06e-07
3.06e-07
3.06e-07
3.06e-07
3.06e-07
3.06e-07
3.06e-07
3.06e-07
3.06e-07
3.06e-07
3.06e-07
3.06e-07
3.06e-07
3.06e-07
3.06e-07
3.06e-07
3.06e-07
3.06e-07
3.06e-07
3.06e-07
3.06e-07
3.06e-07
3.06e-07
3.06e-07
3.06e-07
3.06e-07
3.06e-07
3.06e-07
3.06e-07
3.06e-07
3.06e-07
3.06e-07
3.06e-07
3.06e-07
3.06e-07
3.06e-07
3.06e-07
3.06e-07
3.06e-07
0.0
0.0
0.0
0.0
0.0
0.0
0.0
0.0
0.0
0.0
0.0
0.0
0.0
0.0
0.0
0.0
0.0
0.0
0.0
0.0
0.0
0.0
0.0
0.0
0.0
0.0
0.0
0.0
0.0
0.0
0.0
0.0
0.0
0.0
0.0
0.0
0.0
0.0
0.0
0.0
0.0
0.0
0.0
0.0
0.0
0.0
0.0
0.0
0.0
0.0
0.0
0.0
0.0
0.0
0.0
0.0
0.0
0.0
0.0
0.0
1.65e-06
1.65e-06
1.65e-06
1.65e-06
1.65e-06
1.65e-06
1.65e-06
1.65e-06
1.65e-06
1.65e-06
1.65e-06
1.65e-06
1.65e-06
1.65e-06
1.65e-06
1.65e-06
1.65e-06
1.65e-06
1.65e-06
1.65e-06
1.65e-06
1.65e-06
1.65e-06
1.65e-06
1.65e-06
1.65e-06
1.65e-06
1.65e-06
1.65e-06
1.65e-06
1.65e-06
1.65e-06
1.65e-06
1.65e-06
1.65e-06
1.65e-06
1.65e-06
1.65e-06
1.65e-06
1.65e-06
1.65e-06
1.65e-06
1.65e-06
1.65e-06
1.65e-06
1.65e-06
1.65e-06
1.65e-06
1.65e-06
1.65e-06
1.65e-06
1.65e-06
1.65e-06
1.65e-06
1.65e-06
1.65e-06
1.65e-06
1.65e-06
1.65e-06
1.65e-06
0.0
0.0
0.0
0.0
0.0
0.0
0.0
0.0
0.0
0.0
0.0
0.0
0.0
0.0
0.0
0.0
0.0
0.0
0.0
0.0
0.0
0.0
0.0
0.0
0.0
0.0
0.0
0.0
0.0
0.0
0.0
0.0
0.0
0.0
0.0
0.0
0.0
0.0
0.0
0.0
0.0
0.0
0.0
0.0
0.0
0.0
0.0
0.0
0.0
0.0
0.0
0.0
0.0
0.0
0.0
0.0
0.0
0.0
0.0
0.0
0.0
0.0
0.0
0.0
0.0
0.0
0.0
0.0
0.0
0.0
0.0
0.0
0.0
0.0
0.0
0.0
0.0
0.0
0.0
0.0
0.0
0.0
0.0
0.0
0.0
0.0
0.0
0.0
0.0
0.0
0.0
0.0
0.0
0.0
0.0
0.0
0.0
0.0
0.0
0.0
0.0
0.0
0.0
0.0
0.0
0.0
0.0
0.0
0.0
0.0
0.0
0.0
0.0
0.0
0.0
0.0
0.0
0.0
0.0
0.0
2
2
1
298.1708481188802
-0.030321010493992162
0.0
0.0
51.0
5.7
1.0
2.0
3.0
4.0
5.0
6.0
7.0
8.0
9.0
10.0
11.0
12.0
13.0
14.0
15.0
16.0
17.0
18.0
19.0
20.0
21.0
22.0
23.0
24.0
25.0
26.0
27.0
28.0
29.0
30.0
31.0
32.0
33.0
34.0
35.0
36.0
37.0
38.0
39.0
40.0
41.0
42.0
43.0
44.0
45.0
46.0
47.0
48.0
49.0
50.0
51.0
52.0
53.0
54.0
55.0
56.0
57.0
58.0
59.0
60.0
0.0
0.0
0.0
0.0
0.0
0.0
0.0
0.0
0.0
0.0
0.0
0.0
0.0
0.0
0.0
0.0
0.0
0.0
0.0
0.0
0.0
0.0
0.0
0.0
0.0
0.0
0.0
0.0
0.0
0.0
0.0
0.0
0.0
0.0
0.0
0.0
0.0
0.0
0.0
0.0
0.0
0.0
0.0
0.0
0.0
0.0
0.0
0.0
0.0
0.0
0.0
0.0
0.0
0.0
0.0
0.0
0.0
0.0
0.0
0.0
0.0
0.0
0.0
0.0
0.0
0.0
0.0
0.0
0.0
0.0
0.0
0.0
0.0
0.0
0.0
0.0
0.0
0.0
0.0
0.0
0.0
0.0
0.0
0.0
0.0
0.0
0.0
0.0
0.0
0.0
0.0
0.0
0.0
0.0
0.0
0.0
0.0
0.0
0.0
0.0
0.0
0.0
0.0
0.0
0.0
0.0
0.0
0.0
0.0
0.0
0.0
0.0
0.0
0.0
0.0
0.0
0.0
0.0
0.0
0.0
0.01
0.0
0.0
0.0
0.0
0.0
0.0
0.0
0.0
0.0
0.0
0.0
0.0
0.0
0.0
0.0
0.0
0.0
0.0
0.0
0.0
0.0
0.0
0.0
0.0
0.0
0.0
0.0
0.0
0.0
0.0
0.0
0.0
0.0
0.0
0.0
0.0
0.0
0.0
0.0
0.0
0.0
0.0
0.0
0.0
0.0
0.0
0.0
0.0
0.0
0.0
0.0
0.0
0.0
0.0
0.0
0.0
0.0
0.0
0.0
0.0
