9.81
6.022e+23
0
0
0
3
0
1
254.50160443875828
2
2
0
0
1
1
0
1
60
7
1000.0
1.0


3
3
0
80.10220330563587
0
5.601050757580543
150.0
350.0
287.04
9.81
79000.0
40.0
20000.0
0.0
0.0
0.0
0.0
0.0280134
0.04401
0.0319988
0.039948
0.01604
0.01801528
0.048
99000.0
2.1153802199668344e+29
0.8
1e-06
1000000.0
0.6
3.0
0.0001
400
50
1.1715119814769421
0
1
6
1.0
1
0
1
1
0.02
1000000000000.0
2
291.75762399432483
290.8407498126134
289.9108144966543
288.96739679558334
288.01005401183846
287.0383204943034
286.0517059953263
285.0496938764793
284.0317391459126
282.99726630783596
281.9456670019677
280.87629740766516
279.7884753838072
278.6814773112423
277.55453459962087
276.4068298145592
275.23749237414717
274.0455937555972
272.8301421430638
271.5900764359974
270.32425952341384
269.0314707126235
267.7103971805981
266.35962429140403
264.97762459290004
263.5627452687777
262.11319377619134
260.6270213422997
259.1021039219015
257.5361201288545
255.9265255405956
254.27052263039099
252.56502539582212
250.80661751055692
248.99150251038168
247.11544410668532
245.17369416258992
243.1609051132363
241.0710225812998
238.89715251133205
236.63139514043937
234.26463525903986
231.78627405632633
229.1838816889045
226.44274040513716
223.54523365621637
220.47001374658254
217.1908425664133
213.67500746428362
209.8727394846721
206.58127686460256
206.16964139125952
207.36122013649518
209.51188737894103
213.28536206566076
217.63431895800855
223.8188104347791
231.65661521816617
240.69642354248063
242.8634529099654
254.499513549043
253.7841544804635
253.05830725785611
252.32173215236017
251.57396690161272
250.8147430730356
250.04355179863353
249.26009140579117
248.46379960081205
247.65433601608984
246.83107678368688
245.99363623611697
245.14131912605362
244.27368642924836
243.38995962944853
242.48963643810552
241.57184053226527
240.63599406864327
239.68110497945358
238.7065044738232
237.71106238425762
236.69399949096075
235.65401936187976
234.59020740674293
233.50106501422812
232.38551094915098
231.24179912435815
230.06736234213125
228.86142860539297
227.6203792381761
226.34383947148675
225.02786793447498
223.67156789825128
222.27156550492586
220.8252852979685
219.3292288469607
217.7794442457607
216.179048961556
214.52335809226457
212.79944438987596
211.00081191415785
209.11995664287207
207.14814247310304
205.07511974215578
202.88699756657513
200.5655932706992
198.0797241844614
197.63433383824915
198.1596553040233
199.20281814779696
200.39917134146555
201.6992848261438
203.1228039915294
204.73392023673026
206.86765013053707
209.10313186866435
211.8624330446689
215.3830187276834
220.45907326299667
225.02762063519535
991.675
975.0250000000001
958.375
941.7249999999999
925.075
908.425
891.7750000000001
875.125
858.4749999999999
841.825
825.175
808.5250000000001
791.875
775.225
758.575
741.925
725.2750000000001
708.625
691.975
675.325
658.675
642.0250000000001
625.375
608.725
592.075
575.425
558.7750000000001
542.125
525.4750000000001
508.82500000000005
492.17500000000007
475.52500000000003
458.87500000000006
442.2250000000001
425.57500000000005
408.925
392.27500000000003
375.62500000000006
358.9750000000001
342.32500000000005
325.675
309.02500000000003
292.37500000000006
275.7250000000001
259.0750000000001
242.42500000000007
225.77500000000003
209.12500000000006
192.47500000000008
175.8250000000001
159.17500000000007
142.52500000000003
125.87500000000006
109.22500000000008
92.5750000000001
75.92500000000013
59.27500000000009
42.62500000000006
25.97500000000008
9.325000000000045
991.675
975.0250000000001
958.375
941.7249999999999
925.075
908.425
891.7750000000001
875.125
858.4749999999999
841.825
825.175
808.5250000000001
791.875
775.225
758.575
741.925
725.2750000000001
708.625
691.975
675.325
658.675
642.0250000000001
625.375
608.725
592.075
575.425
558.7750000000001
542.125
525.4750000000001
508.82500000000005
492.17500000000007
475.52500000000003
458.87500000000006
442.2250000000001
425.57500000000005
408.925
392.27500000000003
375.62500000000006
358.9750000000001
342.32500000000005
325.675
309.02500000000003
292.37500000000006
275.7250000000001
259.0750000000001
242.42500000000007
225.77500000000003
209.12500000000006
192.47500000000008
175.8250000000001
159.17500000000007
142.52500000000003
125.87500000000006
109.22500000000008
92.5750000000001
75.92500000000013
59.27500000000009
42.62500000000006
25.97500000000008
9.325000000000045
72.65998253177838
219.00592154632915
367.43660020585503
518.0192560381621
670.8245497638884
825.9268058118655
983.4042745618924
1143.3394187306465
1305.8192266373546
1470.9355554566355
1638.7855079954588
1809.4718470302219
1983.103451821451
2159.7958221032877
2339.6716356418483
2522.861366394027
2709.5039714050513
2899.7476558942935
3093.750727538136
3291.68255282046
3493.7246305532626
3700.0718003573775
3910.933607143837
4126.535846586893
4347.12232140493
4572.956844190226
4804.325529844042
5041.539429759339
5284.937571248353
5534.890479996696
5791.8042814212295
6056.125499903308
6328.346704577012
6609.013188891562
6898.730921617129
7198.176073647266
7508.106514015505
7829.375788842322
8162.950261400239
8509.93031933057
8871.576875244598
9249.344844039246
9644.92594411051
10060.304152256538
10497.828627420287
10960.31121710376
11451.159311998912
11974.560881291178
12535.73732153195
13142.632453885388
13811.132665141304
14564.774159930195
15433.296723071946
16461.75038231751
17721.192212125454
19339.201774274792
21582.82590721844
25163.88120851326
33765.20279429658
56560.69457252452
63.652843354830125
191.37156963334138
320.96282920638083
452.4694227681416
585.973881683355
721.5241313484878
859.2110240013203
999.0884196457002
1141.256709033439
1285.7766606919135
1432.7596587104083
1582.2745593630234
1734.4454906672663
1889.3508351030373
2047.1295873494396
2207.8714249634786
2371.7328048301224
2538.816893892412
2709.3008138778405
2883.3039693235114
3061.0281379928165
3242.6124401740362
3428.2883381604015
3618.2191210045066
3812.6723476675143
4011.841059639516
4216.036999703961
4425.71851002368
4641.023421357708
4862.597804617353
5090.508570282469
5325.459402540273
5567.610401509181
5817.563928788083
6075.779801050969
6342.882620817958
6619.577953225455
6905.309212139455
7200.912830273172
7508.696811708341
7829.820928158064
8165.624932208591
8517.66854957813
8887.781733812639
9278.444534470033
9692.903248798608
10136.72516611892
10617.713091447706
11144.473122192965
11727.125123663423
12378.523926284144
13116.323781873629
13965.98903723994
14966.900784310195
16182.085882425963
17723.5910645718
19825.082785563573
23123.358127918596
31068.98848420982
56560.69457252452
3.521179111399233e+23
3.521179111399233e+23
3.521179111399257e+23
3.521179111399233e+23
3.521179111399233e+23
3.521179111399233e+23
3.521179111399233e+23
3.521179111399257e+23
3.521179111399233e+23
3.521179111399233e+23
3.521179111399233e+23
3.521179111399233e+23
3.521179111399257e+23
3.5211791113992086e+23
3.521179111399257e+23
3.521179111399233e+23
3.521179111399233e+23
3.521179111399257e+23
3.5211791113992086e+23
3.521179111399257e+23
3.521179111399233e+23
3.521179111399233e+23
3.521179111399257e+23
3.5211791113992086e+23
3.521179111399257e+23
3.521179111399233e+23
3.521179111399233e+23
3.521179111399233e+23
3.521179111399233e+23
3.521179111399244e+23
3.521179111399244e+23
3.521179111399233e+23
3.521179111399233e+23
3.521179111399233e+23
3.521179111399257e+23
3.521179111399233e+23
3.521179111399233e+23
3.521179111399233e+23
3.521179111399233e+23
3.521179111399257e+23
3.521179111399233e+23
3.521179111399233e+23
3.521179111399233e+23
3.521179111399233e+23
3.521179111399233e+23
3.521179111399257e+23
3.521179111399233e+23
3.521179111399233e+23
3.521179111399233e+23
3.521179111399233e+23
3.521179111399257e+23
3.521179111399233e+23
3.521179111399233e+23
3.521179111399233e+23
3.521179111399233e+23
3.521179111399233e+23
3.521179111399257e+23
3.521179111399233e+23
3.521179111399233e+23
3.521179111399257e+23
3.521179111399233e+23
3.521179111399233e+23
3.521179111399257e+23
3.521179111399233e+23
3.521179111399233e+23
3.521179111399233e+23
3.521179111399233e+23
3.521179111399257e+23
3.521179111399233e+23
3.521179111399233e+23
3.521179111399233e+23
3.521179111399233e+23
3.521179111399257e+23
3.5211791113992086e+23
3.521179111399257e+23
3.521179111399233e+23
3.521179111399233e+23
3.521179111399257e+23
3.5211791113992086e+23
3.521179111399257e+23
3.521179111399233e+23
3.521179111399233e+23
3.521179111399257e+23
3.5211791113992086e+23
3.521179111399257e+23
3.521179111399233e+23
3.521179111399233e+23
3.521179111399233e+23
3.521179111399233e+23
3.521179111399244e+23
3.521179111399244e+23
3.521179111399233e+23
3.521179111399233e+23
3.521179111399233e+23
3.521179111399257e+23
3.521179111399233e+23
3.521179111399233e+23
3.521179111399233e+23
3.521179111399233e+23
3.521179111399257e+23
3.521179111399233e+23
3.521179111399233e+23
3.521179111399233e+23
3.521179111399233e+23
3.521179111399233e+23
3.521179111399257e+23
3.521179111399233e+23
3.521179111399233e+23
3.521179111399233e+23
3.521179111399233e+23
3.521179111399257e+23
3.521179111399233e+23
3.521179111399233e+23
3.521179111399233e+23
3.521179111399233e+23
3.521179111399233e+23
3.521179111399257e+23
3.521179111399233e+23
3.521179111399233e+23
3.521179111399257e+23
-3.7486952815333696
-3.5301150737340046
-3.3653290484269784
-3.235247723482662
-3.1079977834552484
-3.003674927240737
-2.9090309208966225
-2.8397082797028275
-2.778248335390294
-2.728967360734689
-2.6797317244527514
-2.6346622283628265
-2.575288000369422
-2.5414055622338703
-2.5228661365211646
-2.5107156128242023
-2.5276403643768366
-2.539167558792668
-2.5507866896533167
-2.571213551569464
-2.5768957628257616
-2.5656081376941438
-2.567267590343249
-2.5506264496699176
-2.519936245494671
-2.5040287914976527
-2.477945678283835
-2.4493769836960713
-2.43385033542826
-2.4120069588689255
-2.3896471209787165
-2.3800347410215807
-2.3624745638727838
-2.3487748429169253
-2.3496173665516533
-2.341440569699127
-2.3462093216128257
-2.3816575874224295
-2.392227897709364
-2.422592022092133
-2.463757645711451
-2.4683742977035004
-2.495757277949828
-2.529619392176021
-2.4563073696956814
-2.33296586154114
-2.0405814170782692
-1.6493267978005637
-1.2212756842647174
-0.6158727486541022
-0.053123597984681276
-0.0003819730854235093
-7.562761414803276e-05
-3.832768769848616e-05
-3.0301869406973436e-05
-2.6241166356050227e-05
-3.546982452547198e-05
-4.939436737852465e-05
-5.477697402091891e-05
3.862892081658853e-07
-2.1091067817603975
1.8620386943294231
-1.8933847179645482
1.9014042988665343
-1.7890460108707662
1.8693742270576024
-1.6968415772016905
1.82759293773003
-1.588451146119824
1.7980438484134773
-1.4662957601840745
1.7764014562724035
-1.3373026503298522
1.7572397460345373
-1.2212241378643447
1.7322199546703656
-1.1162441622509403
1.698511963460984
-1.013272189736131
1.663066591015974
-0.919786049571643
1.6245339008468123
-0.8214382416877732
1.5886746728659344
-0.7132406891329662
1.56708624877841
-0.5560129538877645
1.4491420639563037
-0.26390217866353993
1.037511295338152
0.10755311534339651
0.7019127132299771
0.4228072863977891
0.5509065493808603
0.6171154445292815
0.6859728490765554
0.7755061280132052
0.8619010555807595
-1.2092761780595884
-1.1480175138491107
-1.08250576274264
-0.9856662510108525
-0.9049752886055671
-0.8052284450776632
-0.5760296198144162
-0.35693544041758923
-0.04511491869942058
-0.001233701282190247
-0.0019002255873923068
-0.0023973156058264278
-0.0027595582819156805
-0.0029286083766841553
-0.0028652284502244663
-0.0026892865516838227
-0.0023194085874441023
-0.0019328447258827597
-0.0016309085128263512
-0.001157389232982406
-0.0007827867508493347
-0.00046246697524511896
-2.5119686088846436
-2.3137933299910856
-2.1696020973679992
-2.0601069242922563
-1.9535066612477294
-1.8695845210542075
-1.7956564430933213
-1.7469262491240727
-1.706089786865732
-1.6773683791184624
-1.6487269475340156
-1.6242657142254586
-1.5854988022944099
-1.5722127692103527
-1.5742613574824702
-1.5827110460637073
-1.620217302655476
-1.6523402334013895
-1.6845509597457067
-1.7255770882639183
-1.7518671743611947
-1.7612383622447112
-1.783475076612092
-1.787421855380643
-1.7773162419059645
-1.7819977474997586
-1.7765033685117544
-1.7684982854067641
-1.7737605648330828
-1.7723775786552665
-1.7706399118450804
-1.7816159385972128
-1.78463815152449
-1.7914937260533748
-1.812925395600388
-1.8254004421960417
-1.8507340459004809
-1.9067923200013865
-1.937993933449519
-1.98893094954812
-2.051072884033971
-2.075929390870698
-2.1238819380113796
-2.178347233404054
-2.1258491745691686
-2.0229458990807814
-1.7511480247594022
-1.380485999156349
-0.9730264248879621
-0.38819496406682674
0.1534621124833393
0.18673496097426323
0.1660314306934083
0.14543702522342983
0.12483870335688607
0.10424162131698722
0.08364745339451929
0.06305461892281983
0.042460282999172705
0.02184299524429889
-0.1600542951108146
-3.3139026886189527
0.6595585145338703
-3.0387098128120726
0.7183118423272319
-2.8882263572498843
0.7277488151471125
-2.7437860227859794
0.7350336812112062
-2.5831989439260212
0.7526964228634512
-2.414539959432304
0.7760712353206287
-2.248892524248035
0.795060235379367
-2.0944461660589013
0.8071220006242612
-1.9524075820819462
0.8151340086252787
-1.8137635483568317
0.8174936657494243
-1.6753691590927247
0.8214735844558874
-1.5339411504115787
0.8306809148565506
-1.3767800694024857
0.863974085897631
-1.1101309225632434
0.5854163049304617
-0.7170479553523279
0.23224840912320133
-0.3214811433300184
0.013352760893013738
-0.028049569708514355
0.07742845115105013
0.16870553348645956
0.2793069251258302
0.38643579985276943
-1.6921498433227242
-1.5820000893345068
-1.4957625933277754
-1.3783095075086393
-1.2770130521512115
-1.156675276602229
-0.9069001351610027
-0.667272158902577
-0.33513890758862175
-0.26995112274457256
-0.25005783541166693
-0.22994215718198774
-0.20968810483932288
-0.1892365036399255
-0.168606402554353
-0.1478567214666242
-0.12693378907092523
-0.10599929843321831
-0.08510501180399643
-0.06411363847490748
-0.043046631831209936
-0.02226256860159026
-1.2369997480639912
-1.216403702258726
-1.1958076564534603
-1.1752116106481947
-1.1546155648429293
-1.1340195190376638
-1.1134234732323984
-1.092827427427133
-1.0722313816218676
-1.051635335816602
-1.0310392900113368
-1.0104432442060713
-0.9898471984008058
-0.9692511525955403
-0.948655106790275
-0.9280590609850095
-0.9074630151797439
-0.8868669693744786
-0.8662709235692129
-0.8456748777639477
-0.8250788319586823
-0.8044827861534166
-0.7838867403481513
-0.7632906945428857
-0.7426946487376204
-0.722098602932355
-0.7015025571270894
-0.680906511321824
-0.6603104655165585
-0.6397144197112932
-0.6191183739060278
-0.5985223281007621
-0.5779262822954968
-0.5573302364902314
-0.5367341906849659
-0.5161381448797003
-0.4955420990744349
-0.4749460532691695
-0.4543500074639041
-0.4337539616586386
-0.4131579158533731
-0.39256187004810766
-0.3719658242428422
-0.3513697784375768
-0.33077373263231136
-0.310177686827046
-0.2895816410217804
-0.26898559521651494
-0.2483895494112495
-0.2277935036059841
-0.20719745780071866
-0.18660141199545308
-0.1660053661901877
-0.14540932038492224
-0.12481327457965682
-0.10421722877439141
-0.08362118296912598
-0.0630251371638604
-0.04242909135859498
-0.021833045553329555
1.2368239053783456
1.2162307873537965
1.195637669329247
1.1750445513046974
1.1544514332801479
1.1338583152555983
1.113265197231049
1.0926720792064997
1.0720789611819501
1.0514858431574006
1.0308927251328512
1.010299607108302
0.9897064890837524
0.9691133710592028
0.9485202530346535
0.9279271350101038
0.9073340169855545
0.886740898961005
0.8661477809364554
0.8455546629119062
0.8249615448873566
0.8043684268628071
0.7837753088382577
0.7631821908137082
0.7425890727891588
0.7219959547646092
0.70140283674006
0.6808097187155104
0.660216600690961
0.6396234826664117
0.6190303646418621
0.5984372466173126
0.5778441285927632
0.5572510105682138
0.5366578925436642
0.5160647745191148
0.4954716564945653
0.47487853847001593
0.4542854204454665
0.43369230242091705
0.4130991843963675
0.39250606637181806
0.37191294834726857
0.3513198303227192
0.33072671229816974
0.31013359427362036
0.2895404762490708
0.2689473582245213
0.2483542401999719
0.22776112217542246
0.20716800415087308
0.18657488612632347
0.16598176810177406
0.14538865007722462
0.1247955320526752
0.10420241402812577
0.08360929600357633
0.06301617797902677
0.04242305995447734
0.021829941929927914
-16.649999999999977
-16.649999999999977
-16.65000000000009
-16.649999999999977
-16.649999999999977
-16.649999999999977
-16.649999999999977
-16.65000000000009
-16.649999999999977
-16.649999999999977
-16.649999999999977
-16.649999999999977
-16.65000000000009
-16.649999999999864
-16.65000000000009
-16.649999999999977
-16.649999999999977
-16.65000000000009
-16.649999999999864
-16.65000000000009
-16.649999999999977
-16.649999999999977
-16.65000000000009
-16.649999999999864
-16.65000000000009
-16.649999999999977
-16.649999999999977
-16.649999999999977
-16.649999999999977
-16.650000000000034
-16.650000000000034
-16.649999999999977
-16.649999999999977
-16.649999999999977
-16.65000000000009
-16.649999999999977
-16.649999999999977
-16.649999999999977
-16.649999999999977
-16.65000000000009
-16.649999999999977
-16.649999999999977
-16.649999999999977
-16.649999999999977
-16.649999999999977
-16.65000000000009
-16.649999999999977
-16.649999999999977
-16.649999999999977
-16.649999999999977
-16.65000000000009
-16.649999999999977
-16.649999999999977
-16.649999999999977
-16.649999999999977
-16.649999999999977
-16.65000000000009
-16.649999999999977
-16.649999999999977
-16.65000000000009
-16.649999999999977
-16.649999999999977
-16.65000000000009
-16.649999999999977
-16.649999999999977
-16.649999999999977
-16.649999999999977
-16.65000000000009
-16.649999999999977
-16.649999999999977
-16.649999999999977
-16.649999999999977
-16.65000000000009
-16.649999999999864
-16.65000000000009
-16.649999999999977
-16.649999999999977
-16.65000000000009
-16.649999999999864
-16.65000000000009
-16.649999999999977
-16.649999999999977
-16.65000000000009
-16.649999999999864
-16.65000000000009
-16.649999999999977
-16.649999999999977
-16.649999999999977
-16.649999999999977
-16.650000000000034
-16.650000000000034
-16.649999999999977
-16.649999999999977
-16.649999999999977
-16.65000000000009
-16.649999999999977
-16.649999999999977
-16.649999999999977
-16.649999999999977
-16.65000000000009
-16.649999999999977
-16.649999999999977
-16.649999999999977
-16.649999999999977
-16.649999999999977
-16.65000000000009
-16.649999999999977
-16.649999999999977
-16.649999999999977
-16.649999999999977
-16.65000000000009
-16.649999999999977
-16.649999999999977
-16.649999999999977
-16.649999999999977
-16.649999999999977
-16.65000000000009
-16.649999999999977
-16.649999999999977
-16.65000000000009
292.75762399432483
291.8471776577119
290.923875630902
289.9873070257937
289.03704022876
288.0726214583039
287.09357319368985
286.0993924603498
285.08954895599584
284.0634829992164
283.0206032798426
281.96028438747993
280.88186409123745
279.784640339764
278.6678679461076
277.5307549165211
276.3724583759843
275.192080035697
273.98866113888437
272.7611768106302
271.5085297247515
270.2295429854631
268.92295210317087
267.58739592141234
266.2214063247828
264.82339652440436
263.39164767653807
261.92429353923166
260.41930280875476
258.87445869843526
257.28733522266083
255.65526952191743
253.9753294022516
252.2442750527797
250.45851363172122
248.61404505242922
246.70639682432846
244.73054516423846
242.68081872562124
240.5507801003654
238.33307858568577
236.01926535858001
233.59955882288673
231.0625429531529
228.39477408804308
225.58026038561823
222.59976059020147
219.42982056635057
216.04141822986298
212.3981503620912
208.43688227063993
206.37564824121847
206.7652404355661
208.43646945758323
211.39854534916347
215.4597686377739
220.72649632963163
227.73764388526178
236.17645002610647
241.77989195765053
243.9469664665935
254.499513549043
253.78646793605355
253.06879541188405
252.33477349083878
251.5956452008922
250.83924298934392
250.07719754373795
249.2968604405398
248.51027675805327
247.70427683058156
246.89134958860885
246.05775836577567
245.21646849346905
244.35312414564893
243.48120309985853
242.58567054604927
241.68055671717252
240.75007873436874
239.80886378992855
238.8403005559894
237.8596627786678
236.84941637685822
235.82553699207406
234.76945611869624
233.69791308180038
232.5911713336666
231.46680495164614
230.30374768408095
229.11793138719233
227.8918802106044
226.63583265275858
225.33880067722566
224.00388957873508
222.6262006047783
221.20388479208424
219.73364019086358
218.21177189006866
216.63407098846358
215.35324675674002
213.66495468496151
211.90541935196282
210.0676897335253
208.14370880939123
206.1240613939872
203.99766334749674
201.74781704282594
199.35485475574487
197.8147403007519
197.89699457113622
198.68123672591014
199.80099474463125
201.04922808380468
202.4110444088366
203.9283621141298
205.80078518363365
207.98539099960072
210.48278245666663
213.62272588617617
217.92104599534002
222.743346949096
227.3118943212947
1000.0
983.35
966.7
950.05
933.4
916.75
900.1
883.45
866.8
850.15
833.5
816.85
800.2
783.55
766.9000000000001
750.25
733.6
716.95
700.3
683.6500000000001
667.0
650.35
633.7
617.05
600.4000000000001
583.75
567.1
550.45
533.8000000000001
517.1500000000001
500.50000000000006
483.85
467.20000000000005
450.55000000000007
433.9000000000001
417.25
400.6
383.95000000000005
367.30000000000007
350.6500000000001
334.0
317.35
300.70000000000005
284.05000000000007
267.4000000000001
250.7500000000001
234.10000000000002
217.45000000000005
200.80000000000007
184.1500000000001
167.5000000000001
150.85000000000002
134.20000000000005
117.55000000000007
100.90000000000009
84.25000000000011
67.60000000000014
50.950000000000045
34.30000000000007
17.65000000000009
1.0
1000.0
983.35
966.7
950.05
933.4
916.75
900.1
883.45
866.8
850.15
833.5
816.85
800.2
783.55
766.9000000000001
750.25
733.6
716.95
700.3
683.6500000000001
667.0
650.35
633.7
617.05
600.4000000000001
583.75
567.1
550.45
533.8000000000001
517.1500000000001
500.50000000000006
483.85
467.20000000000005
450.55000000000007
433.9000000000001
417.25
400.6
383.95000000000005
367.30000000000007
350.6500000000001
334.0
317.35
300.70000000000005
284.05000000000007
267.4000000000001
250.7500000000001
234.10000000000002
217.45000000000005
200.80000000000007
184.1500000000001
167.5000000000001
150.85000000000002
134.20000000000005
117.55000000000007
100.90000000000009
84.25000000000011
67.60000000000014
50.950000000000045
34.30000000000007
17.65000000000009
1.0
0.0
145.31996506355677
292.69187802910153
442.1813223826086
593.8571896937157
747.7919098340612
904.0617017896698
1062.746847334115
1223.9319901271779
1387.7064631475314
1554.1646477657393
1723.406368225178
1895.5373258352656
2070.6695778076364
2248.9220663989395
2430.4212048847576
2615.301527903296
2803.7064149068065
2995.788896881781
3191.712558194491
3391.6525474464283
3595.7967136600973
3804.346887054658
4017.520327233016
4235.551365940771
4458.6932768690895
4687.220411511362
4921.430648176722
5161.648211341958
5408.226931154749
5661.554028838643
5922.054534003817
6190.1964658028
6466.496943351225
6751.5294344319
7045.932408802358
7350.419738492175
7665.793289538835
7992.95828814581
8332.942234654667
8686.918404006472
9056.235346482725
9442.454341595765
9847.397546625256
10273.21075788782
10722.446496952753
11198.175937254766
11704.142686743058
12244.979075839296
12826.495567224601
13458.769340546176
14163.49598973643
14966.052330123961
15900.541116019931
17022.95964861509
18419.42477563582
20258.978772913768
22906.673041523114
27421.0893755034
40109.316213089754
52797.54305067619
0.0
127.30568670966025
255.4374525570225
386.4882058557391
518.4506396805441
653.4971236861659
789.5511390108098
928.8709089918309
1069.3059302995696
1213.2074877673083
1358.3458336165188
1507.1734838042978
1657.3756349217488
1811.515346412784
1967.1863237932907
2127.0728509055884
2288.6699990213688
2454.7956106388765
2622.8381771459467
2795.7634506097343
2970.8444880372886
3151.211787948344
3334.013092399729
3522.563583921074
3713.874658087939
3911.4700372470897
4112.212082031942
4319.861917375979
4531.5751026713815
4750.471740044034
4974.723869190671
5206.2932713742675
5444.625533706278
5690.595269312085
5944.532588264081
6207.027013837856
6478.73822779806
6760.417678652851
7050.200745626059
7351.624914920286
7665.768708496395
7993.8731478197315
8337.376716597451
8697.960382558807
9077.60308506647
9479.285983873593
9906.520513723624
10366.929818514216
10868.496364381193
11420.449880004737
12033.800367322112
12723.247485246176
13509.400078501081
14422.5779959788
15511.223572641591
16852.948192210337
18594.233936933262
21055.93163419388
25190.784621643317
36947.192346776326
48703.60007190942
447.94367690983665
445.77748258273493
443.3753019674912
440.81331788529934
438.1464577085835
435.4205414482839
432.64945885772374
429.8433085950613
427.0330511923172
424.22626767856787
421.43582510144853
418.68403534380946
415.97445484643646
413.3048869410231
410.6662296801302
408.0487286251701
405.4492649024195
402.8582221996748
400.2876249373984
397.7411813639401
395.2110888476158
392.70580287274606
390.22741963862177
387.7753175020744
385.3551011112366
382.9655716067539
380.60399949768265
378.27454145224624
375.98222430050436
373.71966251041613
371.499886915152
369.3204351853214
367.1807252599533
365.0889553624805
363.04346384896905
361.043407394561
359.10410244236374
357.21976916433584
355.3849718980272
353.619138496461
351.9152386778205
350.2750713351694
348.72149913766134
347.2509077173304
345.86853875068607
344.6062283812991
343.45220198434083
342.41839990006446
341.4928550670831
340.64605209488667
339.8790888353228
339.4282759179182
339.5032180907856
339.9217426523279
340.58899083731137
341.36055589986637
342.1953960887279
343.03782330207673
343.8811600641535
344.6745888184783
345.77419123027744
247.10208993560258
245.93155507532103
245.9356949318512
243.8630688652813
243.56362689504687
241.3691049204761
240.94106551251784
238.72134814538458
238.22209547356104
236.02173693528246
235.47328660443677
233.30728493494024
232.7230959657008
230.59811731754013
229.9786200190469
227.8846152186758
227.22860332496083
225.1634362707853
224.47209119034255
222.44278043850267
221.71718144274533
219.72182074591092
218.969256365783
217.0147919494748
216.2385923446087
214.33358557735534
213.5385052093395
211.68464476646042
210.87393255880997
209.23021367965382
208.31457430870103
206.91591612891003
205.8629131040444
204.6423295779987
203.49454349118847
202.331457731037
201.18586254349597
200.05849095288949
199.011292815982
288.0116495142896
287.55254683296664
287.056629935219
286.5656215101078
286.0844831436803
285.62088380935313
285.1929703345355
284.8227472685481
284.5966768941486
284.6812471121225
284.9677321225108
285.3905939840926
285.8905327319276
286.4407095588376
287.0315507209328
287.6678712972136
288.3420761813427
289.03514359164967
289.7538089468908
290.5094373469372
291.29299573849653
292.2733417435087
416.5266472655545
413.8690867873956
410.9681726872331
407.9008279920608
404.7222654318809
401.4780646692924
398.1824844723076
394.845882327026
391.4992652323821
388.1503444470226
384.8121101812657
381.5069074470555
378.238487001828
375.0048920158394
371.7975048161768
368.6069242747678
365.4302822199736
362.2582853280861
359.1029534784964
355.9681005992168
352.8460662509114
349.7452979476455
346.6679349808232
343.6134280795736
340.5873387126116
337.5884835367188
334.6141848924296
331.6685674207197
328.7566620090225
325.8711057407524
323.0248813710694
320.2155290490024
317.4424750697697
314.7138846697564
312.0281256839847
309.3843607116199
306.797860703268
304.2628612099175
301.7739448843137
299.350510422838
296.9855622283674
294.6809181520839
292.4594315787482
290.3175660024294
288.2606049924467
286.3204007105387
284.4853431302591
282.7674777701389
281.1550175626745
279.6186795435769
278.1597403544047
277.0147868237919
276.3939865509226
276.1161865487415
276.0882837566789
276.1826764947275
276.3656573497108
276.6330604020473
277.0752676090366
277.7339395411091
278.2207816824553
237.8825909997165
236.6953894825279
236.6808490355258
234.587948700113
234.2669459660053
232.0495842186388
231.5975817723755
229.3528257527319
228.8275611130917
226.6002677179456
226.0240943341504
223.8296245499408
223.2163716926968
221.0617648133732
220.412222900323
218.2877830073648
217.6010322046945
215.5048523476275
214.7822561244034
212.7214783634742
211.9642336357103
209.9370549649028
209.1525141775957
207.165935164945
206.3574879555509
204.4201110593632
203.5925519504979
201.7061102909108
200.8627235395955
199.1862474935728
198.2377716074218
196.8062085021386
195.7202436002623
194.466645451952
193.2858049936125
192.0896367589033
190.9109328879222
189.7504454716387
188.6701395911044
118.8382457017425
118.2224556789499
117.5090044145694
116.754432269146
115.9776200177555
115.1930171005129
114.42097141027
113.6896644630578
113.0887123768328
112.7873397493814
112.6792253124816
112.7005288498303
112.7947094851071
112.9415832683885
113.1384655073367
113.4012300193026
113.7545129447595
114.1875251661749
114.7462617859431
115.4781120064798
116.4041436674383
117.0489807349972
31.41702964428213
31.90839579533934
32.40712928025811
32.91248989323855
33.4241922767026
33.94247677899155
34.46697438541617
34.99742626803527
35.53378595993515
36.07592323154531
36.62371492018282
37.17712789675397
37.73596784460845
38.2999949251837
38.86872486395339
39.44180435040231
40.0189826824459
40.59993687158866
41.18467145890202
41.77308076472325
42.36502259670442
42.96050492510054
43.55948465779859
44.16188942250079
44.76776239862498
45.37708807003507
45.98981460525306
46.60597403152655
47.22556229148188
47.84855676966375
48.4750055440826
49.10490613631904
49.73825019018357
50.37507069272407
51.01533816498437
51.65904668294107
52.30624173909577
52.95690795441834
53.61102701371346
54.268628073623
54.92967644945308
55.59415318308552
56.26206755891316
56.93334171490102
57.60793375823934
58.28582767076038
58.96685885408174
59.65092212992555
60.33783750440858
61.02737255130978
61.71934848091814
62.41348909412631
63.10923153986298
63.80555610358642
64.50070708063247
65.17787940513887
65.82973873901712
66.40476290002945
66.80589245511695
66.94064927736918
67.5534095478221
9.219498935886053
9.236165592793117
9.254845896325413
9.275120165168302
9.296680929041575
9.319520701837279
9.343483740142355
9.3685223926527
9.394534360469358
9.42146921733685
9.44919227028637
9.477660384999453
9.50672427300398
9.536352504166928
9.566397118723893
9.596832211311
9.627571120266337
9.658583923157812
9.689835065939155
9.721302075028454
9.752947807035051
9.784765781008094
9.8167421881873
9.848856784529795
9.881104389057784
9.91347451799214
9.945953258841596
9.978534475549615
10.01120901921448
10.04396618608101
10.07680270127923
10.10970762677144
10.14266950378208
10.17568412604672
10.20873849757598
10.2418209721337
10.27492965557378
10.3080454812508
10.3411532248776
169.1734038125471
169.3300911540167
169.5476255206496
169.8111892409618
170.1068631259248
170.4278667088402
170.7719989242655
171.1330828054903
171.5079645173158
171.8939073627411
172.2885068100292
172.6900651342623
173.0958232468205
173.4991262904491
173.8930852135961
174.266641277911
174.5875632365832
174.8476184254748
175.0075471609477
175.0313253404574
174.8888520710582
175.2243610085115
593.269464865378
588.5913019293916
583.8753279841569
579.143741804597
574.4167747035889
569.7373517820417
565.0966846704273
560.4948779646713
555.9376943128033
551.4248210121883
546.9570100559504
542.5564933507774
538.222647139179
533.9675804314709
529.7567104013679
525.5649479889254
521.3827732201112
517.1715132147108
512.948575719033
508.717581185829
504.46191158124077
500.2047584320099
495.9651368356408
491.72955962248125
487.52192137626304
483.3550756298741
479.2115057733033
475.1055443593552
471.04472892220645
467.00840656728496
463.01625339336584
459.0661617516901
455.1448358877248
451.2684278387275
447.43144259916266
443.6184607491541
439.8537553547609
436.1186880308325
432.37709844452246
428.6732711095067
424.9804403413182
421.2892001146332
417.65969852625426
414.06522516791205
410.50450896786367
407.11634942390754
403.9393771278686
401.1544270188327
398.84839618669497
397.0285667896107
395.87340856598
395.5760577610585
395.8377348949003
396.422290887136
397.2349760973429
398.1313798632547
399.07046167343333
399.9965363401767
400.90292772117624
401.73881675850015
402.8602621655435
222.57437707463964
221.24378791924732
217.93402508715846
216.5209575351225
213.18280575207595
211.70659561983246
208.39032985462435
206.89836130263816
203.6553226080287
202.18999775096128
199.05834847618956
197.64504322955648
194.6463143008847
193.29740688804472
190.42901706530347
189.13007250031166
186.37961444053784
185.12156938698655
182.47781672446186
181.26363998124722
178.72427743713303
177.54641040604798
175.1184768668275
173.98548603497517
171.6753452796975
170.60101942730063
168.42915898988235
167.4392726329008
165.51842950268718
164.46012692846156
162.82743960215637
161.66102983148855
160.2865456632929
159.0793148981403
157.90347924162154
156.8178219326211
155.84093227856653
154.99286761308582
154.3321052760312
241.64031213101603
239.5992093603585
237.60752986928318
235.73821193666333
233.98006051808457
232.35978590715516
231.02497229717653
229.98747707228662
229.4262677902986
229.2408868855278
229.27731406050444
229.47023376490412
229.7604844078998
230.12142473116995
230.54365949071095
231.032123345525
231.57939444058306
232.16646255245686
232.80002289589402
233.49153765746547
234.23204941719365
235.1901328536042
320.0779034732499
313.3786704933365
306.570500360956
299.680449762097
292.7356978138726
285.7982819704792
278.8635040881025
271.9369921397586
265.0373839054264
258.1764877009627
251.368468038997
244.6546489207372
238.0471275533174
231.5672818210199
225.1684990127314
218.8163691551724
212.4939763399778
206.1427603567213
199.7847766241382
193.4204428325698
187.0218013801503
180.6171121395913
174.2252820253598
167.8248085363857
161.4480537900415
155.1086033751971
148.7808575778715
142.4864251593869
136.232984619465
129.9937902467145
123.8007886745073
117.6528757126806
111.5340799509309
105.4725276924379
99.45902311453855
93.47446128642903
87.56345637627481
81.70496758523971
75.85915735918098
70.09381542367052
64.37176605962142
58.67711087414131
53.09169193840965
47.57578680950877
42.14355299481417
36.99975098804455
32.18754779096359
27.9149563285559
24.2562751118652
21.18732789706187
18.88566776154889
17.52040061013637
16.75963405242508
16.3460480365955
16.15154583980129
15.93336179336989
15.59207843833371
14.7741335378553
12.76135312641367
7.572911363341648
0.0
191.6364612387383
190.2164285122523
186.8162014083537
185.3120961685479
181.8823344954632
180.3147926697627
176.9076704249567
175.32590838748
171.994446342113
170.4425442447798
167.2261581102573
165.7302922697843
162.6508680624225
161.2233667175006
158.2778606161272
156.9033331633366
154.0784828902499
152.7471113684094
150.0310750103001
148.7456738543204
146.1359139220044
144.8886143049489
142.3922507468645
141.1917468010812
138.8151551700022
137.6755012879398
135.4394177797131
134.3865459344797
132.4040227232048
131.2853658120488
129.5938409815334
128.3701260729352
126.9398421090636
125.6784736620452
124.4501087025737
123.3134677887207
122.2873017311707
121.3915122477208
120.6844244044251
36.16111518237733
33.12881756783039
30.15902248304248
27.34726484594344
24.67257367600277
22.16428727167354
19.99373684988653
18.1564723241102
16.83407533830409
15.91140563637152
15.21767807584674
14.67709123944552
14.21238447215461
13.77071525699316
13.31808264982656
12.82165605977121
12.18722413549665
11.33637450303276
10.11652767814012
8.297749288824452
5.192220595005037
0.0
273.1915613921281
275.2126314360552
277.304827623201
279.4632920425
281.6810768897163
283.9390698115625
286.2331805823248
288.5578858249128
290.9003104073769
293.2483333112256
295.5885420169534
297.9018444300402
300.1755195858616
302.400298610451
304.5882113886365
306.748578833753
308.8887968801333
311.0287528579895
313.1637990948948
315.2971383532592
317.4401102010905
319.5876462924186
321.739854810281
323.9047510860956
326.0738675862215
328.246472254677
330.4306481954318
332.6191191999683
334.8117443027415
337.0146163205705
339.2154647188585
341.4132860390095
343.6107559367939
345.7959001462896
347.9724194846241
350.1439994627251
352.2902989784861
354.4137204455928
356.5179410853415
358.5794556858362
360.6086742816968
362.6120892404919
364.5680065878446
366.4894383584033
368.3609559730495
370.116598435863
371.751829336905
373.2394706902768
374.5921210748298
375.8412388925488
376.9877408044311
378.0556571509221
379.0781008424752
380.0762428505405
381.0834302575416
382.1980180698848
383.4783832350996
385.2224028023214
388.1415745947626
394.1659053951585
402.8602621655435
30.93791583590134
31.02735940699503
31.11782367880476
31.2088613665746
31.30047125661276
31.39180295006973
31.48265942966765
31.57245291515815
31.66087626591569
31.74745350618148
31.83219036593227
31.91475095977218
31.99544623846221
32.07404017054413
32.15115644917625
32.22673933697505
32.30113155028794
32.37445801857716
32.44674171416177
32.51796612692684
32.58836351512864
32.65779610109907
32.726226119963
32.79373923389396
32.86019010969529
32.92551813936085
32.98974121016925
33.05272669842112
33.11440677948237
33.17476111641275
33.23359862062299
33.29090375855336
33.3467035542293
33.40084123609509
33.45337053904785
33.50435414390039
33.55363054739584
33.60135536536504
33.6476808716061
205.4791969486387
206.4703917925281
207.4485073862407
208.3909470907199
209.3074868420818
210.1954986354816
211.03123544729
211.8310047481764
212.5921924519945
213.3294812491563
214.0596359846577
214.7931425254586
215.5480999357452
216.3507094741768
217.2255768408844
218.2104672857538
219.3921703050864
220.8300880494241
222.6834952177539
225.193788368641
229.0398288221886
235.1901328536042
145.32578795554141
142.81381934665677
140.5000260166657
138.3304239192977
136.27031699500543
134.3168103337577
132.4472258127035
130.65156936961017
128.9046431204861
127.19855333362037
125.5211849545019
123.87245800696789
122.24819229274243
120.66269349044802
119.09048072123767
117.5162193637552
115.93350831769149
114.31329101503601
112.66095078163463
110.97639982188892
109.250822733625
107.4989555592638
105.7377171970191
103.954242120407
102.16682026502636
100.3895040231204
98.60750627562064
96.83100290710888
95.06250462170212
93.28874405686904
91.51636647821377
89.74572656636869
87.96411062777148
86.17947247624699
84.38797875019361
82.57505335459322
80.74965291239718
78.8989188664967
76.99212654649531
75.0541326130458
73.06520166349767
71.0141287794637
68.938199388593
66.81431745058163
64.63597021717757
62.510121042608404
60.48717514352762
58.73602711876822
57.35554111961187
56.38251469472391
55.99431973065708
56.14778184314042
56.334516804114685
56.50054823480809
56.64598526003152
56.77082396338841
56.875065584705396
56.958713038099916
57.021767657022735
57.06422794002191
57.08607093526621
-24.52771286096291
-24.687767156073726
-28.001669844692678
-27.342111330158808
-30.38082114297088
-29.66250930064365
-32.55073565789353
-31.82298684274642
-34.5667728655324
-33.831739184321194
-36.414938128247215
-35.662241705383764
-38.07678166481607
-37.30071042949544
-39.549602953743474
-38.75454271836411
-40.84898888442301
-40.04186688379875
-41.99427446588069
-41.179140457255414
-42.992904005612246
-42.17541033986282
-43.850779498955546
-43.02930591449966
-44.56324706491124
-43.73256615005469
-45.10934621945717
-44.24537213355954
-45.355503056122785
-44.77008675119232
-45.48713470654465
-45.25488629742145
-45.57636744075147
-45.563014679858455
-45.59106424956697
-45.51363579841592
-45.34493026492946
-45.06562333980363
-44.67918753995086
-46.371337383273584
-47.95333747260809
-49.449100065935866
-50.827409573444505
-52.10442262559572
-53.261097902197946
-54.16799803735895
-54.835270196261526
-55.17040910385015
-55.44036022659472
-55.69041806200639
-55.920360219188375
-56.1300483240277
-56.31928482766762
-56.487891230221976
-56.6357479516886
-56.762681740759525
-56.868681039192744
-56.95378605099674
-57.01789968947165
-57.06094632130286
-57.08320888990445
96.44874379230458
100.4904162940591
104.3976723262772
108.2203782299637
111.9865676180083
115.6797826988132
119.3189803842052
122.9088901872674
126.4618813269557
129.9738567460599
133.4436421422687
136.8522585263183
140.1913594485107
143.4376101948194
146.6290058034454
149.7905551195955
152.9363058799959
156.1155249713648
159.3181768543582
162.547657766647
165.8242648707611
169.1281858080542
172.4426529554633
175.7886195431879
179.1392849225701
182.4798801615216
185.8333273145581
189.1821422613329
192.5236773895576
195.8773154940378
199.2240926965621
202.5626533363218
205.9083951188388
209.2413569773185
212.5691025694461
215.9098994251909
219.2344043269932
222.5578936246778
225.9147875251327
229.2566949991674
232.613796168746
236.0038072779426
239.3677396403385
242.7417791929207
246.1170519976325
249.3206497224941
252.2977953392956
254.852521441583
256.8987424508093
258.4313516465151
259.2740725928558
259.4943862136554
259.6343524984975
259.770138512146
259.9367379168776
260.2493147013575
260.7735789113771
261.858926864192
264.313914482623
270.1610281777674
278.2207816824553
46.24612976097819
46.47896097027564
49.86464762717202
49.27585253156511
52.38461147054207
51.73479154887611
54.68991134741882
54.02691736525187
56.83311477097874
56.15772347316581
58.79793622389312
58.09933228015649
60.56550363027429
59.83839809587264
62.13436228419584
61.38444984402815
63.52254931444461
62.75774097921809
64.7511811141033
63.97580450915379
65.82831971370584
65.0484406599538
66.76026343073124
65.97418836386382
67.54233278554875
66.7446097714234
68.15313417078482
67.31956435643104
68.45870081639069
67.90088168152406
68.64393062588842
68.43608242920337
68.78040149119869
68.78817178990683
68.83569629103884
68.77616897018261
68.62363115675151
68.35893322391786
67.98571518667937
82.67713051936514
85.0936381111195
87.34998193152695
89.4071674232026
91.30504634175269
93.02872982883937
94.42723456038348
95.53319213894758
96.25463703852873
96.87593411300989
97.46154723663491
98.02343761038475
98.58232501295247
99.17086801139529
99.8203828575102
100.5795739595314
101.5672888092628
102.8511506631421
104.6297341078029
107.1803627176553
111.2119230724332
117.0489807349972
241.774531747846
243.3042356407159
244.8976983429429
246.5508021492614
248.2568846130137
249.9965930325709
251.7662061969087
253.5604595568776
255.3665244474418
257.1724100796803
258.9648270967706
260.7247165332862
262.4395517412531
264.1003036852674
265.7194865246831
267.3067744833507
268.8698141976874
270.4288159864008
271.9791276359928
273.5240575885359
275.0750876043861
276.627141367318
278.1803701524824
279.7428616635949
281.3061051875965
282.869384184642
284.4408335901787
286.0131451684418
287.5861820112597
289.1660595509068
290.7404591747759
292.3083799026905
293.8725057466103
295.4208294535655
296.9570813196397
298.4849527797841
299.9840572393904
301.4568124911745
302.906914071628
304.3108276122132
305.6789978322437
307.0179360574063
308.3059390289315
309.5560966435023
310.7530222148101
311.8307707651025
312.7849704828232
313.5885485603512
314.2542835704212
314.813866341239
315.2683923235129
315.6421680567958
315.9688693026122
316.2706867469541
316.5827231769091
317.0201386647459
317.6486444960825
318.8176399022919
321.3356821396457
327.2252561177893
335.3068526177215
21.71841690001528
21.79119381420191
21.86297778247934
21.9337412014063
22.00379032757119
22.07228224823246
22.13917568952529
22.20393052250545
22.26634190544634
22.32598428884462
22.3829980956459
22.43709057477273
22.48872196545823
22.5376876663772
22.58475933045236
22.62990712566404
22.6735604300216
22.71587409541935
22.75690664822261
22.79666405189838
22.83541570809359
22.87303032009098
22.9094839317757
22.94488244936416
22.97908572063751
23.01204362136871
23.04378795132765
23.0741922228715
23.1031977602679
23.13079493033173
23.15679591934376
23.18119613178192
23.20403405044722
23.22515711004837
23.24463204147187
23.26253317176669
23.27870089182206
23.29330988411423
23.30652764672851
36.30579313609155
37.14030063851141
37.90088186559109
38.57975784975809
39.20062371615697
39.76763192664143
40.25923652302453
40.69792194268606
41.08422793467858
41.43557388641517
41.77112917462853
42.10307739119637
42.45227668892477
42.85158318372766
43.33249162728822
43.9438260078428
44.80460706850328
45.98246962394936
47.67594805680616
50.16246302818365
54.15097675113034
59.96577184509275
-1.2719150023253072
-1.1715119814769421
-1.098455093182794
-1.0429750994386002
-0.9889676253566738
-0.9464486026768272
-0.9089935970705625
-0.884306282943747
-0.8636212302954304
-0.8490771004940256
-0.8345795337121377
-0.8222033628088041
-0.8025837279391093
-0.7958670836912586
-0.7969148943411541
-0.8012026600148482
-0.820202185131935
-0.8364763430220937
-0.8527939218693372
-0.8735731669918686
-0.8868896984873326
-0.8916361627988928
-0.9028969021088383
-0.9048958460623565
-0.8997769848665996
-0.9021457381425961
-0.8993623674582212
-0.8953072799920426
-0.8979706379710339
-0.8972718461950617
-0.8963937140257116
-0.9019546640901739
-0.9034905396632391
-0.9069669636227232
-0.9178255219797704
-0.9241537085279391
-0.9369944403487538
-0.9653971287037169
-0.9812165145083828
-1.0070292615994436
-1.0385156276592238
-1.0511225004981708
-1.075424176229016
-1.1030296749548834
-1.0764754003474235
-1.0243904926004141
-0.8867631060357886
-0.6990534792562277
-0.4926945316222629
-0.19649011473913727
0.0778526712117117
0.09469159469266071
0.08419662383952312
0.0737680756210688
0.0633741132678124
0.05300164587868739
0.04274160807041072
0.032739007112110086
0.023377895837783047
0.013630599585048309
0.0
0.6573975561733878
-0.9073186826043319
1.1361258794141968
-0.7099633711112964
1.2109329031479248
-0.5999390065161113
1.2452522884638668
-0.506028896486847
1.2574278168220365
-0.42886927343545667
1.245872538316121
-0.3800337220249712
1.2100614791335298
-0.34229946251320065
1.1843785513836296
-0.2907917137243222
1.1775869220863129
-0.22396791004289562
1.1758077734303214
-0.15222035249619348
1.1816991462942628
-0.07984021615070458
1.1901280480857173
-0.0019860618497650195
1.1964272840109398
0.08302628816529012
1.2191631432000325
0.22028538539922649
1.0833205197486042
0.42160842254549014
0.8999875422039301
0.6183718875919779
0.7808363574395342
0.7545808036846149
0.8045586975661287
0.8370911588340244
0.8805490471662073
0.9240362326310538
-6.730142858023596
-0.5305854135102278
-0.46427312988131586
-0.3892090851368456
-0.3276967098104371
-0.26644138804283735
-0.162132083349106
-0.07656770233787563
0.04185853400085782
0.022720790428766957
-0.013007594197887107
-0.05423951700931248
-0.09364690017688188
-0.1325283445350431
-0.17602516332265922
-0.22640053626279422
-0.2786071476972609
-0.33176137289208196
-0.30840663826479797
-0.015706530963202958
0.943019747844124
1.1395044999821975
0.0
-2.047249784446541
-1.979163098015336
-1.936335473477223
-1.907707863393662
-1.870743800941393
-1.843382083467384
-1.818416031311606
-1.79971542516359
-1.778939514921493
-1.757568779108254
-1.726584515315674
-1.691372480139358
-1.644340588643642
-1.616554525139526
-1.601436324490789
-1.593433798348712
-1.610386689344039
-1.62225622542878
-1.63584607577366
-1.659717155385914
-1.673552576010404
-1.67889460369263
-1.694850182074547
-1.697230285906355
-1.692129404324016
-1.698639352452835
-1.696292976474423
-1.692605491416928
-1.698736076099314
-1.695260787083581
-1.691098808016355
-1.694736310301819
-1.688262827673196
-1.685620604642932
-1.692231530346391
-1.683979080603835
-1.683464641269527
-1.700385251683044
-1.692794097712693
-1.700490240810273
-1.717160286876635
-1.703950481098641
-1.709070129689949
-1.709694815424779
-1.622735327721167
-1.508029341718515
-1.294058947120874
-1.036483168354213
-0.7763206554185822
-0.4268679055504266
-0.1115966255298703
-0.0708978637799745
-0.0687804088659009
-0.0843884790956499
-0.1583311746242928
-0.2655583277689276
-0.5497670485387202
-1.243537884494599
-2.96176947707227
-4.082549642011176
0.0
-0.1179372259478459
-1.714969799142726
0.2982454991197681
-1.574696135066358
0.3291567275632056
-1.496872487306668
0.3358298542228232
-1.42143803870669
0.3421095321959738
-1.337360952049685
0.3538675567125847
-1.249202839355525
0.368304618428997
-1.162986903961468
0.3798571212339947
-1.083022852058186
0.3874024178742089
-1.009747792449582
0.3927556195259986
-0.9383643408902389
0.3950362687711913
-0.8670986570444418
0.3981747681200086
-0.7943205016937636
0.4040748645535233
-0.7134673261449487
0.4222325341838306
-0.5770128260256588
0.2825550816203242
-0.3763805183430291
0.1052824482132867
-0.1744097586196671
-0.0039359305704226
-0.0240728373355939
0.0301526891995081
0.0772657867581284
0.134078846245434
0.1890481096517267
-7.441720441227906
-1.224046392721057
-1.142917789098727
-1.042037065737316
-0.9613426632713702
-0.8731065285127331
-0.7083920107228494
-0.5602065514559765
-0.3654373070842278
-0.3147088986692184
-0.2966337179942064
-0.2846173078206018
-0.2830961969184639
-0.2981178030076783
-0.3290021960280832
-0.3845570909795129
-0.5003124355893661
-0.650321346539697
-0.9009152948739289
-1.291983422569912
-2.042127625065929
-2.956675741614027
0.0
0.7753347821212337
0.807651116538394
0.8378803802944288
0.8647327639550616
0.8817761755847192
0.8969334807905568
0.9094224342410435
0.915409142219843
0.9153182846260627
0.9084916786142283
0.8920049816035364
0.8691691173305538
0.8417568607045327
0.8206874414482673
0.8045214301496348
0.7922311383338637
0.7901845042121041
0.7857798824066863
0.7830521539043227
0.7861439883940454
0.7866628775230714
0.7872584408937372
0.7919532799657086
0.7923344398439985
0.7923524194574164
0.7964936143102388
0.7969306090162018
0.7972982114248853
0.80076543812828
0.7979889408885192
0.7947050939906434
0.792781646211645
0.7847722880099568
0.7786536410202088
0.7744060083666207
0.759825372075896
0.7464702009207733
0.7349881229793271
0.7115775832043102
0.6934609792108292
0.6786446592174111
0.6528279806004703
0.6336459534609331
0.6066651404698957
0.5462599273737434
0.4836388491181009
0.4072958410850856
0.3374296890979854
0.2836261237963193
0.2303777908112893
0.189449296741582
0.1655894584726352
0.152977032705424
0.1581565547167187
0.2217052878921052
0.318559973647615
0.5925086566091309
1.276276891606709
2.985147372910053
4.096180241596224
0.0
0.7753347821212337
0.807651116538394
0.8378803802944288
0.8647327639550616
0.8817761755847192
0.8969334807905568
0.9094224342410435
0.915409142219843
0.9153182846260627
0.9084916786142283
0.8920049816035364
0.8691691173305538
0.8417568607045327
0.8206874414482673
0.8045214301496348
0.7922311383338637
0.7901845042121041
0.7857798824066863
0.7830521539043227
0.7861439883940454
0.7866628775230714
0.7872584408937372
0.7919532799657086
0.7923344398439985
0.7923524194574164
0.7964936143102388
0.7969306090162018
0.7972982114248853
0.80076543812828
0.7979889408885192
0.7947050939906434
0.792781646211645
0.7847722880099568
0.7786536410202088
0.7744060083666207
0.759825372075896
0.7464702009207733
0.7349881229793271
0.7115775832043102
0.6934609792108292
0.6786446592174111
0.6528279806004703
0.6336459534609331
0.6066651404698957
0.5462599273737434
0.4836388491181009
0.4072958410850856
0.3374296890979854
0.2836261237963193
0.2303777908112893
0.189449296741582
0.1655894584726352
0.152977032705424
0.1581565547167187
0.2217052878921052
0.318559973647615
0.5925086566091309
1.276276891606709
2.985147372910053
4.096180241596224
0.0
1.0
1.0
1.0
1.0
1.0
1.0
1.0
1.0
1.0
1.0
1.0
1.0
1.0
1.0
1.0
1.0
1.0
1.0
1.0
1.0
1.0
1.0
1.0
1.0
1.0
1.0
1.0
1.0
1.0
1.0
1.0
1.0
1.0
1.0
1.0
1.0
1.0
1.0
0.0
1.0
1.0
1.0
1.0
1.0
1.0
0.0
1.0
1.0
1.0
1.0
1.0
0.0
0.0
0.0
0.0
0.0
0.0
0.0
0.0
0.0
0.0
1.0
1.0
1.0
1.0
1.0
1.0
1.0
1.0
1.0
1.0
1.0
1.0
1.0
1.0
1.0
1.0
1.0
1.0
1.0
1.0
1.0
1.0
1.0
1.0
1.0
1.0
1.0
1.0
1.0
1.0
1.0
1.0
1.0
1.0
1.0
1.0
1.0
1.0
1.0
1.0
1.0
1.0
1.0
1.0
1.0
1.0
0.0
0.0
0.0
0.0
0.0
0.0
0.0
0.0
0.0
0.0
0.0
0.0
0.0
0.0
0.0
1.0
1.0
1.0
1.0
1.0
1.0
1.0
1.0
1.0
1.0
1.0
1.0
1.0
1.0
1.0
1.0
0.7015986081859769
0.7015986081859769
0.7015986081859769
0.7015986081859769
0.7015986081859769
0.7015986081859769
0.7015986081859769
0.7015986081859769
0.7015986081859769
0.7015986081859769
0.7015986081859769
0.7015986081859769
0.7015986081859769
0.7015986081859769
0.7015986081859769
0.7015986081859769
0.7015986081859769
0.7015986081859769
0.7015986081859769
0.7015986081859769
0.7015986081859769
0.7015986081859769
0.7015986081859769
0.7015986081859769
0.7015986081859769
0.7015986081859769
0.7015986081859769
0.7015986081859769
0.7015986081859769
1.0
1.0
1.0
1.0
1.0
1.0
1.0
1.0
1.0
1.0
1.0
1.0
1.0
1.0
1.0
1.0
1.0
1.0
1.0
1.0
1.0
1.0
1.0
1.0
1.0
1.0
1.0
1.0
1.0
0.012713954004375586
0.012522643316805774
0.012241180006835217
0.011870308005544427
0.01135040266031158
0.010807615946805646
0.010242417305406388
0.009627244491207885
0.008979260998492836
0.008306093871310167
0.007603293920370283
0.0069122527476502965
0.006252357025018315
0.005701225607961229
0.0052255857915459785
0.004805950185013031
0.004468973961144485
0.004131997737275937
0.0038109840341600974
0.0035305558891282635
0.00325012774409643
0.0029850657439348524
0.0027512965008038796
0.0025175272576729076
0.00229981876900209
0.0021087215835990263
0.0019176243981959642
0.0017410619733969394
0.0015842915630374572
0.0014275211526779757
0.0012836469802999441
0.001154287935352099
0.0010249288904042534
0.0009090354256542688
0.0008056959447637976
0.0007023564638733273
0.0006122852173578464
0.0005324474494826503
0.00045260968160745426
0.0003851992836228362
0.0003256805706096482
0.0002661618575964602
0.0002166170653874699
0.00017224112879281296
0.00012786519219815638
9.253792268836469e-05
6.333616885667669e-05
4.20429840806223e-05
2.7624225201019283e-05
1.7049318260112626e-05
1.0628768167837769e-05
6.782626702029576e-06
4.202743077801144e-06
2.924316786566879e-06
2.568634166351592e-06
2.3954756135574008e-06
2.4150621409845113e-06
2.474259716154873e-06
2.722521816921607e-06
3.959857006500464e-06
0.0004
0.0004
0.0004
0.0004
0.0004
0.0004
0.0004
0.0004
0.0004
0.0004
0.0004
0.0004
0.0004
0.0004
0.0004
0.0004
0.0004
0.0004
0.0004
0.0004
0.0004
0.0004
0.0004
0.0004
0.0004
0.0004
0.0004
0.0004
0.0004
0.0004
0.0004
0.0004
0.0004
0.0004
0.0004
0.0004
0.0004
0.0004
0.0004
0.0004
0.0004
0.0004
0.0004
0.0004
0.0004
0.0004
0.0004
0.0004
0.0004
0.0004
0.0004
0.0004
0.0004
0.0004
0.0004
0.0004
0.0004
0.0004
0.0004
0.0004
1.162045634587232e-08
1.820430393861804e-08
2.3397995420096767e-08
2.725212375375048e-08
2.960057246018744e-08
3.1556832458202534e-08
3.319749498422714e-08
3.464152348962763e-08
3.592600138599948e-08
3.705020883204817e-08
3.780025092524557e-08
3.837559316289666e-08
3.8829381782503677e-08
3.913902643840657e-08
3.937410144042347e-08
3.955735715982691e-08
3.967034486289783e-08
3.978333256596876e-08
3.9893025990365636e-08
3.999434353600619e-08
4.009566108164673e-08
4.022175415018773e-08
4.0398301931018384e-08
4.0574849711849056e-08
4.077639849341144e-08
4.101937180544153e-08
4.126234511747164e-08
4.152830315333734e-08
4.182555953655365e-08
4.2122815919769966e-08
4.2490072217123994e-08
4.2936115651879853e-08
4.338215908663571e-08
4.392681279327238e-08
4.456340102804553e-08
4.519998926281867e-08
4.592997988028456e-08
4.6732009569508185e-08
4.753403925873179e-08
4.8485534159784347e-08
4.9531943139707e-08
5.057835211962966e-08
5.2002938603837294e-08
5.362351069436888e-08
5.5244082784900455e-08
5.751180313026143e-08
6.028929328200166e-08
6.387341799947444e-08
6.840970116114401e-08
7.370642590357204e-08
8.017592488363205e-08
9.04862884477832e-08
1.0938081657783701e-07
1.4422883304751184e-07
3.6525748107579245e-07
6.672230955892941e-07
1.5515058449280014e-06
3.6506609890247675e-06
7.375069553347444e-06
2.758957962742941e-06
0.0
0.0
0.0
0.0
0.0
0.0
0.0
0.0
0.0
0.0
0.0
0.0
0.0
0.0
0.0
0.0
0.0
0.0
0.0
0.0
0.0
0.0
0.0
0.0
0.0
0.0
0.0
0.0
0.0
0.0
0.0
0.0
0.0
0.0
0.0
0.0
0.0
0.0
0.0
0.0
0.0
0.0
0.0
0.0
0.0
0.0
0.0
0.0
0.0
0.0
0.0
0.0
0.0
0.0
0.0
0.0
0.0
0.0
0.0
0.0
0.0
0.0
0.0
0.0
0.0
0.0
0.0
0.0
0.0
0.0
0.0
0.0
0.0
0.0
0.0
0.0
0.0
0.0
0.0
0.0
0.0
0.0
0.0
0.0
0.0
0.0
0.0
0.0
0.0
0.0
0.0
0.0
0.0
0.0
0.0
0.0
0.0
0.0
0.0
0.0
0.0
0.0
0.0
0.0
0.0
0.0
0.0
0.0
0.0
0.0
0.0
0.0
0.0
0.0
0.0
0.0
0.0
0.0
0.0
0.0
0.0
0.0
0.0
0.0
0.0
0.0
0.0
0.0
0.0
0.0
0.0
0.0
0.0
0.0
0.0
0.0
0.0
0.0
0.0
0.0
0.0
0.0
0.0
0.0
0.0
0.0
0.0
0.0
0.0
0.0
0.0
0.0
0.0
0.0
0.0
0.0
0.0
0.0
0.0
0.0
0.0
0.0
0.0
0.0
0.0
0.0
0.0
0.0
0.0
0.0
0.0
0.0
0.0
0.0
0.0
0.0
0.0
0.0
0.0
0.0
0.0
0.0
0.0
0.0
0.0
0.0
0.0
0.0
0.0
0.0
0.0
0.0
0.0
0.0
0.0
0.0
0.0
0.0
0.0
0.0
0.0
0.0
0.0
0.0
0.0
0.0
0.0
0.0
0.0
0.0
0.0
0.0
0.0
0.0
0.0
0.0
0.0
0.0
0.0
0.0
0.0
0.0
0.0
0.0
0.0
0.0
0.0
0.0
0.0
0.0
0.0
0.0
0.0
0.0
0.0
0.0
0.0
0.0
0.0
0.0
0.0
0.0
0.0
0.0
0.0
0.0
0.0
0.0
0.0
0.0
0.0
0.0
0.0
0.0
0.0
0.0
0.0
0.0
0.0
0.0
0.0
0.0
0.0
0.0
0.0
0.0
0.0
0.0
0.0
0.0
0.0
0.0
0.0
0.0
0.0
0.0
0.0
0.0
0.0
0.0
0.0
0.0
0.0
0.0
0.0
0.0
0.0
0.0
0.0
0.0
0.0
0.0
0.0
0.0
0.0
0.0
0.0
0.0
0.0
0.0
0.003570119022669338
0.0034996041578075655
0.003409540347023282
0.003299771279415631
0.003151251770058267
0.0029839708546992886
0.0028011180721289387
0.002604291313674109
0.0024083964683669027
0.0022150455849895105
0.0020336640534813193
0.0018666491438649583
0.0017126801861556545
0.001583721655396795
0.0014696337966006803
0.001366684215309443
0.0012803628962826381
0.0011940415772558322
0.0011119462292084807
0.0010405956371620795
0.0009692450451156782
0.0009009175021233207
0.0008387463204264312
0.0007765751387295417
0.0007168764676946636
0.0006612745364002989
0.0006056726051059345
0.0005525506983162698
0.0005028058461713033
0.00045306099402633686
0.0004067486529023704
0.000364299712480764
0.00032185077205915737
0.00028328669611704324
0.00024834448609198
0.00021340227606691685
0.00018270909280556347
0.00015529308444175237
0.00012787707607794126
0.00010572038238966507
8.690348263609823e-05
6.808658288253137e-05
5.376356942586015e-05
4.17694544908324e-05
2.9775339555804754e-05
2.1103949537266697e-05
1.4453040429115102e-05
9.93672573768964e-06
6.927207350205891e-06
4.764876598171457e-06
3.525337907350755e-06
2.8814058790235313e-06
2.5001055366884254e-06
2.35643836583194e-06
2.312563767431987e-06
2.298500334632782e-06
2.429364117616755e-06
2.7212248126938336e-06
3.176123844993294e-06
4.107939098779703e-06
0.0004
0.0004
0.0004
0.0004
0.0004
0.0004
0.0004
0.0004
0.0004
0.0004
0.0004
0.0004
0.0004
0.0004
0.0004
0.0004
0.0004
0.0004
0.0004
0.0004
0.0004
0.0004
0.0004
0.0004
0.0004
0.0004
0.0004
0.0004
0.0004
0.0004
0.0004
0.0004
0.0004
0.0004
0.0004
0.0004
0.0004
0.0004
0.0004
0.0004
0.0004
0.0004
0.0004
0.0004
0.0004
0.0004
0.0004
0.0004
0.0004
0.0004
0.0004
0.0004
0.0004
0.0004
0.0004
0.0004
0.0004
0.0004
0.0004
0.0004
1.530423069415213e-08
1.6826539649258388e-08
1.808721999581265e-08
1.9096758113918802e-08
1.9842467105754935e-08
2.052806856901885e-08
2.1163789892716428e-08
2.1754826211472416e-08
2.232117428905451e-08
2.2864743870556376e-08
2.3362715353827973e-08
2.3835625440069187e-08
2.429093676573531e-08
2.4724873785834516e-08
2.5152500193879194e-08
2.5580282996960746e-08
2.6016884610834346e-08
2.645348622470795e-08
2.6897815907637448e-08
2.7361794617209027e-08
2.7825773326780614e-08
2.830593906361297e-08
2.8819069263256004e-08
2.933219946289905e-08
2.9860472421681895e-08
3.041383564361395e-08
3.0967198865545996e-08
3.1551824608466535e-08
3.217902059273311e-08
3.280621657699968e-08
3.354295970468272e-08
3.4403001638466414e-08
3.526304357225011e-08
3.64703563005798e-08
3.8001430195198023e-08
3.9532504089816245e-08
4.2062446211803566e-08
4.536279201979365e-08
4.8663137827783724e-08
5.5497766277502105e-08
6.457675097106768e-08
7.365573566463323e-08
8.992625995249775e-08
1.099237067352801e-07
1.299211535180623e-07
1.5591366465459985e-07
1.8534955496373646e-07
2.1795727292589614e-07
2.5520913026591375e-07
2.989581120925996e-07
3.5573084478974945e-07
4.5121005984659787e-07
5.904474839433308e-07
8.009882108699423e-07
1.2359227430857984e-06
1.7346680040168692e-06
2.5195929471898077e-06
3.6181427137168562e-06
5.093409992380401e-06
2.5854019949177616e-06
0.0
0.0
0.0
0.0
0.0
0.0
0.0
0.0
0.0
0.0
0.0
0.0
0.0
0.0
0.0
0.0
0.0
0.0
0.0
0.0
0.0
0.0
0.0
0.0
0.0
0.0
0.0
0.0
0.0
0.0
0.0
0.0
0.0
0.0
0.0
0.0
0.0
0.0
0.0
0.0
0.0
0.0
0.0
0.0
0.0
0.0
0.0
0.0
0.0
0.0
0.0
0.0
0.0
0.0
0.0
0.0
0.0
0.0
0.0
0.0
0.0
0.0
0.0
0.0
0.0
0.0
0.0
0.0
0.0
0.0
0.0
0.0
0.0
0.0
0.0
0.0
0.0
0.0
0.0
0.0
0.0
0.0
0.0
0.0
0.0
0.0
0.0
0.0
0.0
0.0
0.0
0.0
0.0
0.0
0.0
0.0
0.0
0.0
0.0
0.0
0.0
0.0
0.0
0.0
0.0
0.0
0.0
0.0
0.0
0.0
0.0
0.0
0.0
0.0
0.0
0.0
0.0
0.0
0.0
0.0
0.0
0.0
0.0
0.0
0.0
0.0
0.0
0.0
0.0
0.0
0.0
0.0
0.0
0.0
0.0
0.0
0.0
0.0
0.0
0.0
0.0
0.0
0.0
0.0
0.0
0.0
0.0
0.0
0.0
0.0
0.0
0.0
0.0
0.0
0.0
0.0
0.0
0.0
0.0
0.0
0.0
0.0
0.0
0.0
0.0
0.0
0.0
0.0
0.0
0.0
0.0
0.0
0.0
0.0
0.0
0.0
0.0
0.0
0.0
0.0
0.0
0.0
0.0
0.0
0.0
0.0
0.0
0.0
0.0
0.0
0.0
0.0
0.0
0.0
0.0
0.0
0.0
0.0
0.0
0.0
0.0
0.0
0.0
0.0
0.0
0.0
0.0
0.0
0.0
0.0
0.0
0.0
0.0
0.0
0.0
0.0
0.0
0.0
0.0
0.0
0.0
0.0
0.0
0.0
0.0
0.0
0.0
0.0
0.0
0.0
0.0
0.0
0.0
0.0
0.0
0.0
0.0
0.0
0.0
0.0
0.0
0.0
0.0
0.0
0.0
0.0
0.0
0.0
0.0
0.0
0.0
0.0
0.0
0.0
0.0
0.0
0.0
0.0
0.0
0.0
0.0
0.0
0.0
0.0
0.0
0.0
0.0
0.0
0.0
0.0
0.0
0.0
0.0
0.0
0.0
0.0
0.0
0.0
0.0
0.0
0.0
0.0
0.0
0.0
0.0
0.0
0.0
0.0
0.0
0.0
0.0
0.0
0.0
0.0
0.0
0.0
0.0
0.0
0.0
0.0
2
2
2
2
1
1
292.75762399432483
254.499513549043
57.08607093526621
-57.08320888990445
0.0
0.0
-57.079526135817474
57.09106458248749
50.0
45.0
6.265115300673023
5.601050757580543
1.0
1.0
2.0
2.0
3.0
3.0
4.0
4.0
5.0
5.0
6.0
6.0
7.0
7.0
8.0
8.0
9.0
9.0
10.0
10.0
11.0
11.0
12.0
12.0
13.0
13.0
14.0
14.0
15.0
15.0
16.0
16.0
17.0
17.0
18.0
18.0
19.0
19.0
20.0
20.0
21.0
21.0
22.0
22.0
23.0
23.0
24.0
24.0
25.0
25.0
26.0
26.0
27.0
27.0
28.0
28.0
29.0
29.0
30.0
30.0
31.0
31.0
32.0
32.0
33.0
33.0
34.0
34.0
35.0
35.0
36.0
36.0
37.0
37.0
38.0
38.0
39.0
39.0
40.0
40.0
41.0
41.0
42.0
42.0
43.0
43.0
44.0
44.0
45.0
45.0
46.0
46.0
47.0
47.0
48.0
48.0
49.0
49.0
50.0
50.0
51.0
51.0
52.0
52.0
53.0
53.0
54.0
54.0
55.0
55.0
56.0
56.0
57.0
57.0
58.0
58.0
59.0
59.0
60.0
60.0
0.0
0.0
0.0
0.0
0.0
0.0
0.0
0.0
0.0
0.0
0.0
0.0
0.0
0.0
0.0
0.0
0.0
0.0
0.0
0.0
0.0
0.0
0.0
0.0
0.0
0.0
0.0
0.0
0.0
0.0
0.0
0.0
0.0
0.0
0.0
0.0
0.0
0.0
0.0
0.0
0.0
0.0
0.0
0.0
0.0
0.0
0.0
0.0
0.0
0.0
0.0
0.0
0.0
0.0
0.0
0.0
0.0
0.0
0.0
0.0
0.0
0.0
0.0
0.0
0.0
0.0
0.0
0.0
0.0
0.0
0.0
0.0
0.0
0.0
0.0
0.0
0.0
0.99
0.0
0.0
0.0
0.0
0.0
0.0
0.0
0.0
0.0
0.0
0.0
0.0
0.0
0.0
0.0
0.0
0.0
0.0
0.0
0.0
0.0
0.0
0.0
0.0
0.0
0.0
0.0
0.0
0.0
0.0
0.0
0.0
0.0
0.0
0.0
0.0
0.0
0.0
0.0
0.0
0.0
0.0
0.0
0.0
0.0
0.0
0.0
0.0
0.0
0.0
0.0
0.0
0.0
0.0
0.0
0.0
0.0
0.0
0.0
0.0
0.0
0.0
0.0
0.0
0.0
0.0
0.0
0.0
0.0
0.0
0.0
0.0
0.0
0.0
0.0
0.0
0.0
0.0
0.0
0.0
0.0
0.0
0.0
0.0
0.0
0.0
0.0
0.0
0.0
0.0
0.0
0.0
0.0
0.0
0.0
0.0
0.0
0.0
0.0
0.0
0.0
0.0
0.0
0.0
0.0
0.0
0.0
0.0
0.0
0.0
0.0
0.0
0.0
0.0
0.0
0.0
0.0
0.0
0.0
220.0
0.0
0.0
0.0
0.0
0.0
0.0
0.0
0.0
0.0
0.0
0.0
0.0
0.0
0.0
0.0
0.0
0.0
0.0
0.0
0.0
0.0
0.0
0.0
0.0
0.0
0.0
0.0
0.0
0.0
0.0
0.0
0.0
0.0
0.0
0.0
0.0
0.0
0.0
0.0
0.0
0.0
0.0
0.0
0.0
0.0
0.0
0.0
0.0
0.0
0.0
0.0
0.0
0.0
0.0
0.0
0.0
0.0
0.0
0.0
0.0
0.0
0.0
0.0
0.0
0.0
0.0
0.0
0.0
0.0
0.0
0.0
0.0
0.0
0.0
0.0
0.0
0.0
0.0
0.0
0.0
0.0
0.0
0.0
0.0
0.0
0.0
0.0
0.0
0.0
0.0
0.0
0.0
0.0
0.0
0.0
0.0
0.0
0.0
0.0
0.0
0.0
0.0
0.0
0.0
0.0
0.0
0.0
0.0
0.0
0.0
0.0
0.0
0.0
0.0
0.0
0.0
0.0
0.0
0.0
0.5
0.0
0.0
0.0
0.0
0.0
0.0
0.0
0.0
0.0
0.0
0.0
0.0
0.0
0.0
0.0
0.0
0.0
0.0
0.0
0.0
0.0
0.0
0.0
0.0
0.0
0.0
0.0
0.0
0.0
0.0
0.0
0.0
0.0
0.0
0.0
0.0
0.0
0.0
0.0
0.0
0.0
0.0
14.999999999999998
60.0
