9.81
6.022e+23
0
0
0
3
0
1
304.52658425474164
2
2
0
0
1
1
0
1
60
7
1014.8
1.0


3
3
0
42.05
2
6.7
180
400.0
287.04
9.81
79000.0
40.0
20000.0
0.0
0.0
0.0
0.0
0.0280134
0.04401
0.0319988
0.039948
0.01604
0.01801528
0.048
99000.0
2.11538021997e+29
0.8
1e-06
1000000.0
0.6
3.0
0.0001
10000
21
3.9005352668480864
12
2
3
1
1
0
1
1
0.01
1e+12
293.6758810574658
290.4241428202403
287.125680841033
283.8122835579977
280.4917207747481
277.1668299418207
273.8386800787338
270.50850198789846
267.17684098246184
263.8441407534557
260.50795199276155
256.6427868787525
253.77626700949332
250.44851458910333
247.11479349702802
243.7798956097114
240.44475157796762
237.10941362491513
233.77450969796072
230.44029444841988
227.10758680380894
223.77922335991664
220.5226580656218
218.3704794114742
216.94768740072644
215.93888744451706
214.87527257818363
213.79291760947095
212.86597143879763
212.06760502051472
215.190840136776
214.77011117949763
214.5132828867996
214.51068597677911
214.6980616459129
215.1442483584515
215.80309286935574
216.634481121962
217.57123462744107
218.55300941687995
219.51421489958165
220.40480663555022
221.20435013260288
221.89320973617598
222.4986819233142
223.0060158366856
223.45297413039285
223.84546440862906
224.20485323614295
224.5453835532137
224.88111990298765
225.2523652080194
225.63711323753432
226.15536314779678
226.77172596019474
227.58928813557185
228.7137969147236
230.4231076541468
233.88323316251788
237.3631788081315
304.04010754920427
300.7883693119788
297.48990733277145
294.1765100497362
290.85594726648657
287.5310564335592
284.20290657047224
280.8727284796369
277.5410674742003
274.20836724519415
270.8721784845
267.00701337049094
264.14049350123173
260.8127410808417
257.47901998876637
254.14412210144977
250.808978069706
247.4736401166535
244.1387361896991
240.80452094015826
237.47181329554732
234.14344985165502
230.8706497234821
228.41578670300152
226.12887345892014
224.02253157524177
222.39328125303192
221.1521557514269
220.1171266183987
219.3000271556879
215.190840136776
214.77011117949763
214.5132828867996
214.51068597677911
214.6980616459129
215.1442483584515
215.80309286935574
216.634481121962
217.57123462744107
218.55300941687995
219.51421489958165
220.40480663555022
221.20435013260288
221.89320973617598
222.4986819233142
223.0060158366856
223.45297413039285
223.84546440862906
224.20485323614295
224.5453835532137
224.88111990298765
225.2523652080194
225.63711323753432
226.15536314779678
226.77172596019474
227.58928813557185
228.7137969147236
230.4231076541468
233.88323316251788
237.3631788081315
986.2878635780655
930.5660999532992
877.4038522501328
826.7112047682403
778.4004066486797
732.3858442414024
688.5840135054958
646.9134924424945
607.2949135631292
569.6509363878704
533.9062199816465
499.98739552311866
467.8230389088968
437.3436433931109
408.48159226274026
381.1711315491235
355.34834277608496
330.9511157451185
307.9191213580833
286.1937844778804
265.7182568275875
246.4373899285461
228.29770807790447
211.2473813661394
195.2361987350884
180.2155410770438
166.13835437547453
152.95912288795833
140.633842371924
129.11999335382248
118.41890121623825
108.56323371571503
99.52782531980466
91.24440820203426
83.65039627247627
76.68841230301615
70.3058544086357
64.45449860922307
59.09013446903012
54.17223106081889
49.663630730859616
45.53026835099487
41.740913936553895
38.266936685444094
35.08208865559602
32.16230644631793
29.485529385145725
27.031532846482904
24.78177544265491
22.71925893281631
20.828399791240138
19.09491146461242
17.50569642871625
16.04874722893035
14.713055756844714
13.488530077524896
12.365918179005924
11.336738067898409
10.393213682938068
9.528216142267762
986.2878635780655
930.5660999532992
877.4038522501328
826.7112047682403
778.4004066486797
732.3858442414024
688.5840135054958
646.9134924424945
607.2949135631292
569.6509363878704
533.9062199816465
499.98739552311866
467.8230389088968
437.3436433931109
408.48159226274026
381.1711315491235
355.34834277608496
330.9511157451185
307.9191213580833
286.1937844778804
265.7182568275875
246.4373899285461
228.29770807790447
211.2473813661394
195.2361987350884
180.2155410770438
166.13835437547453
152.95912288795833
140.633842371924
129.11999335382248
118.41890121623825
108.56323371571503
99.52782531980466
91.24440820203426
83.65039627247627
76.68841230301615
70.3058544086357
64.45449860922307
59.09013446903012
54.17223106081889
49.663630730859616
45.53026835099487
41.740913936553895
38.266936685444094
35.08208865559602
32.16230644631793
29.485529385145725
27.031532846482904
24.78177544265491
22.71925893281631
20.828399791240138
19.09491146461242
17.50569642871625
16.04874722893035
14.713055756844714
13.488530077524896
12.365918179005924
11.336738067898409
10.393213682938068
9.528216142267762
250.0
750.0
1250.0
1750.0
2250.0
2750.0
3250.0
3750.0
4250.0
4750.0
5250.0
5750.0
6250.0
6750.0
7250.0
7750.0
8250.0
8750.0
9250.0
9750.0
10250.0
10750.0
11250.0
11750.0
12250.0
12750.0
13250.0
13750.0
14250.0
14750.0
15250.0
15750.0
16250.0
16750.0
17250.0
17750.0
18250.0
18750.0
19250.0
19750.0
20250.0
20750.0
21250.0
21750.0
22250.0
22750.0
23250.0
23750.0
24250.0
24750.0
25250.0
25750.0
26250.0
26750.0
27250.0
27750.0
28250.0
28750.0
29250.0
29750.0
250.0
750.0
1250.0
1750.0
2250.0
2750.0
3250.0
3750.0
4250.0
4750.0
5250.0
5750.0
6250.0
6750.0
7250.0
7750.0
8250.0
8750.0
9250.0
9750.0
10250.0
10750.0
11250.0
11750.0
12250.0
12750.0
13250.0
13750.0
14250.0
14750.0
15250.0
15750.0
16250.0
16750.0
17250.0
17750.0
18250.0
18750.0
19250.0
19750.0
20250.0
20750.0
21250.0
21750.0
22250.0
22750.0
23250.0
23750.0
24250.0
24750.0
25250.0
25750.0
26250.0
26750.0
27250.0
27750.0
28250.0
28750.0
29250.0
29750.0
1.1883740956993388e+24
1.134086048234737e+24
1.0816945269098405e+24
1.0311541287789339e+24
9.824200270910386e+23
9.354479706112117e+23
8.901942829350358e+23
8.466158617957633e+23
8.046701783635671e+23
7.643152765376618e+23
7.255097722298865e+23
6.88212852640777e+23
6.523842755271281e+23
6.17984368460902e+23
5.849740280798786e+23
5.533147193290616e+23
5.229684746930805e+23
4.938978934192658e+23
4.6606614073107706e+23
4.394369470316809e+23
4.1397460709740433e+23
3.896439792608132e+23
3.6641048458309096e+23
3.4424010601538795e+23
3.230993875489874e+23
3.029554333537326e+23
2.8377590690453412e+23
2.655290300955773e+23
2.481835823418045e+23
2.3170889966732712e+23
2.1430821051364868e+23
1.9647194920940138e+23
1.8012014907699123e+23
1.6512926264572908e+23
1.5138602494863973e+23
1.3878659773899826e+23
1.2723578493128051e+23
1.1664631333872675e+23
1.0693817327307062e+23
9.803801402426803e+22
8.987858965272758e+22
8.239825090667134e+22
7.554047942576625e+22
6.925346071165901e+22
6.3489692638956975e+22
5.820562654871867e+22
5.336133821271837e+22
4.892022618240861e+22
4.484873524344253e+22
4.1116102886288446e+22
3.769412687736923e+22
3.455695217459499e+22
3.168087557730961e+22
2.90441666346613e+22
2.662690345926436e+22
2.441082220561504e+22
2.2379179075996635e+22
2.0516623811234192e+22
1.8809083710455832e+22
1.724365730355774e+22
1.1883740956993388e+24
1.134086048234737e+24
1.0816945269098405e+24
1.0311541287789339e+24
9.824200270910386e+23
9.354479706112117e+23
8.901942829350358e+23
8.466158617957633e+23
8.046701783635671e+23
7.643152765376618e+23
7.255097722298865e+23
6.88212852640777e+23
6.523842755271281e+23
6.17984368460902e+23
5.849740280798786e+23
5.533147193290616e+23
5.229684746930805e+23
4.938978934192658e+23
4.6606614073107706e+23
4.394369470316809e+23
4.1397460709740433e+23
3.896439792608132e+23
3.6641048458309096e+23
3.4424010601538795e+23
3.230993875489874e+23
3.029554333537326e+23
2.8377590690453412e+23
2.655290300955773e+23
2.481835823418045e+23
2.3170889966732712e+23
2.1430821051364868e+23
1.9647194920940138e+23
1.8012014907699123e+23
1.6512926264572908e+23
1.5138602494863973e+23
1.3878659773899826e+23
1.2723578493128051e+23
1.1664631333872675e+23
1.0693817327307062e+23
9.803801402426803e+22
8.987858965272758e+22
8.239825090667134e+22
7.554047942576625e+22
6.925346071165901e+22
6.3489692638956975e+22
5.820562654871867e+22
5.336133821271837e+22
4.892022618240861e+22
4.484873524344253e+22
4.1116102886288446e+22
3.769412687736923e+22
3.455695217459499e+22
3.168087557730961e+22
2.90441666346613e+22
2.662690345926436e+22
2.441082220561504e+22
2.2379179075996635e+22
2.0516623811234192e+22
1.8809083710455832e+22
1.724365730355774e+22
294.16234005692445
292.05017862917407
288.77507817550736
285.46914858053356
282.1521687612153
278.8294419812045
275.50292164333155
272.17375765877597
268.84283814170294
265.51065746860843
262.1762127154268
258.672985191051
255.20969107937327
252.11255641416128
248.7818195706837
245.44750981018643
242.11248794848836
238.77724608697875
235.4421246293285
232.1075638987634
228.77410001848045
225.4435574444131
222.15069420929748
219.44569571772337
217.6577733181408
216.44159699396673
215.40507414062938
214.33184728681638
213.32703011152762
212.46428052369367
213.62669169901528
214.9779680118065
214.63925591175007
214.50964660110412
214.60216535111888
214.9191296607495
215.47182472195436
216.2171157661578
217.10137140599983
218.06080125238555
219.0324306224481
219.95844469407731
220.8036394836489
221.5479442886665
222.19519050714257
222.75166393163818
223.2288674130011
223.64864687087157
224.02463510280853
224.37464102561248
224.71281678276938
225.06635403069544
225.44439527234243
225.89594309611556
226.4632838758922
227.18026166289667
228.15132007385822
229.56825869118023
232.15300989894394
235.62308740926298
239.1030835530669
304.5265665486629
302.41425557961225
299.13915512594554
295.83322553097184
292.51624571165354
289.19351893164276
285.8669985937697
282.5378346092142
279.20691509214123
275.8747344190466
272.54028966586503
268.9396107597223
265.5737680298115
262.4766333645995
259.14589652112187
255.8115867606246
252.4765648989265
249.1413230374169
245.80620157976665
242.47164084920155
239.13817696891857
235.80763439485125
232.50672851344672
229.64234519241717
227.27101999300132
225.07401208842595
223.2059005434159
221.7704706952185
220.63222677230613
219.7060691810808
217.24290276660187
214.9779680118065
214.63925591175007
214.50964660110412
214.60216535111888
214.9191296607495
215.47182472195436
216.2171157661578
217.10137140599983
218.06080125238555
219.0324306224481
219.95844469407731
220.8036394836489
221.5479442886665
222.19519050714257
222.75166393163818
223.2288674130011
223.64864687087157
224.02463510280853
224.37464102561248
224.71281678276938
225.06635403069544
225.44439527234243
225.89594309611556
226.4632838758922
227.18026166289667
228.15132007385822
229.56825869118023
232.15300989894394
235.62308740926298
239.1030835530669
1014.8
957.775727156131
903.3564727504673
851.4512317497981
801.9711777866826
754.8296355106768
709.9420529721281
667.2259740388636
626.6010108461256
587.9888162801327
551.313056495608
516.4993834676851
483.4754075785522
452.1706702392415
422.5166165469803
394.4465679785002
367.8956951197468
342.80099043242313
319.1012410578138
296.7370016583528
275.6505672974079
255.78594635776707
237.08883349932512
219.50658265648386
202.9881800757949
187.48421739438194
172.94686475970568
159.32984399124337
146.5884017846733
134.67928295917469
123.56070374847027
113.27709868400622
103.84936874742384
95.2062818921855
87.28253451188303
80.01825803306951
73.3585665729628
67.2531422443086
61.65585497413752
56.52441396392272
51.820048157715064
47.50721330400417
43.553323397985565
39.92850447512223
36.60536889576596
33.55880841542607
30.76580447720978
28.205254293081666
25.857811399884138
23.705739485425685
21.732778380206934
19.924021202273344
18.265801726951494
16.745591130481007
15.351903327379693
14.074208186309736
12.902851968740055
11.828984389271792
10.844491746525028
9.941935619351108
9.114496665184415
1014.8
957.775727156131
903.3564727504673
851.4512317497981
801.9711777866826
754.8296355106768
709.9420529721281
667.2259740388636
626.6010108461256
587.9888162801327
551.313056495608
516.4993834676851
483.4754075785522
452.1706702392415
422.5166165469803
394.4465679785002
367.8956951197468
342.80099043242313
319.1012410578138
296.7370016583528
275.6505672974079
255.78594635776707
237.08883349932512
219.50658265648386
202.9881800757949
187.48421739438194
172.94686475970568
159.32984399124337
146.5884017846733
134.67928295917469
123.56070374847027
113.27709868400622
103.84936874742384
95.2062818921855
87.28253451188303
80.01825803306951
73.3585665729628
67.2531422443086
61.65585497413752
56.52441396392272
51.820048157715064
47.50721330400417
43.553323397985565
39.92850447512223
36.60536889576596
33.55880841542607
30.76580447720978
28.205254293081666
25.857811399884138
23.705739485425685
21.732778380206934
19.924021202273344
18.265801726951494
16.745591130481007
15.351903327379693
14.074208186309736
12.902851968740055
11.828984389271792
10.844491746525028
9.941935619351108
9.114496665184415
0.0
520.7375648137156
1041.8107849782753
1563.2002418001323
2084.900232780592
2606.910175318199
3129.2314940520546
3651.8680364676165
4174.824857988994
4698.108082761982
5221.719146955542
5744.588926713128
6268.759281433773
6793.300241533157
7318.209253770514
7843.493961078544
8369.164357625621
8895.23098175725
9421.706239126846
9948.603661264904
10475.939286561414
11003.736560877687
11532.179829681103
12063.979763919499
12601.052505899404
13144.616890484886
13694.753998738328
14251.643035460134
14815.934323175603
15388.240829255372
15979.421692823667
16574.679140242213
17169.225028841378
17763.764016863803
18358.822761869145
18955.11876862235
19553.241251548458
20153.668607746247
20756.692758383175
21362.43849321145
21970.848647731793
22581.727528530704
23194.822825924584
23809.827589178047
24426.510747080927
25044.600192742826
25663.928618360944
26284.345014874605
26905.757644757978
27528.114218583607
28151.401447977285
28775.717774203298
29401.10058824925
30027.919965954894
30656.44770309317
31287.241482215763
31921.15205825703
32559.800310628983
33208.038860352
33865.922689088955
34469.05272258369
0.0
539.3205966729321
1079.202443808447
1619.6316589257767
2160.6082817609276
2702.13768830536
3244.2274891411644
3786.887956744772
4330.130823038264
4873.969153452639
5418.411604396511
5962.396566333542
6507.973723227398
7054.2212575909325
7601.145114320468
8148.761800356847
8697.090561017641
9246.151595774367
9795.967405924946
10346.562079565461
10897.962701007698
11450.204282049004
12003.44474154914
12559.708242619276
13119.509962457741
13683.422784909228
14252.808161186167
14828.86679504691
15412.380560182757
16004.20542582445
16595.386289392743
17190.64373681129
17785.189625410454
18379.72861343288
18974.78735843822
19571.083365191425
20169.205848117534
20769.633204315323
21372.65735495225
21978.403089780528
22586.813244300865
23197.692125099777
23810.787422493657
24425.79218574712
25042.47534365
25660.5647893119
26279.893214930016
26900.309611443678
27521.72224132705
28144.07881515268
28767.366044546357
29391.68237077237
30017.065184818322
30643.884562523966
31272.412299662243
31903.206078784835
32537.116654826103
33175.764907198056
33824.00345692107
34481.88728565803
35085.017319152765
449.77885461904685
449.265080047599
446.41309646117764
443.06680537177476
439.53666506433416
435.9745948644382
432.46507595021234
429.0535640982838
425.7699652673913
422.63307147992055
419.6470181053958
416.7542710091765
393.08253917192417
391.01758645128996
388.8673866974778
386.7913477871599
384.8076845138394
382.9252391104155
381.1449313052861
379.4649831495957
377.8860381550117
376.40415240598793
375.020144083032
373.8275060716315
372.95729801719716
372.3195236867243
371.8207260592625
371.3732436327924
370.9743980174991
370.6386662476836
370.5434051108497
370.84800283601135
370.7892970982181
370.7252114136215
370.7076351289327
370.71892657825214
370.7512263062558
370.7900721432298
370.82188118285194
370.83408913269676
370.81732875777936
370.76714871739665
370.6834272882144
370.57036944937505
370.4335899510916
370.2807282737964
370.11661189069116
369.94838237503046
369.7805286214548
369.6178105664007
369.46389560904186
369.32183134417943
369.1950998929101
369.0847248844622
368.9948434680052
368.9278072120918
368.88903677174704
368.88614478713987
368.94161425763315
369.09383755149264
369.2962863767639
512.857282726471
512.352253560787
509.5500203674974
506.20962931144356
502.63723411863674
498.98436776666335
495.33908357311503
491.7548271307852
488.266565492961
484.89457017700994
481.6546443145897
478.4430849979769
484.310293869996
481.592577485821
478.8866006154458
476.311938354405
473.87387251851294
471.568348873774
469.38961649462
467.3368058477981
465.4037620515227
463.58467815098504
461.8791274866497
460.3724682625072
459.1378423451043
458.05101904888363
457.1169450585635
456.36318170621706
455.7549737366823
455.25390395748695
454.65966371884855
453.83560847864084
453.4818247087915
453.23463739910534
453.09554349181406
453.0067983199777
452.9490014771321
452.8995977173318
452.8402002939714
452.75545689883046
452.63494358058045
452.4751134222058
452.27752183168616
452.0489491166519
451.79719576386174
451.5321713141836
451.26001216584865
450.98924818808905
450.7251491869609
450.47301943197704
450.23688176602275
450.0197724133361
449.8251895248103
449.65373404068646
449.5093377560956
449.3938354685259
449.3122118785816
449.2715897772961
449.29386663780326
449.4168304003068
449.5935090466092
424.5785057550562
422.8029727398581
418.7597798479733
414.287851405785
409.6935297788376
405.1253368655205
400.6648133181683
396.354837105841
392.2230002688662
388.2859278824883
384.5457657415184
380.9431367569838
347.6452785735252
344.9998118072918
342.3028749566741
339.7129122639962
337.2467006388496
334.9116411447823
332.7071956513664
330.630162102378
328.6797995328917
326.8508167059245
325.1427407618442
323.6478160707063
322.4959025486301
321.5958645113881
320.8531389169395
320.1790096685004
319.5697929828087
319.0390147063795
318.7631510062099
318.9021503614212
318.6930871079654
318.4927506122406
318.3521615342101
318.2530675111029
318.187274347342
318.1402129623844
318.0983438036872
318.0492012904151
317.983458213816
317.8965434769717
317.7879780241791
317.6613355167133
317.5213321552712
317.3744873709014
317.2243535388578
317.0767199080373
316.9347108351816
316.8017667370058
316.6803241086476
316.5723195851239
316.48026699754
316.4043704961397
316.3481045029008
316.3132954257898
316.3049745728778
316.3304788828613
316.4121117519084
316.5881610218452
316.8116946289908
487.6569338624804
485.8901462530461
481.896703754293
477.4306753454538
472.7940988331402
468.1351097677457
463.538820941071
459.0561001383424
454.7196004944359
450.5474265795777
446.5533919507123
442.6319507457842
438.873033271597
435.5748028418228
432.3220888746421
429.2335028312413
426.3128886435231
423.5547509081409
420.9518808407003
418.5019848005804
416.1975234294027
414.0313424509216
412.0017241654619
410.192778261582
408.6764468765372
407.3273598735473
406.1493579162405
405.168947741925
404.3503687019919
403.6542524161828
402.8794096142088
401.8897560040507
401.3856147185388
401.0021765977245
400.7400698970915
400.5409392528285
400.3850495182183
400.2497385364864
400.1166629148067
399.9705690565488
399.8010730366171
399.6045081817809
399.3820725676509
399.1399151839901
398.8849379680413
398.6259304112886
398.3677538140153
398.1175857210959
397.8793314006877
397.6569756025821
397.4533102656285
397.2702606542806
397.1103566294402
396.9733796523639
396.8625987909912
396.7793236822239
396.7281496797124
396.7159238730175
396.7643641320785
396.9111538706594
397.1089172988361
25.20034886399065
26.46210730774087
27.65331661320439
28.77895396598978
29.84313528549654
30.84925799891767
31.80026263204407
32.69872699244283
33.5469649985251
34.34714359743226
35.10125236387741
35.81113425219269
45.43726059839896
46.01777464399815
46.5645117408037
47.07843552316373
47.56098387498983
48.01359796563315
48.43773565391968
48.83482104721772
49.20623862211998
49.55333570006346
49.8774033211878
50.17969000092519
50.46139546856705
50.72365917533628
50.96758714232299
51.19423396429204
51.40460503469042
51.59965154130411
51.78025410463976
51.94585247459013
52.09620999025269
52.23246080138087
52.35547359472256
52.46585906714919
52.56395195891379
52.64985918084538
52.72353737916472
52.78488784228165
52.83387054396337
52.87060524042493
52.89544926403527
52.90903393266178
52.91225779582045
52.90624090289497
52.89225835183331
52.87166246699313
52.84581778627318
52.81604382939489
52.78357150039429
52.74951175905551
52.71483289537011
52.68035438832255
52.64673896510436
52.61451178630198
52.5840621988692
52.55566590427855
52.52950250572472
52.50567652964744
52.4845917477731
25.20034886399065
26.46210730774087
27.65331661320439
28.77895396598978
29.84313528549654
30.84925799891767
31.80026263204407
32.69872699244283
33.5469649985251
34.34714359743226
35.10125236387741
35.81113425219269
45.43726059839896
46.01777464399815
46.5645117408037
47.07843552316373
47.56098387498983
48.01359796563315
48.43773565391968
48.83482104721772
49.20623862211998
49.55333570006346
49.8774033211878
50.17969000092519
50.46139546856705
50.72365917533628
50.96758714232299
51.19423396429204
51.40460503469042
51.59965154130411
51.78025410463976
51.94585247459013
52.09620999025269
52.23246080138087
52.35547359472256
52.46585906714919
52.56395195891379
52.64985918084538
52.72353737916472
52.78488784228165
52.83387054396337
52.87060524042493
52.89544926403527
52.90903393266178
52.91225779582045
52.90624090289497
52.89225835183331
52.87166246699313
52.84581778627318
52.81604382939489
52.78357150039429
52.74951175905551
52.71483289537011
52.68035438832255
52.64673896510436
52.61451178630198
52.5840621988692
52.55566590427855
52.52950250572472
52.50567652964744
52.4845917477731
557.6207884251526
548.5173578975946
539.2838226251363
530.741399190224
522.8470505787624
515.5783018802001
508.91235029090615
502.80829558245114
497.2363514356273
492.17720460278997
487.6026093159291
483.4131072774057
444.4663619936656
440.2627876548899
436.35682171346025
432.8015567569677
429.5722816755284
426.65390779345233
424.0283870435303
421.67741739916937
419.59062683386054
417.7584202285056
416.1922889832597
415.04981947572213
414.2505228266261
413.6530374417439
413.1409860979615
412.6912079668086
412.33642276838236
412.10810439510266
412.3669275446244
412.2900117973191
412.0915946125241
411.9428478876257
411.8705460147386
411.8369832952993
411.82849248578464
411.82682343302304
411.8159560035913
411.7820902501777
411.71539359444773
411.61200695513753
411.4726767720354
411.3029144465849
411.10953400916173
410.90131278284616
410.68378862866547
410.46480062031327
410.24925362460596
410.0421874595753
409.8474610661694
409.6681237718242
409.5076673579924
409.3669166467377
409.249901134765
409.1587408326468
409.0986355376814
409.07695366217973
409.1158849755919
409.25352177320684
409.443111249157
533.1219646931368
522.7132776752399
512.2089933795287
502.4151495116917
493.3090881169896
484.8579600427396
477.02220482041787
469.76123971288183
463.0407140233534
456.81595418279875
451.05201206608956
445.5539973016656
451.95534761188196
447.49294092868246
443.3040040999773
439.4474751501788
435.9106773365419
432.6738500677565
429.71411020496964
427.02281493055125
424.5848267085195
422.39096191874825
420.4547430957358
418.90541597854974
417.61205976328273
416.5005965619531
415.59786871248826
414.86587268128284
414.2335717800898
413.64476351286646
412.71524628996536
412.2900116845987
412.09159450832476
411.94284779127446
411.8705459257226
411.8369832132035
411.8284924102164
411.82682336361114
411.8159559399816
411.78209019203194
411.7153935414402
411.6120069069533
411.4726767283694
411.3029144071422
411.10953397365864
410.901312751012
410.6837886002415
410.46480059505546
410.24925360228434
410.04218743997416
409.8474610490874
409.6681237570744
409.50766734540116
409.3669166361439
409.2499011260213
409.1587408256178
409.09863553224426
409.0769536582242
409.11588497302245
409.25352177195515
409.443111249157
197.6158056185289
186.6700055309234
175.7140358687294
165.5607028803516
156.1589673712315
147.4792123817793
139.4924563349633
132.1515115315528
125.4201466076602
119.2734649501622
113.6773753346567
108.5262237416195
57.5070764548565
52.48973746767032
47.81840147771872
43.5429363468347
39.63616213846321
36.08051141605366
32.8559814453454
29.94216730181698
27.32648866261284
24.99731758987057
22.96371085260998
21.38103519671144
20.16656792306218
19.17620450502302
18.29181679764795
17.4886413734173
16.79812618818823
16.25075995638937
16.20573614998281
15.84043460753258
15.37057376106602
14.9655500474844
14.65039348557956
14.38520913914653
14.15414696311999
13.93597659036464
13.71209394963539
13.46521868767637
13.18243362016412
12.8563688479558
12.48463289129801
12.07005372971631
11.61708999683675
11.13323887306651
10.62281326370671
10.0934541202766
9.549797065579881
8.996781182673319
8.437847115054957
7.875044949542479
7.310299404872596
6.741298251747826
6.167328139654741
5.5819837826424
4.975965079009286
4.328639386244721
3.596348727182062
2.588540965811822
0.0
173.1169818865131
160.8659253085686
148.6392066231218
137.2344532018193
126.6210049094587
116.7588705443188
107.602310864475
99.10445566198354
91.22450919538633
83.91221453017094
77.12677808481713
70.66711376587946
64.99606207307282
59.71989074146285
54.76558386423582
50.18885474004575
45.97455779947663
42.10045369035784
38.54170460678473
35.28756483319885
32.32068853727179
29.62985928011324
27.2261649650861
25.23663169953902
23.52810485971883
22.02376362523221
20.74869941217469
19.66330608789156
18.69527519989566
17.78741907415314
16.55405489532376
15.8404344948122
15.37057365686665
14.96554995113313
14.65039339656358
14.38520905705068
14.15414688755182
13.93597652095273
13.71209388602574
13.46521862953065
13.18243356715666
12.85636879977161
12.48463284763197
12.07005369027367
11.61708996133367
11.13323884123228
10.62281323528272
10.09345409501881
9.549797043258234
8.996781163072198
8.437847097972996
7.875044934792675
7.310299392281374
6.741298241154019
6.167328130911015
5.581983775613403
4.975965073572161
4.328639382289216
3.596348724612675
2.588540964560146
0.0
360.0049828066237
361.8473523666712
363.5697867564069
365.1806963098724
366.6880832075309
368.0990894984208
369.4198939559429
370.6567840508983
371.8162048279671
372.9037396526278
373.9252339812724
374.8868835357862
386.9592855388091
387.7730501872196
388.5384202357415
389.258620410133
389.9361195370652
390.5733963773987
391.1724055981849
391.7352500973524
392.2641381712477
392.761102638635
393.2285781306497
393.6687842790107
394.0839549035639
394.4768329367209
394.8491693003136
395.2025665933913
395.5382965801941
395.8573444387133
396.1611913946416
396.4495771897865
396.7210208514581
396.9772978401413
397.220152529159
397.4517741561528
397.6743455226646
397.8908468426584
398.1038620539559
398.3168715625013
398.5329599742836
398.7556381071817
398.9880438807374
399.2328607168686
399.492444012325
399.7680739097797
400.0609753649588
400.3713465000367
400.6994565590261
401.045406276902
401.4096139511144
401.7930788222817
402.1973679531198
402.6256183949899
403.0825729951103
403.5767570500044
404.1226704586721
404.748314275935
405.5195362484098
406.664980807395
409.443111249157
360.0049828066237
361.8473523666712
363.5697867564069
365.1806963098724
366.6880832075309
368.0990894984208
369.4198939559429
370.6567840508983
371.8162048279671
372.9037396526278
373.9252339812724
374.8868835357862
386.9592855388091
387.7730501872196
388.5384202357415
389.258620410133
389.9361195370652
390.5733963773987
391.1724055981849
391.7352500973524
392.2641381712477
392.761102638635
393.2285781306497
393.6687842790107
394.0839549035639
394.4768329367209
394.8491693003136
395.2025665933913
395.5382965801941
395.8573444387133
396.1611913946416
396.4495771897865
396.7210208514581
396.9772978401413
397.220152529159
397.4517741561528
397.6743455226646
397.8908468426584
398.1038620539559
398.3168715625013
398.5329599742836
398.7556381071817
398.9880438807374
399.2328607168686
399.492444012325
399.7680739097797
400.0609753649588
400.3713465000367
400.6994565590261
401.045406276902
401.4096139511144
401.7930788222817
402.1973679531198
402.6256183949899
403.0825729951103
403.5767570500044
404.1226704586721
404.748314275935
405.5195362484098
406.664980807395
409.443111249157
107.84193380610577
99.25227784999561
92.87072616395872
87.67459381844907
83.31038551442819
79.60370701576193
76.44727434069387
73.75473148416728
71.46638616823606
69.54413312286948
67.95559121053333
66.65883626822921
51.38382282174143
49.24520120359989
47.48943501598251
46.01020896980782
44.764597161688926
43.728668683036915
42.88345573824421
42.21243424957356
41.70458867884889
41.3542678225175
41.17214490022758
41.2223134040907
41.29322480942898
41.33351375501945
41.320260038699075
41.3179643340161
41.362024750883336
41.469438147418884
41.823522433774656
41.44200896130775
41.302297514306076
41.21763647400434
41.1629108858059
41.11805671704718
41.077266179528806
41.03675128979319
40.9940748207394
40.94800111748094
40.89806483666854
40.84485823774088
40.789249483821095
40.73254499721003
40.675944058070115
40.62058450904982
40.56717673797442
40.51641824528281
40.468725003151064
40.42437689317461
40.38356545712753
40.34629242764481
40.31256746508234
40.282191762275374
40.25505766675991
40.230933620555106
40.2095987659344
40.19080887503986
40.17427071795879
40.1596842217142
40.1468248723931
20.264681966665876
10.361024114452789
2.6589730120313106
-3.7944797997519117
-9.328146001647326
-14.126407723923705
-18.31687875269722
-21.993587417903427
-25.22585146960762
-28.078615994211077
-30.602632248500072
-32.88908769631121
-32.35494625811407
-34.09963655713864
-35.582596515468424
-36.86446320422618
-37.96319518197117
-38.89449880601751
-39.675506289650286
-40.31399091724683
-40.81893534300309
-41.193716232236966
-41.424384390913815
-41.467052283957514
-41.52578258182149
-41.55042248693053
-41.51907634607511
-41.497309024934225
-41.52140195659257
-41.60914044462061
-41.9444174288833
-41.54559679404218
-41.39023020046659
-41.29178960783088
-41.224997566091474
-41.169815106774195
-41.120509066915815
-41.072774353720604
-41.024244353989786
-40.97336670679857
-40.91955003914006
-40.86310651525264
-40.80484510331672
-40.7460347095095
-40.68766179020298
-40.6308585631715
-40.576223565606995
-40.5244475930337
-40.47589558467672
-40.43083199200288
-40.38942071693532
-40.351648656261716
-40.31752217940908
-40.2868174045426
-40.259436630074106
-40.235094642907995
-40.21357634633739
-40.1946361190719
-40.1779816647807
-40.16330862835173
-40.15039779745223
226.9627001365273
236.1329672089347
243.0457439792439
248.7271485254335
253.5345624076061
257.6461244837412
261.172356983205
264.2033255742882
266.8028536612059
269.0124629323261
270.8683904068617
272.4169130153643
290.1382021186687
292.5100743396215
294.4844734789553
296.1699759171615
297.6105385003864
298.8311297287287
299.8512142060211
300.6879948005611
301.3533108702789
301.8534991160539
302.1790299092343
302.2667808739948
302.3293346255679
302.4196600063651
302.5613221192915
302.6903682950831
302.7716667946204
302.7882547499902
302.5574148562271
303.0617157538887
303.3225133468994
303.5272005647562
303.7017680486305
303.8678583719564
304.033127384222
304.2042363720198
304.3862498540518
304.5839826027387
304.8010245936518
305.0401746290159
305.3033451328811
305.5912817869969
305.9042421584345
306.2412484978349
306.6015402751511
306.9832657877607
307.3849137696017
307.8049855543325
308.2424769935927
308.6972746355814
309.1699675926674
309.6630722443919
310.1807763632461
310.7313116431474
311.3290094938685
312.0018394966165
312.8157630247263
313.9996200560334
316.8116946289908
314.5399519759672
325.0242209444775
333.2574971311713
340.1962221436345
346.1730939236816
351.3762392234268
355.9365100765961
359.9516444763589
363.4950912990496
366.6352120494067
369.4266138658951
371.9648369799047
373.8769711985242
375.85491210036
377.5565050104062
379.0446480911955
380.3383308440465
381.4542972177831
382.4101762339156
383.2144199673815
383.8768348921309
384.4014831708084
384.7755592003757
384.956146562043
385.1483420168184
385.3035962483151
385.4006585040657
385.5056416540334
385.6550935020963
385.8668333420297
386.3253547188851
386.0493215092386
386.0150410616721
386.0366266465914
386.0896765005279
386.1557301957778
386.2309026306666
386.3137620155336
386.404569028781
386.5053504270182
386.6186394694604
386.7481393820094
386.8974397200189
387.0698614937164
387.2678480067076
387.4926915700562
387.7449405787325
388.0241316260772
388.3295343574295
388.66019443951
389.0154631676555
389.3952157194879
389.8000572371588
390.2320814112099
390.6952706600801
391.1973399066105
391.7521846061403
392.3872844907283
393.1680154074658
394.3226129060993
397.1089172988361
334.8046339426331
335.3852450589303
335.9164701432026
336.4017423438826
336.8449479220343
337.2498314995031
337.6196313238989
337.9580570584555
338.269239829442
338.5565960551956
338.823981617395
339.0757492835935
341.5220249404101
341.7552755432214
341.9739084949378
342.1801848869693
342.3751356620753
342.5597984117656
342.7346699442653
342.9004290501347
343.0578995491278
343.2077669385714
343.3511748094619
343.4890942780855
343.6225594349969
343.7531737613846
343.8815821579906
344.0083326290992
344.1336915455037
344.2576928974091
344.3809372900018
344.5037247151964
344.6248108612055
344.7448370387605
344.8646789344364
344.9859150890036
345.1103935637508
345.240987661813
345.3803246747912
345.5319837202196
345.6990894303203
345.8850328667568
346.0925946167022
346.3238267842069
346.5801862165046
346.8618330068847
347.1687170131255
347.4996840330435
347.8536387727528
348.2293624475071
348.6260424507202
349.0435670632262
349.4825350577497
349.9452640066673
350.435834030006
350.9622452637025
351.5386082598029
352.1926483716564
352.9900337426851
354.1593042777476
356.9585195013839
334.8046339426331
335.3852450589303
335.9164701432026
336.4017423438826
336.8449479220343
337.2498314995031
337.6196313238989
337.9580570584555
338.269239829442
338.5565960551956
338.823981617395
339.0757492835935
341.5220249404101
341.7552755432214
341.9739084949378
342.1801848869693
342.3751356620753
342.5597984117656
342.7346699442653
342.9004290501347
343.0578995491278
343.2077669385714
343.3511748094619
343.4890942780855
343.6225594349969
343.7531737613846
343.8815821579906
344.0083326290992
344.1336915455037
344.2576928974091
344.3809372900018
344.5037247151964
344.6248108612055
344.7448370387605
344.8646789344364
344.9859150890036
345.1103935637508
345.240987661813
345.3803246747912
345.5319837202196
345.6990894303203
345.8850328667568
346.0925946167022
346.3238267842069
346.5801862165046
346.8618330068847
347.1687170131255
347.4996840330435
347.8536387727528
348.2293624475071
348.6260424507202
349.0435670632262
349.4825350577497
349.9452640066673
350.435834030006
350.9622452637025
351.5386082598029
352.1926483716564
352.9900337426851
354.1593042777476
356.9585195013839
-1.2703382072718017
-0.988952623119841
-0.844250326904932
-0.7438263517406295
-0.6630920032506811
-0.5930142219468986
-0.5315611094864829
-0.475031963834703
-0.41982242069596337
-0.3652633825074945
-0.3141016733624762
-3.9005352668480864
-0.5761374574482102
-0.49930424726997086
-0.44440328423367087
-0.39562435119500233
-0.3481283913449127
-0.30073983367115353
-0.25299889800041175
-0.2030910697687492
-0.1486790929056587
-0.08212065895788499
0.024114660336063305
0.036241414171671205
0.0219331639974681
-0.007604690475627299
-0.001389830702933692
0.029225880878473193
0.076116687544118
0.2686313815780879
-0.3127891972010214
-0.1249405697062162
-0.08249585685092509
-0.05826904014858289
-0.051904409338234786
-0.05156549189672768
-0.055987892949994594
-0.06389804701721138
-0.07598378623352339
-0.0890576482814186
-0.1035790258435928
-0.11902179294398502
-0.13087957146749885
-0.14262523887680367
-0.15364320458547132
-0.15969191227817947
-0.16626794947010803
-0.17193803595553803
-0.17145406700129096
-0.17942544970805807
-0.17391255421138796
-0.15899893150464983
-0.166552821835948
-0.17573234334917798
-0.16332046599438366
-0.14619688551437093
-0.1257712977984804
-0.1754185243899702
-0.09840069608788049
-0.20127612316350252
0.0
-1.4646773077700117
-1.1936016004312828
-1.0485457915507121
-0.9431589735102351
-0.8583806599167274
-0.7872970350526557
-0.725873656712602
-0.6709911279645362
-0.623068043683648
-0.5803813634432831
-0.5538623184051097
0.13687839385397016
-0.4700083776976452
-0.4217163172167941
-0.3851054938231118
-0.3489683716835903
-0.3129661354248432
-0.27789162436059756
-0.24072887228939388
-0.2019307164872542
-0.1590639543627723
-0.1040182339847464
-0.0204168840657801
-0.02994984365410959
-0.013386694380983
0.018269817195969894
0.013513800308743107
-0.015886169047997403
-0.062086186097553106
-0.2542721059158676
0.32718012000335284
0.139028906033551
0.09617235564963521
0.071070889881011
0.0642379467100953
0.062532535597852
0.0659169219653013
0.07352893116937129
0.0833612262011659
0.09694679343487128
0.11084342034614159
0.12386803828546855
0.1378871965521154
0.14916784792787352
0.15685772006398802
0.16655627620663727
0.1714549671222343
0.17384861517354389
0.178943867696842
0.17205180148343402
0.176005191980112
0.18609792725349017
0.17230898459529387
0.15416090984445807
0.15659422653396504
0.1623475570029851
0.17054898985635347
0.10893125689009064
0.17501101881148884
0.06139083536447032
0.0
-1.356270078045986
-1.071331557494739
-0.9231418820726977
-0.8194176248728173
-0.7355750961360553
-0.662534776592888
-0.5984308968078641
-0.5396665324449156
-0.4826307067554544
-0.4267817439566946
-0.3751385165631666
-4.525743167981981
-0.6390063543560686
-0.5615324207212032
-0.5064192122704892
-0.457590795119564
-0.4102155391899855
-0.363008118477812
-0.3155596167098553
-0.2661024158119869
-0.2123621687492922
-0.146839020628014
-0.0420921762772317
-0.0319381140178122
-0.0491350089115378
-0.0821849588719259
-0.0799257999197217
-0.0538130854817343
-0.0117472762564623
0.1750997490664747
-0.4135883567301231
-0.233303039990967
-0.1997311479394158
-0.1858046948521143
-0.1928305845459061
-0.2092961670077116
-0.2363637772309678
-0.2742520695975317
-0.3249849244193825
-0.3891048393687487
-0.4676614514657021
-0.5613537030359574
-0.6699379650555644
-0.794264662100899
-0.9329367877646629
-1.087944534882765
-1.257308487669251
-1.443027161011413
-1.646230654731
-1.870143740170423
-2.12061529310601
-2.404147296706746
-2.735642211843031
-3.132853403318597
-3.633974405281849
-4.303448988412871
-5.284191772511702
-6.972605276559694
-11.06239066547154
-28.66254985062121
0.0
-1.550609178544196
-1.275980534806181
-1.127437346718478
-1.018750246642423
-0.9308637528021017
-0.8568175896986451
-0.7927434440339831
-0.7356256965747487
-0.685876329743139
-0.6418997248924831
-0.6148991616058
-0.4883295072799241
-0.5328772746055036
-0.4839444906680265
-0.4471214218599302
-0.410934815608152
-0.375053283269916
-0.340159909167256
-0.3032895909988374
-0.2649420625304919
-0.2227470302064058
-0.1687365956548754
-0.0866237206790751
-0.098129371843593
-0.0844548672899889
-0.0563104512003287
-0.0650221689080449
-0.0989251354082049
-0.1499501498981334
-0.3478037384274808
0.2263809604742511
0.0306664357488002
-0.0210629354388555
-0.0564647648225204
-0.076688228497576
-0.0951981395131319
-0.1144589623156719
-0.136825091410949
-0.1656399119846932
-0.2031003976524588
-0.2532390052759677
-0.3184638718065039
-0.4011711970359501
-0.5024715752962218
-0.6224358631152036
-0.7616963463979483
-0.9195855710769087
-1.097240509882331
-1.295832720032867
-1.518666488978931
-1.77069754691451
-2.059050437948606
-2.396780405411789
-2.802960150124961
-3.3140597127535
-3.994904545895515
-4.987871484856868
-6.688255495279633
-10.78897895057217
-28.39988289209324
0.0
0.0859318707741843
0.0823789343748981
0.0788915551677657
0.0755912731321878
0.0724830928853743
0.0695205546459894
0.0668697873213812
0.0646345686102126
0.062808286059491
0.0615183614492001
0.0610368432006904
0.6252079011338942
0.0628688969078584
0.0622281734512324
0.0620159280368184
0.0619664439245617
0.0620871478450728
0.0622682848066585
0.0625607187094435
0.0630113460432377
0.0636830758436335
0.064718361670129
0.066206836613295
0.0681795281894834
0.0710681729090059
0.0745802683962986
0.078535969216788
0.0830389663602075
0.0878639638005803
0.0935316325116132
0.1007991595291017
0.1083624702847508
0.1172352910884907
0.1275356547035314
0.1409261752076713
0.1577306751109839
0.1803758842809732
0.2103540225803203
0.2490011381858591
0.3000471910873301
0.3640824256221093
0.4423319100919724
0.5390583935880655
0.6516394232240953
0.7792935831791916
0.9282526226045855
1.091040538199143
1.271089125055875
1.474776587729709
1.690718290462365
1.946702738894622
2.245148365202096
2.569089390007083
2.957121059969419
3.470653939287465
4.1572521028985
5.158420474713221
6.797186752169724
10.96398996938366
28.46127372745771
0.0
0.0859318707741843
0.0823789343748981
0.0788915551677657
0.0755912731321878
0.0724830928853743
0.0695205546459894
0.0668697873213812
0.0646345686102126
0.062808286059491
0.0615183614492001
0.0610368432006904
0.6252079011338942
0.0628688969078584
0.0622281734512324
0.0620159280368184
0.0619664439245617
0.0620871478450728
0.0622682848066585
0.0625607187094435
0.0630113460432377
0.0636830758436335
0.064718361670129
0.066206836613295
0.0681795281894834
0.0710681729090059
0.0745802683962986
0.078535969216788
0.0830389663602075
0.0878639638005803
0.0935316325116132
0.1007991595291017
0.1083624702847508
0.1172352910884907
0.1275356547035314
0.1409261752076713
0.1577306751109839
0.1803758842809732
0.2103540225803203
0.2490011381858591
0.3000471910873301
0.3640824256221093
0.4423319100919724
0.5390583935880655
0.6516394232240953
0.7792935831791916
0.9282526226045855
1.091040538199143
1.271089125055875
1.474776587729709
1.690718290462365
1.946702738894622
2.245148365202096
2.569089390007083
2.957121059969419
3.470653939287465
4.1572521028985
5.158420474713221
6.797186752169724
10.96398996938366
28.46127372745771
0.0
1.0
1.0
1.0
1.0
1.0
1.0
1.0
1.0
1.0
1.0
1.0
1.0
1.0
1.0
1.0
1.0
1.0
1.0
1.0
1.0
1.0
1.0
0.0
0.0
0.0
0.0
0.0
0.0
0.0
0.0
0.0
0.0
0.0
0.0
0.0
0.0
0.0
0.0
0.0
0.0
0.0
0.0
0.0
0.0
0.0
0.0
0.0
0.0
0.0
0.0
0.0
0.0
0.0
0.0
0.0
0.0
0.0
0.0
0.0
0.0
0.0
1.0
1.0
1.0
1.0
1.0
1.0
1.0
1.0
1.0
1.0
1.0
1.0
1.0
1.0
1.0
1.0
1.0
1.0
1.0
1.0
1.0
1.0
0.0
0.0
0.0
0.0
0.0
0.0
0.0
0.0
0.0
0.0
0.0
0.0
0.0
0.0
0.0
0.0
0.0
0.0
0.0
0.0
0.0
0.0
0.0
0.0
0.0
0.0
0.0
0.0
0.0
0.0
0.0
0.0
0.0
0.0
0.0
0.0
0.0
0.0
0.0
1.0
1.0
1.0
1.0
1.0
1.0
1.0
1.0
1.0
1.0
1.0
1.0
1.0
1.0
1.0
1.0
0.93
0.93
0.93
0.93
0.93
0.93
0.93
0.93
0.93
0.93
0.93
0.93
0.93
0.93
0.93
0.93
0.93
0.93
0.93
0.93
0.93
0.93
0.93
0.93
0.93
0.93
0.93
0.93
0.93
0.4031544001224745
0.4031544001224745
0.4031544001224745
0.4031544001224745
0.4031544001224745
0.4031544001224745
0.4031544001224745
0.4031544001224745
0.4031544001224745
0.4031544001224745
0.4031544001224745
0.4031544001224745
0.4031544001224745
0.4031544001224745
0.4031544001224745
0.4031544001224745
0.4031544001224745
0.4031544001224745
0.4031544001224745
0.4031544001224745
0.4031544001224745
0.4031544001224745
0.4031544001224745
0.4031544001224745
0.4031544001224745
0.4031544001224745
0.4031544001224745
0.4031544001224745
0.4031544001224745
1.2e-05
1.054300076699003e-05
9.180933353973441e-06
7.924083368459796e-06
6.77876911273803e-06
5.747675652156203e-06
4.830290688403631e-06
4.023406259199753e-06
3.321651853218676e-06
2.7180280881176257e-06
2.204415083254343e-06
1.77203547548914e-06
1.4118581162613502e-06
1.1149343660795898e-06
8.726641881723154e-07
6.769936740453282e-07
5.205490661714078e-07
3.9671474037855665e-07
2.996640245073138e-07
2.243522775911562e-07
1.6648149315033012e-07
1.2244499745298589e-07
8.925976421626381e-08
6.449262122589239e-08
4.6185316771326474e-08
3.278214970672705e-08
2.306272053678603e-08
1.6081377552513802e-08
1.1114132362615128e-08
7.613204325523547e-09
1e-14
1e-14
1e-14
1e-14
1e-14
1e-14
1e-14
1e-14
1e-14
1e-14
1e-14
1e-14
1e-14
1e-14
1e-14
1e-14
1e-14
1e-14
1e-14
1e-14
1e-14
1e-14
1e-14
1e-14
1e-14
1e-14
1e-14
1e-14
1e-14
1e-14
3.7947331922020555e-06
3.3339895796590664e-06
2.9032660444764966e-06
2.505815181339221e-06
2.14363501286509e-06
1.8175746312707282e-06
1.5274720336058146e-06
1.2723127731249007e-06
1.0503985450290317e-06
8.595159502764539e-07
6.970972571513427e-07
5.603668197165158e-07
4.464687380380678e-07
3.525732038407481e-07
2.7596064670862883e-07
2.140841971508855e-07
1.6461206829753546e-07
1.2545221609586083e-07
9.476208502556282e-08
7.094641954344082e-08
5.2646070662076404e-08
3.872050800449514e-08
2.82264158332988e-08
2.0394357534834055e-08
1.4605079545376569e-08
1.0366625966987833e-08
7.2930725936184955e-09
5.085378097904765e-09
3.514597248245223e-09
2.4075065960900387e-09
3.1622776601683794e-15
3.1622776601683794e-15
3.1622776601683794e-15
3.1622776601683794e-15
3.1622776601683794e-15
3.1622776601683794e-15
3.1622776601683794e-15
3.1622776601683794e-15
3.1622776601683794e-15
3.1622776601683794e-15
3.1622776601683794e-15
3.1622776601683794e-15
3.1622776601683794e-15
3.1622776601683794e-15
3.1622776601683794e-15
3.1622776601683794e-15
3.1622776601683794e-15
3.1622776601683794e-15
3.1622776601683794e-15
3.1622776601683794e-15
3.1622776601683794e-15
3.1622776601683794e-15
3.1622776601683794e-15
3.1622776601683794e-15
3.1622776601683794e-15
3.1622776601683794e-15
3.1622776601683794e-15
3.1622776601683794e-15
3.1622776601683794e-15
3.1622776601683794e-15
0.001392
0.001392
0.001392
0.001392
0.001392
0.001392
0.001392
0.001392
0.001392
0.001392
0.001392
0.001392
0.001392
0.001392
0.001392
0.001392
0.001392
0.001392
0.001392
0.001392
0.001392
0.001392
0.001392
0.001392
0.001392
0.001392
0.001392
0.001392
0.001392
0.001392
0.001392
0.001392
0.001392
0.001392
0.001392
0.001392
0.001392
0.001392
0.001392
0.001392
0.001392
0.001392
0.001392
0.001392
0.001392
0.001392
0.001392
0.001392
0.001392
0.001392
0.001392
0.001392
0.001392
0.001392
0.001392
0.001392
0.001392
0.001392
0.001392
0.001392
0.001392
0.001392
0.001392
0.001392
0.001392
0.001392
0.001392
0.001392
0.001392
0.001392
0.001392
0.001392
0.001392
0.001392
0.001392
0.001392
0.001392
0.001392
0.001392
0.001392
0.001392
0.001392
0.001392
0.001392
0.001392
0.001392
0.001392
0.001392
0.001392
0.001392
0.001392
0.001392
0.001392
0.001392
0.001392
0.001392
0.001392
0.001392
0.001392
0.001392
0.001392
0.001392
0.001392
0.001392
0.001392
0.001392
0.001392
0.001392
0.001392
0.001392
0.001392
0.001392
0.001392
0.001392
0.001392
0.001392
0.001392
0.001392
0.001392
0.001392
1.7322297340509496e-42
2.5083319060335228e-40
2.885758821807468e-38
2.6589291054808372e-36
1.9775060085779385e-34
1.1961986950241931e-32
5.929143655116003e-31
2.4256717249526944e-29
8.248830617088812e-28
2.347813688209686e-26
5.630656719597415e-25
1.1452905822573408e-23
1.9883616305585305e-22
2.964734104597672e-21
3.8194542133609536e-20
4.2764600421159955e-19
4.1851048981749915e-18
3.5997163980688806e-17
2.7359135204908033e-16
1.8470245809081242e-15
1.1132078914720254e-14
6.019275368788041e-14
2.933881121854744e-13
1.2950102365114718e-12
5.199664123413617e-12
1.907329738404932e-11
6.418604916933974e-11
1.9896460398072382e-10
5.703325972178027e-10
1.5175274786462947e-09
3.761686707761316e-09
8.658030812253154e-09
1.8480380032636126e-08
3.68114721334052e-08
6.882313105867518e-08
1.2141018444025986e-07
2.0306970084317297e-07
3.23466685059199e-07
4.92689475606704e-07
7.20268307382924e-07
1.0140887203131342e-06
1.3793615123284809e-06
1.8178057038777286e-06
2.327163877275889e-06
2.901111611282183e-06
3.5295593012545314e-06
4.199289017467622e-06
4.894830454140222e-06
5.599462195387736e-06
6.2962262553454455e-06
6.968860564649588e-06
7.602579724662945e-06
8.184663014735756e-06
8.704835577963623e-06
9.155450830323092e-06
9.531497969826657e-06
9.830467866085974e-06
1.0052114347649996e-05
1.0198147217710761e-05
1.0271889601609295e-05
1.7322297340509496e-42
2.5083319060335228e-40
2.885758821807468e-38
2.6589291054808372e-36
1.9775060085779385e-34
1.1961986950241931e-32
5.929143655116003e-31
2.4256717249526944e-29
8.248830617088812e-28
2.347813688209686e-26
5.630656719597415e-25
1.1452905822573408e-23
1.9883616305585305e-22
2.964734104597672e-21
3.8194542133609536e-20
4.2764600421159955e-19
4.1851048981749915e-18
3.5997163980688806e-17
2.7359135204908033e-16
1.8470245809081242e-15
1.1132078914720254e-14
6.019275368788041e-14
2.933881121854744e-13
1.2950102365114718e-12
5.199664123413617e-12
1.907329738404932e-11
6.418604916933974e-11
1.9896460398072382e-10
5.703325972178027e-10
1.5175274786462947e-09
3.761686707761316e-09
8.658030812253154e-09
1.8480380032636126e-08
3.68114721334052e-08
6.882313105867518e-08
1.2141018444025986e-07
2.0306970084317297e-07
3.23466685059199e-07
4.92689475606704e-07
7.20268307382924e-07
1.0140887203131342e-06
1.3793615123284809e-06
1.8178057038777286e-06
2.327163877275889e-06
2.901111611282183e-06
3.5295593012545314e-06
4.199289017467622e-06
4.894830454140222e-06
5.599462195387736e-06
6.2962262553454455e-06
6.968860564649588e-06
7.602579724662945e-06
8.184663014735756e-06
8.704835577963623e-06
9.155450830323092e-06
9.531497969826657e-06
9.830467866085974e-06
1.0052114347649996e-05
1.0198147217710761e-05
1.0271889601609295e-05
3.06e-07
3.06e-07
3.06e-07
3.06e-07
3.06e-07
3.06e-07
3.06e-07
3.06e-07
3.06e-07
3.06e-07
3.06e-07
3.06e-07
3.06e-07
3.06e-07
3.06e-07
3.06e-07
3.06e-07
3.06e-07
3.06e-07
3.06e-07
3.06e-07
3.06e-07
3.06e-07
3.06e-07
3.06e-07
3.06e-07
3.06e-07
3.06e-07
3.06e-07
3.06e-07
3.06e-07
3.06e-07
3.06e-07
3.06e-07
3.06e-07
3.06e-07
3.06e-07
3.06e-07
3.06e-07
3.06e-07
3.06e-07
3.06e-07
3.06e-07
3.06e-07
3.06e-07
3.06e-07
3.06e-07
3.06e-07
3.06e-07
3.06e-07
3.06e-07
3.06e-07
3.06e-07
3.06e-07
3.06e-07
3.06e-07
3.06e-07
3.06e-07
3.06e-07
3.06e-07
3.06e-07
3.06e-07
3.06e-07
3.06e-07
3.06e-07
3.06e-07
3.06e-07
3.06e-07
3.06e-07
3.06e-07
3.06e-07
3.06e-07
3.06e-07
3.06e-07
3.06e-07
3.06e-07
3.06e-07
3.06e-07
3.06e-07
3.06e-07
3.06e-07
3.06e-07
3.06e-07
3.06e-07
3.06e-07
3.06e-07
3.06e-07
3.06e-07
3.06e-07
3.06e-07
3.06e-07
3.06e-07
3.06e-07
3.06e-07
3.06e-07
3.06e-07
3.06e-07
3.06e-07
3.06e-07
3.06e-07
3.06e-07
3.06e-07
3.06e-07
3.06e-07
3.06e-07
3.06e-07
3.06e-07
3.06e-07
3.06e-07
3.06e-07
3.06e-07
3.06e-07
3.06e-07
3.06e-07
3.06e-07
3.06e-07
3.06e-07
3.06e-07
3.06e-07
3.06e-07
0.0
0.0
0.0
0.0
0.0
0.0
0.0
0.0
0.0
0.0
0.0
0.0
0.0
0.0
0.0
0.0
0.0
0.0
0.0
0.0
0.0
0.0
0.0
0.0
0.0
0.0
0.0
0.0
0.0
0.0
0.0
0.0
0.0
0.0
0.0
0.0
0.0
0.0
0.0
0.0
0.0
0.0
0.0
0.0
0.0
0.0
0.0
0.0
0.0
0.0
0.0
0.0
0.0
0.0
0.0
0.0
0.0
0.0
0.0
0.0
0.0
0.0
0.0
0.0
0.0
0.0
0.0
0.0
0.0
0.0
0.0
0.0
0.0
0.0
0.0
0.0
0.0
0.0
0.0
0.0
0.0
0.0
0.0
0.0
0.0
0.0
0.0
0.0
0.0
0.0
0.0
0.0
0.0
0.0
0.0
0.0
0.0
0.0
0.0
0.0
0.0
0.0
0.0
0.0
0.0
0.0
0.0
0.0
0.0
0.0
0.0
0.0
0.0
0.0
0.0
0.0
0.0
0.0
0.0
0.0
1.65e-06
1.65e-06
1.65e-06
1.65e-06
1.65e-06
1.65e-06
1.65e-06
1.65e-06
1.65e-06
1.65e-06
1.65e-06
1.65e-06
1.65e-06
1.65e-06
1.65e-06
1.65e-06
1.65e-06
1.65e-06
1.65e-06
1.65e-06
1.65e-06
1.65e-06
1.65e-06
1.65e-06
1.65e-06
1.65e-06
1.65e-06
1.65e-06
1.65e-06
1.65e-06
1.65e-06
1.65e-06
1.65e-06
1.65e-06
1.65e-06
1.65e-06
1.65e-06
1.65e-06
1.65e-06
1.65e-06
1.65e-06
1.65e-06
1.65e-06
1.65e-06
1.65e-06
1.65e-06
1.65e-06
1.65e-06
1.65e-06
1.65e-06
1.65e-06
1.65e-06
1.65e-06
1.65e-06
1.65e-06
1.65e-06
1.65e-06
1.65e-06
1.65e-06
1.65e-06
1.65e-06
1.65e-06
1.65e-06
1.65e-06
1.65e-06
1.65e-06
1.65e-06
1.65e-06
1.65e-06
1.65e-06
1.65e-06
1.65e-06
1.65e-06
1.65e-06
1.65e-06
1.65e-06
1.65e-06
1.65e-06
1.65e-06
1.65e-06
1.65e-06
1.65e-06
1.65e-06
1.65e-06
1.65e-06
1.65e-06
1.65e-06
1.65e-06
1.65e-06
1.65e-06
1.65e-06
1.65e-06
1.65e-06
1.65e-06
1.65e-06
1.65e-06
1.65e-06
1.65e-06
1.65e-06
1.65e-06
1.65e-06
1.65e-06
1.65e-06
1.65e-06
1.65e-06
1.65e-06
1.65e-06
1.65e-06
1.65e-06
1.65e-06
1.65e-06
1.65e-06
1.65e-06
1.65e-06
1.65e-06
1.65e-06
1.65e-06
1.65e-06
1.65e-06
1.65e-06
0.0
0.0
0.0
0.0
0.0
0.0
0.0
0.0
0.0
0.0
0.0
0.0
0.0
0.0
0.0
0.0
0.0
0.0
0.0
0.0
0.0
0.0
0.0
0.0
0.0
0.0
0.0
0.0
0.0
0.0
0.0
0.0
0.0
0.0
0.0
0.0
0.0
0.0
0.0
0.0
0.0
0.0
0.0
0.0
0.0
0.0
0.0
0.0
0.0
0.0
0.0
0.0
0.0
0.0
0.0
0.0
0.0
0.0
0.0
0.0
0.0
0.0
0.0
0.0
0.0
0.0
0.0
0.0
0.0
0.0
0.0
0.0
0.0
0.0
0.0
0.0
0.0
0.0
0.0
0.0
0.0
0.0
0.0
0.0
0.0
0.0
0.0
0.0
0.0
0.0
0.0
0.0
0.0
0.0
0.0
0.0
0.0
0.0
0.0
0.0
0.0
0.0
0.0
0.0
0.0
0.0
0.0
0.0
0.0
0.0
0.0
0.0
0.0
0.0
0.0
0.0
0.0
0.0
0.0
0.0
0.0
0.0
0.0
0.0
0.0
0.0
0.0
0.0
0.0
0.0
0.0
0.0
0.0
0.0
0.0
0.0
0.0
0.0
0.0
0.0
0.0
0.0
0.0
0.0
0.0
0.0
0.0
0.0
0.0
0.0
0.0
0.0
0.0
0.0
0.0
0.0
0.0
0.0
0.0
0.0
0.0
0.0
0.0
0.0
0.0
0.0
0.0
0.0
0.0
0.0
0.0
0.0
0.0
0.0
0.0
0.0
0.0
0.0
0.0
0.0
0.0
0.0
0.0
0.0
0.0
0.0
0.0
0.0
0.0
0.0
0.0
0.0
0.0
0.0
0.0
0.0
0.0
0.0
0.0
0.0
0.0
0.0
0.0
0.0
0.0
0.0
0.0
0.0
0.0
0.0
0.0
0.0
0.0
0.0
0.0
0.0
0.0
0.0
0.0
0.0
0.0
0.0
0.0
0.0
0.0
0.0
0.0
0.0
0.0
0.0
0.0
0.0
0.0
0.0
0.0
0.0
0.0
0.0
0.0
0.0
2
2
2
2
1
1
12.0
12.0
1.0
1.0
3.0
0.0
0.5
0.0
294.16234005692445
304.5265665486629
40.146824872393154
-40.15039779745217
10.364244197817186
-10.364244197817186
