9.81
6.022e+23
0
0
0
3
0
1
280.49260067819387
2
2
0
0
1
1
0
1
60
7
1000.0
1.0


3
3
0
77.072922555375
0
5.783625987995279
150.0
1000.0
287.04
9.81
79000.0
40.0
20000.0
0.0
0.0
0.0
0.0
0.0280134
0.04401
0.0319988
0.039948
0.01604
0.01801528
0.048
99000.0
2.1153802199668344e+29
0.8
1e-06
1000000.0
0.6
3.0
0.0001
1000
46
14.63670929495747
0
1
6
1.0
1
0
1
1
0.1
1000000000000.0
1
280.2620186867884
279.53654497363203
278.73936680569096
277.9101518176511
277.0628107466226
276.20145805469605
275.32740214690256
274.44328942281345
273.54681184240155
272.6363160309285
271.7110288849534
270.7703539906889
269.81390117948865
268.83970227593323
267.84668180177493
266.8347897413867
265.8017574028905
264.74845481021777
263.6733976212683
262.5748358745406
261.45247849115134
260.3059493165601
259.1336991511863
257.9349319209443
256.7084872325934
255.45327748610606
254.1677859179889
252.85038612632778
251.4983702736676
250.0949750362635
247.525695209638
246.72126591633133
245.2460806020668
243.68500892417686
242.06170781599164
240.37808628166135
238.63316816909926
236.81971520151848
234.9318449257085
232.96883183227177
230.92387465503504
228.78554639390453
226.552486631627
224.20812777655908
221.7544192164311
219.18855115948492
216.49754941064663
214.51536460073265
213.6270383995203
213.2663523254174
213.30157390590622
213.51412775119238
213.906689718534
214.43572766922583
215.70970472723567
217.05273651980772
219.17335732695398
222.31402313432488
226.1120543086978
234.98772136841643
991.675
975.0250000000001
958.375
941.7249999999999
925.075
908.425
891.7750000000001
875.125
858.4749999999999
841.825
825.175
808.5250000000001
791.875
775.225
758.575
741.925
725.2750000000001
708.625
691.975
675.325
658.675
642.0250000000001
625.375
608.725
592.075
575.425
558.7750000000001
542.125
525.4750000000001
508.82500000000005
492.17500000000007
475.52500000000003
458.87500000000006
442.2250000000001
425.57500000000005
408.925
392.27500000000003
375.62500000000006
358.9750000000001
342.32500000000005
325.675
309.02500000000003
292.37500000000006
275.7250000000001
259.0750000000001
242.42500000000007
225.77500000000003
209.12500000000006
192.47500000000008
175.8250000000001
159.17500000000007
142.52500000000003
125.87500000000006
109.22500000000008
92.5750000000001
75.92500000000013
59.27500000000009
42.62500000000006
25.97500000000008
9.325000000000045
69.83704480349084
210.52181991864734
353.25539487697233
498.0978202306278
645.1171738817789
794.3867726525542
945.9852101824276
1099.9956217918716
1256.504988146619
1415.6047807393848
1577.3915920664995
1741.9677931114938
1909.441521392499
2079.927019267063
2253.5457864813698
2430.4267904639364
2610.7075215300147
2794.535100469543
2982.066219496729
3173.4685651918517
3368.9224725799127
3568.621772305348
3772.77507083118
3981.6075230508695
4195.362648202089
4414.30428802737
4638.7188632728285
4868.917637991358
5105.232657211969
5347.469562400069
5596.362580018547
5852.935668093147
6117.3532182309455
6390.134852726851
6671.877345370114
6963.252499675245
7265.014235885756
7578.010566797944
7903.205861636092
8241.703833770422
8594.768174546567
8963.8625205379
9350.693050056096
9757.27302192702
10186.017595876598
10639.842450250611
11123.280949485215
11643.48171114116
12209.266918213314
12831.102463439936
13522.378309977055
14301.159118705884
15193.226809964197
16238.91652833372
17502.727662597175
19099.623523443333
21270.60664158903
24661.33743157728
32919.712559577645
56560.69457252452
3.521179111399233e+23
3.521179111399233e+23
3.521179111399257e+23
3.521179111399233e+23
3.521179111399233e+23
3.521179111399233e+23
3.521179111399233e+23
3.521179111399257e+23
3.521179111399233e+23
3.521179111399233e+23
3.521179111399233e+23
3.521179111399233e+23
3.521179111399257e+23
3.5211791113992086e+23
3.521179111399257e+23
3.521179111399233e+23
3.521179111399233e+23
3.521179111399257e+23
3.5211791113992086e+23
3.521179111399257e+23
3.521179111399233e+23
3.521179111399233e+23
3.521179111399257e+23
3.5211791113992086e+23
3.521179111399257e+23
3.521179111399233e+23
3.521179111399233e+23
3.521179111399233e+23
3.521179111399233e+23
3.521179111399244e+23
3.521179111399244e+23
3.521179111399233e+23
3.521179111399233e+23
3.521179111399233e+23
3.521179111399257e+23
3.521179111399233e+23
3.521179111399233e+23
3.521179111399233e+23
3.521179111399233e+23
3.521179111399257e+23
3.521179111399233e+23
3.521179111399233e+23
3.521179111399233e+23
3.521179111399233e+23
3.521179111399233e+23
3.521179111399257e+23
3.521179111399233e+23
3.521179111399233e+23
3.521179111399233e+23
3.521179111399233e+23
3.521179111399257e+23
3.521179111399233e+23
3.521179111399233e+23
3.521179111399233e+23
3.521179111399233e+23
3.521179111399233e+23
3.521179111399257e+23
3.521179111399233e+23
3.521179111399233e+23
3.521179111399257e+23
-0.9457096016513641
-0.5782950199567671
-0.4600696602103558
-0.4247966702923637
-0.4121607602263607
-0.4042409783192621
-0.3927672625545746
-0.36510062081044803
-0.32942657161068534
-0.2884327650164906
-0.2452035736495073
-0.1985293049348037
-0.14800692178275388
-0.09882882724009256
-0.05249925101304731
-0.0060441870513811
0.033946201026551326
0.07503989554239554
0.1149261543533977
0.149921272839471
0.1834966834216376
0.21854715310430395
0.2540387751951706
0.2916644749416487
0.33262677323092893
0.3787982060586843
0.430503309902564
0.48879829438673494
0.5501167708685013
0.5400155389298745
-28.411679293356553
-1.3346664515750644
-1.1092400108963254
-1.0403830141998502
-1.0148005280804813
-1.0078032873217808
-1.0060995426965134
-1.0195048815606804
-1.0487732514800518
-1.0718811145232525
-1.0830811450424223
-1.0985562849194692
-1.0811560816626207
-1.0524483173953179
-0.9446542276618505
-0.6998000596252183
-0.26384953609281314
0.03893756039505589
0.04701779530001532
0.0580293850585899
0.07107424350305666
0.08563430111874629
0.09956827151979472
0.10867686352388468
0.10900864597317175
0.10249853835020682
0.08458500965088983
0.060596359478086295
0.038949453563812714
0.06012356568431103
-1.9203995442814517
-1.5370503472728956
-1.4028474327841565
-1.3512285938345627
-1.322651456424154
-1.2982245177637566
-1.2706094516638302
-1.2267891916735039
-1.1742769520095777
-1.1177527889138474
-1.0581093445547367
-0.9953646771330256
-0.9285395239176779
-0.8630761053709364
-0.800526073114284
-0.7379928110623553
-0.6816097601249993
-0.624213609302231
-0.5682106704487921
-0.5168482140347095
-0.4669964086341025
-0.41555465206889153
-0.36394942401400954
-0.3100739266785979
-0.2528957312294011
-0.19059015612759822
-0.1225753380795993
-0.04812769742579803
0.02947515840480719
0.03577684026359407
-28.898400367565287
-1.8060429348571176
-1.5645829895672847
-1.4792651956862102
-1.437250631227002
-1.4144198380597999
-1.3966859145770059
-1.393762836828813
-1.4069197606513626
-1.4126054444702163
-1.408707619609487
-1.4075550848087062
-1.3737354546913139
-1.3277434455989976
-1.2033213470396902
-0.9419718761220963
-0.4885623486682107
-0.17331255907510013
-0.14889068258210614
-0.12200119650339047
-0.09316303687711525
-0.0626718920847793
-0.03263637089980875
-0.008170661715013239
0.008038123153909282
0.017748514457792908
0.016049004107998144
0.008795105808530934
0.004499717304895512
0.04039927510697794
0.9753844489747171
0.9591442978992881
0.942904146823859
0.9266639957484298
0.910423844673001
0.8941836935975719
0.8779435425221429
0.8617033914467139
0.8454632403712846
0.8292230892958556
0.8129829382204268
0.7967427871449978
0.7805026360695687
0.7642624849941395
0.7480223339187106
0.7317821828432814
0.7155420317678526
0.6993018806924235
0.6830617296169943
0.6668215785415654
0.6505814274661363
0.6343412763907073
0.6181011253152783
0.6018609742398492
0.5856208231644202
0.5693806720889911
0.5531405210135621
0.5369003699381331
0.5206602188627041
0.5044200677872751
0.48817991671184596
0.4719397656364169
0.4556996145609879
0.43945946348555887
0.42321931241012983
0.40697916133470075
0.39073901025927166
0.3744988591838427
0.35825870810841365
0.3420185570329846
0.32577840595755553
0.3095382548821265
0.29329810380669746
0.27705795273126843
0.26081780165583945
0.24457765058041045
0.2283374995049813
0.21209734842955227
0.19585719735412327
0.17961704627869424
0.16337689520326523
0.1471367441278361
0.13089659305240706
0.11465644197697807
0.09841629090154905
0.08217613982612003
0.06593598875069101
0.04969583767526188
0.03345568659983286
0.017215535524403844
-16.649999999999977
-16.649999999999977
-16.65000000000009
-16.649999999999977
-16.649999999999977
-16.649999999999977
-16.649999999999977
-16.65000000000009
-16.649999999999977
-16.649999999999977
-16.649999999999977
-16.649999999999977
-16.65000000000009
-16.649999999999864
-16.65000000000009
-16.649999999999977
-16.649999999999977
-16.65000000000009
-16.649999999999864
-16.65000000000009
-16.649999999999977
-16.649999999999977
-16.65000000000009
-16.649999999999864
-16.65000000000009
-16.649999999999977
-16.649999999999977
-16.649999999999977
-16.649999999999977
-16.650000000000034
-16.650000000000034
-16.649999999999977
-16.649999999999977
-16.649999999999977
-16.65000000000009
-16.649999999999977
-16.649999999999977
-16.649999999999977
-16.649999999999977
-16.65000000000009
-16.649999999999977
-16.649999999999977
-16.649999999999977
-16.649999999999977
-16.649999999999977
-16.65000000000009
-16.649999999999977
-16.649999999999977
-16.649999999999977
-16.649999999999977
-16.65000000000009
-16.649999999999977
-16.649999999999977
-16.649999999999977
-16.649999999999977
-16.649999999999977
-16.65000000000009
-16.649999999999977
-16.649999999999977
-16.65000000000009
280.48905191842726
279.6812292239267
278.8617156754847
278.03019399694983
277.1862868446053
276.3295840879197
275.4596477832688
274.57600676184524
273.6781705452563
272.7656234846172
271.8378231550079
270.8941946716044
269.93412876826915
268.9569838572194
267.96208005610185
266.94869182909065
265.9160529132693
264.86333918643356
263.7896729875395
262.69411947930666
261.5756738260884
260.43325488285706
259.26570170673546
258.07176223707916
256.8500841111463
255.59920284329561
254.31753099525073
253.0033429043465
251.65476376351722
250.26982753131065
248.85274844332233
247.39081928145305
245.88490288330541
244.332234852135
242.72956898266872
241.07324844738673
239.35915915327814
237.58269440792736
235.73865172605633
233.82107849112796
231.8231603890167
229.7370942976333
227.55375308602154
225.38286135922684
222.98362995862996
220.47373925892308
217.8451401544081
215.50278283348268
214.06090158232195
213.43413341249902
213.26860864906624
213.38927121365066
213.68846014444722
214.14661490399558
215.0471380781052
216.3564305837112
218.0911961104582
220.72681639710956
224.2014536845699
230.53840799987358
239.40935203607165
1000.0
983.35
966.7
950.05
933.4
916.75
900.1
883.45
866.8
850.15
833.5
816.85
800.2
783.55
766.9000000000001
750.25
733.6
716.95
700.3
683.6500000000001
667.0
650.35
633.7
617.05
600.4000000000001
583.75
567.1
550.45
533.8000000000001
517.1500000000001
500.50000000000006
483.85
467.20000000000005
450.55000000000007
433.9000000000001
417.25
400.6
383.95000000000005
367.30000000000007
350.6500000000001
334.0
317.35
300.70000000000005
284.05000000000007
267.4000000000001
250.7500000000001
234.10000000000002
217.45000000000005
200.80000000000007
184.1500000000001
167.5000000000001
150.85000000000002
134.20000000000005
117.55000000000007
100.90000000000009
84.25000000000011
67.60000000000014
50.950000000000045
34.30000000000007
17.65000000000009
1.0
0.0
139.67408960698168
281.369550230313
425.14123952363167
571.0544009376239
719.1799468259339
869.5935984791745
1022.3768218856808
1177.6144216980622
1335.395554595176
1495.8140068835933
1658.9691772494057
1824.966408973582
1993.9166338114157
2165.93740472271
2341.154168240029
2519.6994126878444
2701.715630372185
2887.354570566901
3076.7778684265572
3270.159261957146
3467.6856832026792
3669.557861408017
3875.9922802543433
4087.2227658473957
4303.502530556782
4525.106045497957
4752.331681047699
4985.503594935017
5224.961719488921
5469.977405311217
5722.747754725877
5983.123581460416
6251.582855001475
6528.686850452226
6815.067840288001
7111.43715906249
7418.591312709022
7737.429820886866
8068.981902385317
8414.425765155527
8775.110583937609
9152.614457138188
9548.771642974005
9965.774400880035
10406.260790873159
10873.424109628064
11373.137789342367
11913.825632939952
12504.708203486678
13157.496723393197
13887.259896560916
14715.058340850854
15671.39527907754
16806.4377775899
18199.01754760445
20000.22949928222
22540.983783895845
26781.691079258722
39057.73403989656
51333.77700053448
367.3066859380659
366.23145127044216
364.6526383090358
362.8546836485717
360.9273008802517
358.93596720586487
356.9145628372451
354.88850300022716
352.8793769732421
350.88685777441805
348.911917029071
346.9492759989092
344.9980057310116
343.0582583938334
341.1215843378543
339.1867814899106
337.2532769975973
335.31262918358834
333.3738962767056
331.4328103122978
329.4839046983415
327.5331634753947
325.58297869563745
323.63235326089114
321.6868541826984
319.7491638931748
317.81849558590903
315.8928553477272
313.9738595584873
312.0617561989965
310.15586143168
368.260251942428
367.2005721686874
365.9082445407334
364.5436502269716
363.1505845514258
361.7524159837538
360.36251265997237
358.9899767748698
357.6434215849334
356.3327254388011
355.0649257077095
353.83982447251344
352.6915299107369
351.5784407645531
350.5317754597205
349.5629541120471
348.7268081914661
348.1703799952432
347.9133928396594
347.8554312361915
347.9360709348989
348.08582051040605
348.2740144785883
348.4902558597472
348.7229283285943
348.951308623774
349.1950122779997
349.43230757422214
349.7814070805392
351.10146478544243
350.9772575391688
349.7996325240371
348.1111466260716
346.1978860521413
344.1503271523116
342.0335681831292
339.8816960822995
337.7204122229384
335.5715509682225
333.4354498680195
331.3135859417011
329.2012623900084
327.0980128075142
325.004360077747
322.9122564590041
320.8207526834991
318.7294635793916
316.6301518185327
314.5319194130216
312.4306074659353
310.3208399985466
308.2086136904645
306.0963466080196
303.9830767143838
301.8743709451968
299.772920613338
297.6779514358739
295.5874683112147
293.5030875733394
291.4250562008347
289.352671629
236.7175302828865
235.6055621973216
234.1829407948465
232.6318992772977
231.0081033087358
229.3421243081671
227.6523537884619
225.9519888057133
224.2526637669775
222.5661854625874
220.9016516170031
219.2611255245695
217.6803360779851
216.1195766638297
214.6118576667799
213.1709022727356
211.8532763068948
210.8080303014344
210.0570110296569
209.5012585394124
209.0820633770901
208.7345405414526
208.4339414036151
208.1796317270589
207.9949167704653
207.8697229505655
207.8825133428776
208.0899489934089
208.6363674711324
209.5830311050646
16.32942839889713
16.43181874640503
16.54149168296421
16.65679759643043
16.77697372794011
16.90239902273564
17.03286675494561
17.16809077728874
17.3078260050196
17.45140790639857
17.59833108736992
17.74801360890073
17.89999292349741
18.05389831608643
18.20932787885024
18.36602880641144
18.52381341820571
18.68247736505565
18.84197686368396
19.00220284636253
19.16306469979492
19.32454978493017
19.48663208761784
19.64927654650736
19.8124832375016
19.97624327983681
20.1405441500351
20.3053870365125
20.47077198514783
20.63669999816176
20.80318980268006
131.5427216595415
131.5950099713658
131.7253037458869
131.9117509496739
132.14248124269
132.4102916755867
132.7101588715105
133.0379879691565
133.3907578179559
133.7665399762137
134.1632740907064
134.5786989479439
135.0111938327518
135.4588641007234
135.9199177929406
136.3920518393115
136.8735318845713
137.3623496938088
137.8563818100025
138.3541726967791
138.8540075578088
139.3512799689535
139.8400730749732
140.3106241326883
140.728011558129
141.0815856732085
141.3124989351221
141.3423585808132
141.1450396094068
141.5184336803778
396.6981195852588
393.7024853733536
390.58662206467454
387.385819971426
384.1072086092716
380.7932234784605
377.473594592077
374.1769253033952
370.9410100847366
367.774213933903
364.68152039964207
361.66077002492545
358.714135079895
355.8458482187992
353.04609805744917
350.3107691363911
347.6392718330154
345.0170142588814
342.4540677426964
339.9447711078398
337.4790172798489
335.061279648268
332.6955402164418
330.3809653576816
328.1253923528102
325.9348063320572
323.81354786866393
321.76533229240226
319.79820880573664
317.9155806046505
316.0454626775979
345.25145282078046
342.3857301121829
339.52881949466155
336.6849599852135
333.85464367844065
331.0420552727087
328.25546603435055
325.4891673124191
322.7356923618314
320.01239077122887
317.33588342052764
314.7032271005229
312.18119708405516
309.7403644922723
307.4903778404001
305.5795846166046
304.25487634735526
303.52513559205727
303.11925775389153
302.9392949539203
302.9267716157504
303.01384929917276
303.16940689645514
303.37747761589907
303.61818820789995
303.8643170175377
304.1240696758713
304.37016007790226
304.7237593015242
306.0842162815344
279.2202177497223
275.5823198013855
271.8008297766389
267.9133408196769
263.929584528871
259.9062038069669
255.8825065165616
251.8962634000514
247.9956162758254
244.19105573091
240.489620943913
236.8873570107214
233.3845553587283
229.9835624112212
226.6694888622809
223.4352878875764
220.2780367325949
217.1788840112931
214.1484115020784
211.1794855385273
208.2596939912102
205.3940018197419
202.5861655934849
199.8344015715071
197.1470978228896
194.5302259268984
191.9876660433295
189.5231738649388
187.1444202962727
184.8539712447317
182.5793283230746
94.46583210888477
90.02871002725281
85.56851759655964
81.08859078403468
76.58893982943795
72.07514735780951
67.55749213551034
63.0284630504637
58.47871816641669
53.93697907718576
49.42936404494806
44.95046313535354
40.58951369525967
36.32263278312559
32.23957841424107
28.51620759048102
25.45847697354606
23.16489345801661
21.40595968506521
20.08665865616348
19.09821833234837
18.24995818861949
17.44147861890013
16.60040369886855
15.60011720649015
14.35462518988508
12.64669270740639
10.02513060941488
5.695979324944981
0.0
117.4779018355365
118.1201655719681
118.7857922880356
119.4724791517491
120.1776240804006
120.8870196714936
121.5910880755154
122.2806619033438
122.9453938089112
123.583158202993
124.1918994557291
124.7734130142041
125.3295797211667
125.862285807578
126.3766091951683
126.8754812488147
127.3612351004205
127.8381302475883
128.305656240618
128.7652855693125
129.2193232886387
129.6672778285261
130.1093746229569
130.5465637861745
130.9782945299206
131.4045804051588
131.8258818253344
132.2421584274635
132.6537885094639
133.0616093599188
133.4661343545233
250.7856207118957
252.3570200849301
253.9603018981019
255.5963692011788
257.2657038490027
258.9669079148992
260.6979738988402
262.4607042619554
264.2569741954147
266.0754116940431
267.9065193755796
269.7527639651694
271.5916833887955
273.4177317091467
275.250799426159
277.0633770261236
278.7963993738092
280.3602421340407
281.7132980688263
282.8526362977568
283.828553283402
284.7638911105533
285.727928277555
286.7770739170305
288.0180710014098
289.5096918276526
291.4773769684649
294.3450294684874
299.0277799765792
306.0842162815344
29.391433647192883
27.47103410291143
25.933983755638536
24.53113632285438
23.179907729019817
21.857256272595663
20.559031754831906
19.288422303168076
18.061633111494572
16.887356159484995
15.769603370571147
14.71149402601641
13.716129348883385
12.787589824965707
11.92451371959477
11.123987646480487
10.385994835418131
9.704385075293132
9.080171465990901
8.511960795542109
7.995112581507399
7.528116172873297
7.112561520804405
6.748612096790396
6.438538170111798
6.185642438882397
5.9950522827547985
5.872476944675199
5.824349247249401
5.853824405654208
5.889601245917802
-23.008799121647485
-24.814842056504602
-26.379425046071887
-27.858690241758097
-29.2959408729851
-30.7103607110449
-32.107046625621905
-33.50080946245072
-34.90772922310208
-36.3203346675723
-37.729042287181784
-39.13659737199049
-40.510332826681804
-41.8380762722808
-43.04139761932049
-43.98336949544259
-44.4719318441108
-44.6452444031859
-44.794135085768005
-44.916136282271395
-45.00929931914851
-45.07197121123329
-45.1046075821331
-45.11277824384811
-45.1047401206942
-45.08699160623641
-45.07094260212841
-45.06214749631988
-45.057647779014985
-45.01724850390801
71.75703978944642
74.21731272265157
76.31031684943277
78.28454523246432
80.22074262344059
82.12736437616233
83.9991895657379
85.82414882288703
87.57593469239703
89.24439413710951
90.82396499778805
92.313905379287
93.71345744878592
95.0207976665259
96.24276759672323
97.38546479592281
98.45142684679666
99.45126780723957
100.3835079109431
101.2511219274079
102.0611460073364
102.8146118707226
103.5101810145347
104.1486751428767
104.7272731223072
105.2426946864396
105.6902853925445
106.0642944462758
106.3586672770667
106.5710849561029
106.7733433059254
142.2516981740017
145.5768521700688
148.6144231982869
151.543308493263
154.4191634792978
157.2669769503575
160.0948616529516
162.9235257552496
165.7739456005609
168.6292063854017
171.472287572055
174.310662389216
177.0908223827254
179.7969438807041
182.3722792525389
184.6546946822546
186.3947993333487
187.6431368434178
188.6510513445917
189.414599883249
189.9838450447418
190.4845823528331
190.9924627847149
191.5792280281903
192.3947995639751
193.5150977606805
195.2358206354712
198.0648183839941
202.9403881461874
209.5830311050646
101.1484734366393
101.688346825563
102.2443006050713
102.8156815553187
103.4006503524604
103.984620648758
104.5582213205698
105.1125711260551
105.6375678038916
106.1317502965945
106.5935683683592
107.0253994053034
107.4295867976693
107.8083874914916
108.167281316318
108.5094524424033
108.8374216822148
109.1556528825327
109.463679376934
109.76308272295
110.0562585888438
110.3427280435959
110.6227425353391
110.8972872396671
111.165811292419
111.428337125322
111.6853376752993
111.936771390951
112.1830165243161
112.4249093617571
112.6629445518432
119.2428990523542
120.7620101135642
122.234998152215
123.6846182515049
125.1232226063127
126.5566162393126
127.9878150273297
129.4227162927989
130.8662163774588
132.3088717178294
133.7432452848732
135.1740650172255
136.5804895560436
137.9588676084233
139.3308816332184
140.671325186812
141.9228674892379
142.9978924402319
143.8569162588237
144.4984636009776
144.9745457255933
145.4126111415998
145.8878552025818
146.4664497843422
147.2900594432809
148.4281061544441
150.1648780333428
153.0026708876742
157.8827403671724
164.5657826011566
-0.9725787156325689
-0.7783937095405997
-0.7104102973037276
-0.684259218453313
-0.6697842067227264
-0.6574143929992899
-0.6434325004766057
-0.6212453132638289
-0.5946557955044209
-0.5660345891996562
-0.5358326018803353
-0.5040589914579412
-0.47021775424416257
-0.43706454355904184
-0.40538605471690087
-0.3737152600787225
-0.3451583469423138
-0.3160884111459591
-0.2877236841579703
-0.26170876456797765
-0.2364591951260043
-0.2104041794487501
-0.18426604684429387
-0.156978117643293
-0.12801724814633048
-0.09645902968637701
-0.062008891345065015
-0.024300181173357402
0.015007022424623609
0.0181978217066774
-14.63597033973565
-0.9143420945859018
-0.7920487558792305
-0.748839702350981
-0.7275613405338665
-0.7159983926079169
-0.7070162313786262
-0.7055344135806013
-0.7121961293096144
-0.7150763971089232
-0.7131046411508443
-0.7125219701302803
-0.6953988805319571
-0.6721112108105113
-0.60908904698779
-0.47671634025768816
-0.24707664126355589
-0.08744754916789177
-0.0751455989272315
-0.061594185832913484
-0.04703918436685231
-0.031606415654401004
-0.016380557720079597
-0.003954992955294279
0.004333134481958989
0.009351641495512153
0.008680907692792617
0.005356186887611969
0.003828956173228981
0.022585892413673925
0.0
-1.246215082987889
-1.060180468738715
-1.000016362002374
-0.9807523221144994
-0.9657712173824734
-0.9481455299053942
-0.9244062808652626
-0.8873413771635265
-0.8451336017608082
-0.8001083963726398
-0.7547073949058818
-0.7089225243657308
-0.6622139665706483
-0.6189709025436017
-0.5788164661370965
-0.5399474049251458
-0.5064547386902203
-0.4722125185875512
-0.4394771242398446
-0.4103057885838491
-0.3816570555223478
-0.3523303234289123
-0.3234198134686014
-0.293080299840218
-0.2610792155007777
-0.2267204916271053
-0.1894487874265368
-0.1491102295205711
-0.1075970523170116
-0.1024509934678668
-17.97103904996159
-1.684307869760541
-1.538636945487509
-1.483583785228895
-1.456722061894757
-1.442518044755001
-1.432423420084651
-1.432818213545846
-1.443838265312783
-1.446290372059184
-1.440120975663743
-1.437737033391178
-1.408249170354199
-1.370746058968892
-1.304498269609301
-1.156123979484857
-0.8814244277141023
-0.6323270124672389
-0.5105442720490192
-0.3867642864437969
-0.2883427674205315
-0.2536411214934719
-0.2572593658301779
-0.2972173073657702
-0.4131157707882826
-0.5674705807373543
-0.8716068738816274
-1.432987217135718
-2.46964818163058
-3.36473312961729
0.0
0.2736363673553202
0.2817867591981154
0.2896060646986465
0.2964931036611864
0.295987010659747
0.2907311369061043
0.2809737803886569
0.2660960638996976
0.2504778062563873
0.2340738071729835
0.2188747930255465
0.2048635329077896
0.1919962123264858
0.1819063589845598
0.1734304114201956
0.1662321448464233
0.1612963917479065
0.1561241074415921
0.1517534400818743
0.1485970240158714
0.1451978603963435
0.1419261439801622
0.1391537666243075
0.136102182196925
0.1330619673544472
0.1302614619407283
0.1274398960814718
0.1248100483472137
0.1226040747416352
0.1206488151745442
3.335068710225941
0.7699657751746392
0.7465881896082786
0.7347440828779139
0.7291607213608905
0.7265196521470841
0.7254071887060248
0.7272837999652447
0.7316421360031686
0.7312139749502607
0.7270163345128987
0.7252150632608978
0.712850289822242
0.6986348481583807
0.6954092226215111
0.6794076392271688
0.6343477864505465
0.5448794632993471
0.4353986731217877
0.3251701006108834
0.2413035830536792
0.2220347058390709
0.2408788081100983
0.2932623144104759
0.4174489052702416
0.5768222222328665
0.88028778157442
1.43834340402333
2.473477137803809
3.387319022030964
0.0
1.0
1.0
1.0
1.0
1.0
1.0
1.0
1.0
1.0
1.0
1.0
1.0
1.0
1.0
1.0
1.0
1.0
1.0
1.0
1.0
1.0
1.0
1.0
1.0
1.0
1.0
1.0
1.0
1.0
1.0
1.0
1.0
1.0
1.0
1.0
1.0
1.0
1.0
1.0
1.0
1.0
1.0
1.0
1.0
1.0
1.0
1.0
0.0
0.0
0.0
0.0
0.0
0.0
0.0
0.0
0.0
0.0
0.0
0.0
0.0
0.0
1.0
1.0
1.0
1.0
1.0
1.0
1.0
1.0
1.0
1.0
1.0
1.0
1.0
1.0
1.0
1.0
0.8605561031037754
0.8605561031037754
0.8605561031037754
0.8605561031037754
0.8605561031037754
0.8605561031037754
0.8605561031037754
0.8605561031037754
0.8605561031037754
0.8605561031037754
0.8605561031037754
0.8605561031037754
0.8605561031037754
0.8605561031037754
0.8605561031037754
0.8605561031037754
0.8605561031037754
0.8605561031037754
0.8605561031037754
0.8605561031037754
0.8605561031037754
0.8605561031037754
0.8605561031037754
0.8605561031037754
0.8605561031037754
0.8605561031037754
0.8605561031037754
0.8605561031037754
0.8605561031037754
1.0
1.0
1.0
1.0
1.0
1.0
1.0
1.0
1.0
1.0
1.0
1.0
1.0
1.0
1.0
1.0
1.0
1.0
1.0
1.0
1.0
1.0
1.0
1.0
1.0
1.0
1.0
1.0
1.0
0.005235151114524762
0.005194588781664726
0.0051081794649214685
0.004976983725951469
0.004709790354912009
0.004373835269275785
0.003990948946385224
0.003568327329812259
0.003173951823080665
0.0028102060689346076
0.0024948196548804924
0.0022216217118546646
0.0019845588068227037
0.0017953114800470756
0.0016364895637590142
0.0015013296610153644
0.0013955661386851604
0.0012946682420932882
0.0012030094785582784
0.0011261596372376351
0.0010520599239312624
0.0009833984061426238
0.0009222385516094553
0.0008627638784843408
0.0008067903327280636
0.0007550499185436079
0.0007044731360030832
0.00065694924822098
0.0006127154919319608
0.0005692377538383788
0.0005283519289997359
0.0004894406812178374
0.00045111959543033545
0.00041435692790915116
0.00037901540217197944
0.0003444601687547882
0.00031059644642155056
0.0002777568964567948
0.00024633566983194537
0.00021445162203985915
0.00018375675567700473
0.00015572782802990385
0.0001270151404960264
0.00010204112464694998
7.960367846607166e-05
5.8157940010493224e-05
3.973906281091883e-05
2.5451559623647482e-05
1.6271451925348842e-05
1.0056893477901323e-05
5.970942745622725e-06
4.31261551718884e-06
3.6036951547652234e-06
3.909490466491206e-06
4.27937654829627e-06
4.811263855062304e-06
5.585295028133642e-06
6.85124160987897e-06
7.840859809071222e-06
1.6219896420039014e-07
0.0004
0.0004
0.0004
0.0004
0.0004
0.0004
0.0004
0.0004
0.0004
0.0004
0.0004
0.0004
0.0004
0.0004
0.0004
0.0004
0.0004
0.0004
0.0004
0.0004
0.0004
0.0004
0.0004
0.0004
0.0004
0.0004
0.0004
0.0004
0.0004
0.0004
0.0004
0.0004
0.0004
0.0004
0.0004
0.0004
0.0004
0.0004
0.0004
0.0004
0.0004
0.0004
0.0004
0.0004
0.0004
0.0004
0.0004
0.0004
0.0004
0.0004
0.0004
0.0004
0.0004
0.0004
0.0004
0.0004
0.0004
0.0004
0.0004
0.0004
1.3065442837795994e-08
1.609813246251006e-08
1.8451320475760573e-08
2.016080036876345e-08
2.1358414023579076e-08
2.2454492528502163e-08
2.346184864599769e-08
2.435074770331274e-08
2.5168293008394306e-08
2.59248194795521e-08
2.6578860853539352e-08
2.717492227184444e-08
2.7727500794852817e-08
2.821868937946919e-08
2.867559255048391e-08
2.9106915692640655e-08
2.950022653046024e-08
2.9893537368279825e-08
3.0281774756529767e-08
3.065711262938458e-08
3.1032450502239386e-08
3.142093683129147e-08
3.1836199651687564e-08
3.225146247208365e-08
3.2701440677579656e-08
3.320893932168535e-08
3.3716437965791035e-08
3.428270566534462e-08
3.492899931274215e-08
3.557529296013967e-08
3.6371436914800125e-08
3.733624217274159e-08
3.8301047430683085e-08
3.959226158737696e-08
4.118778732859431e-08
4.278331306981166e-08
4.513146211348355e-08
4.806009189575067e-08
5.0988721678017794e-08
5.632170630050282e-08
6.318151527324084e-08
7.004132424597885e-08
8.255287402060394e-08
9.799336545699721e-08
1.1343385689339041e-07
1.3646888186188418e-07
1.6453988297575865e-07
1.9889493840858378e-07
2.3731543525971197e-07
2.78963375570315e-07
3.2556784487230723e-07
3.9737569592667986e-07
5.064205645747201e-07
6.801946019508522e-07
1.1053081705738778e-06
1.6111307341008319e-06
2.5512822486276946e-06
4.137854497676283e-06
6.1841356611202155e-06
2.780474791942962e-06
0.0
0.0
0.0
0.0
0.0
0.0
0.0
0.0
0.0
0.0
0.0
0.0
0.0
0.0
0.0
0.0
0.0
0.0
0.0
0.0
0.0
0.0
0.0
0.0
0.0
0.0
0.0
0.0
0.0
0.0
0.0
0.0
0.0
0.0
0.0
0.0
0.0
0.0
0.0
0.0
0.0
0.0
0.0
0.0
0.0
0.0
0.0
0.0
0.0
0.0
0.0
0.0
0.0
0.0
0.0
0.0
0.0
0.0
0.0
0.0
0.0
0.0
0.0
0.0
0.0
0.0
0.0
0.0
0.0
0.0
0.0
0.0
0.0
0.0
0.0
0.0
0.0
0.0
0.0
0.0
0.0
0.0
0.0
0.0
0.0
0.0
0.0
0.0
0.0
0.0
0.0
0.0
0.0
0.0
0.0
0.0
0.0
0.0
0.0
0.0
0.0
0.0
0.0
0.0
0.0
0.0
0.0
0.0
0.0
0.0
0.0
0.0
0.0
0.0
0.0
0.0
0.0
0.0
0.0
0.0
0.0
0.0
0.0
0.0
0.0
0.0
0.0
0.0
0.0
0.0
0.0
0.0
0.0
0.0
0.0
0.0
0.0
0.0
0.0
0.0
0.0
0.0
0.0
0.0
0.0
0.0
0.0
0.0
0.0
0.0
0.0
0.0
0.0
0.0
0.0
0.0
0.0
0.0
0.0
0.0
0.0
0.0
0.0
0.0
0.0
0.0
0.0
0.0
0.0
0.0
0.0
0.0
0.0
0.0
0.0
0.0
0.0
0.0
0.0
0.0
0.0
0.0
0.0
0.0
0.0
0.0
0.0
0.0
0.0
0.0
0.0
0.0
0.0
0.0
0.0
0.0
0.0
0.0
0.0
0.0
0.0
0.0
0.0
0.0
0.0
0.0
0.0
0.0
0.0
0.0
0.0
0.0
0.0
0.0
0.0
0.0
0.0
0.0
0.0
0.0
0.0
0.0
0.0
0.0
0.0
0.0
0.0
0.0
0.0
0.0
0.0
0.0
0.0
0.0
0.0
0.0
0.0
0.0
0.0
0.0
0.0
0.0
0.0
0.0
0.0
0.0
0.0
0.0
0.0
0.0
0.0
0.0
0.0
0.0
0.0
0.0
0.0
0.0
0.0
0.0
0.0
0.0
0.0
0.0
0.0
0.0
0.0
0.0
0.0
0.0
0.0
0.0
0.0
0.0
0.0
0.0
0.0
0.0
0.0
0.0
0.0
0.0
0.0
0.0
0.0
0.0
0.0
0.0
0.0
0.0
0.0
0.0
0.0
0.0
0.0
0.0
0.0
0.0
0.0
0.0
2
2
1
280.48905191842726
-45.01724850390801
0.0
0.0
46.0
5.783625987995279
1.0
2.0
3.0
4.0
5.0
6.0
7.0
8.0
9.0
10.0
11.0
12.0
13.0
14.0
15.0
16.0
17.0
18.0
19.0
20.0
21.0
22.0
23.0
24.0
25.0
26.0
27.0
28.0
29.0
30.0
31.0
32.0
33.0
34.0
35.0
36.0
37.0
38.0
39.0
40.0
41.0
42.0
43.0
44.0
45.0
46.0
47.0
48.0
49.0
50.0
51.0
52.0
53.0
54.0
55.0
56.0
57.0
58.0
59.0
60.0
0.0
0.0
0.0
0.0
0.0
0.0
0.0
0.0
0.0
0.0
0.0
0.0
0.0
0.0
0.0
0.0
0.0
0.0
0.0
0.0
0.0
0.0
0.0
0.0
0.0
0.0
0.0
0.0
0.0
0.0
0.99
0.0
0.0
0.0
0.0
0.0
0.0
0.0
0.0
0.0
0.0
0.0
0.0
0.0
0.0
0.0
0.0
0.0
0.0
0.0
0.0
0.0
0.0
0.0
0.0
0.0
0.0
0.0
0.0
0.0
0.0
0.0
0.0
0.0
0.0
0.0
0.0
0.0
0.0
0.0
0.0
0.0
0.0
0.0
0.0
0.0
0.0
0.0
0.0
0.0
0.0
0.0
0.0
0.0
0.0
0.0
0.0
0.0
0.0
0.0
16.2
0.0
0.0
0.0
0.0
0.0
0.0
0.0
0.0
0.0
0.0
0.0
0.0
0.0
0.0
0.0
0.0
0.0
0.0
0.0
0.0
0.0
0.0
0.0
0.0
0.0
0.0
0.0
0.0
0.0
0.0
0.0
0.0
0.0
0.0
0.0
0.0
0.0
0.0
0.0
0.0
0.0
0.0
0.0
0.0
0.0
0.0
0.0
0.0
0.0
0.0
0.0
0.0
0.0
0.0
0.0
0.0
0.0
0.0
0.0
0.5
0.0
0.0
0.0
0.0
0.0
0.0
0.0
0.0
0.0
0.0
0.0
0.0
0.0
0.0
0.0
0.0
0.0
0.0
0.0
0.0
0.0
0.0
0.0
0.0
0.0
0.0
0.0
0.0
0.0
45.0
