9.81
6.022e+23
0
0
0
3
0
1
286.48815519807675
2
2
0
0
1
1
0
1
60
7
1000.0
1.0


3
3
0
77.072922555375
0
5.783625987995279
150.0
1000.0
287.04
9.81
79000.0
40.0
20000.0
0.0
0.0
0.0
0.0
0.0280134
0.04401
0.0319988
0.039948
0.01604
0.01801528
0.048
99000.0
2.1153802199668344e+29
0.8
1e-06
1000000.0
0.6
3.0
0.0001
1000
47
3.1514889439724785
0
1
6
1.0
1
0
1
1
0.1
1000000000000.0
1
286.1126257990557
285.35786920709165
284.5368209680453
283.683777615849
282.81652072550924
281.9364558297586
281.0442186758862
280.14387188639023
279.2298053331003
278.30295493258495
277.3606425791007
276.4020304601512
275.42663589224065
274.43102027281185
273.4156772182867
272.3794770850918
271.32095758928483
270.242338285785
269.14218126691236
268.0174020338111
266.86830089580104
265.6941389726885
264.4931244822204
263.26444141476975
262.0069115975742
260.7179354404651
259.39650329129637
258.04074901648346
256.64791484239424
255.2173235785495
253.74588049386654
252.23116866963534
250.66966697540624
249.05884446356734
247.39435005038155
245.6734706290873
243.89185321927752
242.03488433085838
239.2238661857024
237.82357138883248
235.75784532740255
233.56849557502895
231.27748220051558
228.87729781495042
226.3498378249264
223.7022889193621
220.92887258813522
218.02109281091134
215.4505132226693
215.04985438525523
215.03414664584997
215.23092915688866
215.60588634529532
216.0869330819155
217.28884161684326
218.49997890405783
220.40929156185697
223.22983059069534
226.61596400166133
235.2249580590089
991.675
975.0250000000001
958.375
941.7249999999999
925.075
908.425
891.7750000000001
875.125
858.4749999999999
841.825
825.175
808.5250000000001
791.875
775.225
758.575
741.925
725.2750000000001
708.625
691.975
675.325
658.675
642.0250000000001
625.375
608.725
592.075
575.425
558.7750000000001
542.125
525.4750000000001
508.82500000000005
492.17500000000007
475.52500000000003
458.87500000000006
442.2250000000001
425.57500000000005
408.925
392.27500000000003
375.62500000000006
358.9750000000001
342.32500000000005
325.675
309.02500000000003
292.37500000000006
275.7250000000001
259.0750000000001
242.42500000000007
225.77500000000003
209.12500000000006
192.47500000000008
175.8250000000001
159.17500000000007
142.52500000000003
125.87500000000006
109.22500000000008
92.5750000000001
75.92500000000013
59.27500000000009
42.62500000000006
25.97500000000008
9.325000000000045
71.29139931032947
214.90407405349387
360.6046342617499
508.4555242535905
658.5276929588656
810.8966286811005
965.6433941375313
1122.8531811949524
1282.614839117928
1445.0221375256372
1610.17345407334
1778.1729147276455
1949.130134651794
2123.1607512467776
2300.3881553194365
2480.9432687816297
2664.966213019561
2852.6074642035887
3044.026868492907
3239.395270867234
3438.896439122803
3642.727665091138
3851.101184840438
4064.2461420717536
4282.409735917743
4505.859408598877
4734.885543339256
4969.803629860997
5210.958077143542
5458.725793689919
5713.519878610303
5975.794639326308
6246.051497961485
6524.845651815685
6812.794861778153
7110.589881973445
7418.999168530538
7738.290021583234
8069.85247678528
8415.42062896691
8775.870674512855
9152.671892402319
9547.564067033149
9962.58989924649
10400.190775847283
10863.332148252073
11355.64814241884
11882.251868838513
12452.812296805183
13079.76443463597
13776.618107102378
14561.61271589122
15460.643379280868
16514.165688041463
17786.77384431002
19393.393714455226
21574.693163636184
24975.38844043255
33244.701918262
56560.69457252452
3.521179111399233e+23
3.521179111399233e+23
3.521179111399257e+23
3.521179111399233e+23
3.521179111399233e+23
3.521179111399233e+23
3.521179111399233e+23
3.521179111399257e+23
3.521179111399233e+23
3.521179111399233e+23
3.521179111399233e+23
3.521179111399233e+23
3.521179111399257e+23
3.5211791113992086e+23
3.521179111399257e+23
3.521179111399233e+23
3.521179111399233e+23
3.521179111399257e+23
3.5211791113992086e+23
3.521179111399257e+23
3.521179111399233e+23
3.521179111399233e+23
3.521179111399257e+23
3.5211791113992086e+23
3.521179111399257e+23
3.521179111399233e+23
3.521179111399233e+23
3.521179111399233e+23
3.521179111399233e+23
3.521179111399244e+23
3.521179111399244e+23
3.521179111399233e+23
3.521179111399233e+23
3.521179111399233e+23
3.521179111399257e+23
3.521179111399233e+23
3.521179111399233e+23
3.521179111399233e+23
3.521179111399233e+23
3.521179111399257e+23
3.521179111399233e+23
3.521179111399233e+23
3.521179111399233e+23
3.521179111399233e+23
3.521179111399233e+23
3.521179111399257e+23
3.521179111399233e+23
3.521179111399233e+23
3.521179111399233e+23
3.521179111399233e+23
3.521179111399257e+23
3.521179111399233e+23
3.521179111399233e+23
3.521179111399233e+23
3.521179111399233e+23
3.521179111399233e+23
3.521179111399257e+23
3.521179111399233e+23
3.521179111399233e+23
3.521179111399257e+23
-1.5483901108045637
-1.232673154688733
-1.1425273470007205
-1.1339196961532312
-1.131497173189836
-1.1266101898314091
-1.1148611826272123
-1.077086754262902
-1.0359206772425573
-0.9842198390901912
-0.9301372982666384
-0.8764369141310622
-0.8206618716529211
-0.7751039016411266
-0.7365563697109112
-0.7014555316452142
-0.6776681888787938
-0.6496917146830877
-0.6210945254443547
-0.5993372041760773
-0.5797132153115302
-0.5600220285564244
-0.5430397604745395
-0.5263596019382271
-0.5087161917945978
-0.4945212679695723
-0.4810182324842771
-0.46899388601189496
-0.46079646945834296
-0.45080146566803936
-0.44177654128855565
-0.43293284113603564
-0.4259975917842992
-0.4193473291722062
-0.4160816979824771
-0.4102174172518052
-0.40089905107685814
-0.4438343253557523
-5.867181038091365
-1.6723113091278452
-1.5936489073326225
-1.6352894205542217
-1.6648484538466983
-1.6655832335923877
-1.6509263791158513
-1.5223802547359897
-1.2149725928751587
-0.6426011361533669
0.05134901373247866
0.06492688834027832
0.08125269488197454
0.09655494149518656
0.10960000952185217
0.11568367135938341
0.11168489946783297
0.10208063007594198
0.08302587122385842
0.05852784383156992
0.03735523725087357
0.05793339170368939
-2.5235185037496564
-2.1915719895382466
-2.085299985110055
-2.0604398620191944
-2.0412677654158102
-2.020115833975794
-1.99238623793471
-1.9391173729069067
-1.8815224097160836
-1.8134481536535105
-1.7436738424431866
-1.6731801063482123
-1.6013372023619894
-1.5396744191537977
-1.483166525738909
-1.433363804456178
-1.3929796818785292
-1.349152645689287
-1.3040197953149004
-1.2663073765710067
-1.230341262922991
-1.1944473719192104
-1.1609745532481952
-1.1278029628867046
-1.093885588206092
-1.0636047274879843
-1.0341722724014062
-1.0057607961533108
-0.9815581115241798
-0.9553091992360123
-0.9299507876768018
-0.9046061482021059
-0.8818605780308815
-0.8588831362713165
-0.8389130213309954
-0.8166140882609056
-0.7916055414413847
-0.8182809582364996
-6.222654932714221
-2.0139164385263086
-1.9186630630889852
-1.9443495668929245
-1.9576829968972902
-1.9407361783947863
-1.9100946976773798
-1.7644526670504206
-1.4403739394445836
-0.8501284228511281
-0.14509420455368627
-0.1153349791565006
-0.08376081944010139
-0.05222226570620592
-0.023353492766773343
-0.001847533621344155
0.010555977861599786
0.01732368706171883
0.01455079021519623
0.007155135713503569
0.0031254197868975098
0.03840002336471571
0.97539035729663
0.9591501078476412
0.9429098583986523
0.9266696089496632
0.9104293595006745
0.8941891100516856
0.8779488606026967
0.8617086111537078
0.8454683617047187
0.82922811225573
0.8129878628067412
0.7967476133577522
0.7805073639087633
0.7642671144597745
0.7480268650107857
0.7317866155617967
0.7155463661128078
0.6993061166638189
0.68306586721483
0.6668256177658413
0.6505853683168522
0.6343451188678633
0.6181048694188745
0.6018646199698856
0.5856243705208967
0.5693841210719077
0.5531438716229189
0.5369036221739301
0.5206633727249411
0.5044231232759523
0.4881828738269634
0.47194262437797446
0.4557023749289856
0.43946212547999675
0.4232218760310078
0.4069816265820189
0.39074137713303
0.3745011276840412
0.35826087823505226
0.3420206287860634
0.32578037933707443
0.30954012988808555
0.29329988043909666
0.27705963099010783
0.26081938154111894
0.2445791320921301
0.22833888264314112
0.21209863319415223
0.19585838374516337
0.17961813429617451
0.16337788484718566
0.14713763539819663
0.1308973859492078
0.11465713650021893
0.09841688705123006
0.0821766376022412
0.06593638815325233
0.04969613870426334
0.03345588925527447
0.017215639806285606
-16.649999999999977
-16.649999999999977
-16.65000000000009
-16.649999999999977
-16.649999999999977
-16.649999999999977
-16.649999999999977
-16.65000000000009
-16.649999999999977
-16.649999999999977
-16.649999999999977
-16.649999999999977
-16.65000000000009
-16.649999999999864
-16.65000000000009
-16.649999999999977
-16.649999999999977
-16.65000000000009
-16.649999999999864
-16.65000000000009
-16.649999999999977
-16.649999999999977
-16.65000000000009
-16.649999999999864
-16.65000000000009
-16.649999999999977
-16.649999999999977
-16.649999999999977
-16.649999999999977
-16.650000000000034
-16.650000000000034
-16.649999999999977
-16.649999999999977
-16.649999999999977
-16.65000000000009
-16.649999999999977
-16.649999999999977
-16.649999999999977
-16.649999999999977
-16.65000000000009
-16.649999999999977
-16.649999999999977
-16.649999999999977
-16.649999999999977
-16.649999999999977
-16.65000000000009
-16.649999999999977
-16.649999999999977
-16.649999999999977
-16.649999999999977
-16.65000000000009
-16.649999999999977
-16.649999999999977
-16.649999999999977
-16.649999999999977
-16.649999999999977
-16.65000000000009
-16.649999999999977
-16.649999999999977
-16.65000000000009
286.484551899954
285.65990632041047
284.82334790425386
283.9745512274386
283.1131194048438
282.23862863744137
281.35062953203123
280.4486338089373
279.5321443120462
278.60063045564027
277.6535381686244
276.6902835629664
275.7102460754055
274.7127783229889
273.6971900817143
272.6627442830298
271.6086635887435
270.5341045176659
269.43816995520774
268.3199080351574
267.1782944167972
266.01222775244077
264.8205272654464
263.6019187443766
262.35502583774
261.0783654823723
259.7703271698847
258.42916247274314
257.05297046937017
255.63966821589523
254.18697886056242
252.6924008336292
251.15318061641776
249.56627165155643
247.92829838935313
246.23549058363315
244.483628353559
242.66804265429175
240.79031060266948
238.83277618919163
236.7930367115071
234.6633596876044
232.43448207931954
230.09554240030272
227.63377370156263
225.033702795747
222.31773892285088
219.47691845428847
216.73059467117235
215.23636496319864
215.0247158056368
215.1115735891678
215.3940888079894
215.8199412560688
216.66124718659273
217.86936875276763
219.43301537236977
221.80306416773294
224.91167430893842
230.90938640787243
239.51380759041717
1000.0
983.35
966.7
950.05
933.4
916.75
900.1
883.45
866.8
850.15
833.5
816.85
800.2
783.55
766.9000000000001
750.25
733.6
716.95
700.3
683.6500000000001
667.0
650.35
633.7
617.05
600.4000000000001
583.75
567.1
550.45
533.8000000000001
517.1500000000001
500.50000000000006
483.85
467.20000000000005
450.55000000000007
433.9000000000001
417.25
400.6
383.95000000000005
367.30000000000007
350.6500000000001
334.0
317.35
300.70000000000005
284.05000000000007
267.4000000000001
250.7500000000001
234.10000000000002
217.45000000000005
200.80000000000007
184.1500000000001
167.5000000000001
150.85000000000002
134.20000000000005
117.55000000000007
100.90000000000009
84.25000000000011
67.60000000000014
50.950000000000045
34.30000000000007
17.65000000000009
1.0
0.0
142.58279862065893
287.2253494863288
433.98391903717095
582.9271294700101
734.1282564477211
887.6650009144798
1043.6217873605829
1202.0845750293217
1363.1451032065343
1526.89917184474
1693.44773630194
1862.898093153351
2035.362176150237
2210.9593263433185
2389.8169842955544
2572.069553267705
2757.8628727714167
2947.3520556357607
3140.7016813500527
3338.088860384416
3539.70401786119
3745.751312321086
3956.4510573597895
4172.041226783718
4392.778245051769
4618.940572145985
4850.830514532527
5088.776745189467
5333.139409097617
5584.312178282219
5842.7275789383875
6108.86169971423
6383.241296208741
6666.450007422629
6959.139716133677
7262.0400478132115
7575.958289247864
7900.621753918605
8239.083199651954
8591.758058281865
8959.983290743843
9345.360494060795
9749.767640005504
10175.412158487477
10624.969393207088
11101.694903297059
11609.601381540622
12154.902356136403
12750.722237473965
13408.806631797976
14144.429582406783
14978.795849375658
15942.490909186075
17085.84046689685
18487.70722172319
20299.080207187257
22850.306120085115
27100.470760779986
39388.93307574401
51677.395390708116
401.62066886699637
400.246103009229
398.3845637872672
396.2958501227381
394.0711036751996
391.78727118677654
389.4794878815745
387.17128906151186
384.8874227019732
382.6271022168039
380.3917874107174
378.17687017718424
375.9796580496883
373.8005078423543
371.6249528488316
369.44963483815974
367.27289092284883
365.0852707552834
362.8990245097906
360.71149499212976
358.51771682266485
356.32461013067933
354.1334323278425
351.9408594946266
349.7512139470296
347.56601873515314
345.3862393620506
343.2122430706617
341.04330788858374
338.8839596206725
336.7365671404706
334.6028710797087
332.4831743350277
330.3800631602476
328.2941773751544
326.22973999534776
324.1910018267451
322.18145287866787
320.20213160281355
361.5298689095613
360.12720413397653
358.63049850373636
357.1457253827744
355.7128261805985
354.3434195209543
353.0384951092379
351.82485365814966
350.7167693567764
349.7549481208718
349.08303640206657
348.870021608823
348.84272829715223
348.9060902663782
349.0126043865094
349.1406641941951
349.27041665325487
349.3793944214862
349.4841938485093
349.5704364644484
349.7966555739584
351.1015751407118
381.9601560809568
380.4137120527117
378.3723198708717
376.097335216384
373.6806241204488
371.198601174296
368.6865469569858
366.1682486126614
363.6686726654378
361.1877394091798
358.7274327487614
356.2837840386783
353.8545990756368
351.4406322475659
349.0278529361248
346.6131690282213
344.1951096995802
341.7644362254303
339.333427461629
336.8995279190996
334.45785104973
332.015304148667
329.5731469144814
327.1280675179765
324.6843576175338
322.2435192298968
319.8065000957951
317.373632030536
314.9441575283124
312.5225641081865
310.1111591652278
307.7116308157045
305.3242233342526
302.9514631261849
300.5939157893942
298.2557190775996
295.9410155379191
293.6532002227525
291.3932075309987
247.9412255603138
246.3746740916336
244.620746216981
242.8175911300767
241.0186938884965
239.2456163444357
237.507148056017
235.8354963437939
234.2493411096865
232.7935372068262
231.6162484102922
230.8898332053743
230.3442682586753
229.8897680153273
229.4846388713786
229.1163452261999
228.7973538804692
228.5144647038989
228.3377101819396
228.3230879077505
228.6498179704755
229.526938677587
19.6605127860396
19.83239095651731
20.01224391639548
20.19851490635408
20.39047955475081
20.5886700124805
20.79294092458869
21.00304044885045
21.21875003653544
21.43936280762409
21.66435466195608
21.89308613850596
22.12505897405144
22.35987559478846
22.59709991270678
22.83646580993843
23.07778122326865
23.32083452985305
23.56559704816155
23.81196707303013
24.05986577293489
24.30930598201235
24.56028541336111
24.81279197665009
25.06685632949578
25.32249950525634
25.5797392662555
25.83861104012571
26.0991503602713
26.361395512486
26.6254079752428
26.8912402640042
27.15895100077509
27.42860003406271
27.7002615857602
27.97402091774811
28.249986288826
28.52825265591536
28.80892407181483
113.5886433492475
113.7525300423429
114.0097522867554
114.3281342526977
114.694132292102
115.0978031765186
115.5313470532209
115.9893573143558
116.4674282470899
116.9614109140456
117.4667879917744
117.9801884034487
118.4984600384769
119.0163222510509
119.5279655151308
120.0243189679952
120.4730627727857
120.8649297175873
121.1464836665697
121.2473485566979
121.1468376034829
121.5746364631248
431.9209797853174
428.0228954238003
423.9697842123003
419.79577056266106
415.5105842531034
411.18548399926453
406.8575848600867
402.5569998020894
398.3340160696437
394.1921731747583
390.1434102150186
386.184819139042
382.31442690519793
378.5339394955019
374.8187100828254
371.1602255464147
367.5501178266475
363.9695179772036
360.4341190860214
356.9425697730457
353.48248422701
350.05903627210137
346.6734110973453
343.31986371088124
340.00241520039754
336.7233344003149
333.4799502997244
330.2717817359341
327.0970857577028
323.9561793782674
320.8534776988296
317.7898308503908
314.7655279575077
311.78055620469684
308.83578728333225
305.93243688219445
303.07708462533105
300.2759301358124
297.4783279017215
332.5834102757552
329.1668290616441
325.7514603683149
322.32233768046
318.93175548138674
315.6216126433479
312.40659353395387
309.4284994158154
306.8800411749976
305.0680915162418
304.2510855928829
303.9227358204828
303.811681689372
303.82282139289174
303.9059820202561
304.0321942943205
304.1725027312419
304.29880418653494
304.4181544037733
304.5115521554257
304.74089668472266
306.0842162748408
290.4784421352756
285.6607232117983
280.6490970475658
275.4801530113061
270.1660976564487
264.7980193408992
259.4266100260186
254.0954618103191
248.8707100334794
243.7597232284216
238.7784693407068
233.9218985550342
229.1858325156332
224.569654028133
220.0410924135664
215.5872066993209
211.195997661249
206.8415391459607
202.5402258004537
198.288128857001
194.0686548275483
189.8875590464799
185.7453710821095
181.6343429135922
177.5592771581096
173.5222933562313
169.5198101679801
165.5515567974504
161.6155281197299
157.7113851076779
153.8447864592663
150.0166269345925
146.2271853625783
142.4764907217387
138.7657670041465
135.0966795052913
131.47677683859
127.9127177321469
124.3507121586137
68.63891250357133
63.39756708496127
58.1433060069441
52.85889895293225
47.61926713752168
42.47200580756957
37.41207669448661
32.60895640974059
28.31454737179627
24.92542110844157
22.74167002876497
21.2598470881992
20.15759728761313
19.21568180866545
18.31567129338061
17.37318795872923
16.25306854958888
14.86830485754881
13.00063867168094
10.20694069567294
5.733361143560846
0.0
141.4425376500418
142.362172212002
143.3206871647345
144.315617551355
145.3444865966547
146.3874646583653
147.4309748340681
148.4615379917703
149.4633060361643
150.4324499463367
151.3649408743118
152.2629205840078
153.1285943895647
153.9642854673689
154.777617669259
155.5730188470938
156.3541201653985
157.1279788312429
157.8938932855677
158.6544409160447
159.4138293994617
160.1714772256215
160.9280400152358
161.685520797289
162.4431380422879
163.2010410440836
163.9601401317443
164.7202249384837
165.4815576379729
166.2447942705895
167.0086912395633
167.7732039157983
168.5383425949294
169.3040654829581
170.0700202791857
170.8357573769032
171.600307786741
172.3632124036655
173.1276157431078
263.9444977721839
265.7692619766828
267.6081543613708
269.4634387275278
271.3124883438651
273.1496068357783
274.9945168394673
276.8195430060748
278.5654938032013
280.1426704078002
281.5094155641179
282.6628887322836
283.6540844017589
284.6071395842263
285.5903107268755
286.6590063355913
287.919434181653
289.4304993289861
291.4175157320924
294.3046114597528
299.0075355411618
306.0842162748408
30.30031091832096
27.776792414571304
25.585220425033057
23.499920439923002
21.439480577903808
19.398212812487998
17.378096978512204
15.385710740577494
13.446593367670587
11.565070957954504
9.751622804300993
8.007948961857807
6.334768855509594
4.733431653147605
3.193757233993807
1.7105907082548981
0.27722690379872006
-1.115752778079809
-2.464905423769096
-3.7689252190839966
-5.035232595655003
-6.265573858577994
-7.460021230497205
-8.6209957837454
-9.748798746632104
-10.842684334838196
-11.90628906232618
-12.940461334727587
-13.946222130880898
-14.927780242405078
-15.88308944164109
-16.81304022931789
-17.717646377519998
-18.59950695555088
-19.458390091822196
-20.29730311315319
-21.113917201414097
-21.90552274285548
-22.72380370109198
-28.946458633806202
-30.96037507233251
-32.879038135421496
-34.82338770231442
-36.78107069921171
-38.7218068776065
-40.63190157528388
-42.3963542423343
-43.83672818177888
-44.68685660463001
-44.831950809183695
-44.947285788340196
-45.0310466077803
-45.0832688734865
-45.106622366253276
-45.10846989987462
-45.09791392201302
-45.0805902349513
-45.066039444736106
-45.0588843090226
-45.055758889235705
-45.01735886587099
91.48171394568124
94.7529888409134
97.72322282330595
100.6171822050779
103.5145264640001
106.4005818333968
109.2599369309672
112.0727868023423
114.7979626319583
117.4280161807581
119.9489634080547
122.3618854836441
124.6687665600036
126.8709782194329
128.9867605225584
131.0259623289005
132.9991120383312
134.9228970794696
136.7932016611753
138.6113990620986
140.3891962221818
142.1277451021871
143.8277758323719
145.4937246043843
147.1250804594242
148.7212258736655
150.286689927815
151.8220752330856
153.3286294085825
154.8111790005086
156.2663727059616
157.695003881112
159.0970379716743
160.4749724044462
161.8281487852477
163.1590395723083
164.4642386993291
165.7404824906056
167.042495372385
179.3023130567425
182.9771070066723
186.4774402100369
189.9586921771445
193.3994267509748
196.7736105368662
200.0950713615304
203.2265399340533
205.9347937378903
207.8681160983846
208.8745783815272
209.6299861171751
210.1866709710622
210.6740862066618
211.168967577998
211.7431572674707
212.5442853308803
213.6461598463501
215.3370715102587
218.1161472120776
222.9164568269146
229.526938677587
121.7820248640022
122.5297812554847
123.308443248339
124.1171026450009
124.9540070419039
125.7987946458848
126.6380339094794
127.4584975429198
128.2445559996289
128.9930871387126
129.7005862123557
130.3698344455019
131.0035354155132
131.6044098725805
132.1805177565522
132.7365530371554
133.2763389421299
133.8071443013898
134.3282962374062
134.8424738430146
135.3539636265268
135.8621712436091
136.3677546018747
136.8727288206389
137.3762817127921
137.8785415388273
138.3804008654888
138.881613898358
139.3824072777016
139.8833987581035
140.3832832643205
140.8819636517941
141.3793915941543
141.8754654488953
142.3697586934255
142.8617364591551
143.350321497915
143.8349597477501
144.318691671293
150.3558544229363
152.0167319343398
153.5984020746154
155.1353044748301
156.6183560517631
158.0518036592597
159.4631697862465
160.830185691719
162.0980655561114
163.1812594937546
164.0426275723435
164.6827003288349
165.1556243632819
165.5908173331753
166.0623452117447
166.6346873675961
167.4463714088673
168.5655696113988
170.2710320655226
173.057262903055
177.8606979376789
184.509579811716
-1.2780137431099465
-1.1098613024383208
-1.0560212551973809
-1.0434197560017178
-1.0337059089866203
-1.0229934709981012
-1.0089534141039251
-0.981981779227802
-0.9528198143817699
-0.9183508307499266
-0.883019825985695
-0.8473235485885178
-0.8109430060440174
-0.7797164945354067
-0.7510996260700984
-0.7258779498826098
-0.7054248181420033
-0.6832279428054838
-0.6603687757322654
-0.6412669580029569
-0.6230498941825925
-0.6048692047588685
-0.5879142340190544
-0.5711121039649544
-0.5539321670988027
-0.5385939694766615
-0.5236855973070921
-0.5092943149867672
-0.4970347380116743
-0.4837390889329794
-0.47089454075506176
-0.45805698397026395
-0.44653597980645465
-0.43489765994283
-0.4247828271155547
-0.41348870778888164
-0.4008222493997121
-0.4143345773994285
-3.150077238398385
-1.019592343033016
-0.9713682988334372
-0.9843936359084785
-0.9911645894458928
-0.9825961796774608
-0.9670822002008601
-0.8933234544743854
-0.7291976208099283
-0.43027608020573316
-0.07322180436680642
-0.05821797970571241
-0.0422776322243634
-0.026314223204095016
-0.011679632372508408
-0.0007540908722528106
0.005604729726560065
0.009130465985446201
0.007912067007619816
0.0045091103701249136
0.0031084903184606105
0.021562353043468097
0.0
-1.657016203371791
-1.504528354924638
-1.465892577381705
-1.467607137137119
-1.461888916119083
-1.448364285977141
-1.424807747375201
-1.380397750519925
-1.332214957675537
-1.276948754616686
-1.222230202222545
-1.168516693094404
-1.11549793881496
-1.071718419077513
-1.032927694330637
-0.9994699757486986
-0.9744650287925039
-0.9473752883451507
-0.9209811620079373
-0.900517013981213
-0.8806363747423026
-0.8611255722507124
-0.8438618574168448
-0.8263393239151137
-0.8085039927980857
-0.7929628009258707
-0.7777268529038928
-0.7631228679968932
-0.7509636991083196
-0.7371069770059917
-0.7236521178078215
-0.7101797556442934
-0.6979724283076493
-0.6854316010788314
-0.6741431612157974
-0.6611294285455341
-0.6464625289302532
-0.6595154828631483
-6.210030402205768
-1.861412847927027
-1.773042321704272
-1.763377002013709
-1.742853512142311
-1.709143188952202
-1.682437148083984
-1.586199366058376
-1.371826147151918
-0.97929601769307
-0.509808672355983
-0.3826406823667854
-0.2819805282664939
-0.2468930215360813
-0.2506748828250429
-0.2908473453735025
-0.4057996422068835
-0.5581383358754114
-0.8565064432984656
-1.407699938339751
-2.431526260474006
-3.348442393093889
0.0
0.3790024602618444
0.3946670524863171
0.4098713221843243
0.4241873811354012
0.4281830071324626
0.4253708149790399
0.4158543332712759
0.3984159712921229
0.3793951432937672
0.3585979238667594
0.3392103762368501
0.3211931445058862
0.3045549327709426
0.2920019245421064
0.2818280682605386
0.2735920258660887
0.2690402106505006
0.2641473455396669
0.2606123862756719
0.2592500559782561
0.2575864805597101
0.2562563674918439
0.2559476233977904
0.2552272199501593
0.254571825699283
0.2543688314492092
0.2540412555968007
0.2538285530101259
0.2539289610966453
0.2533678880730123
0.2527575770527597
0.2521227716740294
0.2514364485011946
0.2505339411360014
0.2493603341002427
0.2476407207566525
0.2456402795305411
0.2451809054637198
3.059953163807383
0.841820504894011
0.8016740228708347
0.7789833661052304
0.7516889226964182
0.7265470092747411
0.7153549478831238
0.6928759115839905
0.6426285263419896
0.5490199374873368
0.4365868679891766
0.324422702661073
0.2397028960421305
0.2205787983319863
0.2389952504525345
0.2900932545012497
0.4114043719334436
0.5672688018608576
0.8644185103060854
1.412209048709876
2.434634750792467
3.370004746137357
0.0
1.0
1.0
1.0
1.0
1.0
1.0
1.0
1.0
1.0
1.0
1.0
1.0
1.0
1.0
1.0
1.0
1.0
1.0
1.0
1.0
1.0
1.0
1.0
1.0
1.0
1.0
1.0
1.0
1.0
1.0
1.0
1.0
1.0
1.0
1.0
1.0
1.0
1.0
1.0
1.0
1.0
1.0
1.0
1.0
1.0
1.0
1.0
1.0
0.0
0.0
0.0
0.0
0.0
0.0
0.0
0.0
0.0
0.0
0.0
0.0
0.0
1.0
1.0
1.0
1.0
1.0
1.0
1.0
1.0
1.0
1.0
1.0
1.0
1.0
1.0
1.0
1.0
0.8605561031037754
0.8605561031037754
0.8605561031037754
0.8605561031037754
0.8605561031037754
0.8605561031037754
0.8605561031037754
0.8605561031037754
0.8605561031037754
0.8605561031037754
0.8605561031037754
0.8605561031037754
0.8605561031037754
0.8605561031037754
0.8605561031037754
0.8605561031037754
0.8605561031037754
0.8605561031037754
0.8605561031037754
0.8605561031037754
0.8605561031037754
0.8605561031037754
0.8605561031037754
0.8605561031037754
0.8605561031037754
0.8605561031037754
0.8605561031037754
0.8605561031037754
0.8605561031037754
1.0
1.0
1.0
1.0
1.0
1.0
1.0
1.0
1.0
1.0
1.0
1.0
1.0
1.0
1.0
1.0
1.0
1.0
1.0
1.0
1.0
1.0
1.0
1.0
1.0
1.0
1.0
1.0
1.0
0.00784305770088999
0.007793553825863507
0.007674980552016424
0.00748864699725693
0.007096299258646148
0.006598978736109584
0.006029386671036858
0.005398160791145826
0.004808305159908822
0.004263521557539968
0.0037909099860746155
0.00338129285764642
0.0030256479328883545
0.0027420480210462728
0.002504168082231089
0.0023018363127033786
0.0021440443428222622
0.0019932231742459
0.0018561489593686077
0.0017415110267410894
0.0016307320609441813
0.0015280021062588213
0.0014365789326762873
0.0013474404931117338
0.0012634345348550209
0.0011857375259297911
0.0011095497766633006
0.0010378552157518407
0.0009710549337688248
0.0009051409620537234
0.0008425492413078584
0.0007831277658975846
0.000724376271308745
0.0006678275104943926
0.000613260896156461
0.0005596460499911469
0.0005068178256662221
0.0004553101740203234
0.00040603504480534076
0.00035538547109006464
0.0003062611528223794
0.00026113576701110053
0.00021438970631010315
0.00017113207982840287
0.00013429430696603622
9.846328389149719e-05
6.758171892133136e-05
4.136372287686143e-05
2.271924704109091e-05
1.2623975768473523e-05
7.454314770678507e-06
5.359430674063935e-06
4.466019353798317e-06
4.820776478874701e-06
5.228535452462995e-06
5.791004058106603e-06
6.5647185056966114e-06
7.773137488825172e-06
8.498358434205072e-06
1.687404789051362e-07
0.0004
0.0004
0.0004
0.0004
0.0004
0.0004
0.0004
0.0004
0.0004
0.0004
0.0004
0.0004
0.0004
0.0004
0.0004
0.0004
0.0004
0.0004
0.0004
0.0004
0.0004
0.0004
0.0004
0.0004
0.0004
0.0004
0.0004
0.0004
0.0004
0.0004
0.0004
0.0004
0.0004
0.0004
0.0004
0.0004
0.0004
0.0004
0.0004
0.0004
0.0004
0.0004
0.0004
0.0004
0.0004
0.0004
0.0004
0.0004
0.0004
0.0004
0.0004
0.0004
0.0004
0.0004
0.0004
0.0004
0.0004
0.0004
0.0004
0.0004
1.3065442837795994e-08
1.609813246251006e-08
1.8451320475760573e-08
2.016080036876345e-08
2.1358414023579076e-08
2.2454492528502163e-08
2.346184864599769e-08
2.435074770331274e-08
2.5168293008394306e-08
2.59248194795521e-08
2.6578860853539352e-08
2.717492227184444e-08
2.7727500794852817e-08
2.821868937946919e-08
2.867559255048391e-08
2.9106915692640655e-08
2.950022653046024e-08
2.9893537368279825e-08
3.0281774756529767e-08
3.065711262938458e-08
3.1032450502239386e-08
3.142093683129147e-08
3.1836199651687564e-08
3.225146247208365e-08
3.2701440677579656e-08
3.320893932168535e-08
3.3716437965791035e-08
3.428270566534462e-08
3.492899931274215e-08
3.557529296013967e-08
3.6371436914800125e-08
3.733624217274159e-08
3.8301047430683085e-08
3.959226158737696e-08
4.118778732859431e-08
4.278331306981166e-08
4.513146211348355e-08
4.806009189575067e-08
5.0988721678017794e-08
5.632170630050282e-08
6.318151527324084e-08
7.004132424597885e-08
8.255287402060394e-08
9.799336545699721e-08
1.1343385689339041e-07
1.3646888186188418e-07
1.6453988297575865e-07
1.9889493840858378e-07
2.3731543525971197e-07
2.78963375570315e-07
3.2556784487230723e-07
3.9737569592667986e-07
5.064205645747201e-07
6.801946019508522e-07
1.1053081705738778e-06
1.6111307341008319e-06
2.5512822486276946e-06
4.137854497676283e-06
6.1841356611202155e-06
2.780474791942962e-06
0.0
0.0
0.0
0.0
0.0
0.0
0.0
0.0
0.0
0.0
0.0
0.0
0.0
0.0
0.0
0.0
0.0
0.0
0.0
0.0
0.0
0.0
0.0
0.0
0.0
0.0
0.0
0.0
0.0
0.0
0.0
0.0
0.0
0.0
0.0
0.0
0.0
0.0
0.0
0.0
0.0
0.0
0.0
0.0
0.0
0.0
0.0
0.0
0.0
0.0
0.0
0.0
0.0
0.0
0.0
0.0
0.0
0.0
0.0
0.0
0.0
0.0
0.0
0.0
0.0
0.0
0.0
0.0
0.0
0.0
0.0
0.0
0.0
0.0
0.0
0.0
0.0
0.0
0.0
0.0
0.0
0.0
0.0
0.0
0.0
0.0
0.0
0.0
0.0
0.0
0.0
0.0
0.0
0.0
0.0
0.0
0.0
0.0
0.0
0.0
0.0
0.0
0.0
0.0
0.0
0.0
0.0
0.0
0.0
0.0
0.0
0.0
0.0
0.0
0.0
0.0
0.0
0.0
0.0
0.0
0.0
0.0
0.0
0.0
0.0
0.0
0.0
0.0
0.0
0.0
0.0
0.0
0.0
0.0
0.0
0.0
0.0
0.0
0.0
0.0
0.0
0.0
0.0
0.0
0.0
0.0
0.0
0.0
0.0
0.0
0.0
0.0
0.0
0.0
0.0
0.0
0.0
0.0
0.0
0.0
0.0
0.0
0.0
0.0
0.0
0.0
0.0
0.0
0.0
0.0
0.0
0.0
0.0
0.0
0.0
0.0
0.0
0.0
0.0
0.0
0.0
0.0
0.0
0.0
0.0
0.0
0.0
0.0
0.0
0.0
0.0
0.0
0.0
0.0
0.0
0.0
0.0
0.0
0.0
0.0
0.0
0.0
0.0
0.0
0.0
0.0
0.0
0.0
0.0
0.0
0.0
0.0
0.0
0.0
0.0
0.0
0.0
0.0
0.0
0.0
0.0
0.0
0.0
0.0
0.0
0.0
0.0
0.0
0.0
0.0
0.0
0.0
0.0
0.0
0.0
0.0
0.0
0.0
0.0
0.0
0.0
0.0
0.0
0.0
0.0
0.0
0.0
0.0
0.0
0.0
0.0
0.0
0.0
0.0
0.0
0.0
0.0
0.0
0.0
0.0
0.0
0.0
0.0
0.0
0.0
0.0
0.0
0.0
0.0
0.0
0.0
0.0
0.0
0.0
0.0
0.0
0.0
0.0
0.0
0.0
0.0
0.0
0.0
0.0
0.0
0.0
0.0
0.0
0.0
0.0
0.0
0.0
0.0
0.0
0.0
0.0
0.0
0.0
0.0
0.0
2
2
1
286.484551899954
-45.01735886587099
0.0
0.0
47.0
5.783625987995279
1.0
2.0
3.0
4.0
5.0
6.0
7.0
8.0
9.0
10.0
11.0
12.0
13.0
14.0
15.0
16.0
17.0
18.0
19.0
20.0
21.0
22.0
23.0
24.0
25.0
26.0
27.0
28.0
29.0
30.0
31.0
32.0
33.0
34.0
35.0
36.0
37.0
38.0
39.0
40.0
41.0
42.0
43.0
44.0
45.0
46.0
47.0
48.0
49.0
50.0
51.0
52.0
53.0
54.0
55.0
56.0
57.0
58.0
59.0
60.0
0.0
0.0
0.0
0.0
0.0
0.0
0.0
0.0
0.0
0.0
0.0
0.0
0.0
0.0
0.0
0.0
0.0
0.0
0.0
0.0
0.0
0.0
0.0
0.0
0.0
0.0
0.0
0.0
0.0
0.0
0.0
0.0
0.0
0.0
0.0
0.0
0.0
0.0
0.99
0.0
0.0
0.0
0.0
0.0
0.0
0.0
0.0
0.0
0.0
0.0
0.0
0.0
0.0
0.0
0.0
0.0
0.0
0.0
0.0
0.0
0.0
0.0
0.0
0.0
0.0
0.0
0.0
0.0
0.0
0.0
0.0
0.0
0.0
0.0
0.0
0.0
0.0
0.0
0.0
0.0
0.0
0.0
0.0
0.0
0.0
0.0
0.0
0.0
0.0
0.0
0.0
0.0
0.0
0.0
0.0
0.0
0.0
0.0
6.5
0.0
0.0
0.0
0.0
0.0
0.0
0.0
0.0
0.0
0.0
0.0
0.0
0.0
0.0
0.0
0.0
0.0
0.0
0.0
0.0
0.0
0.0
0.0
0.0
0.0
0.0
0.0
0.0
0.0
0.0
0.0
0.0
0.0
0.0
0.0
0.0
0.0
0.0
0.0
0.0
0.0
0.0
0.0
0.0
0.0
0.0
0.0
0.0
0.0
0.0
0.0
0.0
0.0
0.0
0.0
0.0
0.0
0.0
0.0
0.5
0.0
0.0
0.0
0.0
0.0
0.0
0.0
0.0
0.0
0.0
0.0
0.0
0.0
0.0
0.0
0.0
0.0
0.0
0.0
0.0
0.0
45.0
