9.81
6.022e+23
0
0
0
3
0
1
295.0
2
2
0
0
1
1
0
1
60
7
1000.0
1.0


3
3
0
72.38857731909356
0
6.7
150.0
1000.0
287.04
9.81
79000.0
40.0
20000.0
0.0
0.0
0.0
0.0
0.0280134
0.04401
0.0319988
0.039948
0.01604
0.01801528
0.048
99000.0
2.1153802199668344e+29
0.8
1e-06
1000000.0
0.6
3.0
0.0001
300
48
22.598127596334795
0
1
6
1.0
1
0
1
1
0.1
1000000000000.0
1
294.4654748943251
293.5854711196869
292.64056164413176
291.66608673813124
290.6722568001326
289.65593965020014
288.6206830437902
287.5646796251004
286.48891605595327
285.39321179097516
284.27894748635526
283.1464673347012
281.9945528977368
280.82240516387975
279.63110077761104
278.4195197806562
277.1871307519342
275.93014381188283
274.6186151579869
272.2670398072697
271.3338637025256
270.00791182370955
268.6091484989541
267.1667342030796
265.6878246423006
264.1758396390101
262.62711621340765
261.0400594216663
259.4125495115262
257.7437489539698
256.03032732194913
254.26963457521458
252.4585019222248
250.59003303821154
248.65899733411132
246.66610686508793
244.6019092534427
242.45868764654634
240.23578456150588
237.92305379030063
235.51162068158584
232.99816975146044
230.37259653171645
227.6236968879985
224.73589970140662
221.69608366208504
218.48939103739838
215.08705425449216
211.45040284895455
207.59035881957797
205.1336450369581
203.1121026777991
201.66307734770527
201.20428136032945
203.223198697813
207.5015966078554
215.26796628558643
224.55671947061597
237.19380885694298
244.24497101162424
991.675
975.0250000000001
958.375
941.7249999999999
925.075
908.425
891.7750000000001
875.125
858.4749999999999
841.825
825.175
808.5250000000001
791.875
775.225
758.575
741.925
725.2750000000001
708.625
691.975
675.325
658.675
642.0250000000001
625.375
608.725
592.075
575.425
558.7750000000001
542.125
525.4750000000001
508.82500000000005
492.17500000000007
475.52500000000003
458.87500000000006
442.2250000000001
425.57500000000005
408.925
392.27500000000003
375.62500000000006
358.9750000000001
342.32500000000005
325.675
309.02500000000003
292.37500000000006
275.7250000000001
259.0750000000001
242.42500000000007
225.77500000000003
209.12500000000006
192.47500000000008
175.8250000000001
159.17500000000007
142.52500000000003
125.87500000000006
109.22500000000008
92.5750000000001
75.92500000000013
59.27500000000009
42.62500000000006
25.97500000000008
9.325000000000045
73.34600107886403
221.07208829579355
370.8952642038535
522.8776158928611
677.0864643069444
833.5929962620689
992.4728914268442
1153.805968654921
1317.6769660578934
1484.1760574670116
1653.3994442781589
1825.4490644111643
2000.4327310878768
2178.4653772372108
2359.6695697143014
2544.1756785239704
2732.121679947374
2923.6435526259256
3118.5211992074996
3317.0714029789146
3519.858157162311
3726.926720976752
3938.4624434924663
4154.680730730972
4375.819829893789
4602.138842916201
4833.918088469718
5071.462439956995
5315.104861583792
5565.209533679774
5822.175263808076
6086.440508983931
6358.486914093152
6638.844844868398
6928.105679838576
7226.929208772633
7536.050317601301
7856.298558807379
8188.614237116441
8534.064719115402
8893.876522614974
9269.469440733694
9662.495364941926
10074.891253763642
10508.953542299108
10967.441653670881
11453.702500102752
11971.837837020805
12527.024129083678
13128.488892953363
13789.45461986372
14526.724212135072
15365.550896625333
16348.851033914965
17549.158229178895
19099.383485029317
21267.190284461707
24774.733798867448
33379.04760452664
56560.69457252452
3.521179111399233e+23
3.521179111399233e+23
3.521179111399257e+23
3.521179111399233e+23
3.521179111399233e+23
3.521179111399233e+23
3.521179111399233e+23
3.521179111399257e+23
3.521179111399233e+23
3.521179111399233e+23
3.521179111399233e+23
3.521179111399233e+23
3.521179111399257e+23
3.5211791113992086e+23
3.521179111399257e+23
3.521179111399233e+23
3.521179111399233e+23
3.521179111399257e+23
3.5211791113992086e+23
3.521179111399257e+23
3.521179111399233e+23
3.521179111399233e+23
3.521179111399257e+23
3.5211791113992086e+23
3.521179111399257e+23
3.521179111399233e+23
3.521179111399233e+23
3.521179111399233e+23
3.521179111399233e+23
3.521179111399244e+23
3.521179111399244e+23
3.521179111399233e+23
3.521179111399233e+23
3.521179111399233e+23
3.521179111399257e+23
3.521179111399233e+23
3.521179111399233e+23
3.521179111399233e+23
3.521179111399233e+23
3.521179111399257e+23
3.521179111399233e+23
3.521179111399233e+23
3.521179111399233e+23
3.521179111399233e+23
3.521179111399233e+23
3.521179111399257e+23
3.521179111399233e+23
3.521179111399233e+23
3.521179111399233e+23
3.521179111399233e+23
3.521179111399257e+23
3.521179111399233e+23
3.521179111399233e+23
3.521179111399233e+23
3.521179111399233e+23
3.521179111399233e+23
3.521179111399257e+23
3.521179111399233e+23
3.521179111399233e+23
3.521179111399257e+23
-2.2250208182719717
-1.7681479518510457
-1.5229545858361546
-1.3406084983340123
-1.17673321911295
-1.0423810407522185
-0.9206746137051856
-0.8169090399267366
-0.7246174154774031
-0.6420341803656449
-0.5607277853510205
-0.4764277372083379
-0.3911943830119451
-0.3051501696656299
-0.2103950109977473
-0.10795484490700022
0.003806398247122908
0.11290590570756784
0.08856728087814483
-44.51006228710062
-2.391438546993145
-2.135836053144046
-2.0587249122877544
-2.0327191840843364
-2.021390044955728
-2.003275786296316
-1.985806541711241
-1.967120184561875
-1.9467531861888514
-1.9180374516242777
-1.8837025363478006
-1.8425824779395015
-1.7943881936887012
-1.7530822552362597
-1.7239148272399862
-1.6855331941484655
-1.656791514362596
-1.6466827558526211
-1.6317142103299838
-1.624353239266632
-1.627360495984352
-1.6149294460089305
-1.583062215384457
-1.5243938869308051
-1.4397288615784376
-1.3067419564810663
-1.0937274408776447
-0.8064463537349968
-0.461702283461246
0.03686857918376728
0.10968260997467867
0.1329669383419351
0.14665756045660383
0.14412768813155083
0.12225794807760952
0.10082486931116287
0.06482552247632353
0.032440586826766246
0.022707180043229927
0.033472074726068925
-2.3835475088517626
-1.9240268364166582
-1.6761909618134894
-1.491204477878597
-1.324689104094432
-1.1876972281292808
-1.0633507065385857
-0.9569466097951818
-0.8620147180524071
-0.7767917159923599
-0.692847685547747
-0.6059070038282925
-0.5180346441669457
-0.4293511565544321
-0.3319567719570955
-0.22687746022074862
-0.11247727558347265
-0.0007393173882093151
-0.022442903632665434
-44.617993741968775
-2.4971538118371654
-2.2389046288334953
-2.159149617322612
-2.1305008961818146
-2.116528421652191
-2.095771153924602
-2.075658509069001
-2.0543269026562996
-2.031313847974701
-1.999949025391004
-1.962973093065898
-1.9191888254550236
-1.8683538435398646
-1.8243828618415137
-1.7925553993887888
-1.7515068146435055
-1.7200875797759068
-1.707283912050599
-1.6896086605943026
-1.679527896392301
-1.6797763070733822
-1.664558339041605
-1.6298646529681093
-1.5683131060719973
-1.4806737763719013
-1.3446072545330878
-1.128617654369009
-0.8380571662474097
-0.4895264695338142
0.010158736333124807
0.08102337580697849
0.1062132142553196
0.12210062214739992
0.12217616884228732
0.10265727360453525
0.08421944912768708
0.051553333486594966
0.02346897968257622
0.016245237826495895
0.02930935295532322
0.1585136641408129
0.1558744116328684
0.15323515912492383
0.1505959066169793
0.14795665410903475
0.14531740160109022
0.14267814909314572
0.1400388965852012
0.1373996440772566
0.13476039156931208
0.13212113906136755
0.12948188655342302
0.1268426340454785
0.12420338153753394
0.12156412902958944
0.11892487652164488
0.11628562401370034
0.11364637150575582
0.11100711899781127
0.10836786648986677
0.10572861398192221
0.10308936147397767
0.10045010896603315
0.0978108564580886
0.09517160395014407
0.09253235144219954
0.089893098934255
0.08725384642631046
0.08461459391836594
0.08197534141042141
0.07933608890247686
0.07669683639453233
0.0740575838865878
0.07141833137864326
0.06877907887069873
0.06613982636275419
0.06350057385480964
0.06086132134686513
0.05822206883892059
0.05558281633097605
0.05294356382303152
0.050304311315086975
0.047665058807142446
0.04502580629919792
0.04238655379125338
0.039747301283308854
0.037108048775364305
0.03446879626741977
0.03182954375947524
0.02919029125153071
0.026551038743586178
0.023911786235641625
0.021272533727697097
0.01863328121975257
0.015994028711808037
0.013354776203863505
0.010715523695918973
0.008076271187974425
0.005437018680029894
0.0027977661720853617
-16.649999999999977
-16.649999999999977
-16.65000000000009
-16.649999999999977
-16.649999999999977
-16.649999999999977
-16.649999999999977
-16.65000000000009
-16.649999999999977
-16.649999999999977
-16.649999999999977
-16.649999999999977
-16.65000000000009
-16.649999999999864
-16.65000000000009
-16.649999999999977
-16.649999999999977
-16.65000000000009
-16.649999999999864
-16.65000000000009
-16.649999999999977
-16.649999999999977
-16.65000000000009
-16.649999999999864
-16.65000000000009
-16.649999999999977
-16.649999999999977
-16.649999999999977
-16.649999999999977
-16.650000000000034
-16.650000000000034
-16.649999999999977
-16.649999999999977
-16.649999999999977
-16.65000000000009
-16.649999999999977
-16.649999999999977
-16.649999999999977
-16.649999999999977
-16.65000000000009
-16.649999999999977
-16.649999999999977
-16.649999999999977
-16.649999999999977
-16.649999999999977
-16.65000000000009
-16.649999999999977
-16.649999999999977
-16.649999999999977
-16.649999999999977
-16.65000000000009
-16.649999999999977
-16.649999999999977
-16.649999999999977
-16.649999999999977
-16.649999999999977
-16.65000000000009
-16.649999999999977
-16.649999999999977
-16.65000000000009
295.0
294.01716358554324
293.0204704312932
292.00953302837524
290.98390691866047
289.94313445962655
288.88671939046185
287.8141438644186
286.72485615560566
285.6182724992188
284.49376833072347
283.3506791159494
282.18830342094117
281.00589798248143
279.80266596254006
278.5777618032884
277.3302841044905
276.0592853842148
274.7638910105979
273.44792492002165
272.10331828006093
270.73058241396416
269.32859952494744
267.89600373225363
266.43127447595145
264.93273980347186
263.40146020690804
261.83356929249913
260.2262848286306
258.57812804231594
256.887016014389
255.14995608548494
253.3640407216348
251.5242372295019
249.6244799325181
247.6625116840876
245.63396046028555
243.5302404039105
241.3471642604029
239.07933076882335
236.7189061030233
234.2578526019291
231.68596100023245
228.99791951878876
226.17950606025641
223.21561233458124
220.09227283547406
216.78765180297805
213.2679941157346
209.5152388964971
206.34435037931232
204.09431858002273
202.3547348786576
201.39954109492624
202.18257165436853
205.3364229908889
211.3655797432271
219.90107287532044
230.86886972071653
240.71292829190753
247.76158626745763
1000.0
983.35
966.7
950.05
933.4
916.75
900.1
883.45
866.8
850.15
833.5
816.85
800.2
783.55
766.9000000000001
750.25
733.6
716.95
700.3
683.6500000000001
667.0
650.35
633.7
617.05
600.4000000000001
583.75
567.1
550.45
533.8000000000001
517.1500000000001
500.50000000000006
483.85
467.20000000000005
450.55000000000007
433.9000000000001
417.25
400.6
383.95000000000005
367.30000000000007
350.6500000000001
334.0
317.35
300.70000000000005
284.05000000000007
267.4000000000001
250.7500000000001
234.10000000000002
217.45000000000005
200.80000000000007
184.1500000000001
167.5000000000001
150.85000000000002
134.20000000000005
117.55000000000007
100.90000000000009
84.25000000000011
67.60000000000014
50.950000000000045
34.30000000000007
17.65000000000009
1.0
0.0
146.69200215772807
295.452174433859
446.33835397384803
599.4168778118742
754.7560508020147
912.4299417221232
1072.5158411315651
1235.0960961782764
1400.2578359375104
1568.094278996513
1738.7046095598048
1912.1935192625238
2088.67194291323
2268.2588115611916
2451.0803278674107
2637.27102918053
2826.9723307142185
3020.3147745376327
3216.7276238773666
3417.4151820804627
3622.301132244159
3831.552309709345
4045.372577275588
4263.988884186357
4487.650775601221
4716.626910231181
4951.209266708256
5191.7156132057335
5438.49410996185
5691.924957397699
5952.425570218454
6220.455447749408
6496.518380436896
6781.1713092999
7075.040050377252
7378.8183671680135
7693.282268034587
8019.31484958017
8357.913624652712
8710.215813578094
9077.537231651855
9461.401649815532
9863.589080068321
10286.193427458966
10731.713657139251
11203.169650202513
11704.235350002991
12239.440324038618
12814.607934128737
13442.36985177799
14136.53938794945
14916.909036320696
15814.192756929971
16883.509310899957
18214.807147457836
19983.9598226008
22550.42074632262
26999.046851412273
39759.048357641004
52519.04986386982
443.59331910544046
441.4353510022861
438.71431047063976
435.7332550029049
432.60958329318225
429.42220102145814
426.1787674078785
422.88856163911845
419.5900076555904
416.3004893639286
413.0342191902695
409.8040192847866
406.60983734261754
403.4540728156524
400.33064898381224
397.2354808457718
394.1640401981885
391.1032824403833
388.0673530702992
385.0358034695949
477.2710109788783
475.02247572086503
472.5025015337484
469.9097950163346
467.3003580690427
464.7070627861752
462.1581754072804
459.6540284517861
457.19987772849674
454.8023562417836
452.462432074848
450.1805244202229
447.95855696067576
445.7945090327317
443.67966609415384
441.6088575535266
439.59289019393447
437.6212716739556
435.68709295302517
433.8033418180769
431.9696376786189
430.19790751341077
428.4931644832689
426.8676544262547
425.3296011776353
423.8835327321342
422.53289485830373
421.28391584994677
420.1317867986853
419.0634680134582
418.1570567629244
417.5655681685782
417.1606312993766
416.9352486496984
416.9557737749185
417.29112411621213
417.9242198762965
418.66166141342865
419.3264095216057
419.97326097832615
421.27897718021745
429.430175842788
427.0465887627656
424.0945460282505
420.8779576427339
417.5145951751236
414.0833636341655
410.5926402929502
407.052187619584
403.5005327205441
399.9552246810075
396.4306452462474
392.939806904419
389.4829338959229
386.0626494264051
382.6731040601016
379.3103919437495
375.9701226268872
372.6394185797278
369.3324597978256
366.0288533399939
328.947631584737
326.7786845330595
324.2298694898119
321.5291877203162
318.7509823903855
315.9386251263289
313.1272272074442
310.3243852794983
307.5405931621388
304.7867183404652
302.0672720551648
299.3857843187492
296.7467603194394
294.150173959842
291.5894643000974
289.0611455183956
286.5769408081924
284.1276936952672
281.7074839175733
279.3297520049969
276.9947066406714
274.7146942231579
272.495090935518
270.3484727416939
268.2834048638652
266.3047998147253
264.4167232300815
262.6257720630672
260.92765847627
259.3099832165694
257.8510725268356
256.7042428517965
255.7418035339261
254.9579572888446
254.4212164118595
254.2272514684681
254.3739637727274
254.7894264732668
255.5385011606384
256.9194235733519
257.9715446708961
14.16314326265248
14.38876223952047
14.61976444238926
14.85529736017097
15.09498811805868
15.33883738729264
15.58612711492832
15.83637401953446
16.08947493504635
16.34526468292111
16.60357394402205
16.8642123803676
17.12690344669463
17.39142338924736
17.65754492371062
17.92508890202229
18.19391757130131
18.46386386065547
18.73489327247357
19.00695012960104
148.3233793941413
148.2437911878055
148.2726320439365
148.3806072960184
148.5493756786572
148.7684376598463
149.0309481998362
149.3296431722878
149.6592845663579
150.0156379013184
150.3951600196832
150.7947401014737
151.2117966412364
151.6443350728897
152.0902017940564
152.547712035131
153.0159493857421
153.4935779786884
153.9796090354519
154.47358981308
154.9749310379475
155.4832132902529
155.9980735477509
156.5191816845608
157.0461963137701
157.5787329174089
158.1161716282222
158.6581437868796
159.2041283224153
159.7534847968888
160.3059842360888
160.8613253167817
161.4188277654505
161.9772913608538
162.534557363059
163.063872647744
163.5502561035691
163.8722349401619
163.7879083609673
163.0538374049743
163.3074325093214
547.868612856974
543.327097244968
538.6820298769048
534.0247834473566
529.4099072597551
524.8978358839368
520.4667050422279
516.1131485669291
511.85764797360605
507.7061149638917
503.6630530742401
499.7400054832097
495.9399165372122
492.2661173660803
488.7133423776855
485.28621746768795
481.987899359884
478.8146643264953
475.7779956390229
472.7240031346861
520.3412169020007
515.5955278321502
510.8366490162
506.0847928814637
501.34485503799
496.63503133347024
491.9903728006508
487.41056733608764
482.9020897101418
478.47325437545413
474.13338118312754
469.8885004354367
465.7473441504344
461.71494237895024
457.77571657853093
453.91235263851513
450.14487846427943
446.4531723645247
442.8117097315436
439.238349936001
435.72511790015085
432.2736114278691
428.9043100586856
425.64893534870333
422.5425689940121
419.61582677213886
416.92058164377534
414.54298498104947
412.5527987635407
410.9949535087796
410.09870099457896
409.5882357760398
409.28951212109337
409.1862300935628
409.328931387625
409.76693900252303
410.4842542117352
411.27324908235414
411.96146617021355
412.6245628647607
413.9595884196074
368.5883188734321
363.0546711082198
357.3826467460967
351.6743205739565
345.994999098843
340.421890789648
334.9326347759745
329.5243605401246
324.2268008596537
319.0528791387441
314.0130692473049
309.1240838783329
304.3888068639902
299.8102485351096
295.3800525103194
291.0996798348727
286.9691028124294
282.9775458059121
279.1351274514396
275.2820399726282
185.1363804268803
178.3040637291209
171.4131698595704
164.5073726838456
157.5964215213056
150.7105516964031
143.9043276330053
137.180426577786
130.5523377096607
124.0358368067267
117.6473234152605
111.3958239345883
105.2925766431535
99.34792680305618
93.53848967473702
87.8405320113337
82.28272033735352
76.83346931071267
71.45794637190858
66.1792269269117
60.98113404393561
55.86125366685925
50.84291568090268
45.96881312271352
41.28779133307487
36.84650881680991
32.70526765943605
28.96298401036427
25.68636219656285
22.90516639224059
20.84826193614093
19.24577885408103
17.93331110732381
16.8854049799164
16.12028037841192
15.61804723495015
15.29110268782221
14.5844401166817
12.50512736536956
7.015651630467817
0.0
179.2802939835419
180.2724261367481
181.2993831308081
182.3504628734001
183.4149081609121
184.4759450942887
185.5340702662534
186.5887880268046
187.6308471139524
188.6532358251476
189.6499838269352
190.6159216048768
191.551109673222
192.4558688309707
193.3332898673661
194.1865376328153
195.0187965474546
195.8371185205832
196.6428681875833
197.4419631620579
335.2048364751204
337.2914641030293
339.4234791566296
341.5774201976181
343.7484335166844
345.9244796370671
348.0860451676455
350.2301407583017
352.3497520004811
354.4374175687274
356.486057767867
358.4926765008484
360.4547675072809
362.3670155758941
364.2372269037939
366.0718206271814
367.8621581269259
369.619703053812
371.353763359635
373.0591230090893
374.7439838562152
376.4123577610099
378.0613943777829
379.6801222259898
381.2547776609372
382.769317955329
384.2153139843393
385.5800009706852
386.8664365669778
388.089787116539
389.250439058438
390.3424569219588
391.3562010137696
392.3008251136464
393.2086510092131
394.1488917675729
395.193151523913
396.6888089656724
399.456338804844
405.6089112342929
413.9595884196074
104.27529375153352
101.89174624268176
99.9677194062651
98.29152844445161
96.80032396657302
95.47563486247859
94.2879376343493
93.22458692781072
92.26764031801554
91.40562559996313
90.62883388397077
89.93598619842302
89.33007919459473
88.81204455042779
88.38269339387335
88.05073662191626
87.82385916169551
87.71138188611204
87.71064256872383
87.68819966509116
43.07020592312239
40.57305211128522
38.334147482451726
36.174997865129114
34.0444969689473
31.92796854729511
29.832197393370507
27.756538884301506
25.702211981645206
23.670898133670505
21.6709491082795
19.707976015213603
17.78878718975858
15.920433346218715
14.096050484377201
12.303495084988413
10.551988270344907
8.831900690569
7.124616778518401
5.435008117924099
3.7554802215317977
2.0757039144584155
0.4111455754168105
-1.2187190775512988
-2.787032183623296
-4.267705959995197
-5.612313214528285
-6.740930868897294
-7.578988035144704
-8.068514504678518
-8.058355768345393
-7.977332392538415
-7.871119178283095
-7.749018556135695
-7.626842387293408
-7.524185113688873
-7.439965664561186
-7.388412331074591
-7.364943351392014
-7.3486981135655185
-7.319388760610195
60.84185696935589
63.99191765454583
66.71189928215381
69.20363706877748
71.5195960762805
73.6614728445175
75.66000551697579
77.52782707945937
79.27373186089045
80.90234554226338
82.41757599894243
83.81572302608618
85.09412703193266
86.25240089129552
87.29305154978215
88.21071210887675
89.00101981445778
89.66187277381567
90.19733234638598
90.74681336736575
143.8112511578567
148.4746208039386
152.8166996302415
157.0218150364706
161.1545608690799
165.2280734299257
169.2228995744388
173.1439587017124
176.988255452478
180.7508815337385
184.4199486399043
187.989960384161
191.4541836762859
194.8022471567858
198.0509746253603
201.2206135070619
204.2942204708389
207.2942243845545
210.2495375456647
213.1505250780852
216.0135725967358
218.8534405562987
221.6521752546153
224.3796596189803
226.9956135307904
229.4582909979153
231.7114555706454
233.6627880527029
235.2412962797072
236.4048168243288
237.0028105906946
237.4584639977155
237.8084924266023
238.0725523089283
238.3009360334476
238.6092042335179
239.0828610849051
240.2049863565851
243.0333737952688
249.9037719428841
257.9715446708961
165.1171507208894
165.8836638972276
166.6796186884189
167.4951655132291
168.3199200428535
169.1371077069961
169.9479431513251
170.7524140072701
171.541372178906
172.3079711422265
173.0464098829132
173.7517092245092
174.4242062265274
175.0644454417233
175.6757449436555
176.261448730793
176.8248789761533
177.3732546599277
177.9079749151098
178.4350130324569
186.8814570809791
189.0476729152238
191.1508471126932
193.1968129015997
195.1990578380272
197.1560419772208
199.0550969678093
200.9004975860139
202.6904674341232
204.421779667409
206.0908977481838
207.6979363993746
209.2429708660445
210.7226805030045
212.1470251097375
213.5241085920503
214.8462087411838
216.1261250751235
217.3741543241831
218.5855331960093
219.7690528182676
220.9291444707571
222.0633208300321
223.160940541429
224.2085813471671
225.1905850379201
226.0991423561171
226.9218571838056
227.6623082445625
228.3363023196503
228.9444548223492
229.4811316051771
229.9373732483192
230.3235337527926
230.6740936461542
231.085019119829
231.6428954203439
232.8165740255105
235.6684304438768
242.5550738293186
250.6521559102859
-1.2071075372093394
-0.9743347472015846
-0.8487909070955753
-0.7550857994065302
-0.6707422878479135
-0.6013530843335404
-0.5383692030912222
-0.48447669838661056
-0.43639744460694896
-0.39323792829551557
-0.35072783741468777
-0.3066997298529486
-0.26219952160189836
-0.21728739474171155
-0.16796182917928298
-0.11474252178701283
-0.05679957084037707
-0.00020468725574540603
-0.011200759279667294
-22.597906538444047
-1.264208657132522
-1.133416349490683
-1.0930357877976993
-1.078538083077871
-1.0714749043235159
-1.0609790112243052
-1.050808284886919
-1.0400206755982997
-1.0283823781105568
-1.0125147384263289
-0.993804837167216
-0.9716462498719232
-0.9459172813940598
-0.9236620085260171
-0.9075552833600421
-0.8867801864933421
-0.8708786306836623
-0.864403246942786
-0.855461746692879
-0.8503643306397669
-0.850497599087441
-0.8427973906491406
-0.8252354227875729
-0.7940732627000807
-0.7497016921229227
-0.6808025192210635
-0.5714234224849157
-0.42427040236540786
-0.2477484058482845
0.005338880410156621
0.0412116241992507
0.0539456239383381
0.061970902209979806
0.061997864124958016
0.05213002410488482
0.04283728016373298
0.026486290657298905
0.012793487916067825
0.010415674512166184
0.017417490835913263
0.0
-1.595616927385648
-1.377766703858774
-1.262153141885715
-1.173114985649949
-1.084936186734754
-1.01232734248592
-0.9461175514639361
-0.8843623984618482
-0.824950316159965
-0.7675177106696182
-0.7082108208178756
-0.647556753860845
-0.5867065943322342
-0.5271262912435583
-0.4648274646166763
-0.4003187490314539
-0.3347453505965637
-0.2712291740729794
-0.2783315326192294
-26.87901080089955
-2.362161332614456
-2.199416191524559
-2.130039384744334
-2.093381641216288
-2.063377898261589
-2.023520450928548
-1.986154852880365
-1.947271999633071
-1.905902922730491
-1.85851199941532
-1.808336962168092
-1.754751377059534
-1.695912332281065
-1.645595135894241
-1.605533974986826
-1.556890418838806
-1.519607875954018
-1.496970432272412
-1.469452583763693
-1.450234627588719
-1.438493362722474
-1.417657913985944
-1.381567104856633
-1.325072993853496
-1.247433064293114
-1.141307387929556
-0.9884187799831825
-0.799570134907948
-0.5893642256124366
-0.3029049505523902
-0.2308045342369596
-0.177301754478512
-0.1337556511414861
-0.1156844179211206
-0.1561487245371161
-0.2399239142912207
-0.5683960587037928
-1.432678073659586
-3.480099171979254
-4.086611661686098
0.0
0.3885093901763086
0.4034319566571893
0.4133622347901397
0.4180291862434188
0.4141938988868405
0.4109742581523797
0.4077483483727139
0.3998857000752376
0.388552871553016
0.3742797823741026
0.3574829834031878
0.3408570240078964
0.3245070727303358
0.3098388965018467
0.2968656354373933
0.2855762272444411
0.2779457797561866
0.271024486817234
0.2671307733395621
4.281104262455503
1.097952675481934
1.065999842033876
1.037003596946635
1.014843558138417
0.9919029939380734
0.9625414397042426
0.9353465679934462
0.9072513240347712
0.877520544619934
0.8459972609889912
0.814532125000876
0.7831051271876108
0.7499950508870051
0.7219331273682238
0.6979786916267839
0.6701102323454639
0.6487292452703556
0.632567185329626
0.6139908370708139
0.5998702969489521
0.587995763635033
0.5748605233368034
0.55633168206906
0.5309997311534153
0.4977313721701913
0.4605048687084926
0.4169953574982667
0.3752997325425402
0.3416158197641521
0.3082438309625468
0.2720161584362103
0.2312473784168501
0.1957265533514659
0.1776822820460786
0.2082787486420009
0.2827611944549537
0.5948823493610917
1.445471561575654
3.49051484649142
4.104029152522012
0.0
1.0
1.0
1.0
1.0
1.0
1.0
1.0
1.0
1.0
1.0
1.0
1.0
1.0
1.0
1.0
1.0
1.0
1.0
1.0
1.0
1.0
1.0
1.0
1.0
1.0
1.0
1.0
1.0
1.0
1.0
1.0
1.0
1.0
1.0
1.0
1.0
1.0
1.0
1.0
1.0
1.0
1.0
1.0
1.0
1.0
1.0
1.0
1.0
1.0
0.0
0.0
0.0
0.0
0.0
0.0
0.0
0.0
0.0
0.0
0.0
0.0
1.0
1.0
1.0
1.0
1.0
1.0
1.0
1.0
1.0
1.0
1.0
1.0
1.0
1.0
1.0
1.0
0.920954420531807
0.920954420531807
0.920954420531807
0.920954420531807
0.920954420531807
0.920954420531807
0.920954420531807
0.920954420531807
0.920954420531807
0.920954420531807
0.920954420531807
0.920954420531807
0.920954420531807
0.920954420531807
0.920954420531807
0.920954420531807
0.920954420531807
0.920954420531807
0.920954420531807
0.920954420531807
0.920954420531807
0.920954420531807
0.920954420531807
0.920954420531807
0.920954420531807
0.920954420531807
0.920954420531807
0.920954420531807
0.920954420531807
1.0
1.0
1.0
1.0
1.0
1.0
1.0
1.0
1.0
1.0
1.0
1.0
1.0
1.0
1.0
1.0
1.0
1.0
1.0
1.0
1.0
1.0
1.0
1.0
1.0
1.0
1.0
1.0
1.0
0.013509746998944071
0.013442813189300388
0.01314491538893228
0.012648341917549905
0.011901821887922326
0.011197853867256989
0.010518661493152549
0.009754987471251822
0.00896587892564525
0.008176854829418117
0.007396301909593069
0.0066821968135352535
0.00603204073902156
0.005463115629583235
0.004964833929487671
0.004527601841858823
0.0041676161590853454
0.003827368232357922
0.003516711497339673
0.0032489824565251767
0.002993937858800123
0.002748896601335542
0.0025115477694014556
0.0022879089004274795
0.002065918277767099
0.001841124842461577
0.001634262961130054
0.0014439783699185956
0.001269403514947328
0.0011102464521511955
0.0009694234809579751
0.0008453666782049738
0.0007328631962922859
0.0006389732904495812
0.0005597144649613261
0.0004868567003680166
0.0004273036038007707
0.0003763668612889855
0.000328141595775658
0.0002863364507505717
0.00024841992084345313
0.0002123472409955629
0.00017752559860744315
0.00014544240839253194
0.00011684998687816265
9.140900920928743e-05
6.981664132564386e-05
5.227902402457676e-05
3.864965653159987e-05
2.7650692591799583e-05
2.1292702927492545e-05
1.8500278222554857e-05
1.712798116089567e-05
1.7525690960930435e-05
1.563110621903113e-05
1.326662188961921e-05
1.1623370147904332e-05
1.3129942936967344e-05
8.041031930086182e-06
2.7433937510850605e-07
0.0004
0.0004
0.0004
0.0004
0.0004
0.0004
0.0004
0.0004
0.0004
0.0004
0.0004
0.0004
0.0004
0.0004
0.0004
0.0004
0.0004
0.0004
0.0004
0.0004
0.0004
0.0004
0.0004
0.0004
0.0004
0.0004
0.0004
0.0004
0.0004
0.0004
0.0004
0.0004
0.0004
0.0004
0.0004
0.0004
0.0004
0.0004
0.0004
0.0004
0.0004
0.0004
0.0004
0.0004
0.0004
0.0004
0.0004
0.0004
0.0004
0.0004
0.0004
0.0004
0.0004
0.0004
0.0004
0.0004
0.0004
0.0004
0.0004
0.0004
8.60451419224123e-09
1.578021977514803e-08
2.1892415260555535e-08
2.6925828092092847e-08
2.971401735545372e-08
3.191536891169426e-08
3.3615820560817765e-08
3.4746051764151937e-08
3.5661340336177934e-08
3.6398811651530586e-08
3.6864029565337865e-08
3.7202242046694526e-08
3.743385508154835e-08
3.7482031518220545e-08
3.74258526023047e-08
3.730742951458454e-08
3.7124070818281054e-08
3.694071212197757e-08
3.678655663276213e-08
3.670665185093012e-08
3.662674706909812e-08
3.66023509716688e-08
3.6690996875910616e-08
3.6779642780152424e-08
3.6903178538193995e-08
3.7084523814632495e-08
3.726586909107099e-08
3.747683636083778e-08
3.7728139961945275e-08
3.797944356305276e-08
3.8298642947284706e-08
3.8694261202309925e-08
3.9089879457335157e-08
3.957872216284235e-08
4.015447818582019e-08
4.073023420879802e-08
4.1342697689445876e-08
4.198347277308391e-08
4.262424785672194e-08
4.3230986919605434e-08
4.381611227372829e-08
4.440123762785115e-08
4.5133689117812545e-08
4.594249047452311e-08
4.6751291831233675e-08
4.796747172172955e-08
4.949951687407961e-08
5.152241095280844e-08
5.3986620437539895e-08
5.680107822856821e-08
6.015331959489829e-08
6.559586769304933e-08
7.569057461390363e-08
9.442662951156912e-08
2.539995051245074e-07
4.925296956825388e-07
1.3900175836980765e-06
3.720822161311321e-06
7.931814761427643e-06
2.7860567514510038e-06
0.0
0.0
0.0
0.0
0.0
0.0
0.0
0.0
0.0
0.0
0.0
0.0
0.0
0.0
0.0
0.0
0.0
0.0
0.0
0.0
0.0
0.0
0.0
0.0
0.0
0.0
0.0
0.0
0.0
0.0
0.0
0.0
0.0
0.0
0.0
0.0
0.0
0.0
0.0
0.0
0.0
0.0
0.0
0.0
0.0
0.0
0.0
0.0
0.0
0.0
0.0
0.0
0.0
0.0
0.0
0.0
0.0
0.0
0.0
0.0
0.0
0.0
0.0
0.0
0.0
0.0
0.0
0.0
0.0
0.0
0.0
0.0
0.0
0.0
0.0
0.0
0.0
0.0
0.0
0.0
0.0
0.0
0.0
0.0
0.0
0.0
0.0
0.0
0.0
0.0
0.0
0.0
0.0
0.0
0.0
0.0
0.0
0.0
0.0
0.0
0.0
0.0
0.0
0.0
0.0
0.0
0.0
0.0
0.0
0.0
0.0
0.0
0.0
0.0
0.0
0.0
0.0
0.0
0.0
0.0
0.0
0.0
0.0
0.0
0.0
0.0
0.0
0.0
0.0
0.0
0.0
0.0
0.0
0.0
0.0
0.0
0.0
0.0
0.0
0.0
0.0
0.0
0.0
0.0
0.0
0.0
0.0
0.0
0.0
0.0
0.0
0.0
0.0
0.0
0.0
0.0
0.0
0.0
0.0
0.0
0.0
0.0
0.0
0.0
0.0
0.0
0.0
0.0
0.0
0.0
0.0
0.0
0.0
0.0
0.0
0.0
0.0
0.0
0.0
0.0
0.0
0.0
0.0
0.0
0.0
0.0
0.0
0.0
0.0
0.0
0.0
0.0
0.0
0.0
0.0
0.0
0.0
0.0
0.0
0.0
0.0
0.0
0.0
0.0
0.0
0.0
0.0
0.0
0.0
0.0
0.0
0.0
0.0
0.0
0.0
0.0
0.0
0.0
0.0
0.0
0.0
0.0
0.0
0.0
0.0
0.0
0.0
0.0
0.0
0.0
0.0
0.0
0.0
0.0
0.0
0.0
0.0
0.0
0.0
0.0
0.0
0.0
0.0
0.0
0.0
0.0
0.0
0.0
0.0
0.0
0.0
0.0
0.0
0.0
0.0
0.0
0.0
0.0
0.0
0.0
0.0
0.0
0.0
0.0
0.0
0.0
0.0
0.0
0.0
0.0
0.0
0.0
0.0
0.0
0.0
0.0
0.0
0.0
0.0
0.0
0.0
0.0
0.0
0.0
0.0
0.0
0.0
0.0
0.0
0.0
0.0
0.0
0.0
0.0
0.0
0.0
0.0
0.0
0.0
0.0
2
2
1
295.0
-7.319388760610195
0.0
0.0
48.0
6.7
1.0
2.0
3.0
4.0
5.0
6.0
7.0
8.0
9.0
10.0
11.0
12.0
13.0
14.0
15.0
16.0
17.0
18.0
19.0
20.0
21.0
22.0
23.0
24.0
25.0
26.0
27.0
28.0
29.0
30.0
31.0
32.0
33.0
34.0
35.0
36.0
37.0
38.0
39.0
40.0
41.0
42.0
43.0
44.0
45.0
46.0
47.0
48.0
49.0
50.0
51.0
52.0
53.0
54.0
55.0
56.0
57.0
58.0
59.0
60.0
0.0
0.0
0.0
0.0
0.0
0.0
0.0
0.0
0.0
0.0
0.0
0.0
0.0
0.0
0.0
0.0
0.0
0.0
0.0
0.99
0.0
0.0
0.0
0.0
0.0
0.0
0.0
0.0
0.0
0.0
0.0
0.0
0.0
0.0
0.0
0.0
0.0
0.0
0.0
0.0
0.0
0.0
0.0
0.0
0.0
0.0
0.0
0.0
0.0
0.0
0.0
0.0
0.0
0.0
0.0
0.0
0.0
0.0
0.0
0.0
0.0
0.0
0.0
0.0
0.0
0.0
0.0
0.0
0.0
0.0
0.0
0.0
0.0
0.0
0.0
0.0
0.0
0.0
0.0
16.2
0.0
0.0
0.0
0.0
0.0
0.0
0.0
0.0
0.0
0.0
0.0
0.0
0.0
0.0
0.0
0.0
0.0
0.0
0.0
0.0
0.0
0.0
0.0
0.0
0.0
0.0
0.0
0.0
0.0
0.0
0.0
0.0
0.0
0.0
0.0
0.0
0.0
0.0
0.0
0.0
0.0
0.0
0.0
0.0
0.0
0.0
0.0
0.0
0.0
0.0
0.0
0.0
0.0
0.0
0.0
0.0
0.0
0.0
0.0
0.5
0.0
0.0
0.0
0.0
0.0
0.0
0.0
0.0
0.0
0.0
0.0
0.0
0.0
0.0
0.0
0.0
0.0
0.0
0.0
0.0
0.0
0.0
0.0
0.0
0.0
0.0
0.0
0.0
0.0
0.0
0.0
0.0
0.0
0.0
0.0
0.0
0.0
0.0
0.0
0.0
0.0
