9.81
6.022e+23
0
0
0
3
0
1
295.0
2
2
0
0
1
1
0
1
60
7
1000.0
1.0


3
3
0
72.38857731909356
0
6.7
150.0
1000.0
287.04
9.81
79000.0
40.0
20000.0
0.0
0.0
0.0
0.0
0.0280134
0.04401
0.0319988
0.039948
0.01604
0.01801528
0.048
99000.0
2.1153802199668344e+29
0.8
1e-06
1000000.0
0.6
3.0
0.0001
300
46
27.608977431095738
0
1
6
1.0
1
0
1
1
0.1
1000000000000.0
1
294.90825683290694
294.078441871168
293.14311048528754
292.16810843269644
291.1683117905388
290.1455038018436
289.104148035715
288.0421433624738
286.96015112286324
285.8598594925041
284.7403127975024
283.60375406288887
282.44880373135857
281.2750328987842
280.0833244087775
278.8726765294772
277.644272550966
276.3956553608969
275.1076246756193
272.2337670539117
271.5754593478291
270.2700151728476
268.8742949292743
267.4282385136776
265.9434068551222
264.42300252468317
262.8661654706774
261.2697809766217
259.63354425523363
257.9555506103618
256.23239542041034
254.46279008850794
252.64305992963077
250.76590636644224
248.82622383859874
246.82454446824318
244.75213213450562
242.6005684881029
240.37002887246425
238.0505417377012
235.63278514132784
233.11373281241754
230.4841633718154
227.7336541139973
224.8473722500185
221.81269878072493
218.61460574700635
215.35852937878022
212.81729683037454
210.42836780739867
208.16743286346662
206.103528051383
204.44198612078952
203.58837216066001
205.12731265428422
209.08030093188427
216.5284172953196
225.72249288933645
238.63342590147994
245.42847198681216
991.675
975.0250000000001
958.375
941.7249999999999
925.075
908.425
891.7750000000001
875.125
858.4749999999999
841.825
825.175
808.5250000000001
791.875
775.225
758.575
741.925
725.2750000000001
708.625
691.975
675.325
658.675
642.0250000000001
625.375
608.725
592.075
575.425
558.7750000000001
542.125
525.4750000000001
508.82500000000005
492.17500000000007
475.52500000000003
458.87500000000006
442.2250000000001
425.57500000000005
408.925
392.27500000000003
375.62500000000006
358.9750000000001
342.32500000000005
325.675
309.02500000000003
292.37500000000006
275.7250000000001
259.0750000000001
242.42500000000007
225.77500000000003
209.12500000000006
192.47500000000008
175.8250000000001
159.17500000000007
142.52500000000003
125.87500000000006
109.22500000000008
92.5750000000001
75.92500000000013
59.27500000000009
42.62500000000006
25.97500000000008
9.325000000000045
73.46915925481862
221.44613698230148
371.5268995510407
523.7697259547349
678.2404687319504
835.0103335620349
994.1551887335835
1155.7548783445727
1319.8946155660565
1486.6649291304748
1656.1622791366067
1828.4894012717186
2003.7550239491534
2182.0751091218845
2363.5732977415237
2548.381721893583
2736.6412771974556
2928.4953104009664
3123.533096777608
3322.1606437455966
3525.136184576437
3732.4074654924075
3944.151103143794
4160.579177473612
4381.928048316156
4608.455890061003
4840.442552507033
5078.192552834869
5322.0387970166885
5572.344857402387
5829.509523132372
6093.971658288552
6366.212876371086
6646.763357836084
6936.214236143916
7235.225360917579
7544.531678001841
7864.96291485319
8197.460262565744
8543.091895950083
8903.08515688813
9278.861753434921
9672.077248566045
10084.6743435574
10518.957572255506
10977.696429620286
11464.389323602292
11984.51980014148
12545.305817777255
13155.3044000405
13826.006366662063
14573.754790950252
15423.271786468773
16416.898410682013
17627.279177925855
19187.74319091371
21367.38178444421
24895.07538335023
33543.76421013534
56560.69457252452
3.521179111399233e+23
3.521179111399233e+23
3.521179111399257e+23
3.521179111399233e+23
3.521179111399233e+23
3.521179111399233e+23
3.521179111399233e+23
3.521179111399257e+23
3.521179111399233e+23
3.521179111399233e+23
3.521179111399233e+23
3.521179111399233e+23
3.521179111399257e+23
3.5211791113992086e+23
3.521179111399257e+23
3.521179111399233e+23
3.521179111399233e+23
3.521179111399257e+23
3.5211791113992086e+23
3.521179111399257e+23
3.521179111399233e+23
3.521179111399233e+23
3.521179111399257e+23
3.5211791113992086e+23
3.521179111399257e+23
3.521179111399233e+23
3.521179111399233e+23
3.521179111399233e+23
3.521179111399233e+23
3.521179111399244e+23
3.521179111399244e+23
3.521179111399233e+23
3.521179111399233e+23
3.521179111399233e+23
3.521179111399257e+23
3.521179111399233e+23
3.521179111399233e+23
3.521179111399233e+23
3.521179111399233e+23
3.521179111399257e+23
3.521179111399233e+23
3.521179111399233e+23
3.521179111399233e+23
3.521179111399233e+23
3.521179111399233e+23
3.521179111399257e+23
3.521179111399233e+23
3.521179111399233e+23
3.521179111399233e+23
3.521179111399233e+23
3.521179111399257e+23
3.521179111399233e+23
3.521179111399233e+23
3.521179111399233e+23
3.521179111399233e+23
3.521179111399233e+23
3.521179111399257e+23
3.521179111399233e+23
3.521179111399233e+23
3.521179111399257e+23
-0.3819407392690475
0.2908407546570495
0.5830877200312412
0.7705038417068963
0.9168468976225985
1.0315250382032009
1.1352323610183146
1.2214548444405495
1.2953135033457954
1.3663666957009488
1.4333238688505754
1.508387467969746
1.5888468320214957
1.6761518191414544
1.7774235198054922
1.8921793353343312
2.0292730713534013
2.182475497542244
2.2604130903506707
-52.95599984940839
-1.2420492226115059
-0.8954358522048536
-0.7998558916790053
-0.7831860148892054
-0.79064816743157
-0.8017643836638713
-0.8122930188757034
-0.8267039079487852
-0.8369928910554949
-0.8409324992542635
-0.8415418829140473
-0.832062878002882
-0.8142503856748535
-0.8037541890026092
-0.8053024258747395
-0.7983126668831368
-0.7986461059567138
-0.8182129987527831
-0.8300398892003398
-0.8458630413494554
-0.8702720658318418
-0.8762340943450001
-0.8560011220080781
-0.7988229159886396
-0.70220397568847
-0.5414378655270142
-0.2821251310164896
0.06666423309171876
0.11245729914023095
0.12999195918934808
0.14147744297307274
0.15237585830430772
0.1552406066326233
0.1454857982347315
0.12292139423714857
0.10290698375427093
0.06959973596980179
0.03672967759971685
0.02580005886993572
0.039212281739961045
-2.665618133695098
-1.9548057499448959
-1.6245335521922755
-1.3990932468456379
-1.214726617807699
-1.062025078580099
-0.9202931510335688
-0.7960500353705484
-0.6841664119225968
-0.5750905164816302
-0.47011019005141463
-0.3570236710435353
-0.23854106720182244
-0.11321365804042927
0.02608158456358467
0.1788599504379107
0.35397628725717567
0.5452006264903773
0.6611571882250615
-54.51636869854376
-2.7652244250697464
-2.3805746433937713
-2.246970558326325
-2.1922477058907646
-2.1616919385267153
-2.1347723931263545
-2.1072643737424244
-2.0836402842151784
-2.0558844701760393
-2.021785650982224
-1.9843938333870312
-1.9368334312024729
-1.8809687223384088
-1.832393964762531
-1.7958750801124097
-1.7507947287947019
-1.713020293002515
-1.6944530900244956
-1.6681146097107842
-1.6457213682233203
-1.6318469202502968
-1.599438458004002
-1.5407083902810967
-1.4448617186176875
-1.3093693586839237
-1.1095201418953025
-0.8103017233169822
-0.4283722192312922
-0.3478454468846195
-0.29303849121448877
-0.2441779959974042
-0.19547131026611453
-0.15514870562087424
-0.12662208703390831
-0.11162816082729421
-0.09288952529681183
-0.0875762896845913
-0.08075417443569677
-0.05359830615941519
-0.002754959481080732
2.2836624499747846
2.2456394701827045
2.2076164903906244
2.169593510598544
2.131570530806464
2.0935475510143835
2.055524571222304
2.0175015914302237
1.979478611638143
1.9414556318460632
1.903432652053983
1.8654096722619031
1.8273866924698228
1.7893637126777426
1.7513407328856627
1.713317753093582
1.675294773301502
1.637271793509422
1.5992488137173415
1.5612258339252618
1.5232028541331815
1.485179874341101
1.4471568945490212
1.4091339147569408
1.371110934964861
1.3330879551727803
1.2950649753807004
1.25704199558862
1.2190190157965402
1.18099603600446
1.1429730562123799
1.1049500764202995
1.0669270966282196
1.0289041168361392
0.9908811370440592
0.952858157251979
0.9148351774598988
0.8768121976678187
0.8387892178757386
0.8007662380836584
0.7627432582915782
0.724720278499498
0.6866972987074178
0.6486743189153378
0.6106513391232576
0.5726283593311776
0.5346053795390973
0.496582399747017
0.4585594199549369
0.4205364401628568
0.3825134603707767
0.3444904805786963
0.3064675007866162
0.2684445209945361
0.23042154120245598
0.19239856141037587
0.15437558161829573
0.11635260182621537
0.07832962203413527
0.04030664224205515
-16.649999999999977
-16.649999999999977
-16.65000000000009
-16.649999999999977
-16.649999999999977
-16.649999999999977
-16.649999999999977
-16.65000000000009
-16.649999999999977
-16.649999999999977
-16.649999999999977
-16.649999999999977
-16.65000000000009
-16.649999999999864
-16.65000000000009
-16.649999999999977
-16.649999999999977
-16.65000000000009
-16.649999999999864
-16.65000000000009
-16.649999999999977
-16.649999999999977
-16.65000000000009
-16.649999999999864
-16.65000000000009
-16.649999999999977
-16.649999999999977
-16.649999999999977
-16.649999999999977
-16.650000000000034
-16.650000000000034
-16.649999999999977
-16.649999999999977
-16.649999999999977
-16.65000000000009
-16.649999999999977
-16.649999999999977
-16.649999999999977
-16.649999999999977
-16.65000000000009
-16.649999999999977
-16.649999999999977
-16.649999999999977
-16.649999999999977
-16.649999999999977
-16.65000000000009
-16.649999999999977
-16.649999999999977
-16.649999999999977
-16.649999999999977
-16.65000000000009
-16.649999999999977
-16.649999999999977
-16.649999999999977
-16.649999999999977
-16.649999999999977
-16.65000000000009
-16.649999999999977
-16.649999999999977
-16.65000000000009
295.0
294.0155132659854
293.0171084984517
292.0044310475643
290.9770546246422
289.93452309434963
288.8763384359191
287.80198203505086
286.7109025951318
285.602509556283
284.4761803933686
283.33124506620084
282.16699695675817
280.98268572232325
279.7775078154436
278.5506099948201
277.301074931806
276.0279319537482
274.7302308868789
273.4144256163012
272.06862175750786
270.922718357749
269.572134810734
268.15124314537235
266.68579653742506
265.18585989556
263.6503234580441
262.0772386187832
260.4644734536511
258.80969894674683
257.1103722444828
255.36369242596504
253.56657963338998
251.71566010365908
249.807203181759
247.8370183343341
245.80045410979193
243.69231368540497
241.50667553598385
239.23684922605673
236.8752116486337
234.41293952948692
231.8398052549067
229.14385189472983
226.31100418202254
223.32912159668916
220.21246101761741
216.97769734848643
214.06641695826335
211.59421481770957
209.26596523640518
207.1009605257047
205.23667789411462
203.97996472059097
204.3265352430727
207.07758261811966
212.78438077378928
221.1131540015149
232.17071181393527
242.0234670364062
248.81543345272047
1000.0
983.35
966.7
950.05
933.4
916.75
900.1
883.45
866.8
850.15
833.5
816.85
800.2
783.55
766.9000000000001
750.25
733.6
716.95
700.3
683.6500000000001
667.0
650.35
633.7
617.05
600.4000000000001
583.75
567.1
550.45
533.8000000000001
517.1500000000001
500.50000000000006
483.85
467.20000000000005
450.55000000000007
433.9000000000001
417.25
400.6
383.95000000000005
367.30000000000007
350.6500000000001
334.0
317.35
300.70000000000005
284.05000000000007
267.4000000000001
250.7500000000001
234.10000000000002
217.45000000000005
200.80000000000007
184.1500000000001
167.5000000000001
150.85000000000002
134.20000000000005
117.55000000000007
100.90000000000009
84.25000000000011
67.60000000000014
50.950000000000045
34.30000000000007
17.65000000000009
1.0
0.0
146.93831850963724
295.9539554549657
447.0998436471157
600.4396082623542
756.0413292015467
913.9793379225232
1074.3310395446438
1237.1787171445017
1402.6105139876115
1570.7193442733378
1741.6052139998758
1915.3735885435615
2092.1364593547455
2272.013758889023
2455.132836594025
2641.6306071931413
2831.6519472017694
3025.338673600164
3221.727519955052
3422.593767536142
3627.678601616732
3837.136329368083
4051.165876919505
4269.992478027718
4493.863618604593
4723.048161517413
4957.8369434966535
5198.548162173084
5445.529431860294
5699.16028294448
5959.858763320264
6228.08455325684
6504.341199485332
6789.185516186834
7083.242956100999
7387.207765734158
7701.855590269524
8028.070239436856
8366.850285694632
8719.333506205534
9086.836807570726
9470.886699299115
9873.267797832976
10296.080889281826
10741.834255229183
11213.55860401139
11715.220043193196
12253.819557089762
12836.792078464749
13473.816721616253
14178.196011707872
14969.313570192631
15877.230002744916
16956.566818619114
18297.9915372326
20077.49484459482
22657.268724293597
27132.88204240687
39954.646377863806
52776.41071332083
433.7504636209734
431.90581359999925
429.220488286871
426.19127538162456
422.9793935917595
419.67959902433535
416.3071671513908
412.8762755842517
409.4301790329514
405.9871366406723
402.56135077553046
399.16847976393404
395.8078294371262
392.48206371589094
389.18535917348396
385.91449772206784
382.6670502883097
379.4307025275162
376.2222078200997
373.02821713744106
580.8503941819515
579.0058520966843
576.5056598366848
573.8237224753641
571.082448795748
568.339320531155
565.6288292425223
562.9572852560341
560.3349217179474
557.7666952145066
555.2561494143963
552.8048503090561
550.4132942383349
548.0819038073312
545.8023512164302
543.5684437355444
541.3905572111976
539.2596294519974
537.1671604739424
535.1264215908702
533.1352282277287
531.2074522031912
529.3473148476544
527.5663600232264
525.8734433515131
524.2742416542735
522.7766133810325
521.3877802739657
520.168424627873
519.191423071692
518.3522967945358
517.6280472022655
517.0283850335313
516.5800775221827
516.3674901417093
516.5132598678583
516.991790743238
517.6008448984187
518.1039766286667
518.3689105010922
519.3628437964248
429.430175842788
427.5130043825063
424.7540485804735
421.6502962195597
418.3630436777753
414.9870363377439
411.5377247487825
408.0294041304526
404.5053515525935
400.9838645420663
397.4791812437382
394.0070085984244
390.5667240099516
387.1610514579603
383.784228088965
380.4330850418327
377.1052332022054
373.7884065783721
370.4993756946308
367.2248145809841
311.3008107555405
309.9362880051173
307.7639126771901
305.3008832549687
302.6928693277374
300.0109602091582
297.2988312745774
294.5731776186637
291.8518059787861
289.1458972932651
286.464239688671
283.8131194115218
281.1969718489832
278.6192633095161
276.074988529512
273.5605360508728
271.0876977636649
268.6494937345018
266.2389554322107
263.8700575079575
261.5415430571413
259.2679450634435
257.0540322089756
254.9118436806386
252.8507558494198
250.8770239895521
248.9993821103748
247.2256092260599
245.617136588776
244.2477274072999
243.0132260778461
241.8910648066952
240.8918548296688
240.0439743406045
239.4347155884719
239.2245537640728
239.4091358185828
239.9586236297363
240.984562598542
242.7224491647864
243.8139314200812
4.320287778185409
4.392809217492911
4.466439706397439
4.540979162064815
4.616349913984217
4.692562686591431
4.769442402608246
4.846871453799085
4.924827480357912
5.003272098605954
5.082169531792288
5.161471165509652
5.241105427174627
5.321012257930643
5.401131084518959
5.481412680235128
5.561817086104321
5.642295949144103
5.722832125468866
5.803402556456947
269.549583426411
269.0695640915669
268.7417471594947
268.5228392203953
268.3895794680106
268.3283603219968
268.3299979679449
268.3841076373704
268.4831157391613
268.6207979212415
268.7919097257253
268.9917308975343
269.2163223893516
269.462640497815
269.7273626869182
270.0079076846716
270.3028594475326
270.6101357174956
270.9282050417318
271.2563640829127
271.5936851705873
271.9395071397478
272.2932826386787
272.6545163425877
273.0226875020932
273.3972176647214
273.7772312706577
274.1621710479059
274.5512880390971
274.9436956643921
275.3390707166897
275.7369823955703
276.1365302038625
276.5361031815782
276.9327745532373
277.2887061037855
277.5826549246552
277.6422212686824
277.1194140301247
275.6464613363057
275.5489123763437
446.8921422954
442.3818741407307
437.7417430776575
433.08799662021875
428.47702158350825
423.96250039827623
419.52804344675155
415.176858728579
410.93471214190805
406.8075033377063
402.806626956083
398.94364575443507
395.22597175658376
391.6616649681466
388.2517467676992
385.0069669008467
381.9383794175264
379.0560079439901
376.392713863064
373.8598803686305
527.1656887145971
522.5559222042601
517.675155300867
512.7462473812196
507.812725995713
502.90790579259317
498.0626421108343
493.28383375060366
488.57782992830175
483.9537189546848
479.4213875035922
474.98569456486524
470.6573050629414
466.44494590959926
462.3329993539359
458.3032167929375
454.37453553979594
450.53058748759344
446.74366541951406
443.0348119267308
439.39789719536594
435.8382742505784
432.37869843703726
429.05703522232835
425.9192568319973
423.01068577607384
420.4035373609375
418.20440253055386
416.5566746652299
415.2318276621643
414.09966289379344
413.1312353055258
412.3361018265257
411.73264560955596
411.3934361420487
411.42757770737035
411.8132190574533
412.33469692294955
412.7570744787617
412.96841004502784
413.9595883808794
392.2049553722147
387.4540274228671
382.5671620166537
377.663092291387
372.8006891901745
368.0372594055304
363.3563324684078
358.7612491057742
354.2796831343687
349.9189468569114
345.6916824991383
341.6103732323492
337.6822927125215
333.9152892415189
330.309678932364
326.8755266921505
323.6232302540653
320.561502756145
317.7229910262167
315.0182232512415
185.9300021455803
179.3717175053394
172.5115060207164
165.5795055998534
158.6249000233162
151.6938903989293
144.8370348243453
138.0641940026144
131.3888790733292
124.8275587215093
118.3970930360382
112.1051847316824
105.964824265022
99.98983607149879
94.1569299963301
88.44194436930592
82.87251330747095
77.42083065158351
72.04984913760774
66.78577518643702
61.61427882098917
56.53667750977144
51.57867780765804
46.78913392102487
42.22781785339784
37.95616147130786
34.05466608577651
30.64266256526105
27.8603119997116
25.46404832506549
23.32309389814692
21.41409978023617
19.75559605434555
18.35783841088004
17.26561416044107
16.5151128364341
16.01064681154351
15.18917262755182
12.9957281642853
7.207098061268332
0.0
54.68718692318525
54.92784671786359
55.1745810610038
55.42490432883178
55.67633239333371
55.92524099274584
56.17171097834373
56.41560962280481
56.65502900753935
56.8885564807949
57.11494445694468
57.33327252208583
57.54367904406231
57.74637572662773
57.94206783533519
58.13144020869618
58.31514916346113
58.49450518784511
58.66972283684732
58.84165711738897
341.2356865690168
343.1842046989207
345.1636492801506
347.1667417813662
349.1878259723968
351.2140153936639
353.225607286489
355.2196397479893
357.1889508549725
359.1261602331755
361.024294467554
362.8805098331828
364.6924807979194
366.4551098381005
368.1760693576058
369.8612724236316
371.502022232325
373.1097568360099
374.6938162819063
376.2490367402938
377.7836183743768
379.301596740807
380.8000206293792
382.2679013013035
383.6914389785995
385.054524304766
386.348871275161
387.5617399652928
388.6963626655183
389.7677793370988
390.7765689956465
391.7171355252897
392.5805057721801
393.3748071986759
394.1278219816076
394.9124648709362
395.8025722459098
397.1455242953977
399.7613463144764
405.7613119837595
413.9595883808794
13.141678674426508
10.47606054073141
8.521254790786514
6.896721238594239
5.497627991748601
4.282901373940902
3.220876295360803
2.300583144327234
1.5045331089566858
0.820366697034089
0.2452761805524588
-0.22483400949895582
-0.5818576805424911
-0.8203987477443135
-0.9336124057847428
-0.9075308212211581
-0.7286708707832474
-0.37469458352607177
0.1705060429643055
0.831663231189367
-53.68470546735439
-56.44992989242414
-58.83050453581791
-61.07747509414423
-63.269722800035
-65.43141473856171
-67.56618713168807
-69.67345150543049
-71.75709178964567
-73.81297625982171
-75.83476191080393
-77.81915574419097
-79.75598917539344
-81.63695789773185
-83.46935186249438
-85.26522694260679
-87.01602167140149
-88.729041964404
-90.4234950544285
-92.09160966413928
-93.7373310323626
-95.3691779526129
-96.9686164106169
-98.509324800898
-99.95418651951569
-101.26355587819961
-102.37307602009491
-103.1833777434119
-103.61174996264319
-103.95959540952781
-104.2526339007423
-104.4968118967397
-104.69228320700581
-104.84743191262669
-104.9740539996606
-105.08568216048789
-105.1785716857847
-105.2661479754693
-105.34690214990499
-105.4005004560644
-105.40325541554549
37.22522047057333
40.05897695963927
42.18688656381983
43.98720392817273
45.56235448760089
46.94977693221352
48.18139228037467
49.26815502467849
50.22566841822476
51.06491768515485
51.78749874459993
52.39663536607514
52.88443129743018
53.24576221644139
53.47454915660097
53.55755834968221
53.48200294814006
53.22690382222708
52.77638466841415
52.20659132974265
125.3708086099602
130.5645704997779
135.2524066564738
139.7213776551152
144.0679693044212
148.3170698102289
152.4617964502321
156.5089836160493
160.4629269054569
164.3183385717557
168.0671466526327
171.7079346798395
175.2321475839612
178.6294272380173
181.9180585331819
185.1185916815668
188.2151844561939
191.2286630829183
194.189106294603
197.0842823215204
199.9272642361521
202.7312675536721
205.4753544013175
208.1227097596138
210.622937996022
212.9208625182442
214.9447160245983
216.5829466607988
217.7568245890644
218.7836790822344
219.6901321796992
220.476965026459
221.1362587753233
221.6861359297245
222.1691014280309
222.7094409276387
223.3984890070393
224.7694510021845
227.9888344342567
235.5153511035181
243.8139314200812
50.36689914499984
50.53503750037068
50.70814135460635
50.88392516676697
51.05998247934949
51.23267830615442
51.40226857573548
51.56873816900573
51.73020152718144
51.88528438218894
52.03277492515239
52.17180135657618
52.30257361688769
52.42536346869708
52.54093675081623
52.65002752846105
52.75333207735681
52.85220923870101
52.94689071137846
53.03825456093202
71.68610314260582
74.11464060735375
76.42190212065589
78.64390256097096
80.79824650438621
82.88565507166719
84.89560931854403
86.83553211061881
88.70583511581123
90.505362311934
92.23238474182875
93.88877893564853
95.47615840856776
96.99246934028547
98.44870667068751
99.85336473896002
101.1991627847924
102.4996211185143
103.7656112401745
104.9926726573811
106.1899332037895
107.3620896010592
108.5067379907006
109.6133849587158
110.6687514765063
111.6573066400446
112.5716400045034
113.3995689173869
114.1450746264212
114.8240836727066
115.4374982789569
115.9801531297193
116.4439755683175
116.8387040170978
117.1950474283703
117.6237587671508
118.2199173212546
119.5033030267152
122.6419322843517
130.1148506474537
138.4106760045357
-1.3501762821003445
-0.9901231427702692
-0.8228277656794258
-0.7086342066141634
-0.6152470687194179
-0.5378993352514333
-0.46610810210469295
-0.403176168262841
-0.3465051898970245
-0.2912568096894599
-0.23808325659488638
-0.18080356416098708
-0.12079047798904119
-0.0573100131198993
0.013245885528381303
0.0906316831440369
0.1793328830322622
0.2761934282979733
0.33492846630486195
-27.608543338049948
-1.3999125834994701
-1.205112403560631
-1.1374642936195918
-1.1097667219222571
-1.0943104028640043
-1.0806992989247288
-1.0667877549726072
-1.0548434278601475
-1.0408066035419778
-1.023557372257699
-1.0046395251457068
-0.980570418630481
-0.9522955398587583
-0.9277097872359099
-0.9092280623761057
-0.8864119644898818
-0.8672922772580078
-0.857898279121088
-0.8445692711560101
-0.8332357673253895
-0.8262158416374633
-0.8098085468667994
-0.7800717620624775
-0.7315383240486585
-0.6629278774350761
-0.561720764390375
-0.41018351178348755
-0.21674891057927026
-0.17598037431313956
-0.1482395465425021
-0.12351245116008613
-0.09886582922413001
-0.07846294781336269
-0.06402539793211812
-0.05640746425713292
-0.046862510224853104
-0.04395293641439524
-0.03990815234430101
-0.02477637128458321
0.0012388967095020575
0.0
-1.435397687194043
-1.077861325129443
-0.9119242923583805
-0.7978693577622248
-0.7027784412112733
-0.6238566472046839
-0.5504836903669698
-0.4850143319854043
-0.4251093773861411
-0.3660128121592989
-0.3085491999839843
-0.2470858573738917
-0.1830268646800147
-0.1158886608755549
-0.0420470863408337
0.0382714778235454
0.1292167117229634
0.2282038537590983
0.2886204385110178
-37.06025859123935
-2.630823725766996
-2.374554483855411
-2.263691555833575
-2.201702095668546
-2.152319390259861
-2.099450343057952
-2.050043156449998
-2.002811841741173
-1.952902096683099
-1.898903617790725
-1.844187647732164
-1.785138233039646
-1.720842061411856
-1.665807832580994
-1.621183011562806
-1.568533543383827
-1.526433293721222
-1.499568983968089
-1.466508851092831
-1.440070690880661
-1.420326655583335
-1.389976848669946
-1.340978934901963
-1.266453854396155
-1.163979882276858
-1.025153238624864
-0.8298216432378613
-0.5946106060213754
-0.5201380465358402
-0.4591504897020338
-0.3985586103834781
-0.3339555554447875
-0.2785321881798169
-0.2446390725309119
-0.273701029368389
-0.349027174125022
-0.6944406425376732
-1.630731345624746
-3.812446362759359
-4.203523852296509
0.0
0.0852214050936986
0.0877381823591738
0.0890965266789546
0.0892351511480614
0.0875313724918554
0.0859573119532506
0.0843755882622768
0.0818381637225633
0.0786041874891166
0.074756002469839
0.0704659433890979
0.0662822932129046
0.0622363866909735
0.0585786477556556
0.055292971869215
0.0523602053204915
0.0501161713092988
0.047989574538875
0.0463080277938441
9.451715253189398
1.230911142267526
1.16944208029478
1.126227262213983
1.091935373746289
1.058008987395857
1.018751044133223
0.9832554014773905
0.9479684138810256
0.9120954931411211
0.8753462455330261
0.8395481225864572
0.8045678144091649
0.7685465215530978
0.738098045345084
0.7119549491867004
0.6821215788939452
0.6591410164632141
0.6416707048470011
0.6219395799368209
0.6068349235552716
0.5941108139458716
0.5801683018031466
0.5609071728394854
0.5349155303474965
0.5010520048417818
0.463432474234489
0.4196381314543738
0.3778616954421051
0.3441576722227006
0.3109109431595317
0.275046159223392
0.2350897262206575
0.2000692403664542
0.1806136745987938
0.2172935651112561
0.3021646639001689
0.650487706123278
1.590823193280445
3.787669991474776
4.204762749006011
0.0
1.0
1.0
1.0
1.0
1.0
1.0
1.0
1.0
1.0
1.0
1.0
1.0
1.0
1.0
1.0
1.0
1.0
1.0
1.0
1.0
1.0
1.0
1.0
1.0
1.0
1.0
1.0
1.0
1.0
1.0
1.0
1.0
1.0
1.0
1.0
1.0
1.0
1.0
1.0
1.0
1.0
1.0
1.0
1.0
1.0
1.0
1.0
0.0
0.0
0.0
0.0
0.0
0.0
0.0
0.0
0.0
0.0
0.0
0.0
0.0
0.0
1.0
1.0
1.0
1.0
1.0
1.0
1.0
1.0
1.0
1.0
1.0
1.0
1.0
1.0
1.0
1.0
0.920954420531807
0.920954420531807
0.920954420531807
0.920954420531807
0.920954420531807
0.920954420531807
0.920954420531807
0.920954420531807
0.920954420531807
0.920954420531807
0.920954420531807
0.920954420531807
0.920954420531807
0.920954420531807
0.920954420531807
0.920954420531807
0.920954420531807
0.920954420531807
0.920954420531807
0.920954420531807
0.920954420531807
0.920954420531807
0.920954420531807
0.920954420531807
0.920954420531807
0.920954420531807
0.920954420531807
0.920954420531807
0.920954420531807
1.0
1.0
1.0
1.0
1.0
1.0
1.0
1.0
1.0
1.0
1.0
1.0
1.0
1.0
1.0
1.0
1.0
1.0
1.0
1.0
1.0
1.0
1.0
1.0
1.0
1.0
1.0
1.0
1.0
0.013509746998944071
0.013441419292800915
0.013142119108561917
0.012644230505264585
0.011896591393133569
0.011191627035607533
0.010511560689166954
0.009747217940389004
0.008957626920172507
0.008168290549441676
0.007387592983055474
0.006673434663928643
0.0060232984781557
0.005454416645881083
0.004956190305231623
0.004519017283089774
0.004159034946846468
0.0038188267253477584
0.0035082013652273803
0.0032410763431644663
0.0029863114221726182
0.00278839147622091
0.0025578898954155857
0.0023326951586782638
0.00210673575022365
0.00187775287130413
0.0016666406703131065
0.0014723590490068577
0.0012941250841758823
0.0011315643381676018
0.0009876388999699407
0.0008607958196370464
0.0007457358699930076
0.0006497533687711527
0.0005688819982070687
0.0004946082112086718
0.00043391582185518286
0.0003821481921107259
0.0003332057060494882
0.0002907960195746202
0.0002523476510537306
0.00021575954561259397
0.00018042845261969395
0.00014776171139179334
0.00011857798012854564
9.260272811654682e-05
7.081315028746346e-05
5.3460248239511574e-05
4.266692253271062e-05
3.6235444423248075e-05
3.158975993518531e-05
2.808794759982997e-05
2.5781853901115617e-05
2.54014324285912e-05
2.123614554852854e-05
1.687453493446648e-05
1.3964354916308615e-05
1.5150210905970447e-05
9.225261492552203e-06
3.1108283997909944e-07
0.0004
0.0004
0.0004
0.0004
0.0004
0.0004
0.0004
0.0004
0.0004
0.0004
0.0004
0.0004
0.0004
0.0004
0.0004
0.0004
0.0004
0.0004
0.0004
0.0004
0.0004
0.0004
0.0004
0.0004
0.0004
0.0004
0.0004
0.0004
0.0004
0.0004
0.0004
0.0004
0.0004
0.0004
0.0004
0.0004
0.0004
0.0004
0.0004
0.0004
0.0004
0.0004
0.0004
0.0004
0.0004
0.0004
0.0004
0.0004
0.0004
0.0004
0.0004
0.0004
0.0004
0.0004
0.0004
0.0004
0.0004
0.0004
0.0004
0.0004
8.60451419224123e-09
1.578021977514803e-08
2.1892415260555535e-08
2.6925828092092847e-08
2.971401735545372e-08
3.191536891169426e-08
3.3615820560817765e-08
3.4746051764151937e-08
3.5661340336177934e-08
3.6398811651530586e-08
3.6864029565337865e-08
3.7202242046694526e-08
3.743385508154835e-08
3.7482031518220545e-08
3.74258526023047e-08
3.730742951458454e-08
3.7124070818281054e-08
3.694071212197757e-08
3.678655663276213e-08
3.670665185093012e-08
3.662674706909812e-08
3.66023509716688e-08
3.6690996875910616e-08
3.6779642780152424e-08
3.6903178538193995e-08
3.7084523814632495e-08
3.726586909107099e-08
3.747683636083778e-08
3.7728139961945275e-08
3.797944356305276e-08
3.8298642947284706e-08
3.8694261202309925e-08
3.9089879457335157e-08
3.957872216284235e-08
4.015447818582019e-08
4.073023420879802e-08
4.1342697689445876e-08
4.198347277308391e-08
4.262424785672194e-08
4.3230986919605434e-08
4.381611227372829e-08
4.440123762785115e-08
4.5133689117812545e-08
4.594249047452311e-08
4.6751291831233675e-08
4.796747172172955e-08
4.949951687407961e-08
5.152241095280844e-08
5.3986620437539895e-08
5.680107822856821e-08
6.015331959489829e-08
6.559586769304933e-08
7.569057461390363e-08
9.442662951156912e-08
2.539995051245074e-07
4.925296956825388e-07
1.3900175836980765e-06
3.720822161311321e-06
7.931814761427643e-06
2.7860567514510038e-06
0.0
0.0
0.0
0.0
0.0
0.0
0.0
0.0
0.0
0.0
0.0
0.0
0.0
0.0
0.0
0.0
0.0
0.0
0.0
0.0
0.0
0.0
0.0
0.0
0.0
0.0
0.0
0.0
0.0
0.0
0.0
0.0
0.0
0.0
0.0
0.0
0.0
0.0
0.0
0.0
0.0
0.0
0.0
0.0
0.0
0.0
0.0
0.0
0.0
0.0
0.0
0.0
0.0
0.0
0.0
0.0
0.0
0.0
0.0
0.0
0.0
0.0
0.0
0.0
0.0
0.0
0.0
0.0
0.0
0.0
0.0
0.0
0.0
0.0
0.0
0.0
0.0
0.0
0.0
0.0
0.0
0.0
0.0
0.0
0.0
0.0
0.0
0.0
0.0
0.0
0.0
0.0
0.0
0.0
0.0
0.0
0.0
0.0
0.0
0.0
0.0
0.0
0.0
0.0
0.0
0.0
0.0
0.0
0.0
0.0
0.0
0.0
0.0
0.0
0.0
0.0
0.0
0.0
0.0
0.0
0.0
0.0
0.0
0.0
0.0
0.0
0.0
0.0
0.0
0.0
0.0
0.0
0.0
0.0
0.0
0.0
0.0
0.0
0.0
0.0
0.0
0.0
0.0
0.0
0.0
0.0
0.0
0.0
0.0
0.0
0.0
0.0
0.0
0.0
0.0
0.0
0.0
0.0
0.0
0.0
0.0
0.0
0.0
0.0
0.0
0.0
0.0
0.0
0.0
0.0
0.0
0.0
0.0
0.0
0.0
0.0
0.0
0.0
0.0
0.0
0.0
0.0
0.0
0.0
0.0
0.0
0.0
0.0
0.0
0.0
0.0
0.0
0.0
0.0
0.0
0.0
0.0
0.0
0.0
0.0
0.0
0.0
0.0
0.0
0.0
0.0
0.0
0.0
0.0
0.0
0.0
0.0
0.0
0.0
0.0
0.0
0.0
0.0
0.0
0.0
0.0
0.0
0.0
0.0
0.0
0.0
0.0
0.0
0.0
0.0
0.0
0.0
0.0
0.0
0.0
0.0
0.0
0.0
0.0
0.0
0.0
0.0
0.0
0.0
0.0
0.0
0.0
0.0
0.0
0.0
0.0
0.0
0.0
0.0
0.0
0.0
0.0
0.0
0.0
0.0
0.0
0.0
0.0
0.0
0.0
0.0
0.0
0.0
0.0
0.0
0.0
0.0
0.0
0.0
0.0
0.0
0.0
0.0
0.0
0.0
0.0
0.0
0.0
0.0
0.0
0.0
0.0
0.0
0.0
0.0
0.0
0.0
0.0
0.0
0.0
0.0
0.0
0.0
0.0
0.0
2
2
1
295.0
-105.40325541554549
0.0
0.0
46.0
6.7
1.0
2.0
3.0
4.0
5.0
6.0
7.0
8.0
9.0
10.0
11.0
12.0
13.0
14.0
15.0
16.0
17.0
18.0
19.0
20.0
21.0
22.0
23.0
24.0
25.0
26.0
27.0
28.0
29.0
30.0
31.0
32.0
33.0
34.0
35.0
36.0
37.0
38.0
39.0
40.0
41.0
42.0
43.0
44.0
45.0
46.0
47.0
48.0
49.0
50.0
51.0
52.0
53.0
54.0
55.0
56.0
57.0
58.0
59.0
60.0
0.0
0.0
0.0
0.0
0.0
0.0
0.0
0.0
0.0
0.0
0.0
0.0
0.0
0.0
0.0
0.0
0.0
0.0
0.0
0.99
0.0
0.0
0.0
0.0
0.0
0.0
0.0
0.0
0.0
0.0
0.0
0.0
0.0
0.0
0.0
0.0
0.0
0.0
0.0
0.0
0.0
0.0
0.0
0.0
0.0
0.0
0.0
0.0
0.0
0.0
0.0
0.0
0.0
0.0
0.0
0.0
0.0
0.0
0.0
0.0
0.0
0.0
0.0
0.0
0.0
0.0
0.0
0.0
0.0
0.0
0.0
0.0
0.0
0.0
0.0
0.0
0.0
0.0
0.0
220.0
0.0
0.0
0.0
0.0
0.0
0.0
0.0
0.0
0.0
0.0
0.0
0.0
0.0
0.0
0.0
0.0
0.0
0.0
0.0
0.0
0.0
0.0
0.0
0.0
0.0
0.0
0.0
0.0
0.0
0.0
0.0
0.0
0.0
0.0
0.0
0.0
0.0
0.0
0.0
0.0
0.0
0.0
0.0
0.0
0.0
0.0
0.0
0.0
0.0
0.0
0.0
0.0
0.0
0.0
0.0
0.0
0.0
0.0
0.0
0.5
0.0
0.0
0.0
0.0
0.0
0.0
0.0
0.0
0.0
0.0
0.0
0.0
0.0
0.0
0.0
0.0
0.0
0.0
0.0
0.0
0.0
0.0
0.0
0.0
0.0
0.0
0.0
0.0
0.0
0.0
0.0
0.0
0.0
0.0
0.0
0.0
0.0
0.0
0.0
0.0
0.0
