9.81
6.022e+23
0
0
0
3
0
1
300.53086069416605
2
2
0
0
1
1
0
1
60
7
1000.0
1.0


3
3.0
0
72.38857731909356
0
6.363508697965783
150.0
1000.0
287.04
9.81
79000.0
40.0
20000.0
0.0
0.0
0.0
0.0
0.0280134
0.04401
0.0319988
0.039948
0.01604
0.01801528
0.048
99000.0
2.1153802199668344e+29
0.8
1e-06
1000000.0
0.6
3.0
0.0001
100
50
1.7534328922314162
0
2
6.0
1.0
1.0
0.0
1
1
0.01
1000000000000.0
1
300.53086069416605
299.5748424507006
298.6052545136466
297.6216600593461
296.62353934754805
295.610343128431
294.5815470694969
293.5366004864339
292.4749353368765
291.3959585779872
290.2990396974232
289.18352402703886
288.0487305870854
286.8939325907381
285.7183534296311
284.5211681187156
283.3014942211156
282.058380767195
280.79081782839256
279.49772501698004
278.17793071589284
276.8301707902035
275.45308429377275
274.04519587318987
272.60489553126996
271.1304389304032
269.6199524594604
268.071402279591
266.48256695265917
264.85102199646343
263.174109940007
261.4489118149134
259.67222438070934
257.8405126932933
255.94983007638228
253.99577545670246
251.97345548217356
249.87736276359814
247.70125156021084
245.4380108673372
243.0794803119129
240.61622830587248
238.0372414411208
235.32957336050848
232.47789119312833
229.46377837726652
226.26487973180136
222.85378807440574
219.1961719053419
215.24810354188548
210.94458823144177
206.9434137486048
205.49134625584398
204.7947278719568
206.03690481635874
210.04075656790116
217.49161081001338
226.1064165328507
237.69044682600614
245.10231046164958
300.53086069416605
299.5748424507006
298.6052545136466
297.6216600593461
296.62353934754805
295.610343128431
294.5815470694969
293.5366004864339
292.4749353368765
291.3959585779872
290.2990396974232
289.18352402703886
288.0487305870854
286.8939325907381
285.7183534296311
284.5211681187156
283.3014942211156
282.058380767195
280.79081782839256
279.49772501698004
278.17793071589284
276.8301707902035
275.45308429377275
274.04519587318987
272.60489553126996
271.1304389304032
269.6199524594604
268.071402279591
266.48256695265917
264.85102199646343
263.174109940007
261.4489118149134
259.67222438070934
257.8405126932933
255.94983007638228
253.99577545670246
251.97345548217356
249.87736276359814
247.70125156021084
245.4380108673372
243.0794803119129
240.61622830587248
238.0372414411208
235.32957336050848
232.47789119312833
229.46377837726652
226.26487973180136
222.85378807440574
219.1961719053419
215.24810354188548
210.94458823144177
206.9434137486048
205.49134625584398
204.7947278719568
206.03690481635874
210.04075656790116
217.49161081001338
226.1064165328507
237.69044682600614
245.10231046164958
991.675
975.0250000000001
958.375
941.7249999999999
925.075
908.425
891.7750000000001
875.125
858.4749999999999
841.825
825.175
808.5250000000001
791.875
775.225
758.575
741.925
725.2750000000001
708.625
691.975
675.325
658.675
642.0250000000001
625.375
608.725
592.075
575.425
558.7750000000001
542.125
525.4750000000001
508.82500000000005
492.17500000000007
475.52500000000003
458.87500000000006
442.2250000000001
425.57500000000005
408.925
392.27500000000003
375.62500000000006
358.9750000000001
342.32500000000005
325.675
309.02500000000003
292.37500000000006
275.7250000000001
259.0750000000001
242.42500000000007
225.77500000000003
209.12500000000006
192.47500000000008
175.8250000000001
159.17500000000007
142.52500000000003
125.87500000000006
109.22500000000008
92.5750000000001
75.92500000000013
59.27500000000009
42.62500000000006
25.97500000000008
9.325000000000045
991.675
975.0250000000001
958.375
941.7249999999999
925.075
908.425
891.7750000000001
875.125
858.4749999999999
841.825
825.175
808.5250000000001
791.875
775.225
758.575
741.925
725.2750000000001
708.625
691.975
675.325
658.675
642.0250000000001
625.375
608.725
592.075
575.425
558.7750000000001
542.125
525.4750000000001
508.82500000000005
492.17500000000007
475.52500000000003
458.87500000000006
442.2250000000001
425.57500000000005
408.925
392.27500000000003
375.62500000000006
358.9750000000001
342.32500000000005
325.675
309.02500000000003
292.37500000000006
275.7250000000001
259.0750000000001
242.42500000000007
225.77500000000003
209.12500000000006
192.47500000000008
175.8250000000001
159.17500000000007
142.52500000000003
125.87500000000006
109.22500000000008
92.5750000000001
75.92500000000013
59.27500000000009
42.62500000000006
25.97500000000008
9.325000000000045
74.84232050391586
225.58076997846098
378.4604767682227
533.5504012131021
690.922978028782
850.6543723761858
1012.8247606820852
1177.5186267135255
1344.825087003802
1514.8382429062185
1687.6575688756438
1863.3883445225506
2042.1421258114608
2224.03726002239
2409.199457077765
2597.7624231787877
2789.868561213084
2985.6697540478854
3185.328242513861
3389.0176012335332
3596.92383129718
3809.2465944626574
4026.2006053227965
4248.017201336215
4474.946128806347
4707.257593695008
4945.2446113021615
5189.225696263948
5439.547966093748
5696.590739505845
5960.769725407323
6232.541932895141
6512.411451944219
6800.936273423158
7098.736401418571
7406.503606337063
7725.013195537702
8055.138295551445
8397.867360323718
8754.325829416139
9125.80317517752
9513.78703357502
9920.006812403546
10346.490205491466
10795.637445846889
11270.320505242471
11774.018323757957
12311.004902391858
12886.61717604677
13507.636292998592
14184.135701023686
14935.481801353435
15789.866189250397
16788.727639165714
18004.734996169595
19572.381297004227
21758.286947133216
25279.436063399706
33911.05315063779
56560.69457252452
74.84232050391586
225.58076997846098
378.4604767682227
533.5504012131021
690.922978028782
850.6543723761858
1012.8247606820852
1177.5186267135255
1344.825087003802
1514.8382429062185
1687.6575688756438
1863.3883445225506
2042.1421258114608
2224.03726002239
2409.199457077765
2597.7624231787877
2789.868561213084
2985.6697540478854
3185.328242513861
3389.0176012335332
3596.92383129718
3809.2465944626574
4026.2006053227965
4248.017201336215
4474.946128806347
4707.257593695008
4945.2446113021615
5189.225696263948
5439.547966093748
5696.590739505845
5960.769725407323
6232.541932895141
6512.411451944219
6800.936273423158
7098.736401418571
7406.503606337063
7725.013195537702
8055.138295551445
8397.867360323718
8754.325829416139
9125.80317517752
9513.78703357502
9920.006812403546
10346.490205491466
10795.637445846889
11270.320505242471
11774.018323757957
12311.004902391858
12886.61717604677
13507.636292998592
14184.135701023686
14935.481801353435
15789.866189250397
16788.727639165714
18004.734996169595
19572.381297004227
21758.286947133216
25279.436063399706
33911.05315063779
56560.69457252452
3.521179111399233e+23
3.521179111399233e+23
3.521179111399257e+23
3.521179111399233e+23
3.521179111399233e+23
3.521179111399233e+23
3.521179111399233e+23
3.521179111399257e+23
3.521179111399233e+23
3.521179111399233e+23
3.521179111399233e+23
3.521179111399233e+23
3.521179111399257e+23
3.5211791113992086e+23
3.521179111399257e+23
3.521179111399233e+23
3.521179111399233e+23
3.521179111399257e+23
3.5211791113992086e+23
3.521179111399257e+23
3.521179111399233e+23
3.521179111399233e+23
3.521179111399257e+23
3.5211791113992086e+23
3.521179111399257e+23
3.521179111399233e+23
3.521179111399233e+23
3.521179111399233e+23
3.521179111399233e+23
3.521179111399244e+23
3.521179111399244e+23
3.521179111399233e+23
3.521179111399233e+23
3.521179111399233e+23
3.521179111399257e+23
3.521179111399233e+23
3.521179111399233e+23
3.521179111399233e+23
3.521179111399233e+23
3.521179111399257e+23
3.521179111399233e+23
3.521179111399233e+23
3.521179111399233e+23
3.521179111399233e+23
3.521179111399233e+23
3.521179111399257e+23
3.521179111399233e+23
3.521179111399233e+23
3.521179111399233e+23
3.521179111399233e+23
3.521179111399257e+23
3.521179111399233e+23
3.521179111399233e+23
3.521179111399233e+23
3.521179111399233e+23
3.521179111399233e+23
3.521179111399257e+23
3.521179111399233e+23
3.521179111399233e+23
3.521179111399257e+23
3.521179111399233e+23
3.521179111399233e+23
3.521179111399257e+23
3.521179111399233e+23
3.521179111399233e+23
3.521179111399233e+23
3.521179111399233e+23
3.521179111399257e+23
3.521179111399233e+23
3.521179111399233e+23
3.521179111399233e+23
3.521179111399233e+23
3.521179111399257e+23
3.5211791113992086e+23
3.521179111399257e+23
3.521179111399233e+23
3.521179111399233e+23
3.521179111399257e+23
3.5211791113992086e+23
3.521179111399257e+23
3.521179111399233e+23
3.521179111399233e+23
3.521179111399257e+23
3.5211791113992086e+23
3.521179111399257e+23
3.521179111399233e+23
3.521179111399233e+23
3.521179111399233e+23
3.521179111399233e+23
3.521179111399244e+23
3.521179111399244e+23
3.521179111399233e+23
3.521179111399233e+23
3.521179111399233e+23
3.521179111399257e+23
3.521179111399233e+23
3.521179111399233e+23
3.521179111399233e+23
3.521179111399233e+23
3.521179111399257e+23
3.521179111399233e+23
3.521179111399233e+23
3.521179111399233e+23
3.521179111399233e+23
3.521179111399233e+23
3.521179111399257e+23
3.521179111399233e+23
3.521179111399233e+23
3.521179111399233e+23
3.521179111399233e+23
3.521179111399257e+23
3.521179111399233e+23
3.521179111399233e+23
3.521179111399233e+23
3.521179111399233e+23
3.521179111399233e+23
3.521179111399257e+23
3.521179111399233e+23
3.521179111399233e+23
3.521179111399257e+23
-4.209927993503249
-3.5584806266389863
-3.3992415932771713
-3.2766101490125
-3.072283104139047
-2.901213346854731
-2.7718058886528616
-2.614922309962406
-2.4451163142783465
-2.2757483267562084
-2.123108277357196
-1.9507489020010573
-1.811378267124244
-1.7148126417534277
-1.6422762469491947
-1.5952567635881243
-1.5841291799733859
-1.5804095918046916
-1.596591451388543
-1.638450670907567
-1.695970480602731
-1.756477526808458
-1.8158261221763219
-1.873904768024149
-1.9227214463328868
-1.9308115267257042
-1.9240026372524546
-1.904813035454648
-1.878136281554314
-1.8313467708656153
-1.776009680032792
-1.712201997221276
-1.6310592532149177
-1.5604099420275352
-1.5008723903862635
-1.4253472500209474
-1.3580619093741553
-1.3156414303741248
-1.2756832674228014
-1.2455773551954015
-1.2192915348363078
-1.1930585609693813
-1.1560944483853923
-1.0966293275287475
-1.017137919252591
-0.9206685224343109
-0.7732354952644704
-0.5790373528417055
-0.3548694669878591
-0.050559539030665734
0.39420151031887324
0.8357142585039505
0.7406939200330067
0.7859595178968399
0.7891404539835203
0.6830062097300962
0.29858150451181825
21.24714171150872
1.0940462435696412
0.44327407393222223
-5.900883534986952
-5.15978607993489
-4.9258336056644465
-4.731476070242953
-4.464043866194615
-4.2292776963765935
-4.037738768549648
-3.8288612177169328
-3.6160679990778353
-3.4132171330534673
-3.2394100059685913
-3.053241750019573
-2.9077695212999988
-2.810225838725554
-2.738841966700866
-2.694055667833809
-2.6824239685398177
-2.680371375301495
-2.6964413702802394
-2.735099408364442
-2.7887496271218772
-2.844322021013694
-2.897817803132348
-2.9478104650992827
-2.9885409075266662
-2.9896553876799237
-2.9723883525754085
-2.9438120143561366
-2.9092440503456825
-2.8561074831658857
-2.7955458763487346
-2.727766851149728
-2.6438066998995695
-2.5716108038398113
-2.510734913879875
-2.4342201079037955
-2.365990315286289
-2.328885108428681
-2.3056188017563493
-2.3004238611599477
-2.307767115924833
-2.323256828714473
-2.335551561838362
-2.3194526269898144
-2.2672668541030787
-2.184429719135526
-2.0297099740926665
-1.815463119230934
-1.5658699563790486
-1.18981043854036
-0.6313672135723103
-0.04453382388089838
-0.07227906433334005
-0.03980949948833323
0.0035680088194423865
0.02273339353066245
0.028766542088585895
0.03630913397418671
0.029889421747788428
0.010311312804543435
-5.262254146682821
-4.593285549368119
-4.416525285555863
-4.2763726108407525
-4.054524335516859
-3.8659333477821036
-3.7190046591297943
-3.5445998499888987
-3.3572726238543993
-3.1703834058818217
-3.0002221260323694
-2.8103415202257906
-2.6534496548985373
-2.5393627990772814
-2.4493051738226086
-2.384764460011098
-2.35611564594592
-2.334874827326786
-2.333535456460197
-2.3578734455287815
-2.3978720247735055
-2.4408578405287926
-2.4826852054462165
-2.523242620843604
-2.554538068701902
-2.5451069186442794
-2.52077679872059
-2.4840659664723432
-2.4398679821215694
-2.375557240982431
-2.302698919699168
-2.221370006437212
-2.122706031980414
-2.0345354903425914
-1.95747670825088
-1.8644303374351239
-1.7796237663378918
-1.7196820568874216
-1.6622026634856581
-1.6145755208078185
-1.570768469998285
-1.5270142656809185
-1.4725289226464895
-1.395542571339405
-1.2985299326128086
-1.1845393053440887
-1.0195850477238082
-0.8078656748506035
-0.5661765585463172
-0.244345400138684
0.21793687966129482
0.6769708582968121
0.5994717502763081
0.6622585785905812
0.6829607451277013
0.5943477313247172
0.22744425655687905
21.193525694004222
1.0579514565155819
0.4247005173286027
-4.622094140711994
-3.9022885290746103
-3.689627898218845
-3.516562206212029
-3.270421845578369
-3.0569475191750257
-2.8867004347627585
-2.699114727344721
-2.507613352120302
-2.3260543295106118
-2.173539045840414
-2.0086626333060735
-1.8844822480011771
-1.8082304088414105
-1.7581383802314008
-1.7346439247790215
-1.7443040688997087
-1.7635433190760637
-1.8009051574694865
-1.8608550389683671
-1.93579710114048
-2.012661338446975
-2.0874489639803073
-2.15873346936192
-2.2207557552039816
-2.243162078771917
-2.24718688708208
-2.239902392277486
-2.2266262716817096
-2.194781547916591
-2.1555117845141183
-2.1090246027297894
-2.0463562948943093
-1.995452242249229
-1.955868195703971
-1.9006452331425692
-1.853707283939741
-1.8378939204968106
-1.8359194572391573
-1.8520163600574335
-1.880651458236997
-1.9174330144413148
-1.9510195909798824
-1.9562124995460124
-1.925318570073955
-1.86377327852108
-1.730345376892899
-1.5373903654458445
-1.309089046008637
-0.9543213715846264
-0.41716999003125466
0.14837155624547904
0.09933447237835935
0.11051219380868815
0.13259785870178575
0.1304713999983278
0.11521270514157322
0.10146345361249587
0.07375189797141957
0.032881945613496555
1.052326153179572
1.0348049227291323
1.0172836922786923
0.9997624618282523
0.9822412313778125
0.9647200009273725
0.9471987704769327
0.9296775400264929
0.9121563095760529
0.8946350791256131
0.8771138486751732
0.8595926182247334
0.8420713877742935
0.8245501573238536
0.8070289268734139
0.7895076964229738
0.771986465972534
0.7544652355220942
0.7369440050716541
0.7194227746212145
0.7019015441707744
0.6843803137203346
0.6668590832698947
0.6493378528194549
0.631816622369015
0.6142953919185751
0.5967741614681352
0.5792529310176954
0.5617317005672555
0.5442104701168158
0.5266892396663758
0.5091680092159359
0.49164677876549606
0.4741255483150562
0.4566043178646163
0.4390830874141764
0.42156185696373655
0.4040406265132967
0.38651939606285685
0.36899816561241694
0.35147693516197703
0.3339557047115372
0.3164344742610973
0.2989132438106575
0.2813920133602176
0.26387078290977783
0.24634955245933782
0.22882832200889794
0.21130709155845812
0.19378586110801826
0.1762646306575784
0.15874340020713845
0.1412221697566986
0.12370093930625875
0.1061797088558189
0.08865847840537905
0.07113724795493921
0.05361601750449924
0.03609478705405939
0.018573556603619538
-1.278789394274958
-1.25749755086028
-1.2362057074456019
-1.2149138640309236
-1.1936220206162458
-1.1723301772015675
-1.1510383337868897
-1.1297464903722116
-1.1084546469575334
-1.0871628035428555
-1.0658709601281775
-1.0445791167134995
-1.0232872732988214
-1.0019954298841431
-0.9807035864694653
-0.9594117430547872
-0.9381198996401091
-0.9168280562254311
-0.895536212810753
-0.8742443693960751
-0.852952525981397
-0.8316606825667189
-0.8103688391520408
-0.7890769957373628
-0.7677851523226847
-0.7464933089080066
-0.7252014654933288
-0.7039096220786506
-0.6826177786639727
-0.6613259352492946
-0.6400340918346165
-0.6187422484199384
-0.5974504050052604
-0.5761585615905823
-0.5548667181759044
-0.5335748747612262
-0.5122830313465482
-0.4909911879318702
-0.46969934451719214
-0.44840750110251404
-0.427115657687836
-0.40582381427315795
-0.38453197085847984
-0.36324012744380185
-0.34194828402912386
-0.32065644061444587
-0.29936459719976766
-0.2780727537850896
-0.2567809103704116
-0.23548906695573363
-0.21419722354105558
-0.19290538012637742
-0.1716135367116994
-0.15032169329702139
-0.12902984988234337
-0.10773800646766535
-0.08644616305298733
-0.06515431963830916
-0.04386247622363114
-0.02257063280895312
-16.649999999999977
-16.649999999999977
-16.65000000000009
-16.649999999999977
-16.649999999999977
-16.649999999999977
-16.649999999999977
-16.65000000000009
-16.649999999999977
-16.649999999999977
-16.649999999999977
-16.649999999999977
-16.65000000000009
-16.649999999999864
-16.65000000000009
-16.649999999999977
-16.649999999999977
-16.65000000000009
-16.649999999999864
-16.65000000000009
-16.649999999999977
-16.649999999999977
-16.65000000000009
-16.649999999999864
-16.65000000000009
-16.649999999999977
-16.649999999999977
-16.649999999999977
-16.649999999999977
-16.650000000000034
-16.650000000000034
-16.649999999999977
-16.649999999999977
-16.649999999999977
-16.65000000000009
-16.649999999999977
-16.649999999999977
-16.649999999999977
-16.649999999999977
-16.65000000000009
-16.649999999999977
-16.649999999999977
-16.649999999999977
-16.649999999999977
-16.649999999999977
-16.65000000000009
-16.649999999999977
-16.649999999999977
-16.649999999999977
-16.649999999999977
-16.65000000000009
-16.649999999999977
-16.649999999999977
-16.649999999999977
-16.649999999999977
-16.649999999999977
-16.65000000000009
-16.649999999999977
-16.649999999999977
-16.65000000000009
-16.649999999999977
-16.649999999999977
-16.65000000000009
-16.649999999999977
-16.649999999999977
-16.649999999999977
-16.649999999999977
-16.65000000000009
-16.649999999999977
-16.649999999999977
-16.649999999999977
-16.649999999999977
-16.65000000000009
-16.649999999999864
-16.65000000000009
-16.649999999999977
-16.649999999999977
-16.65000000000009
-16.649999999999864
-16.65000000000009
-16.649999999999977
-16.649999999999977
-16.65000000000009
-16.649999999999864
-16.65000000000009
-16.649999999999977
-16.649999999999977
-16.649999999999977
-16.649999999999977
-16.650000000000034
-16.650000000000034
-16.649999999999977
-16.649999999999977
-16.649999999999977
-16.65000000000009
-16.649999999999977
-16.649999999999977
-16.649999999999977
-16.649999999999977
-16.65000000000009
-16.649999999999977
-16.649999999999977
-16.649999999999977
-16.649999999999977
-16.649999999999977
-16.65000000000009
-16.649999999999977
-16.649999999999977
-16.649999999999977
-16.649999999999977
-16.65000000000009
-16.649999999999977
-16.649999999999977
-16.649999999999977
-16.649999999999977
-16.649999999999977
-16.65000000000009
-16.649999999999977
-16.649999999999977
-16.65000000000009
300.53086069416605
300.0528515724333
299.09004848217364
298.1134572864963
297.12259970344707
296.1169412379895
295.09594509896397
294.0590737779654
293.0057679116552
291.93544695743185
290.8474991377052
289.74128186223106
288.61612730706213
287.47133158891177
286.3061430101846
285.11976077417336
283.91133116991557
282.6799374941553
281.42459929779375
280.1442714226863
278.83782786643644
277.5040507530482
276.1416275419881
274.7491400834813
273.3250457022299
271.86766723083656
270.3751956949318
268.8456773695257
267.2769846161251
265.6667944745613
264.0125659682352
262.3115108774602
260.56056809781137
258.7563685370013
256.8951713848378
254.97280276654237
252.984615469438
250.92540912288587
248.7893071619045
246.56963121377402
244.25874558962505
241.8478543088927
239.32673487349666
236.68340740081464
233.9037322768184
230.97083478519744
227.86432905453393
224.56064611549075
221.0300915268785
217.234818695373
213.12637042222659
208.94400099002328
206.2173800022244
205.1430370639004
205.41581634415778
208.03883069212995
213.76618368895726
221.79901367143202
231.89843167942843
241.39637864382786
248.8082422794713
300.53086069416605
300.0528515724333
299.09004848217364
298.1134572864963
297.12259970344707
296.1169412379895
295.09594509896397
294.0590737779654
293.0057679116552
291.93544695743185
290.8474991377052
289.74128186223106
288.61612730706213
287.47133158891177
286.3061430101846
285.11976077417336
283.91133116991557
282.6799374941553
281.42459929779375
280.1442714226863
278.83782786643644
277.5040507530482
276.1416275419881
274.7491400834813
273.3250457022299
271.86766723083656
270.3751956949318
268.8456773695257
267.2769846161251
265.6667944745613
264.0125659682352
262.3115108774602
260.56056809781137
258.7563685370013
256.8951713848378
254.97280276654237
252.984615469438
250.92540912288587
248.7893071619045
246.56963121377402
244.25874558962505
241.8478543088927
239.32673487349666
236.68340740081464
233.9037322768184
230.97083478519744
227.86432905453393
224.56064611549075
221.0300915268785
217.234818695373
213.12637042222659
208.94400099002328
206.2173800022244
205.1430370639004
205.41581634415778
208.03883069212995
213.76618368895726
221.79901367143202
231.89843167942843
241.39637864382786
248.8082422794713
1000.0
983.35
966.7
950.05
933.4
916.75
900.1
883.45
866.8
850.15
833.5
816.85
800.2
783.55
766.9000000000001
750.25
733.6
716.95
700.3
683.6500000000001
667.0
650.35
633.7
617.05
600.4000000000001
583.75
567.1
550.45
533.8000000000001
517.1500000000001
500.50000000000006
483.85
467.20000000000005
450.55000000000007
433.9000000000001
417.25
400.6
383.95000000000005
367.30000000000007
350.6500000000001
334.0
317.35
300.70000000000005
284.05000000000007
267.4000000000001
250.7500000000001
234.10000000000002
217.45000000000005
200.80000000000007
184.1500000000001
167.5000000000001
150.85000000000002
134.20000000000005
117.55000000000007
100.90000000000009
84.25000000000011
67.60000000000014
50.950000000000045
34.30000000000007
17.65000000000009
1.0
1000.0
983.35
966.7
950.05
933.4
916.75
900.1
883.45
866.8
850.15
833.5
816.85
800.2
783.55
766.9000000000001
750.25
733.6
716.95
700.3
683.6500000000001
667.0
650.35
633.7
617.05
600.4000000000001
583.75
567.1
550.45
533.8000000000001
517.1500000000001
500.50000000000006
483.85
467.20000000000005
450.55000000000007
433.9000000000001
417.25
400.6
383.95000000000005
367.30000000000007
350.6500000000001
334.0
317.35
300.70000000000005
284.05000000000007
267.4000000000001
250.7500000000001
234.10000000000002
217.45000000000005
200.80000000000007
184.1500000000001
167.5000000000001
150.85000000000002
134.20000000000005
117.55000000000007
100.90000000000009
84.25000000000011
67.60000000000014
50.950000000000045
34.30000000000007
17.65000000000009
1.0
0.0
149.68464100783171
301.47689894909024
455.44405458735514
611.6567478388491
770.189208218715
931.1195365336566
1094.5299848305137
1260.5072685965372
1429.142905411067
1600.5335804013698
1774.7815573499179
1951.9951316951833
2132.2891199277383
2315.785400117042
2502.6135140384877
2692.9113323190873
2886.825790107081
3084.5137179886897
3286.142767039032
3491.892435428034
3701.955227166326
3916.537961758989
4135.863248886604
4360.171153785826
4589.721103826868
4824.794083563148
5065.695139041174
5312.756253486721
5566.339678700775
5826.841800310915
6094.69765050373
6370.386215286551
6654.436688601887
6947.435858244428
7250.036944592715
7562.970268081411
7887.056122993992
8223.220468108897
8572.51425253854
8936.137406293738
9315.468944061302
9712.105123088737
10127.908501718357
10565.071909264574
11026.202982429204
11514.43802805574
12033.598619460174
12588.411185323544
13184.823166769995
13830.44941922719
14537.821982820184
15333.141619886686
16246.590758614107
17330.86451971732
18678.605472621868
20466.157121386586
23050.416772879842
27508.45535391957
40313.650947356
53118.84654079251
0.0
149.68464100783171
301.47689894909024
455.44405458735514
611.6567478388491
770.189208218715
931.1195365336566
1094.5299848305137
1260.5072685965372
1429.142905411067
1600.5335804013698
1774.7815573499179
1951.9951316951833
2132.2891199277383
2315.785400117042
2502.6135140384877
2692.9113323190873
2886.825790107081
3084.5137179886897
3286.142767039032
3491.892435428034
3701.955227166326
3916.537961758989
4135.863248886604
4360.171153785826
4589.721103826868
4824.794083563148
5065.695139041174
5312.756253486721
5566.339678700775
5826.841800310915
6094.69765050373
6370.386215286551
6654.436688601887
6947.435858244428
7250.036944592715
7562.970268081411
7887.056122993992
8223.220468108897
8572.51425253854
8936.137406293738
9315.468944061302
9712.105123088737
10127.908501718357
10565.071909264574
11026.202982429204
11514.43802805574
12033.598619460174
12588.411185323544
13184.823166769995
13830.44941922719
14537.821982820184
15333.141619886686
16246.590758614107
17330.86451971732
18678.605472621868
20466.157121386586
23050.416772879842
27508.45535391957
40313.650947356
53118.84654079251
473.15437019723004
472.2719380073682
469.23361364472595
465.85238691816016
462.2851748801978
458.61817963171046
454.87351566095606
451.0777670936829
447.2714584032846
443.4780502624113
439.71378658303234
435.99077858921413
432.286125266942
428.61340454218174
424.96909613627184
421.35060127810976
417.75538363782573
414.16870108840794
410.60503778184557
407.05868529871077
403.5224595430808
400.00270350705443
396.5022068677503
393.0348303993958
389.6010524266805
386.2135640579725
382.8834974750372
379.6058370908397
376.38101370079204
373.21222706789865
370.09923462508124
367.04388835778093
364.04368724866293
361.0979850861662
358.1930435632526
355.32540658827895
352.5067488231105
349.7264222029098
346.97817761826855
344.27034061810025
341.6028523412193
338.983287327442
336.4225411619496
333.9298876264733
331.5203762256849
329.21014265135784
326.9956478590705
324.8879836795237
322.8843907456115
320.96416183480324
319.1505461049685
317.4788390750798
316.151469925382
315.29756937749113
314.71058602859534
314.46530899115436
314.5822539885302
314.80474475511494
461.98460218581647
461.5564585268884
462.528492358885
484.1703874047661
483.6780270914834
481.0288051887599
478.03735131690127
474.86129974612084
471.5874534201336
468.2380864364205
464.8399127289792
461.4336999203612
458.0430278221986
454.68421545484813
451.3694425046452
448.0757996096994
444.8168537687628
441.58907353869256
438.38983271463417
435.216577478585
432.05453073211277
428.9182111140753
425.8019003823303
422.6984083432819
419.6141030801354
416.5518111971889
413.52544074489026
410.53551049731044
407.5947668066816
404.71439979389095
401.8894141793759
399.1202692668201
396.41019146887743
393.7589653416017
391.16845834987583
388.6361838744814
386.1615115742432
383.7306977736341
381.3402945808133
379.00200274143134
376.70517493755995
374.44356286713173
372.2255102568028
370.0509609833991
367.9274917286528
365.8659897150041
363.87570790616155
361.971670718594
360.16997426001
358.46696890300075
356.8736673559162
355.38718014231426
353.98661872531983
352.6950968868465
351.5477374766902
350.746636578511
350.42036290614914
350.3615259678607
350.63704400878896
351.26238815675606
351.9434655287425
352.5179470185213
353.3258164223451
354.93854401482986
462.561314945438
461.5325803292998
458.344049850553
454.8084805257132
451.0833119452421
447.254845771149
443.3458873331821
439.3834839329241
435.4082652746525
431.443906060507
427.5068619989367
423.6094171590199
419.7289174773761
415.8791474838662
412.0567782138988
408.2593858511057
404.4845759228922
400.717759486115
396.9734695389991
393.2460808661949
389.5284918354927
385.8270827194718
382.1446673303543
378.4951198729425
374.8789381063247
371.3088139645155
367.7958759110733
364.3351386169717
360.9270545442601
357.5748438350268
354.2782814847172
351.0392439788484
347.8552525598929
344.7256778637199
341.636809878466
338.5852107882342
335.5825582059068
332.6182201479901
329.6859593382349
326.7940996787593
323.9425858116033
321.1389920211522
318.3942146648752
315.7175310281929
313.1239902404525
310.6297277316397
308.2312347448978
305.9396082320832
303.7521102260118
301.6480697481376
299.6507318365797
297.7953926596841
296.2845471492249
295.2474898252739
294.4779551428964
294.0548217538266
294.000966139533
294.0789304858102
230.8134959166733
231.9052569158409
232.9315780555967
462.561314945438
461.5325803292998
458.344049850553
454.8084805257132
451.0833119452421
447.254845771149
443.3458873331821
439.3834839329241
435.4082652746525
431.443906060507
427.5068619989367
423.6094171590199
419.7289174773761
415.8791474838662
412.0567782138988
408.2593858511057
404.4845759228922
400.717759486115
396.9734695389991
393.2460808661949
389.5284918354927
385.8270827194718
382.1446673303543
378.4951198729425
374.8789381063247
371.3088139645155
367.7958759110733
364.3351386169717
360.9270545442601
357.5748438350268
354.2782814847172
351.0392439788484
347.8552525598929
344.7256778637199
341.636809878466
338.5852107882342
335.5825582059068
332.6182201479901
329.6859593382349
326.7940996787593
323.9425858116033
321.1389920211522
318.3942146648752
315.7175310281929
313.1239902404525
310.6297277316397
308.2312347448978
305.9396082320832
303.7521102260118
301.6480697481376
299.6507318365797
297.7953926596841
296.2845471492249
295.2474898252739
294.4779551428964
294.0548217538266
294.000966139533
294.0789304858102
294.2366206421701
294.9136051564453
295.8970233281822
10.593055251792
10.7393576780684
10.88956379417295
11.04390639244697
11.20186293495571
11.36333386056146
11.527628327774
11.69428316075879
11.86319312863215
12.03414420190429
12.20692458409565
12.3813614301942
12.55720778956587
12.73425705831555
12.91231792237308
13.09121542700404
13.27080771493354
13.45094160229294
13.63156824284647
13.81260443251588
13.99396770758815
14.17562078758263
14.357539537396
14.53971052645328
14.72211432035581
14.90475009345704
15.08762156396386
15.27069847386801
15.45395915653194
15.63738323287185
15.82095314036407
16.00464437893256
16.18843468877005
16.3723072224463
16.55623368478661
16.7401958000448
16.92419061720368
17.10820205491972
17.29221828003364
17.47624093934091
17.660266529616
17.84429530628975
18.02832649707435
18.21235659828038
18.39638598523245
18.58041491971812
18.76441311417273
18.94837544744054
19.13228051959968
19.31609208666568
19.49981426838876
19.68344641539565
19.86692277615706
20.05007955221725
20.23263088569895
20.41048723732774
20.58128784899725
20.72581426930474
231.1711062691432
229.6512016110475
229.5969143032883
21.60907245932806
22.14544676218362
22.68475533820693
23.22887079118808
23.77798780087876
24.33260764898459
24.89219910323841
25.45642879605509
26.02543464570874
26.59912176169163
27.17735345591141
27.76002534562523
28.34688213232327
28.93770628489667
29.53229532479377
30.13044686352845
30.73200155569283
31.33677124599772
31.94474157507621
32.55581951613541
33.16991650778923
33.78702036066362
34.40714386683459
35.03032087194776
35.65657239098575
36.28595284216611
36.91852388281764
37.55427556240417
38.19321472256001
38.83534763385066
39.48068385688451
40.12921437102742
40.78093131458849
41.43583371052332
42.09388789516812
42.75508379257911
43.41944453552454
44.08695478956988
44.7576035288968
45.43141057804348
46.10837517179577
46.78849970750059
47.47177505012887
48.15817687796864
48.84768047814149
49.54024652837027
50.23573415810295
50.93405912383302
51.63506991630247
52.33854897718226
53.04436505026675
53.75234481700607
54.46208942928612
55.17287308087525
55.88357082496428
56.58222225496233
57.26142201722308
57.86453504293231
58.28132637635116
58.41221126589978
59.0415206866477
518.8586715937402
512.7139852571956
505.08237534518514
497.2846233330637
489.4410386842605
481.7195191002562
474.1089217817198
466.5941685553167
459.2432600149297
452.09257925020194
445.15793216494114
438.4347020450905
431.91970720259263
425.59353682293374
419.4098656179467
413.3420655859619
407.3620834856669
401.4192852903031
395.520747156414
389.6408592168191
383.7467600156603
377.8291319548604
371.8877774750274
365.9377158012267
359.9806952076677
354.038668770258
348.1634952686783
342.3650580857602
336.65616872924033
331.04751411422535
325.5589644304255
320.2009192434259
314.9793481278707
309.9109399333936
304.9714629201374
300.1463492369129
295.4632611343093
290.9033107477709
286.435384106242
282.065344442588
277.7832806448994
273.5929471611237
269.5051867299503
265.5400042718276
261.73495029969985
258.12618679275994
254.7271526951286
251.59990346785793
248.78844485909502
246.30203938974063
244.24407825976715
242.7903081095397
242.13990981813873
241.88548102052403
241.96075625021905
242.39843995790562
243.1097326866062
243.55966770974783
411.93305083445375
412.56285863204107
413.9595929813663
651.8137438385465
646.6992893845517
640.1477789527537
633.4666971826764
626.7740834056838
620.2298152341182
613.8235007312298
607.5386265890259
601.4332990530634
595.5350136027803
589.8501469059192
584.3618349098758
579.059529381624
573.9161012926862
568.8800906537746
563.922711449485
559.0148122886566
554.1084614732846
549.2085985361712
544.2913826469567
539.32703556894
534.306933204653
529.2319799832593
524.1181605669806
518.9694968500388
513.8079974042059
508.68446831264333
503.61229581104624
498.6032485062129
493.6665444365885
488.82053676139617
484.0745179851561
479.4332189070319
474.9121903118995
470.48592426904116
466.1396528805165
461.9007158079919
457.7501807201808
453.6506747292557
449.59670266168746
445.5701370282265
441.5660163152432
437.58708128715324
433.64577988733066
429.7855302002174
426.05851517155907
422.49173653602895
419.16808961205163
416.14421203300367
413.4345615700007
411.1887183599425
409.6241889597551
408.97145961782144
408.74452041783775
408.7961956733581
409.2043115729882
409.9601271209535
410.7564171980816
411.4323621414727
412.31398344326817
413.9595929813663
384.7693649683472
377.8972477828777
369.4915851578556
360.89527255593
352.2362917698178
343.6956266654144
335.2614974686212
326.9189225513747
318.7436135324388
310.7768836573716
303.0386033911271
295.5287065796952
288.2442045036037
281.1656208450262
274.2445940124098
267.4519543046152
260.757108754476
254.1037364372561
247.4992737463081
240.9159042519073
234.3166795595008
227.6918218110186
221.0414774701011
214.3819495398113
207.7153907111916
201.0673896151274
194.4958164759499
188.0114735298783
181.6291306465499
175.361595607242
169.230979667192
163.2482621415687
157.4198121674432
151.7637530480654
146.2532853441061
140.8717257924712
135.6487914761844
130.5618827999404
125.5769588122662
120.7014386366024
115.9232927785473
111.245647678694
106.680543964982
102.2511471727724
97.99821615997406
93.96095159510251
90.15615031513583
86.64868614069395
83.48289781467541
80.6656286347128
78.30066964279834
76.563267404156
75.64944763471783
75.1383716225868
74.95180649200874
75.1254654630065
75.54848038709123
75.59563591605122
12.79206333395934
7.141059734459998
0.0
378.2811817949566
371.0268867330724
362.1816557921903
353.1144093707782
343.9628650937591
334.9242982045914
325.9848444280199
317.1272495794463
308.4341747288016
299.9502703091691
291.6972875160831
283.6767514482536
275.8828095263537
268.2919706674046
260.8495500731361
253.5210872012731
246.2708567566941
239.0330335969003
231.8135809830228
224.5795903720798
217.2855130379459
209.9180360765386
202.4756230425201
194.974963552669
187.4180786511736
179.836532764507
172.2999218310291
164.823533190701
157.4255150268479
150.1227896520087
142.9427166560866
135.8979814882142
128.9961864849433
122.2589615550513
115.6504695199417
109.1475670342336
102.786180235068
96.5328695753277
90.3384926012229
84.206616997915
78.11431422760519
72.05869517239289
66.04995339279084
60.11404521482616
54.30492060855116
48.68193619961055
43.27701385267346
38.1925747843839
33.4955774376249
29.1904256040086
25.44499646244175
22.49573076670908
20.56753950098476
19.09028277906584
17.82852906449867
16.94537646013637
16.31466588288328
15.27985417722265
12.79206333395934
7.141059734459998
0.0
134.089306625393
134.8167374743179
135.5907901873296
136.3893507771337
137.2047469144427
138.0238924348418
138.8474243130986
139.675246003942
140.4996464824909
141.3156955928303
142.1193287738141
142.9059954653953
143.6755026989889
144.4279159779076
145.1652716055369
145.8901112813467
146.6049747311909
147.315548853047
148.0214734101059
148.7249549649118
149.4300804561595
150.1373101438418
150.8463000049263
151.5557662614154
152.2653044964761
152.9712791551306
153.6676787927284
154.3535845558819
155.0270380826904
155.6859185069833
156.3279847632335
156.9526571018572
157.5595359604275
158.1471868853282
158.7181775760313
159.2746234444417
159.8144696581249
160.3414279478305
160.8584252939758
161.3639058059856
161.8599878663521
162.3472994824297
162.8246427649683
163.2888570990552
163.7367341397258
164.1652351976574
164.5710023799928
164.951217327164
165.3055470444196
165.6364107550278
165.9434086169688
166.2270407053837
166.4904621834209
166.7471093979372
167.0089497582103
167.2729744948991
167.561252299515
167.9640317936966
399.1409875004944
405.4217988975811
413.9595929813663
273.5325620435899
275.6724026514793
277.9661231605634
280.3522878118981
282.8112183119247
285.3055170295268
287.83865630321
290.4113770095795
292.9991243242617
295.5847432936112
298.1528593898361
300.6850834616222
303.1767198552703
305.6241306252816
308.0305405806385
310.4016242482118
312.7439555319625
315.0754278763843
317.3950175531483
319.7117922748768
322.0415225309941
324.3888971281144
326.7563569407392
329.1431970143115
331.5514181988652
333.971464639699
336.3845464816142
338.7887626203452
341.177733479365
343.5437547845798
345.8778201053096
348.1765364969419
350.4370324220886
352.6532287568482
354.8354547490995
356.9920858462829
359.1145355729239
361.2173111448531
363.3121821280328
365.3900856637725
367.4558228006213
369.5073211428503
371.5371278943624
373.5317346725045
375.4806095916662
377.3765789719485
379.2147226833555
380.9755148276677
382.6486345953788
384.2441359659921
385.7437218975008
387.128458193046
388.4039201168367
389.6542376387719
390.9676666088594
392.2589351128519
393.6454612380702
395.4765630208589
398.6402988075134
405.1729237088082
413.9595929813663
45.70430139651022
40.4420472498274
35.84876170045928
31.432236414903414
27.155863804062662
23.101339468545802
19.2354061207637
15.516401461633905
11.971801611645006
8.614528987790607
5.444145581908785
2.4439234558764156
-0.36641806434937507
-3.0198677192479124
-5.559230518325194
-8.008535692147802
-10.3933001521589
-12.74941579810482
-15.084290625431606
-17.417826081891803
-19.775699527420585
-22.17357155219409
-24.614429392722883
-27.0971145981691
-29.620357219012703
-32.174895287714605
-34.720002206358885
-37.240779005079474
-39.72484497155182
-42.16471295367339
-44.54027019465582
-46.842969114354986
-49.0643391207922
-51.18704515277261
-53.2215806431152
-55.17905735136608
-57.04348768880121
-58.8231114551391
-60.54279351202652
-62.20499617551218
-63.81957169632
-65.39034016631828
-66.9173544319992
-68.38988335464569
-69.7854259259851
-71.0839558585979
-72.26849516394199
-73.2880802116658
-74.0959458865164
-74.66212244506272
-74.9064678452014
-74.68853096554011
-74.0115601072433
-73.41208835696699
-72.74982977837641
-72.06686903324871
-71.47252130192399
-71.24507704536711
-50.05155135136289
-48.99359989484731
-48.568899377518704
167.64335643378035
163.02126229306836
159.11897376399375
155.4293458657749
151.91278365956288
148.6423618139845
145.58541429480948
142.69871386004672
139.999599132702
137.4919857805817
135.1659314510711
132.99239240523067
130.9837297719246
129.09924752392342
127.29101711508201
125.53287873485061
123.79823481007159
122.05393074117188
120.29038742209582
118.48948226462633
116.62862722565797
114.69283012451749
112.68016878607051
110.5927198220902
108.43398635272828
106.2132305975243
103.97006851875238
101.7228816316703
99.48297923939282
97.25635296771111
95.06157141979452
92.9060596352804
90.79703503255061
88.7506787376563
86.75522649540707
84.7993582997031
82.89871306656053
81.04500578262079
79.20711186212398
77.37119240488482
75.51917604482739
73.63852458659039
71.72109157214908
69.7700719811692
67.81385948162318
65.88854091154923
64.02476763302815
62.29442225613525
60.757031890689404
59.44794284468077
58.49362147309614
58.076451483064886
58.224823039310365
58.324157511688725
58.43466970549741
58.5672675641992
58.69773896419753
58.8129516693391
58.914415122951596
58.988167020923015
59.02104896653651
77.79194997709078
83.6353325464221
88.85246469269742
93.91320796978329
98.84702017542433
103.5592191057345
108.0843898645609
112.4645613815493
116.6646517422137
120.6670224031354
124.4682586078096
128.0807105793247
131.4847129737724
134.7135266388399
137.812184201489
140.8074315464905
143.7274671684162
146.6140230488589
149.474195792691
152.3301766142877
155.2118122759919
158.1352609084533
161.1031898602532
164.1131703331312
167.163547395133
170.2414243493881
173.3000594351234
176.3236650870934
179.2979238977102
182.2132482277848
185.0473018175252
187.7909818372796
190.4354403924497
192.9619248156545
195.3835245343599
197.713484995763
199.9337667297224
202.0563373480498
204.1090005259686
206.0926610421569
208.019293033056
209.8933443424582
211.7136706998932
213.4663838554205
215.1257740804784
216.6687761365371
218.075084429762
219.2909220913892
220.2692124113363
220.9824411134248
221.3500621937814
221.2321252555281
220.6350995145071
220.109118202687
219.5261486508877
218.9293562908201
218.4524857524417
218.483294569759
218.021432582714
224.7641971813809
232.9315780555967
84.28013315048145
90.50569359622733
96.16239405836274
101.6940711549351
107.1204468514831
112.3305475665576
117.3610429051622
122.2562343534777
126.974090545851
131.4936357513379
135.8095744828536
139.9326657107662
143.8461079510224
147.5871768164615
151.2072281407627
154.7382986498327
158.2137191661981
161.6847258892147
165.1598885559763
168.6664904941151
172.2429787975468
175.9090466429333
179.6690442878342
183.5201563202735
187.4608594551511
191.4722812000086
195.4959540800442
199.5116054262707
203.5015395174122
207.4520541830181
211.3355648286306
215.1412624906341
218.8590660749496
222.4667163086686
225.9863403585243
229.4376437540007
232.7963779708388
236.0853505726624
239.3474667370119
242.5874826808443
245.8282715839981
249.0802968487593
252.3442612720844
255.6034858133667
258.8190696319014
261.9477915320291
264.9542208922243
267.7470334476993
270.2565327883869
272.457644144129
274.205735374138
275.299661892975
275.7170076482402
276.157207046208
276.6494260783977
277.1094452936903
277.6863002566497
278.7990763085875
281.4445573082107
287.7725454219854
295.8970233281822
123.496251373601
124.0773797962495
124.7012263931567
125.3454443846867
126.002883979487
126.6605585742803
127.3197959853246
127.9809628431832
128.6364533538587
129.281551390926
129.9124041897184
130.5246340352011
131.118294909423
131.693658919592
132.2529536831638
132.7988958543427
133.3341670162573
133.8646072507541
134.3899051672594
134.9123505323959
135.4361127485713
135.9616893562592
136.4887604675303
137.0160557349621
137.5431901761203
138.0665290616735
138.5800572287645
139.0828860820139
139.5730789261584
140.0485352741114
140.5070316228694
140.9480127229246
141.3711012716575
141.7748796628819
142.1619438912447
142.5344276443969
142.8902790409212
143.2332258929107
143.5662070139421
143.8876648666447
144.199721336736
144.5030041761399
144.796316267894
145.0765005007748
145.3403481544933
145.5848202779392
145.80658926582
146.0028418797234
146.1732665248199
146.3203186683621
146.44359434858
146.543594289988
146.6235394072638
146.69702984572
146.7763188725113
146.8624872575714
146.9799644505177
147.2382175243919
167.9698812313511
175.7705972865336
184.362678678078
251.9234895842618
253.5269558892957
255.2813678223565
257.12341702071
259.033230511046
260.9729093805421
262.9464571999717
264.9549482135244
266.973689678553
268.9856215319196
270.9755059339247
272.9250581159969
274.829837722947
276.6864243403849
278.4982452558447
280.2711773846833
282.0119539762697
283.7386566303866
285.4502759780721
287.1559727587414
288.8716060232048
290.6018767674508
292.3492130739047
294.1128761423637
295.8948458078794
297.6855117975329
299.4660225987966
301.234487057941
302.984518756805
304.7084071507292
306.3971362484251
308.0473221259145
309.6561011075002
311.2173950463249
312.7415668539314
314.2370020537038
315.6950910373993
317.1303563552832
318.5545785991359
319.9586750857291
321.3474476288255
322.7188214353497
324.0653528442335
325.3735577945359
326.6329291135246
327.8363324435783
328.9789885252525
330.0414557038346
331.0135646790763
331.9055869888098
332.6993568472341
333.3761133760399
333.9418306875506
334.4813645578967
335.0840957838951
335.6767128578895
336.3840392208472
337.6120279779266
340.3589724311623
346.7607124429084
354.9180722947187
-2.147158058987383
-1.7534328922314162
-1.6297972118678556
-1.53115561907565
-1.4037633200217798
-1.291860375578051
-1.20070208379792
-1.1042891510704558
-1.007588615170221
-0.9168817270898391
-0.84169835005397
-0.7588043888798764
-0.6944918678868638
-0.651252831540257
-0.6185827985874278
-0.5967835318294618
-0.5869582763631206
-0.581239303297268
-0.5821178167076361
-0.5900765636241395
-0.6038372608338498
-0.6177183837473382
-0.630743697601105
-0.6419272449604309
-0.6514491543749672
-0.6468496549798678
-0.6352117331840106
-0.6195585133358544
-0.6029569273731499
-0.5796110183098632
-0.5533693562399805
-0.5240973854412737
-0.48840725276007646
-0.45409490583961243
-0.42224161901017276
-0.3856145082996798
-0.3476886193699158
-0.3178752467983509
-0.29312376046979993
-0.2720037839052952
-0.25418841201036246
-0.23956626757999178
-0.22474366908547094
-0.20222377605141295
-0.17163659506257833
-0.13318629533675574
-0.07735017153013757
-0.0028223712029716297
0.0908485394566576
0.2161114638203978
0.4027551994564539
0.5891500447934419
0.5398923818364998
0.6007906969529795
0.6026660504586026
0.6000621451515511
0.6068038513410865
1.626246031919462
-0.17070808607259602
-0.0024855910533156944
0.0
-2.3407446434447614
-1.976089760026469
-1.868341814384213
-1.7806564136471068
-1.655968148862304
-1.5478251121016842
-1.4615778581060261
-1.366555820846321
-1.2695557771366628
-1.1775967248222972
-1.1003551578819493
-1.0168536529078183
-0.9539672083770038
-0.9153571758904779
-0.889996144588182
-0.8781055847501428
-0.8830032579789305
-0.892753407076718
-0.911680377756075
-0.9420439534562376
-0.9800001050343048
-1.0189291351167493
-1.0568065226457781
-1.092908827458956
-1.1243225429294073
-1.1356753615423218
-1.1377178943947746
-1.1340338940647872
-1.1273173723022047
-1.1111980606759402
-1.0913187789676075
-1.0677845294641126
-1.0360558986029584
-1.0102829874540193
-0.9902413961013339
-0.9622808757909438
-0.9385123954809587
-0.9305058755030678
-0.929512131203934
-0.9376706468622847
-0.952180859903386
-0.9708199052582387
-0.9878448625677635
-0.9904907614192683
-0.9748596685683306
-0.9437040965741015
-0.8761436190709142
-0.778433788578506
-0.6628165436622253
-0.48314539459254136
-0.21109641772176796
0.07533507680209262
0.05048774823715213
0.05616972732828643
0.0673536843731962
0.06631298449018169
0.058749255899802955
0.05226712667753497
0.039390844239227896
0.019246276630354053
0.0
-2.959879530147234
-2.642661585582369
-2.563445103148658
-2.499150035069277
-2.386895088644308
-2.292158718097413
-2.218711483946461
-2.127494021792543
-2.027342014794614
-1.925460313093513
-1.82983443532279
-1.724247366718479
-1.635508091503671
-1.569579431399499
-1.517198506003779
-1.479101113454486
-1.462142442630854
-1.448778452669819
-1.446655096091777
-1.4596501781667
-1.480829923762714
-1.503360775566874
-1.524661355320809
-1.54512365362431
-1.559053319737374
-1.549306634135717
-1.531562989470234
-1.506567072487996
-1.476714677833525
-1.435548179172654
-1.38977077598299
-1.33951160186767
-1.279753539795268
-1.226625734762844
-1.180207216271406
-1.124651069399071
-1.075156940340113
-1.039746354191604
-1.004794070380188
-0.9759071093374294
-0.9492731381748396
-0.9220595536287041
-0.8878110802624734
-0.8405397218819296
-0.7815850060328787
-0.7123447901629882
-0.6158646920570233
-0.4955385785880747
-0.3612755130401462
-0.1862130534305626
0.0597392221444349
0.3024146115459998
0.2664281004408495
0.2952946555521581
0.3022963958552287
0.2415517601884367
-0.0156057534558663
0.2339493991686569
-3.415448274248384
-4.137066703690676
0.0
-3.153466114604613
-2.865318453377422
-2.801989705665015
-2.748650829640734
-2.639099917484832
-2.548123454621046
-2.479587258254567
-2.389760691568408
-2.289309176761056
-2.186175310825971
-2.088491243150769
-1.982296630746421
-1.894983431993811
-1.83368377574972
-1.788611852004533
-1.760423166375167
-1.758187424246664
-1.760292556449269
-1.776217657140216
-1.811617567998798
-1.856992767963169
-1.904571526936285
-1.950724180365482
-1.996105236122835
-2.031926708291814
-2.038132340698171
-2.034069150680998
-2.021042453216929
-2.00107512276258
-1.967135221538731
-1.927720198710617
-1.883198745890509
-1.82740218563815
-1.782813816377251
-1.748206993362567
-1.701317436890335
-1.665980716451156
-1.652376982896321
-1.641182441114322
-1.641573972294419
-1.647265586067863
-1.653313191306951
-1.650912273744766
-1.628806707249785
-1.584808079538631
-1.522862591400334
-1.4146581395978
-1.271149995963609
-1.114940596159029
-0.8854699118435018
-0.554112395033787
-0.2114003564453495
-0.2229765331584982
-0.249326314072535
-0.2330159702301776
-0.2921974004729327
-0.5636603488971499
-1.34002950607327
-3.20534934393656
-4.115334836007007
0.0
0.8127214711598512
0.889228693350953
0.9336478912808023
0.9679944159936271
0.983131768622528
1.000298342519362
1.018009400148541
1.023204870722087
1.019753399624393
1.008578586003674
0.98813608526882
0.9654429778386026
0.9410162236168073
0.918326599859242
0.8986157074163511
0.8823175816250243
0.8751841662677334
0.867539149372551
0.8645372793841409
0.8695736145425604
0.8769926629288642
0.8856423918195359
0.893917657719704
0.9031964086638792
0.9076041653624067
0.9024569791558491
0.8963512562862235
0.8870085591521416
0.8737577504603751
0.8559371608627909
0.8364014197430095
0.8154142164263963
0.7913462870351915
0.7725308289232315
0.7579655972612331
0.7390365610993912
0.7274683209701973
0.7218711073932532
0.7116703099103882
0.7039033254321342
0.6950847261644771
0.6824932860487123
0.6630674111770024
0.6383159458305167
0.6099484109703004
0.5791584948262325
0.5385145205268858
0.4927162073851031
0.4521240524968038
0.4023245172509604
0.343015977312019
0.2867354332474421
0.2734642813956503
0.3054960414008214
0.3003696546033738
0.3585103849631144
0.6224096047969528
1.392296632750805
3.244740188175788
4.134581112637361
0.0
0.8127214711598512
0.889228693350953
0.9336478912808023
0.9679944159936271
0.983131768622528
1.000298342519362
1.018009400148541
1.023204870722087
1.019753399624393
1.008578586003674
0.98813608526882
0.9654429778386026
0.9410162236168073
0.918326599859242
0.8986157074163511
0.8823175816250243
0.8751841662677334
0.867539149372551
0.8645372793841409
0.8695736145425604
0.8769926629288642
0.8856423918195359
0.893917657719704
0.9031964086638792
0.9076041653624067
0.9024569791558491
0.8963512562862235
0.8870085591521416
0.8737577504603751
0.8559371608627909
0.8364014197430095
0.8154142164263963
0.7913462870351915
0.7725308289232315
0.7579655972612331
0.7390365610993912
0.7274683209701973
0.7218711073932532
0.7116703099103882
0.7039033254321342
0.6950847261644771
0.6824932860487123
0.6630674111770024
0.6383159458305167
0.6099484109703004
0.5791584948262325
0.5385145205268858
0.4927162073851031
0.4521240524968038
0.4023245172509604
0.343015977312019
0.2867354332474421
0.2734642813956503
0.3054960414008214
0.3003696546033738
0.3585103849631144
0.6224096047969528
1.392296632750805
3.244740188175788
4.134581112637361
0.0
1.0
0.0
0.0
0.0
0.0
0.0
0.0
0.0
0.0
0.0
0.0
0.0
0.0
0.0
0.0
0.0
0.0
0.0
0.0
0.0
0.0
0.0
0.0
0.0
0.0
0.0
0.0
0.0
0.0
0.0
0.0
0.0
0.0
0.0
0.0
0.0
0.0
0.0
0.0
0.0
0.0
0.0
0.0
0.0
0.0
0.0
0.0
1.0
1.0
1.0
1.0
0.0
0.0
0.0
0.0
0.0
0.0
0.0
0.0
0.0
0.0
1.0
0.0
0.0
0.0
0.0
0.0
0.0
0.0
0.0
0.0
0.0
0.0
0.0
0.0
0.0
0.0
0.0
0.0
0.0
0.0
0.0
0.0
0.0
0.0
0.0
0.0
0.0
0.0
0.0
0.0
0.0
0.0
0.0
0.0
0.0
0.0
0.0
0.0
0.0
0.0
0.0
0.0
0.0
0.0
0.0
0.0
0.0
1.0
1.0
1.0
1.0
0.0
0.0
0.0
0.0
0.0
0.0
0.0
0.0
0.0
0.0
1.0
1.0
1.0
1.0
1.0
1.0
1.0
1.0
1.0
1.0
1.0
1.0
1.0
1.0
1.0
1.0
0.920954420531807
0.920954420531807
0.920954420531807
0.920954420531807
0.920954420531807
0.920954420531807
0.920954420531807
0.920954420531807
0.920954420531807
0.920954420531807
0.920954420531807
0.920954420531807
0.920954420531807
0.920954420531807
0.920954420531807
0.920954420531807
0.920954420531807
0.920954420531807
0.920954420531807
0.920954420531807
0.920954420531807
0.920954420531807
0.920954420531807
0.920954420531807
0.920954420531807
0.920954420531807
0.920954420531807
0.920954420531807
0.920954420531807
1.0
1.0
1.0
1.0
1.0
1.0
1.0
1.0
1.0
1.0
1.0
1.0
1.0
1.0
1.0
1.0
1.0
1.0
1.0
1.0
1.0
1.0
1.0
1.0
1.0
1.0
1.0
1.0
1.0
0.018967132328719737
0.01950879139284993
0.019165699086210745
0.01852756771196556
0.017514149755127058
0.016556410763205565
0.01562817778429169
0.014565209494131872
0.013454630393965925
0.012334223725719283
0.011216322597662236
0.0101895201746924
0.009251026865748803
0.00842872832901195
0.007707787168189914
0.007074682491655631
0.006556381206939856
0.006063491069513644
0.005612030245725459
0.005222324973475533
0.004849273863419731
0.004487927047655358
0.0041344603672181695
0.003798849346506196
0.0034610771766943314
0.003113311240791175
0.002789856015359598
0.002489393692509159
0.0022110252757892436
0.0019545501821561007
0.0017256260154620996
0.0015222247713059251
0.0013355552827186315
0.0011792868903463313
0.0010471465398508345
0.0009240751855481544
0.0008235645866023632
0.0007375521490217064
0.0006546493662406046
0.0005822958398996942
0.0005157011417623065
0.0004506838060816266
0.0003858862803669266
0.00032421038016157113
0.00026752792257589176
0.00021530456408072027
0.00016939465950658602
0.00013085064982138066
0.00010004045145775623
7.409633696531735e-05
5.2538895967068106e-05
3.6219826331668306e-05
2.969714241798311e-05
3.007337820798967e-05
2.4854523399281147e-05
1.930354473095756e-05
1.5871549270586477e-05
1.6440680531884444e-05
8.972174019309496e-06
2.931869487299755e-07
0.018967132328719737
0.01950879139284993
0.019165699086210745
0.01852756771196556
0.017514149755127058
0.016556410763205565
0.01562817778429169
0.014565209494131872
0.013454630393965925
0.012334223725719283
0.011216322597662236
0.0101895201746924
0.009251026865748803
0.00842872832901195
0.007707787168189914
0.007074682491655631
0.006556381206939856
0.006063491069513644
0.005612030245725459
0.005222324973475533
0.004849273863419731
0.004487927047655358
0.0041344603672181695
0.003798849346506196
0.0034610771766943314
0.003113311240791175
0.002789856015359598
0.002489393692509159
0.0022110252757892436
0.0019545501821561007
0.0017256260154620996
0.0015222247713059251
0.0013355552827186315
0.0011792868903463313
0.0010471465398508345
0.0009240751855481544
0.0008235645866023632
0.0007375521490217064
0.0006546493662406046
0.0005822958398996942
0.0005157011417623065
0.0004506838060816266
0.0003858862803669266
0.00032421038016157113
0.00026752792257589176
0.00021530456408072027
0.00016939465950658602
0.00013085064982138066
0.00010004045145775623
7.409633696531735e-05
5.2538895967068106e-05
3.6219826331668306e-05
2.969714241798311e-05
3.007337820798967e-05
2.4854523399281147e-05
1.930354473095756e-05
1.5871549270586477e-05
1.6440680531884444e-05
8.972174019309496e-06
2.931869487299755e-07
0.0004
0.0004
0.0004
0.0004
0.0004
0.0004
0.0004
0.0004
0.0004
0.0004
0.0004
0.0004
0.0004
0.0004
0.0004
0.0004
0.0004
0.0004
0.0004
0.0004
0.0004
0.0004
0.0004
0.0004
0.0004
0.0004
0.0004
0.0004
0.0004
0.0004
0.0004
0.0004
0.0004
0.0004
0.0004
0.0004
0.0004
0.0004
0.0004
0.0004
0.0004
0.0004
0.0004
0.0004
0.0004
0.0004
0.0004
0.0004
0.0004
0.0004
0.0004
0.0004
0.0004
0.0004
0.0004
0.0004
0.0004
0.0004
0.0004
0.0004
0.0004
0.0004
0.0004
0.0004
0.0004
0.0004
0.0004
0.0004
0.0004
0.0004
0.0004
0.0004
0.0004
0.0004
0.0004
0.0004
0.0004
0.0004
0.0004
0.0004
0.0004
0.0004
0.0004
0.0004
0.0004
0.0004
0.0004
0.0004
0.0004
0.0004
0.0004
0.0004
0.0004
0.0004
0.0004
0.0004
0.0004
0.0004
0.0004
0.0004
0.0004
0.0004
0.0004
0.0004
0.0004
0.0004
0.0004
0.0004
0.0004
0.0004
0.0004
0.0004
0.0004
0.0004
0.0004
0.0004
0.0004
0.0004
0.0004
0.0004
8.60451419224123e-09
1.578021977514803e-08
2.1892415260555535e-08
2.6925828092092847e-08
2.971401735545372e-08
3.191536891169426e-08
3.3615820560817765e-08
3.4746051764151937e-08
3.5661340336177934e-08
3.6398811651530586e-08
3.6864029565337865e-08
3.7202242046694526e-08
3.743385508154835e-08
3.7482031518220545e-08
3.74258526023047e-08
3.730742951458454e-08
3.7124070818281054e-08
3.694071212197757e-08
3.678655663276213e-08
3.670665185093012e-08
3.662674706909812e-08
3.66023509716688e-08
3.6690996875910616e-08
3.6779642780152424e-08
3.6903178538193995e-08
3.7084523814632495e-08
3.726586909107099e-08
3.747683636083778e-08
3.7728139961945275e-08
3.797944356305276e-08
3.8298642947284706e-08
3.8694261202309925e-08
3.9089879457335157e-08
3.957872216284235e-08
4.015447818582019e-08
4.073023420879802e-08
4.1342697689445876e-08
4.198347277308391e-08
4.262424785672194e-08
4.3230986919605434e-08
4.381611227372829e-08
4.440123762785115e-08
4.5133689117812545e-08
4.594249047452311e-08
4.6751291831233675e-08
4.796747172172955e-08
4.949951687407961e-08
5.152241095280844e-08
5.3986620437539895e-08
5.680107822856821e-08
6.015331959489829e-08
6.559586769304933e-08
7.569057461390363e-08
9.442662951156912e-08
2.539995051245074e-07
4.925296956825388e-07
1.3900175836980765e-06
3.720822161311321e-06
7.931814761427643e-06
2.7860567514510038e-06
8.60451419224123e-09
1.578021977514803e-08
2.1892415260555535e-08
2.6925828092092847e-08
2.971401735545372e-08
3.191536891169426e-08
3.3615820560817765e-08
3.4746051764151937e-08
3.5661340336177934e-08
3.6398811651530586e-08
3.6864029565337865e-08
3.7202242046694526e-08
3.743385508154835e-08
3.7482031518220545e-08
3.74258526023047e-08
3.730742951458454e-08
3.7124070818281054e-08
3.694071212197757e-08
3.678655663276213e-08
3.670665185093012e-08
3.662674706909812e-08
3.66023509716688e-08
3.6690996875910616e-08
3.6779642780152424e-08
3.6903178538193995e-08
3.7084523814632495e-08
3.726586909107099e-08
3.747683636083778e-08
3.7728139961945275e-08
3.797944356305276e-08
3.8298642947284706e-08
3.8694261202309925e-08
3.9089879457335157e-08
3.957872216284235e-08
4.015447818582019e-08
4.073023420879802e-08
4.1342697689445876e-08
4.198347277308391e-08
4.262424785672194e-08
4.3230986919605434e-08
4.381611227372829e-08
4.440123762785115e-08
4.5133689117812545e-08
4.594249047452311e-08
4.6751291831233675e-08
4.796747172172955e-08
4.949951687407961e-08
5.152241095280844e-08
5.3986620437539895e-08
5.680107822856821e-08
6.015331959489829e-08
6.559586769304933e-08
7.569057461390363e-08
9.442662951156912e-08
2.539995051245074e-07
4.925296956825388e-07
1.3900175836980765e-06
3.720822161311321e-06
7.931814761427643e-06
2.7860567514510038e-06
0.0
0.0
0.0
0.0
0.0
0.0
0.0
0.0
0.0
0.0
0.0
0.0
0.0
0.0
0.0
0.0
0.0
0.0
0.0
0.0
0.0
0.0
0.0
0.0
0.0
0.0
0.0
0.0
0.0
0.0
0.0
0.0
0.0
0.0
0.0
0.0
0.0
0.0
0.0
0.0
0.0
0.0
0.0
0.0
0.0
0.0
0.0
0.0
0.0
0.0
0.0
0.0
0.0
0.0
0.0
0.0
0.0
0.0
0.0
0.0
0.0
0.0
0.0
0.0
0.0
0.0
0.0
0.0
0.0
0.0
0.0
0.0
0.0
0.0
0.0
0.0
0.0
0.0
0.0
0.0
0.0
0.0
0.0
0.0
0.0
0.0
0.0
0.0
0.0
0.0
0.0
0.0
0.0
0.0
0.0
0.0
0.0
0.0
0.0
0.0
0.0
0.0
0.0
0.0
0.0
0.0
0.0
0.0
0.0
0.0
0.0
0.0
0.0
0.0
0.0
0.0
0.0
0.0
0.0
0.0
0.0
0.0
0.0
0.0
0.0
0.0
0.0
0.0
0.0
0.0
0.0
0.0
0.0
0.0
0.0
0.0
0.0
0.0
0.0
0.0
0.0
0.0
0.0
0.0
0.0
0.0
0.0
0.0
0.0
0.0
0.0
0.0
0.0
0.0
0.0
0.0
0.0
0.0
0.0
0.0
0.0
0.0
0.0
0.0
0.0
0.0
0.0
0.0
0.0
0.0
0.0
0.0
0.0
0.0
0.0
0.0
0.0
0.0
0.0
0.0
0.0
0.0
0.0
0.0
0.0
0.0
0.0
0.0
0.0
0.0
0.0
0.0
0.0
0.0
0.0
0.0
0.0
0.0
0.0
0.0
0.0
0.0
0.0
0.0
0.0
0.0
0.0
0.0
0.0
0.0
0.0
0.0
0.0
0.0
0.0
0.0
0.0
0.0
0.0
0.0
0.0
0.0
0.0
0.0
0.0
0.0
0.0
0.0
0.0
0.0
0.0
0.0
0.0
0.0
0.0
0.0
0.0
0.0
0.0
0.0
0.0
0.0
0.0
0.0
0.0
0.0
0.0
0.0
0.0
0.0
0.0
0.0
0.0
0.0
0.0
0.0
0.0
0.0
0.0
0.0
0.0
0.0
0.0
0.0
0.0
0.0
0.0
0.0
0.0
0.0
0.0
0.0
0.0
0.0
0.0
0.0
0.0
0.0
0.0
0.0
0.0
0.0
0.0
0.0
0.0
0.0
0.0
0.0
0.0
0.0
0.0
0.0
0.0
0.0
0.0
0.0
0.0
0.0
0.0
0.0
0.0
0.0
0.0
0.0
0.0
0.0
0.0
0.0
0.0
0.0
0.0
0.0
0.0
0.0
0.0
0.0
0.0
0.0
0.0
0.0
0.0
0.0
0.0
0.0
0.0
0.0
0.0
0.0
0.0
0.0
0.0
0.0
0.0
0.0
0.0
0.0
0.0
0.0
0.0
0.0
0.0
0.0
0.0
0.0
0.0
0.0
0.0
0.0
0.0
0.0
0.0
0.0
0.0
0.0
0.0
0.0
0.0
0.0
0.0
0.0
0.0
0.0
0.0
0.0
0.0
0.0
0.0
0.0
0.0
0.0
0.0
0.0
0.0
0.0
0.0
0.0
0.0
0.0
0.0
0.0
0.0
0.0
0.0
0.0
0.0
0.0
0.0
0.0
0.0
0.0
0.0
0.0
0.0
0.0
0.0
0.0
0.0
0.0
0.0
0.0
0.0
0.0
0.0
0.0
0.0
0.0
0.0
0.0
0.0
0.0
0.0
0.0
0.0
0.0
0.0
0.0
0.0
0.0
0.0
0.0
0.0
0.0
0.0
0.0
0.0
0.0
0.0
0.0
0.0
0.0
0.0
0.0
0.0
0.0
0.0
0.0
0.0
0.0
0.0
0.0
0.0
0.0
0.0
0.0
0.0
0.0
0.0
0.0
0.0
0.0
0.0
0.0
0.0
0.0
0.0
0.0
0.0
0.0
0.0
0.0
0.0
0.0
0.0
0.0
0.0
0.0
0.0
0.0
0.0
0.0
0.0
0.0
0.0
0.0
0.0
0.0
0.0
0.0
0.0
0.0
0.0
0.0
0.0
0.0
0.0
0.0
0.0
0.0
0.0
0.0
0.0
0.0
0.0
0.0
0.0
0.0
0.0
0.0
0.0
0.0
0.0
0.0
0.0
0.0
0.0
0.0
0.0
0.0
0.0
0.0
0.0
0.0
0.0
0.0
0.0
0.0
0.0
0.0
0.0
0.0
0.0
0.0
0.0
0.0
0.0
0.0
0.0
0.0
0.0
0.0
0.0
0.0
0.0
0.0
0.0
0.0
0.0
0.0
0.0
0.0
0.0
0.0
0.0
0.0
0.0
0.0
0.0
0.0
0.0
0.0
0.0
0.0
0.0
0.0
0.0
0.0
0.0
0.0
0.0
0.0
0.0
0.0
0.0
0.0
0.0
0.0
0.0
0.0
0.0
0.0
0.0
0.0
0.0
0.0
0.0
0.0
0.0
0.0
0.0
0.0
0.0
0.0
0.0
0.0
0.0
0.0
0.0
0.0
0.0
0.0
0.0
0.0
0.0
0.0
0.0
0.0
0.0
0.0
0.0
0.0
2.0
2.0
2.0
2.0
1.0
1.0
300.53086069416605
300.53086069416605
-48.568899377518704
59.02104896653651
0.0
0.0
0.0
0.0
50.0
50.0
6.363508697965783
6.363508697965783
1.0
1.0
2.0
2.0
3.0
3.0
4.0
4.0
5.0
5.0
6.0
6.0
7.0
7.0
8.0
8.0
9.0
9.0
10.0
10.0
11.0
11.0
12.0
12.0
13.0
13.0
14.0
14.0
15.0
15.0
16.0
16.0
17.0
17.0
18.0
18.0
19.0
19.0
20.0
20.0
21.0
21.0
22.0
22.0
23.0
23.0
24.0
24.0
25.0
25.0
26.0
26.0
27.0
27.0
28.0
28.0
29.0
29.0
30.0
30.0
31.0
31.0
32.0
32.0
33.0
33.0
34.0
34.0
35.0
35.0
36.0
36.0
37.0
37.0
38.0
38.0
39.0
39.0
40.0
40.0
41.0
41.0
42.0
42.0
43.0
43.0
44.0
44.0
45.0
45.0
46.0
46.0
47.0
47.0
48.0
48.0
49.0
49.0
50.0
50.0
51.0
51.0
52.0
52.0
53.0
53.0
54.0
54.0
55.0
55.0
56.0
56.0
57.0
57.0
58.0
58.0
59.0
59.0
60.0
60.0
0.0
0.0
0.0
0.0
0.0
0.0
0.0
0.0
0.0
0.0
0.0
0.0
0.0
0.0
0.0
0.0
0.0
0.0
0.0
0.0
0.0
0.0
0.0
0.0
0.0
0.0
0.0
0.0
0.0
0.0
0.0
0.0
0.0
0.0
0.0
0.0
0.0
0.0
0.0
0.0
0.0
0.0
0.0
0.0
0.0
0.0
0.0
0.0
0.0
0.0
0.0
0.0
0.0
0.0
0.0
0.0
0.0
0.0
0.0
0.0
0.0
0.0
0.0
0.0
0.0
0.0
0.0
0.0
0.0
0.0
0.0
0.0
0.0
0.0
0.0
0.0
0.0
0.0
0.0
0.0
0.0
0.0
0.0
0.0
0.0
0.0
0.0
0.0
0.0
0.0
0.0
0.0
0.0
0.0
0.0
0.0
0.0
0.0
0.0
0.0
0.0
0.0
0.0
0.0
0.0
0.0
0.0
0.0
0.0
0.0
0.0
0.0
0.0
0.0
0.5
0.0
0.0
0.0
0.0
0.0
0.0
0.0
0.0
0.0
0.0
0.0
0.0
0.0
0.0
0.0
0.0
0.0
0.0
0.0
0.0
0.0
0.0
0.0
0.0
0.0
0.0
0.0
0.0
0.0
0.0
0.0
0.0
0.0
0.0
0.0
0.0
0.0
0.0
0.0
0.0
0.0
0.0
0.0
0.0
0.0
0.0
0.0
0.0
0.0
0.0
0.0
0.0
0.0
0.0
0.0
0.0
0.0
0.0
0.0
0.0
0.0
0.0
0.0
0.0
0.0
0.0
0.0
0.0
0.0
0.0
0.0
0.0
0.0
0.0
0.0
0.0
0.0
0.0
0.0
0.0
0.0
0.0
0.0
0.0
0.0
0.0
0.0
0.0
0.0
0.0
0.0
0.0
0.0
0.0
0.0
0.0
0.0
0.0
0.0
0.0
0.0
0.0
0.0
0.0
0.0
0.0
0.0
0.0
0.0
0.0
0.0
0.0
0.0
0.0
0.0
0.0
0.0
0.0
0.0
41.5
0.0
0.0
0.0
0.0
0.0
0.0
0.0
0.0
0.0
0.0
0.0
0.0
0.0
0.0
0.0
0.0
0.0
0.0
0.0
0.0
0.0
0.0
0.0
0.0
0.0
0.0
0.0
0.0
0.0
0.0
0.0
0.0
0.0
0.0
0.0
0.0
0.0
0.0
0.0
0.0
0.0
0.0
0.0
0.0
0.0
0.0
0.0
0.0
0.0
0.0
0.0
0.0
0.0
0.0
0.0
0.0
0.0
0.0
0.0
0.0
0.0
0.0
0.0
0.0
0.0
0.0
0.0
0.0
0.0
0.0
0.0
0.0
0.0
0.0
0.0
0.0
0.0
0.0
0.0
0.0
0.0
0.0
0.0
0.0
0.0
0.0
0.0
0.0
0.0
0.0
0.0
0.0
0.0
0.0
0.0
0.0
0.0
0.0
0.0
0.0
0.0
0.0
0.0
0.0
0.0
0.0
0.0
0.0
0.0
0.0
0.0
0.0
0.0
0.0
0.0
0.0
0.0
0.0
0.0
0.5
0.0
0.0
0.0
0.0
0.0
0.0
