9.81
6.022e+23
0
0
0
3
0
1
286.7725115369745
2
2
0
0
1
1
0
1
60
7
1014.8
1.607


3
3
0
72.38857731909356
0
5.7
150.0
1000.0
287.04
9.81
79000.0
40.0
20000.0
0.0
0.0
0.0
0.0
0.0280134
0.04401
0.0319988
0.039948
0.01604
0.01801528
0.048
99000.0
2.1153802199668344e+29
0.8
1e-06
1000000.0
0.6
3.0
0.0001
2000
54
1.425387866598646
0
1
7
1.0
1
0
1
1
0.1
1000000000000.0
1
285.81304419127895
285.7638265935809
284.2227515352808
284.61090570061015
282.80457121439343
283.25377545047184
281.13473328215633
281.250269360914
279.3808190943067
279.3590489522655
278.0829682070091
276.9679666724623
276.5839427994563
274.9795931850733
274.67851521892874
273.1799361432634
273.00502560622385
271.29317095145586
270.63941106932305
269.47124264375714
268.21214334279614
267.16302711578066
265.86879775618195
264.67890846114915
263.39648109421177
262.1079685638567
260.78236954800553
259.4237507808441
258.03237393677404
256.6044787065364
255.1393043661533
253.63400827127361
252.08586096579742
250.4896497582837
248.84475853869418
247.14390079690855
245.38371327938424
243.55765045894017
241.65895340707286
239.6815763369521
237.6181397305029
235.4599081434668
233.19525986683567
230.81625142451145
228.30765187049727
225.65162107439906
222.8356065684771
219.83465760076146
216.61407939999455
213.13603252957176
209.34798025426642
205.19134192348864
200.58635025969076
195.49936514687806
189.46437823866864
187.64030042792683
190.1167570392524
199.63498193384288
216.02637644685666
248.1075395333161
1006.356725
989.4701749999999
972.583625
955.6970749999999
938.810525
921.9239749999999
905.037425
888.1508749999999
871.264325
854.3777749999999
837.491225
820.6046749999999
803.718125
786.8315749999999
769.945025
753.0584749999999
736.171925
719.2853749999999
702.398825
685.5122749999999
668.625725
651.7391749999999
634.852625
617.9660749999999
601.079525
584.1929749999999
567.306425
550.4198749999999
533.533325
516.6467749999999
499.76022499999993
482.87367499999993
465.987125
449.100575
432.21402499999994
415.32747499999994
398.440925
381.554375
364.66782499999994
347.78127499999994
330.894725
314.008175
297.12162499999994
280.23507499999994
263.348525
246.461975
229.57542499999994
212.68887499999994
195.802325
178.915775
162.02922499999994
145.14267499999994
128.256125
111.369575
94.48302499999994
77.59647499999994
60.709925
43.823375
26.936824999999942
10.050274999999957
71.14714901676797
214.74482698251
360.4484049636818
508.38514700329137
658.5575767410555
810.9644144183072
965.854416425077
1123.3251271431643
1283.44550037331
1446.129222540273
1611.7107937801893
1780.0695604276166
1951.450356917088
2125.9639428948153
2303.8321262826294
2485.1211447654987
2669.962253420728
2858.5993435631744
3050.9241986574702
3247.266842306055
3447.758416050994
3652.583624775494
3861.9837476483663
4076.1638628972178
4295.386452816559
4519.915417226337
4750.045430512974
4986.094705594062
5228.411576796223
5477.377140443562
5733.409785701375
5996.969951848861
6268.564572416286
6548.755846116932
6838.168464214421
7137.49874894931
7447.527031086989
7769.131335415352
8103.305831405351
8451.183370956729
8814.063028218694
9193.443357432705
9591.069951559472
10008.993339980214
10449.641363961964
10915.929500008402
11411.401567444897
11940.413287678846
12508.409747770394
13122.334923696319
13791.26655332611
14527.435089383911
15348.028966966634
16277.423165448265
17370.302180554012
18741.388932668327
20640.487621927452
23747.20367506215
31827.328619163578
54964.779872378
3.519122223737253e+23
3.519122223737277e+23
3.519122223737277e+23
3.519122223737253e+23
3.519122223737253e+23
3.519122223737277e+23
3.519122223737277e+23
3.519122223737253e+23
3.519122223737253e+23
3.519122223737277e+23
3.519122223737277e+23
3.519122223737253e+23
3.519122223737253e+23
3.519122223737277e+23
3.519122223737277e+23
3.519122223737253e+23
3.519122223737253e+23
3.519122223737277e+23
3.519122223737277e+23
3.519122223737253e+23
3.519122223737253e+23
3.519122223737277e+23
3.519122223737277e+23
3.519122223737253e+23
3.519122223737253e+23
3.519122223737277e+23
3.519122223737277e+23
3.519122223737253e+23
3.519122223737253e+23
3.519122223737277e+23
3.519122223737277e+23
3.519122223737253e+23
3.519122223737253e+23
3.519122223737277e+23
3.519122223737277e+23
3.519122223737253e+23
3.519122223737253e+23
3.519122223737277e+23
3.519122223737277e+23
3.519122223737253e+23
3.519122223737253e+23
3.519122223737277e+23
3.519122223737277e+23
3.519122223737253e+23
3.519122223737253e+23
3.519122223737277e+23
3.519122223737277e+23
3.519122223737253e+23
3.519122223737253e+23
3.519122223737277e+23
3.519122223737277e+23
3.519122223737253e+23
3.519122223737253e+23
3.519122223737277e+23
3.519122223737277e+23
3.519122223737253e+23
3.519122223737253e+23
3.519122223737277e+23
3.519122223737277e+23
3.519122223737247e+23
-7.065145648609684
-2.5524825460597067
0.20753607340374322
-2.856607414065795
0.6011264823816399
-1.9981673832547877
0.028327517619380044
-2.2215937561262917
-0.0679345254783899
-1.3829580034558964
-0.7157109833212026
-0.3118922314802031
-1.2356848149222983
0.06747382102012386
-1.6779332017834254
0.19052868127088152
-2.0068551587533787
-0.2950953848339835
-1.0158315046648598
-0.9844465198439726
-0.7570046039829103
-1.0344294861233205
-0.8941150463579887
-1.0101003248354148
-1.0092229906425663
-1.0495523713280315
-1.075851523704841
-1.1024177325386275
-1.125830161229945
-1.1434449249483027
-1.156877934868738
-1.16260417263677
-1.1632434359126291
-1.1610724473498495
-1.1512890127061857
-1.1399998882085363
-1.1252445913848586
-1.1108454935491963
-1.0974167026413315
-1.085997388453912
-1.075451106444087
-1.0667061217760474
-1.0626413834065416
-1.056113174137508
-1.0499190973098982
-1.0459064557702966
-1.0285301561784248
-0.9983823679039218
-0.9619442450376229
-0.917255916940231
-0.8646434604831207
-0.7813695512878948
-0.6283068154432825
-0.2482174362964459
-0.04186785959313018
-0.014054762116024522
-0.009611456926841884
-0.004999951238299516
-0.0031243241095326784
-0.0023880007451699166
-7.615612581846477
-0.4863408963633731
-2.9704731801049604
0.48905586937365797
-3.0139416674177255
0.6716822791433401
-1.9376577182981123
0.2008421740407016
-2.080143868532417
-0.16875130437898633
-0.8701151251162003
-1.1980556376626197
0.05332525994832338
-1.3657777137259046
0.1387410373738902
-1.7762581963675927
0.07847304368840469
-1.6483181345001015
-0.7143091263604902
-0.8177826234002055
-1.06327617237082
-0.8133926592426803
-1.0258546992274944
-0.9605624986176338
-1.029932019811696
-1.048301687861965
-1.077564250631724
-1.1053069375309974
-1.1267863587471254
-1.1453546215508936
-1.1575835573171958
-1.1639336210186855
-1.1640669444043965
-1.1622223866702086
-1.1521843672533976
-1.1409554711019325
-1.1262462370329729
-1.1113089847931121
-1.098449071505513
-1.086797960693474
-1.0763024500665779
-1.067371373727724
-1.0635336599556808
-1.056885260606208
-1.0503649647193924
-1.0465520119594203
-1.0293043330019032
-0.9988818539574993
-0.9630054749106591
-0.9179997823953272
-0.8655399841672988
-0.7821264829717336
-0.6293280187039727
-0.2489064197839923
-0.04543131205866757
-0.010385867690416717
-0.008045005593601218
-0.00399439364022669
-0.0020587734895229914
-0.0011337508374538174
-0.002195518774824118
-0.002158984740958326
-0.0021224507070925335
-0.0020859166732267406
-0.002049382639360948
-0.002012848605495156
-0.0019763145716293635
-0.0019397805377635708
-0.0019032465038977783
-0.001866712470031986
-0.0018301784361661937
-0.001793644402300401
-0.0017571103684346084
-0.001720576334568816
-0.0016840423007030236
-0.001647508266837231
-0.0016109742329714386
-0.001574440199105646
-0.0015379061652398536
-0.0015013721313740609
-0.0014648380975082686
-0.001428304063642476
-0.0013917700297766836
-0.001355235995910891
-0.0013187019620450986
-0.0012821679281793063
-0.0012456338943135135
-0.001209099860447721
-0.0011725658265819288
-0.0011360317927161362
-0.001099497758850344
-0.0010629637249845512
-0.0010264296911187587
-0.0009898956572529664
-0.0009533616233871737
-0.0009168275895213812
-0.0008802935556555888
-0.0008437595217897964
-0.0008072254879240038
-0.0007706914540582112
-0.0007341574201924188
-0.0006976233863266264
-0.0006610893524608339
-0.0006245553185950412
-0.0005880212847292488
-0.0005514872508634566
-0.0005149532169976638
-0.0004784191831318713
-0.0004418851492660789
-0.0004053511154002866
-0.00036881708153449396
-0.00033228304766870135
-0.00029574901380290895
-0.0002592149799371166
-0.00022268094607132399
-0.00018614691220553137
-0.00014961287833973903
-0.00011307884447394665
-7.654481060815404e-05
-4.001077674236144e-05
-16.886549999999943
-16.886550000000057
-16.886550000000057
-16.886549999999943
-16.886549999999943
-16.886550000000057
-16.886550000000057
-16.886549999999943
-16.886549999999943
-16.886550000000057
-16.886550000000057
-16.886549999999943
-16.886549999999943
-16.886550000000057
-16.886550000000057
-16.886549999999943
-16.886549999999943
-16.886550000000057
-16.886550000000057
-16.886549999999943
-16.886549999999943
-16.886550000000057
-16.886550000000057
-16.886549999999943
-16.886549999999943
-16.886550000000057
-16.886550000000057
-16.886549999999943
-16.886549999999943
-16.886550000000057
-16.886550000000057
-16.886549999999943
-16.886549999999943
-16.886550000000057
-16.886550000000057
-16.886549999999943
-16.886549999999943
-16.886550000000057
-16.886550000000057
-16.886549999999943
-16.886549999999943
-16.886550000000057
-16.886550000000057
-16.886549999999943
-16.886549999999943
-16.886550000000057
-16.886550000000057
-16.886549999999943
-16.886549999999943
-16.886550000000057
-16.886550000000057
-16.886549999999943
-16.886549999999943
-16.886550000000057
-16.886550000000057
-16.886549999999943
-16.886549999999943
-16.886550000000057
-16.886550000000057
-16.886549999999914
286.81304419127895
286.00196669248777
285.1760306624695
284.3409459035024
283.5898121153335
282.7542546468097
281.87738829601506
281.04581081483695
280.3389019065611
279.5909956451168
278.6554870371334
277.80392485902945
276.8367562234004
275.8501837790495
274.8986300442298
274.09602885674076
273.17967634993954
272.20598276979445
271.3552809645206
270.24793176127866
269.1169748269267
267.9623278205864
266.7819674474674
265.5751664198356
264.3403141336305
263.0760288947551
261.780683939359
260.4525467432874
259.08972220343463
257.69013441158285
256.251514777855
254.7713622556438
253.24692888377368
251.67518358117516
250.05274836358632
248.3758797348638
246.6403831176086
244.84155731849424
242.97409404826524
241.03196806420826
239.00829009737953
236.89513997142183
234.6833543443398
232.3621967983767
229.91902771634335
227.33880932498474
224.60334296541396
221.6904277562087
218.57260935474693
215.21526811116502
211.5738623491914
207.58944753338542
203.18154103813245
198.23467732894235
192.5864471754419
188.5655900822277
188.88291841087786
194.87873999031189
207.83212651223926
232.06772250378341
264.1484421672412
1014.8
997.91345
981.0269
964.1403499999999
947.2538
930.36725
913.4807
896.5941499999999
879.7076
862.82105
845.9345
829.0479499999999
812.1614
795.27485
778.3883
761.5017499999999
744.6152
727.72865
710.8421
693.9555499999999
677.069
660.18245
643.2959
626.4093499999999
609.5228
592.63625
575.7497
558.8631499999999
541.9766
525.09005
508.20349999999996
491.3169499999999
474.43039999999996
457.54385
440.65729999999996
423.7707499999999
406.88419999999996
389.99765
373.11109999999996
356.2245499999999
339.33799999999997
322.45145
305.56489999999997
288.6783499999999
271.79179999999997
254.90525000000002
238.01869999999997
221.1321499999999
204.24559999999997
187.35905000000002
170.47249999999997
153.5859499999999
136.69939999999997
119.81285000000003
102.92629999999997
86.03974999999991
69.15319999999997
52.26665000000003
35.38009999999997
18.493549999999914
1.607
0.0
142.29429803353594
287.1953559314841
433.70145399587955
583.0688400107032
734.0463134714078
887.8825153652067
1043.8263174849474
1202.8239368013813
1364.0670639452387
1528.1913811353074
1695.230206425071
1864.908914430162
2037.991799404014
2213.936086385617
2393.728166179642
2576.514123351356
2763.4103834901
2953.7883036362496
3148.060093678691
3346.4735909334195
3549.0432411685692
3756.1240083824187
3967.843486914314
4184.484238880122
4406.288666752996
4633.5421676996775
4866.548693326271
5105.640717861854
5351.182435730592
5603.571845156532
5863.247726246218
6130.692177451503
6406.436967381068
6691.074724852795
6985.262203576047
7289.735294322572
7605.318767851406
7932.943902979298
8273.667759831402
8628.698982082054
8999.427074355333
9387.459640510075
9794.680262608867
10223.30641735156
10675.97631057237
11155.882689444436
11666.920445445357
12213.906129912333
12802.913365628458
13441.756481764181
14140.776624888036
14914.093553879784
15781.964380053487
16772.881950843042
17967.722410264985
19515.055455071673
21765.919788783227
25728.48756134107
37926.16967698609
50123.851792631
400.7312434541869
439.4255660528404
437.33969132248365
436.190964118525
433.30835858958386
432.08984409492643
429.2129740149368
427.9008994617704
425.38011556350386
423.76386515830615
421.1344447082462
418.92036257244575
416.6895475231677
413.9536289892908
412.1693870943398
409.5687753933008
407.9700767123858
405.3469087331996
403.4313385968904
400.8413806554798
398.36122922287524
395.9532555453146
393.3929754274097
390.93131192196216
388.40676738562286
385.9071924347218
383.40486653205636
380.90909874656387
378.4199300437156
375.93958729143924
373.47058681113714
371.01521906563926
368.57648503381097
366.15377945413263
363.74741311649547
361.36134427092577
358.997668880783
356.6587565945857
354.34318331508223
352.052224380324
349.78977444855525
347.5584376029205
345.358534524403
343.18708343036644
341.05528159530746
338.9687200678697
336.90938346703
334.8910227323836
332.9238494627183
330.98213898834314
329.08543899043985
327.2519088182002
325.50348896281884
323.8623188573672
322.35040528027355
321.3356408233434
321.0552696736199
321.4027593720987
322.2360488150023
323.78276358062874
327.28461644527374
383.7130995570176
381.0627436507894
378.7098420738985
377.2598685011934
374.0487636367524
372.4800285982811
369.2340742570357
367.5366572058644
364.6161129635645
362.5870340745647
359.5329881155247
356.8828455417473
354.2057513152449
351.0136438317885
348.7642127784799
345.6896569297486
343.6088934289016
340.4958340511604
338.0829414645973
334.9885365796459
331.9971483554207
329.0713474234046
325.9868267091385
322.9946752491889
319.9335412700556
316.8914048794239
313.8406634203614
310.7907911521217
307.7419645981885
304.6966394477365
301.6573853245801
298.6265447564481
295.6071625851623
292.5986939945558
289.6015278655733
286.619699691518
283.6553452234894
280.7108752954957
277.7849463595686
274.8789443074159
271.9968081953549
269.1411924186521
266.3125214526653
263.5080474608253
260.7390126712994
258.0110704544285
255.3069066680919
252.640413937761
250.0217935397382
247.4270441595976
244.8753962211736
242.384240037282
239.9753083487266
237.6704011436208
235.4920335477295
233.8043839979574
232.8580974595677
232.5684386264057
232.8635292174449
234.1579526619058
237.9695929547343
17.01814389716932
58.36282240205098
58.62984924858511
58.9310956173316
59.25959495283143
59.60981549664536
59.97889975790111
60.36424225590599
60.76400259993935
61.17683108374144
61.60145659272152
62.03751703069844
62.48379620792272
62.9399851575023
63.40517431585996
63.87911846355222
64.36118328348418
64.85107468203918
65.34839713229307
65.85284407583389
66.36408086745456
66.88190812191002
67.4061487182712
67.93663667277325
68.4732261155672
69.01578755529795
69.56420311169495
70.11830759444219
70.67796544552714
71.2429478437027
71.81320148655705
72.38867430919115
72.96932244864867
73.55508545957687
74.14588525092218
74.74164457940778
75.34232365729359
75.94788129909001
76.5582369555136
77.17328007290806
77.79296625320036
78.41724518426838
79.04601307173769
79.6790359695411
80.31626892400807
80.95764961344123
81.60247679893811
82.2506087946226
82.90205592298005
83.55509482874551
84.21004276926627
84.86766878091821
85.52818061409225
86.1919177137464
86.85837173254401
87.531256825386
88.19717221405217
88.83432074569303
89.37251959755739
89.62481091872294
89.3150234905394
547.0648702699027
578.1435802867097
575.5713646599895
571.4521642759262
569.0586146163585
564.8261584542834
562.6209706534371
559.3712383819726
557.0512966577467
553.3549023840166
550.5567306295777
547.472533368661
544.0436626817204
541.3610694077918
538.211049799115
535.7491791354498
532.3742222581672
529.8295273226695
526.26563905186
522.961371984089
519.6634379280842
516.1921880781528
512.8185153010052
509.3309970963301
505.8458900613732
502.31638309066045
498.765755500133
495.1924234640089
491.59794782362974
487.9908187126061
484.37646361075315
480.763512307938
477.16084465509107
473.5740721310084
470.00548340670105
466.4672301938778
462.9625993326332
459.497440809403
456.0705585451063
452.6811505388425
449.3319026463804
446.024263350679
442.75698889843386
439.5220041444413
436.3333170487764
433.1963905566192
430.0905019438201
427.04283687617175
424.07678175254887
421.1720658032631
418.35736602296464
415.65829586655764
413.12774952820473
410.857251404049
409.0964314071712
408.0362356381824
407.7454786207684
408.0849233136538
408.914218362917
410.4588743550541
413.9595934688614
303.9485295332466
291.1399406577778
286.9727527864467
281.2423346087288
277.224871211213
271.3524928448874
267.4943433861114
262.5776234806907
258.5766185005698
253.1858021413028
248.6783398732236
243.8753228249042
238.714118976797
234.2905946998506
229.3870019911445
225.1636575083852
220.0160065185951
215.6905095519981
210.3361918073853
205.2325030907364
200.1240664891591
194.8312739671484
189.6246331864639
184.292081631391
178.9490183277115
173.5476939076743
168.1103379044735
162.6324048374741
157.1130109356594
151.5575867490884
145.9709287059044
140.3613961982653
134.7380557968202
129.1058869522937
123.4660420123216
117.8317460330108
112.2080453320576
106.6034462664576
101.0186590173396
95.45352250485838
89.91505157113258
84.40965091137149
78.9397414142572
73.49562674125197
68.09613390259977
62.7528729953495
57.43861231596308
52.18775496055476
47.03555547037667
41.92765482180054
36.88823638301626
31.94117011817656
27.13600484557251
22.58152317572768
18.5263145022414
15.6110306756882
13.52473946296148
12.07097558468191
10.8450586238348
9.224832207311696
0.0
243.1163407366561
287.003639628932
288.5986118735429
290.2098296671973
291.8337434051455
293.473665609396
295.1266272673257
296.7936149012819
298.4746781571769
300.1691002427138
301.8783907563542
303.5972105437568
305.3295437049234
307.0704747079412
308.8240478079705
310.5855216270647
312.3582157395721
314.1390177706714
315.9294472444748
317.7288688933527
319.5393714389252
321.3609141110044
323.1938821145413
325.0389154649391
326.8968717336617
328.7686891829862
330.6554175956595
332.5600186265348
334.4849368879703
336.4332319635177
338.4055349048487
340.4021161096727
342.4227888582709
344.4681851787147
346.5394413943794
348.635484160867
350.7545540005756
352.8939945429454
355.0518995277667
357.2276280339841
359.4168510752478
361.6146124393075
363.8172474841767
366.0263774031894
368.2371831461766
370.4435175612697
372.651889627857
374.855081915617
377.0412262821722
379.2444109814625
381.4691296399484
383.7171257483811
385.9917446826322
388.2757282283213
390.5701169049298
392.4252049624942
394.2207391578069
396.0139477289719
398.0691597390822
401.2340421477424
413.9595934688614
146.33362681571586
138.71801423386938
138.231673337506
135.26120015740105
135.7502560267747
132.73631435935698
133.40799663850032
131.4703389202022
131.6711810942429
129.5910372257105
129.4222859213315
128.5521707962153
127.35411515855269
127.40744041850101
126.0416627047751
126.180403742149
124.4041455457814
124.48261858946981
122.8343004549697
122.11999132860922
121.30220870520901
120.23893253283819
119.42553987359551
118.39968517436802
117.43912267575038
116.40919065593869
115.36088896807672
114.283324717445
113.178017779914
112.05123142116688
110.90587679961598
109.74829324229879
108.5843596212801
107.4202926768757
106.2580702902055
105.1058859229521
103.96493045185017
102.83868421481719
101.72737523002408
100.62892615851857
99.5421281978251
98.46582574775852
97.39845437403079
96.33492071407511
95.2780354534689
94.22767048874951
93.18111847679009
92.15181414378819
91.15293228983069
90.18992681492003
89.2719270325247
88.4063870483574
87.62426056538567
86.9949325466817
86.7460261268977
86.70059481483904
86.69020894714862
86.68216394155502
86.67816954791479
86.67611077442527
86.67497702358781
79.76457002377094
89.92280299301162
91.7370892874518
96.01753389246466
96.82389242553938
101.1275357533937
101.7397308709243
104.9590337251737
106.0394944629946
109.4012319332619
110.8546482423011
113.0075227168431
115.4916323384479
116.7230491319379
119.3772107873355
120.5259994213634
123.5928869103065
124.8053244991624
127.746749657212
129.7560334889096
131.8730818662616
134.2400734562562
136.3621935226746
138.7025936177979
140.9845229423441
143.3437109717496
145.7303255158879
148.1583863146476
150.6289536625291
153.1390526986481
155.6864566186757
158.2651485581828
160.8691067883421
163.4928070422621
166.1354858532517
168.7879536585071
171.4472998914318
174.1074290290382
176.766287342229
179.4254218025575
182.0817566242224
184.7315415072806
187.3727800384081
190.0124207195733
192.6428787686996
195.258197459079
197.8682943521288
200.4526589772062
202.9862380693615
205.499389337797
207.9871598381574
210.4430699191055
212.8393035031542
215.0888779678931
216.9657190454881
218.1933533222692
219.3333579966062
220.4974630417238
222.0184705936101
224.9331204545941
237.9695929547343
226.0981968394868
228.640817226881
229.9687626249578
231.2787340498657
232.5741484523141
233.8638501127507
235.1477275094246
236.4293726453759
237.7106755572375
238.9922691589724
240.2769341636326
241.5596935130584
242.8457474970006
244.1304895504389
245.4188734921106
246.7064031635124
247.9970324560879
249.2879430886322
250.5810501121817
251.8760248175188
253.1752905714706
254.4790059890944
255.7877333962701
257.1022787921659
258.4236456180945
259.7529016276883
261.0912144839646
262.4417110320926
263.8069714424431
265.190284119815
266.5923334182917
268.0134418004816
269.4534664096222
270.9130997191378
272.3935561434572
273.8938395814592
275.412230343282
276.9461132438554
278.4936625722531
280.0543479610761
281.6238848220475
283.1973672550391
284.7712344124389
286.3473414336484
287.9209142221685
289.4858679478285
291.0494128289189
292.6044731209944
294.1391703591922
295.689316152717
297.2590868706821
298.8494569674629
300.4635640685399
302.0838105145748
303.7117451723858
304.8939481371082
306.0235669437548
307.1796269832788
308.6966401415249
311.6092312290194
324.6445699783221
-3.8030023635342207
-0.24222462501448805
-1.48329566312305
0.2445272604971006
-1.5046280731389423
0.3357356970128393
-0.967472642597982
0.10095820169404768
-1.0386358872126933
-0.08400999593023517
-0.433919604046325
-0.5980851041012294
0.02690386303818093
-0.6814703045609536
0.06956447772092988
-0.8864793968118532
0.039464965206422065
-0.8229625618856045
-0.35609771623532005
-0.4081588929640452
-0.5307671674153144
-0.40557698873593606
-0.512075114368789
-0.4794641607137039
-0.513714923747804
-0.523281015086933
-0.5378933282738501
-0.5513418914482496
-0.5624698759310257
-0.5717396487942272
-0.5774225919617267
-0.5810107241151421
-0.5810731731610674
-0.5797093162170656
-0.5751299647041808
-0.5695179875715782
-0.561714311766198
-0.554705203465441
-0.5482796807611151
-0.5419942007030633
-0.5372160792811731
-0.5327554644074065
-0.5303717551142572
-0.5275183458052924
-0.5238004415316535
-0.5223596278106697
-0.5137472434459431
-0.49810307531047604
-0.4806360017082103
-0.4581542327939838
-0.43147863018382937
-0.39028436286639767
-0.3139694550023072
-0.12348832916357222
-0.02244072361434668
-0.0049487355727771964
-0.0034318408267041134
-0.0016748298109183768
-0.00041360153365310737
0.006043032396201298
0.0
-5.073424371305608
-0.9061265212769205
-2.137823777506739
-0.4027274277031474
-2.149410139643094
-0.3057545183969493
-1.607847507417791
-0.5396249383232132
-1.678985002926163
-0.7258937402066503
-1.075230885191982
-1.240662852821601
-0.6150183787125965
-1.325593581940182
-0.5737505992434142
-1.531725229926415
-0.6055394112947088
-1.469064366647989
-1.003516024043987
-1.057337911565282
-1.182169463499892
-1.059870914203747
-1.168888616470865
-1.139685994976247
-1.17827205589016
-1.191969944950824
-1.212669848067088
-1.233899304303022
-1.253642997044665
-1.272274535400159
-1.287901013060003
-1.300520000550843
-1.310379950090173
-1.319858594088746
-1.324747606009273
-1.328182965552554
-1.328573979196805
-1.327939279088938
-1.328077197920157
-1.326678947351371
-1.323407648272299
-1.319139261211014
-1.318341231576829
-1.313755060997768
-1.306193864885739
-1.303585892228031
-1.290734177185125
-1.265369868134853
-1.255167402900312
-1.2424912408449
-1.226578883960016
-1.196774074926764
-1.123526694950989
-0.9373688606050665
-0.613129239871807
-0.5693635414443722
-0.5814002223164794
-0.7596514872268112
-1.455691721514424
-6.510931330118011
0.0
1.270422007771387
0.6639018962624325
0.654528114383689
0.647254688200248
0.6447820665041518
0.6414902154097886
0.6403748648198089
0.6405831400172609
0.6403491157134696
0.6418837442764151
0.641311281145657
0.6425777487203717
0.6419222417507774
0.6441232773792285
0.6433150769643441
0.6452458331145619
0.6450043765011308
0.6461018047623845
0.647418307808667
0.6491790186012367
0.6514022960845777
0.654293925467811
0.6568135021020759
0.6602218342625431
0.664557132142356
0.6686889298638911
0.674776519793238
0.6825574128547723
0.6911731211136393
0.7005348866059318
0.7104784210982763
0.719509276435701
0.7293067769291055
0.7401492778716804
0.7496176413050923
0.7586649779809759
0.766859667430607
0.7732340756234969
0.779797517159042
0.7846847466483077
0.7861915689911259
0.7863837968036075
0.7879694764625719
0.7862367151924755
0.7823934233540855
0.7812262644173613
0.7769869337391819
0.767266792824377
0.7745314011921016
0.7843370080509162
0.7951002537761866
0.8064897120603662
0.8095572399486818
0.8138805314414943
0.5906885162574603
0.564414805871595
0.5779683814897753
0.7579766574158928
1.455278119980771
6.516974362514213
0.0
1.0
1.0
1.0
1.0
0.0
1.0
1.0
1.0
0.0
1.0
1.0
1.0
1.0
1.0
1.0
0.0
1.0
0.0
1.0
1.0
1.0
1.0
1.0
1.0
1.0
1.0
1.0
1.0
1.0
1.0
1.0
1.0
1.0
1.0
1.0
1.0
1.0
1.0
1.0
1.0
1.0
1.0
1.0
1.0
1.0
1.0
1.0
1.0
1.0
1.0
1.0
1.0
1.0
1.0
1.0
0.0
0.0
0.0
0.0
0.0
0.0
1.0
1.0
1.0
1.0
1.0
1.0
1.0
1.0
1.0
1.0
1.0
1.0
1.0
1.0
1.0
1.0
0.93
0.93
0.93
0.93
0.93
0.93
0.93
0.93
0.93
0.93
0.93
0.93
0.93
0.93
0.93
0.93
0.93
0.93
0.93
0.93
0.93
0.93
0.93
0.93
0.93
0.93
0.93
0.93
0.93
1.0
1.0
1.0
1.0
1.0
1.0
1.0
1.0
1.0
1.0
1.0
1.0
1.0
1.0
1.0
1.0
1.0
1.0
1.0
1.0
1.0
1.0
1.0
1.0
1.0
1.0
1.0
1.0
1.0
0.010097468370644165
0.009816689889038685
0.009539087963381503
0.009264680873884735
0.008993487328972604
0.008725526483150578
0.008460817955959224
0.008199381852099962
0.007941238782828755
0.007686409888723531
0.00743491686394232
0.007186781982101481
0.006942028123917656
0.006700678806772923
0.0064627582163808575
0.0062282912407518294
0.0059973035066793945
0.005769821418996649
0.005545872202882331
0.00532548394953202
0.0051086856655510205
0.004895507326473045
0.00468597993486439
0.00448013558353781
0.004278007524476275
0.0040796302441557806
0.003885039546061904
0.0036942726413197293
0.00350736824850598
0.0033243667038909018
0.0031453100835728996
0.0029702423392300083
0.002799209449530633
0.0026322595896366378
0.0024694433217146592
0.0023108138099723996
0.002156427064490604
0.0020063422190754634
0.0018606218495743846
0.0017193323406692587
0.0015825443112094917
0.0014503331108484969
0.0013227794043561881
0.0011999698648692905
0.0010819980040686795
0.0009689651766898318
0.0008609818102090343
0.0007581689301370447
0.0006606600806143843
0.0005686037849467616
0.00048216676199563387
0.0004015382316774203
0.0003269358447185323
0.0002586141381611274
0.00019687712777106893
0.00014209814156818259
9.475349981171763e-05
5.5486189397935375e-05
2.5248372382393763e-05
5.742478684382084e-06
0.0004
0.0004
0.0004
0.0004
0.0004
0.0004
0.0004
0.0004
0.0004
0.0004
0.0004
0.0004
0.0004
0.0004
0.0004
0.0004
0.0004
0.0004
0.0004
0.0004
0.0004
0.0004
0.0004
0.0004
0.0004
0.0004
0.0004
0.0004
0.0004
0.0004
0.0004
0.0004
0.0004
0.0004
0.0004
0.0004
0.0004
0.0004
0.0004
0.0004
0.0004
0.0004
0.0004
0.0004
0.0004
0.0004
0.0004
0.0004
0.0004
0.0004
0.0004
0.0004
0.0004
0.0004
0.0004
0.0004
0.0004
0.0004
0.0004
0.0004
1.7322297340509496e-42
7.561366308704624e-42
3.2998300505338577e-41
1.4397125187342174e-40
6.279847776911085e-40
2.738467500268162e-39
1.1938423932019386e-38
5.203108582763347e-38
2.266995050264513e-37
9.874271728639634e-37
4.29953146414337e-36
1.8715143427037444e-35
8.143577445120726e-35
3.5422649567255867e-34
1.5402240040818125e-33
6.694476415899044e-33
2.908516940467351e-32
1.2631085569134812e-31
5.482960595947378e-31
2.378951458094145e-30
1.0316728290477071e-29
4.471709151312355e-29
1.9371738305416854e-28
8.387152579401898e-28
3.6290903732284034e-27
1.5692912319555803e-26
6.781344287970086e-26
2.9283099488837713e-25
1.2635377117240762e-24
5.447639882999713e-24
2.346684151140806e-23
1.0099542011247964e-22
4.342317556457909e-22
1.8650194879458073e-21
8.00115343869465e-21
3.428394198469216e-20
1.4670828136543546e-19
6.26896051843375e-19
2.674596666428366e-18
1.1391478249474543e-17
4.842714838604314e-17
2.0544789891658218e-16
8.696050884211555e-16
3.671445674122287e-15
1.5456582645888835e-14
6.486227669397576e-14
2.711948856677923e-13
1.1291386817928242e-12
4.67842398008085e-12
1.9274059401311145e-11
7.886772021416647e-11
3.200825208310689e-10
1.2859660379853392e-09
5.100820824343008e-09
1.9897565737926862e-08
7.587512314849466e-08
2.800294557010474e-07
9.819527479310615e-07
3.1415115764051744e-06
8.105230393616113e-06
3.06e-07
3.06e-07
3.06e-07
3.06e-07
3.06e-07
3.06e-07
3.06e-07
3.06e-07
3.06e-07
3.06e-07
3.06e-07
3.06e-07
3.06e-07
3.06e-07
3.06e-07
3.06e-07
3.06e-07
3.06e-07
3.06e-07
3.06e-07
3.06e-07
3.06e-07
3.06e-07
3.06e-07
3.06e-07
3.06e-07
3.06e-07
3.06e-07
3.06e-07
3.06e-07
3.06e-07
3.06e-07
3.06e-07
3.06e-07
3.06e-07
3.06e-07
3.06e-07
3.06e-07
3.06e-07
3.06e-07
3.06e-07
3.06e-07
3.06e-07
3.06e-07
3.06e-07
3.06e-07
3.06e-07
3.06e-07
3.06e-07
3.06e-07
3.06e-07
3.06e-07
3.06e-07
3.06e-07
3.06e-07
3.06e-07
3.06e-07
3.06e-07
3.06e-07
3.06e-07
0.0
0.0
0.0
0.0
0.0
0.0
0.0
0.0
0.0
0.0
0.0
0.0
0.0
0.0
0.0
0.0
0.0
0.0
0.0
0.0
0.0
0.0
0.0
0.0
0.0
0.0
0.0
0.0
0.0
0.0
0.0
0.0
0.0
0.0
0.0
0.0
0.0
0.0
0.0
0.0
0.0
0.0
0.0
0.0
0.0
0.0
0.0
0.0
0.0
0.0
0.0
0.0
0.0
0.0
0.0
0.0
0.0
0.0
0.0
0.0
1.65e-06
1.65e-06
1.65e-06
1.65e-06
1.65e-06
1.65e-06
1.65e-06
1.65e-06
1.65e-06
1.65e-06
1.65e-06
1.65e-06
1.65e-06
1.65e-06
1.65e-06
1.65e-06
1.65e-06
1.65e-06
1.65e-06
1.65e-06
1.65e-06
1.65e-06
1.65e-06
1.65e-06
1.65e-06
1.65e-06
1.65e-06
1.65e-06
1.65e-06
1.65e-06
1.65e-06
1.65e-06
1.65e-06
1.65e-06
1.65e-06
1.65e-06
1.65e-06
1.65e-06
1.65e-06
1.65e-06
1.65e-06
1.65e-06
1.65e-06
1.65e-06
1.65e-06
1.65e-06
1.65e-06
1.65e-06
1.65e-06
1.65e-06
1.65e-06
1.65e-06
1.65e-06
1.65e-06
1.65e-06
1.65e-06
1.65e-06
1.65e-06
1.65e-06
1.65e-06
0.0
0.0
0.0
0.0
0.0
0.0
0.0
0.0
0.0
0.0
0.0
0.0
0.0
0.0
0.0
0.0
0.0
0.0
0.0
0.0
0.0
0.0
0.0
0.0
0.0
0.0
0.0
0.0
0.0
0.0
0.0
0.0
0.0
0.0
0.0
0.0
0.0
0.0
0.0
0.0
0.0
0.0
0.0
0.0
0.0
0.0
0.0
0.0
0.0
0.0
0.0
0.0
0.0
0.0
0.0
0.0
0.0
0.0
0.0
0.0
0.0
0.0
0.0
0.0
0.0
0.0
0.0
0.0
0.0
0.0
0.0
0.0
0.0
0.0
0.0
0.0
0.0
0.0
0.0
0.0
0.0
0.0
0.0
0.0
0.0
0.0
0.0
0.0
0.0
0.0
0.0
0.0
0.0
0.0
0.0
0.0
0.0
0.0
0.0
0.0
0.0
0.0
0.0
0.0
0.0
0.0
0.0
0.0
0.0
0.0
0.0
0.0
0.0
0.0
0.0
0.0
0.0
0.0
0.0
0.0
2
2
1
286.81304419127895
0.030407045265690158
0.0
0.0
54.0
5.7
1.0
2.0
3.0
4.0
5.0
6.0
7.0
8.0
9.0
10.0
11.0
12.0
13.0
14.0
15.0
16.0
17.0
18.0
19.0
20.0
21.0
22.0
23.0
24.0
25.0
26.0
27.0
28.0
29.0
30.0
31.0
32.0
33.0
34.0
35.0
36.0
37.0
38.0
39.0
40.0
41.0
42.0
43.0
44.0
45.0
46.0
47.0
48.0
49.0
50.0
51.0
52.0
53.0
54.0
55.0
56.0
57.0
58.0
59.0
60.0
0.5
0.0
0.0
0.0
0.0
0.0
0.0
0.0
0.0
0.0
0.0
0.0
0.0
0.0
0.0
0.0
0.0
0.0
0.0
0.0
0.0
0.0
0.0
0.0
0.0
0.0
0.0
0.0
0.0
0.0
0.0
0.0
0.0
0.0
0.0
0.0
0.0
0.0
0.0
0.0
0.0
0.0
0.0
0.0
0.0
0.0
0.0
0.0
0.0
0.0
0.0
0.0
0.0
0.0
0.0
0.0
0.0
0.0
0.0
0.0
3.0
0.0
0.0
0.0
0.0
0.0
0.0
0.0
0.0
0.0
0.0
0.0
0.0
0.0
0.0
0.0
0.0
0.0
0.0
0.0
0.0
0.0
0.0
0.0
0.0
0.0
0.0
0.0
0.0
0.0
0.0
0.0
0.0
0.0
0.0
0.0
0.0
0.0
0.0
0.0
0.0
0.0
0.0
0.0
0.0
0.0
0.0
0.0
0.0
0.0
0.0
0.0
0.0
0.0
0.0
0.0
0.0
0.0
0.0
0.0
0.5
0.0
0.0
0.0
0.0
0.0
0.0
0.0
0.0
0.0
0.0
0.0
0.0
0.0
0.0
0.0
0.0
0.0
0.0
0.0
0.0
0.0
0.0
0.0
0.0
0.0
0.0
0.0
0.0
0.0
0.0
0.0
0.0
0.0
0.0
0.0
0.0
0.0
0.0
0.0
0.0
0.0
0.0
0.0
0.0
0.0
0.0
0.0
0.0
0.0
0.0
0.0
0.0
0.0
0.0
0.0
0.0
0.0
0.0
0.0
0.0
