9.81
6.022e+23
0
0
0
3
0
1
285.86260861987336
2
2
0
0
1
1
0
1
60
7
1014.8
1.607


3
3
0
75.0
0
5.7
150.0
1000.0
287.04
9.81
79000.0
40.0
20000.0
0.0
0.0
0.0
0.0
0.0280134
0.04401
0.0319988
0.039948
0.01604
0.01801528
0.048
99000.0
2.1153802199668344e+29
0.8
1e-06
1000000.0
0.6
3.0
0.0001
1000
49
4.268512282523241
0
1
7
1.0
1
0
1
1
0.1
1000000000000.0
1
285.0579966645861
284.31859565055214
283.55683813002815
282.7740252045085
281.9715274567135
281.1481201902769
280.3051658668206
279.44164887287513
278.55730524465963
277.65074832482406
276.7271480499083
275.7813134195465
274.813656813052
273.82502103599506
272.8151791380582
271.78452781551164
270.733339065418
269.6591244738636
268.54052562139555
266.8642255838308
266.24218020327004
265.10987817299446
263.92604166315704
262.71168147912965
261.47018291064364
260.20010142107185
258.89838929548654
257.5618883167606
256.1900940180492
254.77984274177064
253.32946838095128
251.83693914194987
250.2979341907722
248.71031031233707
247.07030897742334
245.37336768676272
243.6171844806865
241.7979270499911
239.90840113432742
237.94514441880239
235.89856704369257
233.7647775719832
231.53083071089245
229.18717616389907
226.7204958854066
224.116979523269
221.3650986870167
218.4404163511778
215.3104305957242
211.95321452422564
211.20505566992696
212.28527945962483
214.7612166427505
218.70045685434192
224.53628093566869
232.8491656462192
243.49141306244016
256.17819070971166
271.58546566573904
290.43763397259727
1006.356725
989.4701749999999
972.583625
955.6970749999999
938.810525
921.9239749999999
905.037425
888.1508749999999
871.264325
854.3777749999999
837.491225
820.6046749999999
803.718125
786.8315749999999
769.945025
753.0584749999999
736.171925
719.2853749999999
702.398825
685.5122749999999
668.625725
651.7391749999999
634.852625
617.9660749999999
601.079525
584.1929749999999
567.306425
550.4198749999999
533.533325
516.6467749999999
499.76022499999993
482.87367499999993
465.987125
449.100575
432.21402499999994
415.32747499999994
398.440925
381.554375
364.66782499999994
347.78127499999994
330.894725
314.008175
297.12162499999994
280.23507499999994
263.348525
246.461975
229.57542499999994
212.68887499999994
195.802325
178.915775
162.02922499999994
145.14267499999994
128.256125
111.369575
94.48302499999994
77.59647499999994
60.709925
43.823375
26.936824999999942
10.050274999999957
70.98841832481497
214.00430027512715
359.1295483964737
506.42875982476926
655.9700849045104
807.8254993692838
962.0711365444384
1118.7871575984768
1278.0579559630905
1439.9741054789738
1604.6316795519501
1772.1313103893317
1942.5804339651577
2116.0936744203213
2292.7933420735767
2472.810294348781
2656.2837387922073
2843.354441292644
3033.980941046386
3228.5291105334813
3427.3960313265934
3630.5949507238884
3838.3272828987756
4050.8209946049456
4268.324336580639
4491.105484018497
4719.454193079435
4953.685680507732
5194.1438526110005
5441.20459918071
5695.280744164213
5956.825914359682
6226.340557649488
6504.379397999185
6791.5587047925665
7088.567473241815
7396.180426155817
7715.270302851788
8046.8268944696065
8391.978459687029
8752.02071800806
9128.450976521413
9523.010897170658
9937.746965337956
10375.087599839324
10837.954099700048
11329.899641175543
11855.294437915196
12419.627140413293
13034.323422503461
13717.681262772587
14492.681763291912
15391.481124378715
16463.702662201504
17792.119877423153
19524.283201759103
21959.28994091048
25894.283037277288
35524.460980568656
54964.779872378
3.519122223737253e+23
3.519122223737277e+23
3.519122223737277e+23
3.519122223737253e+23
3.519122223737253e+23
3.519122223737277e+23
3.519122223737277e+23
3.519122223737253e+23
3.519122223737253e+23
3.519122223737277e+23
3.519122223737277e+23
3.519122223737253e+23
3.519122223737253e+23
3.519122223737277e+23
3.519122223737277e+23
3.519122223737253e+23
3.519122223737253e+23
3.519122223737277e+23
3.519122223737277e+23
3.519122223737253e+23
3.519122223737253e+23
3.519122223737277e+23
3.519122223737277e+23
3.519122223737253e+23
3.519122223737253e+23
3.519122223737277e+23
3.519122223737277e+23
3.519122223737253e+23
3.519122223737253e+23
3.519122223737277e+23
3.519122223737277e+23
3.519122223737253e+23
3.519122223737253e+23
3.519122223737277e+23
3.519122223737277e+23
3.519122223737253e+23
3.519122223737253e+23
3.519122223737277e+23
3.519122223737277e+23
3.519122223737253e+23
3.519122223737253e+23
3.519122223737277e+23
3.519122223737277e+23
3.519122223737253e+23
3.519122223737253e+23
3.519122223737277e+23
3.519122223737277e+23
3.519122223737253e+23
3.519122223737253e+23
3.519122223737277e+23
3.519122223737277e+23
3.519122223737253e+23
3.519122223737253e+23
3.519122223737277e+23
3.519122223737277e+23
3.519122223737253e+23
3.519122223737253e+23
3.519122223737277e+23
3.519122223737277e+23
3.519122223737247e+23
-3.395133093215673
-3.0751774979462905
-2.7988232616170308
-2.559045747636967
-2.3484566573791774
-2.1704252899845766
-2.017418592233348
-1.8917484640114728
-1.7925518605355928
-1.7234540400489549
-1.6603573158516414
-1.6227219762694693
-1.606245635901619
-1.6046001931236715
-1.6158020971590406
-1.6350288871512382
-1.6577800629978976
-1.691184637365842
-1.826401162169802
-8.548024435192383
-2.0623057215742797
-1.952826266862415
-1.9518241497530158
-1.9650997533336343
-1.972405401928736
-1.9733727073170881
-1.9738895733812714
-1.9797401142168332
-1.9847025700378007
-1.9932072719069664
-2.0022012488986363
-2.0095177442445067
-2.0211849612766564
-2.0330329375655563
-2.046028905160995
-2.062933574055487
-2.074612997579454
-2.076551354013189
-2.075085028008779
-2.0577412656716536
-2.033832643360622
-1.9837527254516998
-1.920241572947717
-1.834372171587342
-1.7239313667900868
-1.5769314726569645
-1.356533728818299
-1.0607495024455906
-0.6947263167337604
-0.07614306408594565
0.004474380505797488
0.009985243247731508
0.01646490802577802
0.02192267751189711
0.02362366182082795
0.019769538869395337
0.013089176434195911
0.007413029719794158
0.003540249122764157
0.0011523862663461466
-3.395297800712882
-3.0753384381490605
-2.7990017595778625
-2.5592405636986086
-2.3486288226179113
-2.1706047843419753
-2.0175846081787085
-1.8919269010839628
-1.7927152351411166
-1.7236240664611984
-1.6605159506458307
-1.6228838631112552
-1.6064016201845988
-1.604752963306595
-1.615952800426598
-1.635177557831014
-1.6579291648734085
-1.6913255064853985
-1.8265317723260779
-8.548040614346093
-2.0624273336853207
-1.9529491188996815
-1.951941770881632
-1.9652196456898707
-1.972517536878513
-1.9734805652790044
-1.974002579312895
-1.9798312611162032
-1.9848207545799141
-1.993281713682478
-2.00231391767781
-2.0095790897516963
-2.0212757803076045
-2.0331033585803766
-2.04609947661271
-2.062945830666621
-2.0747180464887833
-2.076593726857908
-2.0751267565067906
-2.057784108705704
-2.033871364011503
-1.983786558652696
-1.920269833457695
-1.8343938175913195
-1.7239466193157966
-1.5769343457096738
-1.3565244161877104
-1.0607191842665884
-0.6946547456774113
-0.07595870587189779
0.004489829506098886
0.009871732269999711
0.016227743583385745
0.02155790931490742
0.023106103700087033
0.01928298372101267
0.012784681220523453
0.007227594484078281
0.0033410575319976488
0.00122530330318682
0.00021725732880270243
0.00021364210733473512
0.00021002688586676773
0.00020641166439880034
0.000202796442930833
0.00019918122146286564
0.0001955659999948983
0.00019195077852693091
0.00018833555705896358
0.00018472033559099622
0.00018110511412302885
0.00017748989265506152
0.00017387467118709413
0.0001702594497191268
0.00016664422825115943
0.00016302900678319206
0.00015941378531522473
0.00015579856384725737
0.00015218334237929
0.0001485681209113226
0.00014495289944335528
0.00014133767797538794
0.00013772245650742055
0.0001341072350394532
0.00013049201357148585
0.00012687679210351851
0.00012326157063555112
0.00011964634916758375
0.00011603112769961641
0.00011241590623164906
0.00010880068476368171
0.00010518546329571434
0.00010157024182774697
9.795502035977964e-05
9.433979889181226e-05
9.07245774238449e-05
8.710935595587755e-05
8.34941344879102e-05
7.987891301994284e-05
7.626369155197546e-05
7.264847008400812e-05
6.903324861604076e-05
6.54180271480734e-05
6.180280568010602e-05
5.818758421213868e-05
5.457236274417134e-05
5.0957141276203965e-05
4.73419198082366e-05
4.372669834026925e-05
4.01114768723019e-05
3.6496255404334533e-05
3.2881033936367164e-05
2.9265812468399814e-05
2.565059100043247e-05
2.2035369532465105e-05
1.8420148064497732e-05
1.4804926596530387e-05
1.118970512856304e-05
7.57448366059567e-06
3.959262192628301e-06
-16.886549999999943
-16.886550000000057
-16.886550000000057
-16.886549999999943
-16.886549999999943
-16.886550000000057
-16.886550000000057
-16.886549999999943
-16.886549999999943
-16.886550000000057
-16.886550000000057
-16.886549999999943
-16.886549999999943
-16.886550000000057
-16.886550000000057
-16.886549999999943
-16.886549999999943
-16.886550000000057
-16.886550000000057
-16.886549999999943
-16.886549999999943
-16.886550000000057
-16.886550000000057
-16.886549999999943
-16.886549999999943
-16.886550000000057
-16.886550000000057
-16.886549999999943
-16.886549999999943
-16.886550000000057
-16.886550000000057
-16.886549999999943
-16.886549999999943
-16.886550000000057
-16.886550000000057
-16.886549999999943
-16.886549999999943
-16.886550000000057
-16.886550000000057
-16.886549999999943
-16.886549999999943
-16.886550000000057
-16.886550000000057
-16.886549999999943
-16.886549999999943
-16.886550000000057
-16.886550000000057
-16.886549999999943
-16.886549999999943
-16.886550000000057
-16.886550000000057
-16.886549999999943
-16.886549999999943
-16.886550000000057
-16.886550000000057
-16.886549999999943
-16.886549999999943
-16.886550000000057
-16.886550000000057
-16.886549999999914
285.8622075294202
285.0529395605173
284.2318264751866
283.3985117319339
282.552615464904
281.69374062602486
280.8214637400056
279.9353403622281
279.03490109998955
278.1196532608715
277.1893342875063
276.2546153468428
275.29786886678943
274.3197210215358
273.32179437663416
272.3053448102887
271.26960112069685
270.2137475436337
269.13699511219187
268.040605446441
266.919145980039
265.77352254939956
264.60267829890984
263.40537396260584
262.18024998545945
260.9258358640829
259.6405449046679
258.32266058078824
256.97030594798525
255.58143741881096
254.15381343709058
252.68496936599905
251.17219849686222
249.61250243249526
248.00255571687566
246.33865833505072
244.61665575655425
242.8318706718311
240.97903116222017
239.05212552738797
237.04430331874158
234.94764378252822
232.75299837168933
230.44966068712682
228.02500719458214
225.46397745381122
222.7483290961699
219.90304973749312
216.87570508370328
213.63208825819146
211.57872729405577
211.74345863563124
213.52014974528768
216.7263551934933
221.61307351639897
228.6876981806455
238.16648751894917
249.8324286922226
263.88057430453546
281.0110076639789
299.8636779718392
1014.8
997.91345
981.0269
964.1403499999999
947.2538
930.36725
913.4807
896.5941499999999
879.7076
862.82105
845.9345
829.0479499999999
812.1614
795.27485
778.3883
761.5017499999999
744.6152
727.72865
710.8421
693.9555499999999
677.069
660.18245
643.2959
626.4093499999999
609.5228
592.63625
575.7497
558.8631499999999
541.9766
525.09005
508.20349999999996
491.3169499999999
474.43039999999996
457.54385
440.65729999999996
423.7707499999999
406.88419999999996
389.99765
373.11109999999996
356.2245499999999
339.33799999999997
322.45145
305.56489999999997
288.6783499999999
271.79179999999997
254.90525000000002
238.01869999999997
221.1321499999999
204.24559999999997
187.35905000000002
170.47249999999997
153.5859499999999
136.69939999999997
119.81285000000003
102.92629999999997
86.03974999999991
69.15319999999997
52.26665000000003
35.38009999999997
18.493549999999914
1.607
0.0
141.97683664962994
286.03176390062436
432.22733289232303
580.6301867572155
731.3099830518053
884.3410156867624
1039.8012574021145
1197.7730577948391
1358.342854131342
1521.6053568266059
1687.6580022772946
1856.6046185013688
2028.5562494289466
2203.631099411696
2381.9555847354573
2563.665003962105
2748.9024736223096
2937.806408962979
3130.1554731297924
3326.9027479371703
3527.889314716016
3733.30058673176
3943.3539790657906
4158.288010144101
4378.360663017178
4603.850305019817
4835.058081139052
5072.313279876413
5315.974425345588
5566.434773015832
5824.126715312593
6089.525113406773
6363.156001892203
6645.6027941061675
6937.514615478965
7239.620331004664
7552.74052130697
7877.8000843966065
8215.853704542607
8568.10321483145
8935.93822118467
9320.963731858159
9725.058062483158
10150.435868192752
10599.739331485895
11076.168867914199
11583.63041443689
12126.9584613935
12712.295819433086
13356.351025573835
14079.011499971339
14906.352026612485
15876.610222144947
17050.795102258056
18533.44465258825
20515.121750929957
23403.458130891
28385.10794366358
42663.814017473735
56942.520091283775
390.8936070498774
388.89518732567757
386.73252491335313
384.45729451274826
382.11142263865423
379.721484369593
377.3023141297016
374.8608730053347
372.4115050581795
369.95871664711615
367.5049816932817
365.05889684785836
362.61295087663126
360.173645196715
357.74646508648897
355.33713584270083
352.9464180437816
350.57810291836864
348.23267054502446
345.8993097045449
382.28236287899836
380.16982761615014
377.9299596920727
375.7000450831746
373.5018484773156
371.3435210620802
369.22707323601196
367.1496912590628
365.1106187722803
363.1139212435632
361.15832965639504
359.24590535909556
357.3766468054214
355.5513810435767
353.7711746474792
352.03981117155803
350.35825339927084
348.7264418875839
347.1486986301142
345.62389393562654
344.1558396916694
342.7580743104223
341.42912336799776
340.1631991543051
338.9623587538642
337.83027104786504
336.76309076664353
335.7723426108858
334.85370737560186
333.9956231103468
333.3143133694533
333.1812293337975
333.5089560616051
334.21999450369805
335.29490788922516
336.7603517790385
338.5018200949698
340.4458547185958
343.0600179330727
347.53192005257546
354.1316983771918
378.6471213350708
376.3295186157204
373.8399532618579
371.2318630048238
368.5481251975828
365.8159149461389
363.0504713660108
360.2590353348726
357.4561592698378
354.6464997869848
351.8326235170148
349.0231935666868
346.2107474719821
343.4018102159543
340.6018693777187
337.8166327205897
335.0468303732398
332.296188491551
329.5651076191281
326.8426830300848
318.9187630721682
316.6616916804778
314.20642190583
311.7136738353837
309.2170706055741
306.7320500029853
304.2655726791423
301.8187019079308
299.3933938699196
296.9957482646304
294.626127011364
292.2879136078215
289.9821908158572
287.7107393195566
285.4754773728534
283.280845991946
281.1283537189235
279.0184438784257
276.9558327895952
274.9398027534498
272.9744941591572
271.0737039639325
269.2362326380996
267.456559888672
265.7369478607142
264.0812486417251
262.4858650079743
260.9624656543592
259.5068641609782
258.1077728740124
256.8815065119245
256.1996636877387
255.9751005506932
256.1309475134833
256.6498268885462
257.5655816327986
258.7878007428227
260.3299723337933
262.9331679695243
268.425555568215
277.6276420853289
12.24648571480665
12.56566870995713
12.89257165149527
13.22543150792442
13.5632974410714
13.90556942345411
14.2518427636908
14.60183767046214
14.95534578834168
15.31221686013132
15.67235817626695
16.03570328117157
16.40220340464918
16.77183498076067
17.1445957087703
17.52050312211111
17.89958767054178
18.28191442681763
18.66756292589634
19.05662667446014
63.36359980683017
63.50813593567233
63.72353778624273
63.98637124779087
64.2847778717415
64.61147105909488
64.96150055686965
65.33098935113205
65.7172249023607
66.11817297893282
66.532202645031
66.95799175127406
67.39445598956414
67.84064172402012
68.29569727462581
68.75896517961199
69.22989968034732
69.70799800915817
70.19286584051902
70.68409118217674
71.18134553251224
71.68437034648979
72.1928907298982
72.70663926563311
73.22541089314997
73.74902240613991
74.27722575866919
74.80987695652658
75.3468432146237
75.88785023633436
76.43280685752879
76.98156564605883
77.53385551091189
78.08904699021475
78.64508100067896
79.19477014623985
79.71401935214708
80.1158823848025
80.12684996354844
79.10636448436048
76.50405629186291
492.53929782971375
487.145580304801
481.90757945432756
476.8333472941447
471.9282348563522
467.1896677646731
462.5998927404396
458.1408670078942
453.7995721596548
449.5540685134504
445.3767094931548
441.2701086970857
437.2012788627472
433.1555715626464
429.1236384891139
425.09835644489897
421.07246108814877
417.04621679786237
413.0094589180328
408.8495663052274
436.68457886533463
432.50961626880087
428.3167992258239
424.13494284604417
419.9715265944952
415.84068164238136
411.7507532510342
407.6993686947723
403.68046494687337
399.6989466635765
395.75007336272574
391.8353351477484
387.9564975043225
384.1099559621703
380.2966462074924
376.5191832549585
372.77467965200486
369.0681500938289
365.41381310950135
361.8138816585069
358.2880433058441
354.8564065605856
351.5436690595083
348.3574750123579
345.3222407943255
342.46620646901073
339.82209184207966
337.4748192701341
335.4954648505837
333.9427258396511
333.18545739288567
333.056863186736
333.3944616468137
334.12172783248997
335.218199127332
336.7067491208454
338.4675004204977
340.42431972534416
343.0457105343052
347.52095371134
354.1219573392596
317.5895023727132
310.7035579904093
303.9706840116861
297.3994188540511
290.9957808381872
284.7580224283554
278.6694883976373
272.7135896978872
266.8785048000178
261.1434823628464
255.4823291852637
249.898709187067
244.3602979921677
238.8528026758255
233.3667215134918
227.8941087102832
222.4257178664159
216.9594460030042
211.4803669548147
205.8650621545077
185.6765183617807
179.5488260554581
173.3959260981198
167.2475809448022
161.1135999607555
155.0104169807594
148.9490696430274
142.9263875348048
136.9382717353736
130.9935706927684
125.092092739994
119.2405505454659
113.44604972075
107.7082251810932
102.0311639468265
96.42292918859538
90.88742520873126
85.43617928812539
80.08748608232578
74.84479244741432
69.7282673199234
64.7578720869782
59.95933266777483
55.34089186444773
50.93445616655584
46.77619851943212
42.89850590788837
39.38823577168554
36.31552324147484
33.72786794674226
31.98839965312963
30.93250294069982
30.39010672328053
30.2709198296321
30.53326192494342
31.17345611557416
31.9555956048459
32.46775467082988
32.01905401845871
27.87746359851376
0.0
174.9497954570006
176.4420223143917
177.9368954426415
179.4339284400936
180.932454018165
182.4316453363177
183.9304043428023
185.427277310007
186.921067359637
188.410586150604
189.8943803078911
191.3713995100187
192.8409808705795
194.3027688868209
195.7569169756221
197.2042477346158
198.6467432217329
200.0867707948582
201.5290919632181
202.9845041507197
251.0080605035539
252.9607902133428
254.9208731277041
256.887361901242
258.8579266337397
260.830264661622
262.8016836080068
264.7729811599675
266.7421932114998
268.7053759708081
270.6579806227317
272.5947846022825
274.5104477835725
276.4017307810771
278.2654822606659
280.0962540663631
281.8872544432736
283.6319708057035
285.3263270271756
286.9690892110926
288.5597759859207
290.0985344736074
291.5843363917335
293.0165831479102
294.3877846277697
295.6900079495786
296.9235859341913
298.0865834984486
299.1799416091088
300.2148578929088
301.197057739756
302.1243602460362
303.0043549235331
303.8508080028579
304.6849372023886
305.5332930052713
306.5119048156518
307.9565650545143
311.0266565158465
319.6434901128262
354.1219573392596
101.64569077983637
98.25039297912349
95.17505454097443
92.37605278139657
89.81681221769796
87.46818339508005
85.29757861073807
83.27999400255936
81.3880671014754
79.59535186633428
77.87172779987309
76.21121184922725
74.588327986116
72.9819263659314
71.3771734026248
69.76122060219821
68.1260430443672
66.46811387949379
64.77678837300839
62.95025660068231
54.402215986336216
52.339788652650896
50.386839533751214
48.43489776286958
46.46967811717971
44.4971605803012
42.523680015022194
40.5496774357093
38.569846174593096
36.58502542001318
34.5917437063307
32.58942978865289
30.579850698901197
28.558574918593592
26.525471560013216
24.479372083400506
22.416426252733885
20.3417082062451
18.265114479387194
16.189987722880403
14.1322036141747
12.098332250163196
10.1145456915105
8.194275858052805
6.3598820404614855
4.635935421145689
3.059001075436015
1.7024766592483047
0.6417574749817163
-0.05289727069569494
-0.12885597656759273
-0.12436614706149385
-0.11449441479149414
-0.09826667120810839
-0.07670876189320097
-0.05360265819311394
-0.03431967447210127
-0.021534993251577816
-0.014307398767499535
-0.010966341235501886
-0.009741037932315066
61.05761896235753
65.62596062531111
69.86926925017178
73.83244415077263
77.55234435939565
81.05789251778356
84.38098296837342
87.54544563698545
90.57765446982
93.50301742413842
96.35029433175102
99.12448437961984
101.8504494798144
104.5490075401288
107.235147864227
109.9225240103065
112.6211125068239
115.3367424885468
118.0847406643134
120.9776208755772
133.2422447103875
137.1128656250196
140.8104958077102
144.4660928905815
148.1034706448185
151.7216330222259
155.3165030361149
158.8923143731261
162.455122134546
166.002177571862
169.53403427137
173.0473630623556
176.5361410951072
180.0025141384633
183.4443134260269
186.8579168033506
190.2409285101923
193.5822645903003
196.8683467072694
200.0950103060355
203.2462268392338
206.3158318769544
209.2768999703248
212.1156680242243
214.8024916941583
217.305050122293
219.587359100086
221.5742298826737
223.1913409195033
224.3799049272701
224.8931068587948
225.2671607470389
225.5849938274127
225.8600276838512
226.1165649636028
226.3921255172245
226.8322051379768
227.8622176629634
230.9141139510656
240.5480919697012
277.6276420853289
162.7033097421939
163.8763536044346
165.0443237911462
166.2084969321692
167.3691565770936
168.5260759128636
169.6785615791115
170.8254396395448
171.9657215712954
173.0983692904727
174.2220221316241
175.3356962288471
176.4387774659304
177.5309339060602
178.6123212668518
179.6837446125047
180.7471555511911
181.8048563680406
182.8615290373218
183.9278774762595
187.6444606967237
189.4526542776705
191.1973353414614
192.9009906534511
194.5731487619982
196.2187936025271
197.8401830511371
199.4419918088354
201.0249683091391
202.5872029918752
204.1257779777007
205.6367928510085
207.1159917940084
208.5610890570569
209.9697849860401
211.3372888867511
212.6573547629262
213.9239727965454
215.1334611866566
216.2849980289159
217.3784304534085
218.4141641271176
219.3914456618353
220.3099438822771
221.1623737346198
221.9409855434387
222.646360175522
223.276706541922
223.833098394485
224.3270076565744
224.7642508822272
225.1427945999774
225.4704994126212
225.7617610126431
226.0398562017096
226.3385228590314
226.7978854635047
227.8406826697118
230.8998065522981
240.5371256284657
277.6179010473966
-1.6954988203831984
-1.5353537763212284
-1.3976868031689706
-1.277941295613648
-1.1724117796138733
-1.0838429009041821
-1.0074197402359593
-0.9443251650249193
-0.8951140610753089
-0.8606090897649195
-0.8287628506335363
-0.8102997784792846
-0.8020701981684294
-0.8009289737220927
-0.8068448115509004
-0.8161333372567849
-0.8278123683418508
-0.8444920426460906
-0.9117017307668964
-4.268446162223121
-1.0296764210259344
-0.9744956335925357
-0.9745176098997579
-0.9811557538349259
-0.9843190915883334
-0.9852922981582255
-0.9855571446963559
-0.988003630058585
-0.9909685215683685
-0.9951992528693037
-0.9992688468079862
-1.003351338624738
-1.009200326053656
-1.0146981930526846
-1.0216146385703697
-1.030038386472501
-1.035554255802512
-1.0368780217320452
-1.0361575878320173
-1.0271845855859913
-1.015577446275517
-0.9905754432616618
-0.9585931997910284
-0.9159891310952297
-0.8606125276465187
-0.7874346936696288
-0.6773690673655799
-0.5294831177684975
-0.34683389909380313
-0.037844520307930285
0.002434330896933179
0.004999488700016208
0.008166242344054886
0.010907876645446096
0.011603130806293577
0.009727624057737805
0.006913903425197598
0.004255301071274031
0.003702378675276563
0.01941293025403823
0.0
-2.281610984849461
-2.119276596385104
-1.979366705738958
-1.857865677465725
-1.750809763411065
-1.65968314874508
-1.580458144013512
-1.51440533387776
-1.461042265155202
-1.422042996914768
-1.385540520886785
-1.361455069649725
-1.347766907102688
-1.341564997208879
-1.342182215713078
-1.347782108149457
-1.356293301644059
-1.372459261315775
-1.444819095164976
-6.125439498861351
-1.933141574902052
-1.846743143393363
-1.825750146513841
-1.816650691303288
-1.807053770125484
-1.795420640121802
-1.785901981113855
-1.779407479804607
-1.77154014448599
-1.763949292116152
-1.75469571987267
-1.742434097646073
-1.731244157468297
-1.718971049349008
-1.704888893661544
-1.689610200304922
-1.668795739660045
-1.641199719363081
-1.611523755120947
-1.57384249871014
-1.533082481550739
-1.478874827491179
-1.417793337950379
-1.341906287217513
-1.24987691839318
-1.139875608862907
-0.9923220585252032
-0.807649378607648
-0.5936159981878495
-0.2563133957138511
-0.1868173449600427
-0.1587384440638787
-0.1373628144200373
-0.1281248905376785
-0.1376258678795672
-0.2197932140364016
-0.5144291003012572
-1.524238029747796
-4.811590659553636
-18.51899772364998
0.0
0.5861121644662624
0.5839228200638757
0.5816799025699871
0.579924381852077
0.5783979837971919
0.5758402478408979
0.5730384037775528
0.5700801688528409
0.5659282040798931
0.5614339071498486
0.5567776702532488
0.5511552911704404
0.5456967089342587
0.5406360234867863
0.5353374041621777
0.531648770892672
0.5284809333022082
0.5279672186696843
0.5331173643980796
1.85699333663823
0.9034651538761175
0.8722475098008273
0.8512325366140832
0.8354949374683621
0.8227346785371507
0.8101283419635765
0.8003448364174991
0.7914038497460218
0.7805716229176215
0.7687500392468483
0.7554268730646838
0.7390827590213352
0.7220438314146412
0.7042728562963235
0.6832742550911743
0.6595718138324212
0.633241483857533
0.6043216976310356
0.5753661672889296
0.5466579131241486
0.5175050352752218
0.4882993842295172
0.4592001381593506
0.4259171561222832
0.3892643907466612
0.3524409151932782
0.3149529911596232
0.2781662608391504
0.2467820990940464
0.2184688754059208
0.1892516758569759
0.1637379327638949
0.1455290567640922
0.1390327671831246
0.1492289986858608
0.2295208380941394
0.5213430037264548
1.52849333081907
4.815293038228913
18.53841065390402
0.0
1.0
1.0
1.0
1.0
1.0
1.0
1.0
1.0
1.0
1.0
1.0
1.0
1.0
1.0
1.0
1.0
1.0
1.0
1.0
1.0
1.0
1.0
1.0
1.0
1.0
1.0
1.0
1.0
1.0
1.0
1.0
1.0
1.0
1.0
1.0
1.0
1.0
1.0
1.0
1.0
1.0
1.0
1.0
1.0
1.0
1.0
1.0
1.0
1.0
1.0
0.0
0.0
0.0
0.0
0.0
0.0
0.0
0.0
0.0
0.0
0.0
1.0
1.0
1.0
1.0
1.0
1.0
1.0
1.0
1.0
1.0
1.0
1.0
1.0
1.0
1.0
1.0
0.9299999999999999
0.9299999999999999
0.9299999999999999
0.9299999999999999
0.9299999999999999
0.9299999999999999
0.9299999999999999
0.9299999999999999
0.9299999999999999
0.9299999999999999
0.9299999999999999
0.9299999999999999
0.9299999999999999
0.9299999999999999
0.9299999999999999
0.9299999999999999
0.9299999999999999
0.9299999999999999
0.9299999999999999
0.9299999999999999
0.9299999999999999
0.9299999999999999
0.9299999999999999
0.9299999999999999
0.9299999999999999
0.9299999999999999
0.9299999999999999
0.9299999999999999
0.9299999999999999
1.0
1.0
1.0
1.0
1.0
1.0
1.0
1.0
1.0
1.0
1.0
1.0
1.0
1.0
1.0
1.0
1.0
1.0
1.0
1.0
1.0
1.0
1.0
1.0
1.0
1.0
1.0
1.0
1.0
0.018569944021908553
0.017354625733319473
0.016199962778740504
0.015103902605346694
0.014064427991185208
0.013079557045175244
0.012147343207108124
0.0112658752476472
0.010433277268327924
0.009647708701557805
0.008907364310616455
0.008210474189655528
0.007555303763698776
0.00694015378864201
0.0063633603512531275
0.005823294869172097
0.0053183640909109636
0.004847010095853838
0.004407710294256919
0.003998977427248466
0.0036193595668288303
0.0032674401158704226
0.0029418378081177378
0.0026412067081873357
0.0023642362115678657
0.0021096510446200374
0.001876211264576645
0.0016627122595425502
0.0014679847484946953
0.0012908947812820945
0.0011303437386258385
0.00098526833211909
0.0008546406042270896
0.0007374679282871497
0.0006327930085086591
0.0005396938799730824
0.0004572839086339571
0.0003847117913168961
0.00032116155571958687
0.0002658525604117926
0.00021803949483535035
0.00017701237930417178
0.00014209656500424397
0.00011265273399362851
8.807689920246192e-05
6.780040443295502e-05
5.12899243593938e-05
3.804746452813904e-05
2.7610361357626142e-05
1.9551282138365252e-05
1.3478225032941378e-05
9.034519076014297e-06
5.898824174318526e-06
3.7851311066633407e-06
2.442761523932813e-06
1.656367949085788e-06
1.2459337771558657e-06
1.066773275251422e-06
1.0095315825556058e-06
1.0001847103263362e-06
0.000348
0.000348
0.000348
0.000348
0.000348
0.000348
0.000348
0.000348
0.000348
0.000348
0.000348
0.000348
0.000348
0.000348
0.000348
0.000348
0.000348
0.000348
0.000348
0.000348
0.000348
0.000348
0.000348
0.000348
0.000348
0.000348
0.000348
0.000348
0.000348
0.000348
0.000348
0.000348
0.000348
0.000348
0.000348
0.000348
0.000348
0.000348
0.000348
0.000348
0.000348
0.000348
0.000348
0.000348
0.000348
0.000348
0.000348
0.000348
0.000348
0.000348
0.000348
0.000348
0.000348
0.000348
0.000348
0.000348
0.000348
0.000348
0.000348
0.000348
1.3857837872407597e-41
6.049093046963699e-41
2.639864040427086e-40
1.1517700149873739e-39
5.023878221528868e-39
2.1907740002145296e-38
9.550739145615509e-38
4.162486866210678e-37
1.8135960402116105e-36
7.899417382911707e-36
3.439625171314696e-35
1.4972114741629955e-34
6.51486195609658e-34
2.8338119653804694e-33
1.23217920326545e-32
5.355581132719236e-32
2.3268135523738807e-31
1.010486845530785e-30
4.3863684767579024e-30
1.903161166475316e-29
8.253382632381657e-29
3.577367321049884e-28
1.5497390644333483e-27
6.709722063521518e-27
2.9032722985827227e-26
1.2554329855644642e-25
5.4250754303760685e-25
2.342647959107017e-24
1.010830169379261e-23
4.35811190639977e-23
1.877347320912645e-22
8.079633608998371e-22
3.4738540451663274e-21
1.4920155903566458e-20
6.40092275095572e-20
2.7427153587753726e-19
1.1736662509234837e-18
5.015168414747e-18
2.139677333142693e-17
9.113182599579635e-17
3.874171870883451e-16
1.6435831913326574e-15
6.956840707369244e-15
2.9371565392978293e-14
1.2365266116711068e-13
5.188982135518061e-13
2.1695590853423383e-12
9.033109454342593e-12
3.74273918406468e-11
1.5419247521048916e-10
6.309417617133317e-10
2.560660166648551e-09
1.0287728303882713e-08
4.080656659474406e-08
1.591805259034149e-07
6.070009851879573e-07
2.240235645608379e-06
7.855621983448492e-06
2.5132092611241395e-05
6.48418431489289e-05
3.06e-07
3.06e-07
3.06e-07
3.06e-07
3.06e-07
3.06e-07
3.06e-07
3.06e-07
3.06e-07
3.06e-07
3.06e-07
3.06e-07
3.06e-07
3.06e-07
3.06e-07
3.06e-07
3.06e-07
3.06e-07
3.06e-07
3.06e-07
3.06e-07
3.06e-07
3.06e-07
3.06e-07
3.06e-07
3.06e-07
3.06e-07
3.06e-07
3.06e-07
3.06e-07
3.06e-07
3.06e-07
3.06e-07
3.06e-07
3.06e-07
3.06e-07
3.06e-07
3.06e-07
3.06e-07
3.06e-07
3.06e-07
3.06e-07
3.06e-07
3.06e-07
3.06e-07
3.06e-07
3.06e-07
3.06e-07
3.06e-07
3.06e-07
3.06e-07
3.06e-07
3.06e-07
3.06e-07
3.06e-07
3.06e-07
3.06e-07
3.06e-07
3.06e-07
3.06e-07
0.0
0.0
0.0
0.0
0.0
0.0
0.0
0.0
0.0
0.0
0.0
0.0
0.0
0.0
0.0
0.0
0.0
0.0
0.0
0.0
0.0
0.0
0.0
0.0
0.0
0.0
0.0
0.0
0.0
0.0
0.0
0.0
0.0
0.0
0.0
0.0
0.0
0.0
0.0
0.0
0.0
0.0
0.0
0.0
0.0
0.0
0.0
0.0
0.0
0.0
0.0
0.0
0.0
0.0
0.0
0.0
0.0
0.0
0.0
0.0
1.65e-06
1.65e-06
1.65e-06
1.65e-06
1.65e-06
1.65e-06
1.65e-06
1.65e-06
1.65e-06
1.65e-06
1.65e-06
1.65e-06
1.65e-06
1.65e-06
1.65e-06
1.65e-06
1.65e-06
1.65e-06
1.65e-06
1.65e-06
1.65e-06
1.65e-06
1.65e-06
1.65e-06
1.65e-06
1.65e-06
1.65e-06
1.65e-06
1.65e-06
1.65e-06
1.65e-06
1.65e-06
1.65e-06
1.65e-06
1.65e-06
1.65e-06
1.65e-06
1.65e-06
1.65e-06
1.65e-06
1.65e-06
1.65e-06
1.65e-06
1.65e-06
1.65e-06
1.65e-06
1.65e-06
1.65e-06
1.65e-06
1.65e-06
1.65e-06
1.65e-06
1.65e-06
1.65e-06
1.65e-06
1.65e-06
1.65e-06
1.65e-06
1.65e-06
1.65e-06
0.0
0.0
0.0
0.0
0.0
0.0
0.0
0.0
0.0
0.0
0.0
0.0
0.0
0.0
0.0
0.0
0.0
0.0
0.0
0.0
0.0
0.0
0.0
0.0
0.0
0.0
0.0
0.0
0.0
0.0
0.0
0.0
0.0
0.0
0.0
0.0
0.0
0.0
0.0
0.0
0.0
0.0
0.0
0.0
0.0
0.0
0.0
0.0
0.0
0.0
0.0
0.0
0.0
0.0
0.0
0.0
0.0
0.0
0.0
0.0
0.0
0.0
0.0
0.0
0.0
0.0
0.0
0.0
0.0
0.0
0.0
0.0
0.0
0.0
0.0
0.0
0.0
0.0
0.0
0.0
0.0
0.0
0.0
0.0
0.0
0.0
0.0
0.0
0.0
0.0
0.0
0.0
0.0
0.0
0.0
0.0
0.0
0.0
0.0
0.0
0.0
0.0
0.0
0.0
0.0
0.0
0.0
0.0
0.0
0.0
0.0
0.0
0.0
0.0
0.0
0.0
0.0
0.0
0.0
0.0
2
2
1
285.8622075294202
-0.009741037932315066
0.0
0.0
49.0
5.7
1.0
2.0
3.0
4.0
5.0
6.0
7.0
8.0
9.0
10.0
11.0
12.0
13.0
14.0
15.0
16.0
17.0
18.0
19.0
20.0
21.0
22.0
23.0
24.0
25.0
26.0
27.0
28.0
29.0
30.0
31.0
32.0
33.0
34.0
35.0
36.0
37.0
38.0
39.0
40.0
41.0
42.0
43.0
44.0
45.0
46.0
47.0
48.0
49.0
50.0
51.0
52.0
53.0
54.0
55.0
56.0
57.0
58.0
59.0
60.0
0.0
0.0
0.0
0.0
0.0
0.0
0.0
0.0
0.0
0.0
0.0
0.0
0.0
0.0
0.0
0.0
0.0
0.0
0.0
0.66
0.0
0.0
0.0
0.0
0.0
0.0
0.0
0.0
0.0
0.0
0.0
0.0
0.0
0.0
0.0
0.0
0.0
0.0
0.0
0.0
0.0
0.0
0.0
0.0
0.0
0.0
0.0
0.0
0.0
0.0
0.0
0.0
0.0
0.0
0.0
0.0
0.0
0.0
0.0
0.0
0.0
0.0
0.0
0.0
0.0
0.0
0.0
0.0
0.0
0.0
0.0
0.0
0.0
0.0
0.0
0.0
0.0
0.0
0.0
3.0
0.0
0.0
0.0
0.0
0.0
0.0
0.0
0.0
0.0
0.0
0.0
0.0
0.0
0.0
0.0
0.0
0.0
0.0
0.0
0.0
0.0
0.0
0.0
0.0
0.0
0.0
0.0
0.0
0.0
0.0
0.0
0.0
0.0
0.0
0.0
0.0
0.0
0.0
0.0
0.0
0.0
0.0
0.0
0.0
0.0
0.0
0.0
0.0
0.0
0.0
0.0
0.0
0.0
0.0
0.0
0.0
0.0
0.0
0.0
0.5
0.0
0.0
0.0
0.0
0.0
0.0
0.0
0.0
0.0
0.0
0.0
0.0
0.0
0.0
0.0
0.0
0.0
0.0
0.0
0.0
0.0
0.0
0.0
0.0
0.0
0.0
0.0
0.0
0.0
0.0
0.0
0.0
0.0
0.0
0.0
0.0
0.0
0.0
0.0
0.0
0.0
