9.81
6.022e+23
0
0
0
3
0
1
280.0660180930981
2
2
0
0
1
1
0
1
60
7
1014.8
1.607


3
3
0
75.0
0
5.7
150.0
1000.0
287.04
9.81
79000.0
40.0
20000.0
0.0
0.0
0.0
0.0
0.0280134
0.04401
0.0319988
0.039948
0.01604
0.01801528
0.048
99000.0
2.1153802199668344e+29
0.8
1e-06
1000000.0
0.6
3.0
0.0001
1000
49
6.081160467639161
0
1
7
1.0
1
0
1
1
0.02
1000000000000.0
1
279.55009992987874
278.81226967421605
278.02879304346243
277.2204114043265
276.3937071938815
275.5505169854378
274.69203169745737
273.8188812812001
272.9308935008278
272.02752374110304
271.10783088963933
270.1725333064578
269.2214878617046
268.2535583665061
267.2683057328499
266.2647980769646
265.24223655755947
264.1977714376834
263.11255209404874
261.43046165382685
260.8493889906939
259.7378875855672
258.57977236485084
257.3923433262091
256.17705573497085
254.93293722045107
253.6552271050918
252.34424711298342
250.9999410336182
249.61711675447984
248.19511563597698
246.7341990282122
245.22977409832473
243.67788067818208
242.07789853673808
240.42554750216652
238.7164300704907
236.94442543180668
235.10312421587238
233.18774939455554
231.19350008320754
229.110307937336
226.92850615507515
224.63915945802378
222.22494451619124
219.66964640452213
216.959450731003
214.06939956165306
210.96670885540337
207.61667447535558
204.59220966293228
203.35017043567834
202.93283118624774
203.16344968490384
204.1113034930361
206.3658842187152
211.06978882567
219.23994235081832
230.87608034669853
252.2763018386627
1006.356725
989.4701749999999
972.583625
955.6970749999999
938.810525
921.9239749999999
905.037425
888.1508749999999
871.264325
854.3777749999999
837.491225
820.6046749999999
803.718125
786.8315749999999
769.945025
753.0584749999999
736.171925
719.2853749999999
702.398825
685.5122749999999
668.625725
651.7391749999999
634.852625
617.9660749999999
601.079525
584.1929749999999
567.306425
550.4198749999999
533.533325
516.6467749999999
499.76022499999993
482.87367499999993
465.987125
449.100575
432.21402499999994
415.32747499999994
398.440925
381.554375
364.66782499999994
347.78127499999994
330.894725
314.008175
297.12162499999994
280.23507499999994
263.348525
246.461975
229.57542499999994
212.68887499999994
195.802325
178.915775
162.02922499999994
145.14267499999994
128.256125
111.369575
94.48302499999994
77.59647499999994
60.709925
43.823375
26.936824999999942
10.050274999999957
69.61353631910005
209.85026460130882
352.1355463814582
496.5311758316447
643.104537767776
791.9275727945349
943.0767888151369
1096.633227118297
1252.6824821333091
1411.314842079176
1572.626052728119
1736.718006531139
1903.6986889838358
2073.682618944931
2246.791490645811
2423.1547078455515
2602.9094400678987
2786.1950282110365
2972.953937163192
3163.551078986403
3358.3889095016884
3557.4708365437264
3760.99592384515
3969.1873292367
4182.287491012039
4400.55769675149
4624.281014939323
4853.767116300061
5089.353068711105
5331.406763179862
5580.33387434004
5836.581146026643
6100.640231277257
6373.056846631762
6654.439143251933
6945.465835017253
7246.897257210192
7559.58886236043
7884.510265986148
8222.769181972766
8575.636278749344
8944.57749233545
9331.300872220181
9737.809791849439
10166.474767237058
10620.14192826486
11102.26889019399
11617.105509117268
12169.969298129101
12768.604903844063
13426.698938533886
14163.745903782712
15005.33975999105
15989.729199881594
17180.44704117732
18696.358547906362
20791.174638792632
24144.539069969447
32463.263385402446
54964.779872378
3.519122223737253e+23
3.519122223737277e+23
3.519122223737277e+23
3.519122223737253e+23
3.519122223737253e+23
3.519122223737277e+23
3.519122223737277e+23
3.519122223737253e+23
3.519122223737253e+23
3.519122223737277e+23
3.519122223737277e+23
3.519122223737253e+23
3.519122223737253e+23
3.519122223737277e+23
3.519122223737277e+23
3.519122223737253e+23
3.519122223737253e+23
3.519122223737277e+23
3.519122223737277e+23
3.519122223737253e+23
3.519122223737253e+23
3.519122223737277e+23
3.519122223737277e+23
3.519122223737253e+23
3.519122223737253e+23
3.519122223737277e+23
3.519122223737277e+23
3.519122223737253e+23
3.519122223737253e+23
3.519122223737277e+23
3.519122223737277e+23
3.519122223737253e+23
3.519122223737253e+23
3.519122223737277e+23
3.519122223737277e+23
3.519122223737253e+23
3.519122223737253e+23
3.519122223737277e+23
3.519122223737277e+23
3.519122223737253e+23
3.519122223737253e+23
3.519122223737277e+23
3.519122223737277e+23
3.519122223737253e+23
3.519122223737253e+23
3.519122223737277e+23
3.519122223737277e+23
3.519122223737253e+23
3.519122223737253e+23
3.519122223737277e+23
3.519122223737277e+23
3.519122223737253e+23
3.519122223737253e+23
3.519122223737277e+23
3.519122223737277e+23
3.519122223737253e+23
3.519122223737253e+23
3.519122223737277e+23
3.519122223737277e+23
3.519122223737247e+23
-2.1775463157342756
-1.9178356468001672
-1.8015344837617344
-1.7395866288732151
-1.7025880427637636
-1.6810540270311616
-1.6681154185006535
-1.6591540618952243
-1.652853724778451
-1.649332817920177
-1.6502528974999158
-1.650140822994133
-1.6469980918623692
-1.6428651460675716
-1.6366671939358253
-1.6292248939067095
-1.6206093838336066
-1.619499730341836
-1.706857594898938
-12.17761675793372
-1.986256318580554
-1.8880364199559867
-1.8796843918789983
-1.882888100308817
-1.8854259173514922
-1.8853326854503558
-1.8958319686484528
-1.9081129527758922
-1.9143017475233757
-1.9274646050293611
-1.9406219425835194
-1.9419171000215096
-1.9389105917736984
-1.935190314228439
-1.918738306012329
-1.8912912592164122
-1.8531188062381638
-1.8094761262464543
-1.764088756374021
-1.710467124300616
-1.638303206429191
-1.554826497842841
-1.4597444205305388
-1.3425710937227904
-1.2193950000546654
-1.090181389915089
-0.9300450039664951
-0.7420746954418367
-0.536684437924553
-0.27385463649727626
-0.02426149819089194
-0.033819073109206496
-0.03212451251899328
-0.021264354600943666
-0.00494839692630467
0.011233938263069277
0.02004021707153723
0.018018492266238063
0.010645171357884758
0.004010474153441434
-2.177604194724381
-1.9178918849622164
-1.8015869974975942
-1.7396400270445014
-1.7026408070992858
-1.6811048601216925
-1.6681635248642124
-1.6592072518868122
-1.6529034711438868
-1.6493787151970025
-1.6503020569167006
-1.650188968644386
-1.6470452017173045
-1.6429116281734935
-1.6367135495267178
-1.6292711554086168
-1.620656108139002
-1.6195459575570794
-1.7069056884298845
-12.177636960193212
-1.9863075577870006
-1.8880877279275126
-1.87973728175308
-1.88285197901439
-1.88545434345221
-1.8853619213643071
-1.8958609962436128
-1.9081416556088868
-1.9143302230172026
-1.9274932312765998
-1.9406493338802022
-1.9419450594317027
-1.9389388722350134
-1.9352174073522974
-1.9187649110504879
-1.8913185986150154
-1.8531469360761719
-1.8095047243258193
-1.7641178193061933
-1.7104978131947064
-1.6383357821628977
-1.5548613191878928
-1.459782792613396
-1.342613864956519
-1.2194448377298954
-1.0902418733650165
-0.9301225772176736
-0.7421845937524267
-0.5368731678368874
-0.27433456894391384
-0.02373189455437341
-0.03312821030888813
-0.03153835713780495
-0.020915536741711094
-0.004934967209692331
0.010924756172698835
0.019544932671408333
0.01756848679448808
0.010388717974393558
0.0039368147885738836
6.090828661352058e-05
5.989475603871418e-05
5.888122546390776e-05
5.786769488910134e-05
5.685416431429494e-05
5.5840633739488534e-05
5.4827103164682115e-05
5.3813572589875695e-05
5.280004201506929e-05
5.1786511440262884e-05
5.077298086545647e-05
4.975945029065006e-05
4.8745919715843646e-05
4.7732389141037234e-05
4.671885856623083e-05
4.5705327991424416e-05
4.4691797416618e-05
4.367826684181159e-05
4.266473626700518e-05
4.165120569219877e-05
4.063767511739236e-05
3.962414454258595e-05
3.8610613967779535e-05
3.759708339297312e-05
3.658355281816672e-05
3.557002224336031e-05
3.455649166855389e-05
3.354296109374747e-05
3.252943051894107e-05
3.151589994413467e-05
3.0502369369328252e-05
2.9488838794521836e-05
2.8475308219715424e-05
2.7461777644909018e-05
2.6448247070102602e-05
2.543471649529619e-05
2.4421185920489784e-05
2.340765534568337e-05
2.239412477087696e-05
2.1380594196070543e-05
2.0367063621264137e-05
1.9353533046457728e-05
1.8340002471651312e-05
1.73264718968449e-05
1.631294132203849e-05
1.5299410747232085e-05
1.428588017242567e-05
1.3272349597619257e-05
1.225881902281285e-05
1.124528844800644e-05
1.0231757873200024e-05
9.21822729839361e-06
8.204696723587203e-06
7.191166148780796e-06
6.177635573974381e-06
5.164104999167966e-06
4.150574424361559e-06
3.1370438495551512e-06
2.1235132747487366e-06
1.1099826999423218e-06
-16.886549999999943
-16.886550000000057
-16.886550000000057
-16.886549999999943
-16.886549999999943
-16.886550000000057
-16.886550000000057
-16.886549999999943
-16.886549999999943
-16.886550000000057
-16.886550000000057
-16.886549999999943
-16.886549999999943
-16.886550000000057
-16.886550000000057
-16.886549999999943
-16.886549999999943
-16.886550000000057
-16.886550000000057
-16.886549999999943
-16.886549999999943
-16.886550000000057
-16.886550000000057
-16.886549999999943
-16.886549999999943
-16.886550000000057
-16.886550000000057
-16.886549999999943
-16.886549999999943
-16.886550000000057
-16.886550000000057
-16.886549999999943
-16.886549999999943
-16.886550000000057
-16.886550000000057
-16.886549999999943
-16.886549999999943
-16.886550000000057
-16.886550000000057
-16.886549999999943
-16.886549999999943
-16.886550000000057
-16.886550000000057
-16.886549999999943
-16.886549999999943
-16.886550000000057
-16.886550000000057
-16.886549999999943
-16.886549999999943
-16.886550000000057
-16.886550000000057
-16.886549999999943
-16.886549999999943
-16.886550000000057
-16.886550000000057
-16.886549999999943
-16.886549999999943
-16.886550000000057
-16.886550000000057
-16.886549999999914
280.0659056470305
279.27231133299273
278.4672069446133
277.650259120699
276.82109676888115
275.97932279462714
275.1245141695761
274.2562217319923
273.37397077292013
272.4772602248212
271.56556186953725
270.6383124234232
269.6949135961828
268.73473264346245
267.7570967946263
266.76129150607244
265.7465561185493
264.71208755873766
263.6571004137175
262.5830359966831
261.48429299693294
260.3618847288089
259.2147590286537
258.0416987335726
256.84137700719003
255.61235688933377
254.3530966617603
253.06191106199248
251.73695510624788
250.37623120450658
248.97754298930406
247.53846213728053
246.05632409207678
244.52818856542353
242.9507746770354
241.32043038395358
239.63307039091077
237.8841121709541
236.06838609219807
234.18000816962092
232.2122344499506
230.15732326636797
228.01950290819852
225.78392888583647
223.43214863582352
220.94739333226073
218.3146487247684
215.5145299450376
212.51817062080664
209.29182561575826
206.10732314666632
203.9779221674553
203.14915774094993
203.05435116186936
203.64043671175375
205.23788312968958
208.71422669325287
215.15046912703875
225.05469956059466
241.5744940393306
262.9762440595555
1014.8
997.91345
981.0269
964.1403499999999
947.2538
930.36725
913.4807
896.5941499999999
879.7076
862.82105
845.9345
829.0479499999999
812.1614
795.27485
778.3883
761.5017499999999
744.6152
727.72865
710.8421
693.9555499999999
677.069
660.18245
643.2959
626.4093499999999
609.5228
592.63625
575.7497
558.8631499999999
541.9766
525.09005
508.20349999999996
491.3169499999999
474.43039999999996
457.54385
440.65729999999996
423.7707499999999
406.88419999999996
389.99765
373.11109999999996
356.2245499999999
339.33799999999997
322.45145
305.56489999999997
288.6783499999999
271.79179999999997
254.90525000000002
238.01869999999997
221.1321499999999
204.24559999999997
187.35905000000002
170.47249999999997
153.5859499999999
136.69939999999997
119.81285000000003
102.92629999999997
86.03974999999991
69.15319999999997
52.26665000000003
35.38009999999997
18.493549999999914
1.607
0.0
139.2270726382001
280.4734565644176
423.7976361984988
569.2647154647906
716.9443600707615
866.9107855183082
1019.2427921119655
1174.0236621246286
1331.3413021419897
1491.2883820163624
1653.9637234398756
1819.4722896224025
1987.9250883452692
2159.440149544593
2334.1428317470286
2512.166583944075
2693.652296191723
2878.7377602303504
3067.170114096034
3259.9320438767713
3456.845775126606
3658.0958979608463
3863.895949729454
4074.4787087439463
4290.096273280133
4511.019120222847
4737.542909655797
4969.991322944325
5208.714814477887
5454.098711881837
5706.569036798242
5966.593255255043
6234.68720729947
6511.426485964053
6797.451800539813
7093.479869494693
7400.31464492569
7718.863079795169
8050.157452177125
8395.380911768409
8755.891645730278
9133.26333894062
9529.33840549974
9946.281178199139
10386.668356274977
10853.615500254744
11350.922280133234
11883.288738101302
12456.649858156901
13080.559949531225
13772.837927536548
14554.653880028876
15456.025639953223
16523.432759809966
17837.461322544674
19555.255773268047
22027.093504317214
26261.98463562168
38664.54213518321
51067.09963474464
363.85121070638405
362.9564920383493
361.7482998760931
360.3899888907909
358.9411632431707
357.43184355100567
355.8837303219505
354.30765978040944
352.7114153004385
351.1027000836533
349.4849933984079
347.86058644541134
346.2345860378643
344.6108292655626
342.992769515573
341.3832630346524
339.78511821874565
338.19969011098704
336.6287371377002
335.0623186299102
378.0872047883331
376.7138957114579
375.2359775444764
373.76014801347435
372.30558750425007
370.87866956127186
369.4822008461197
368.1125529820265
366.7695632416319
365.45735019807586
364.18498564827496
362.9574106429399
361.7712826025721
360.62501992286593
359.51376130502746
358.4411033803183
357.4094358708243
356.4206709685582
355.47338411688196
354.56615085585133
353.70051939784463
352.878346936952
352.1009455143813
351.3622485957124
350.6610531527825
350.0023479565187
349.3830660262893
348.8049659193569
348.2671016887064
347.7624166895223
347.31373469680744
347.03214737027025
347.04218970124725
347.25171257942196
347.6217766979885
348.17495975213563
348.89424855834307
349.749231583168
350.63267179237204
351.7984443436874
354.1246649807726
348.857985612676
347.5674867966249
345.9580604626327
344.1940792517597
342.3356832522376
340.4132185496223
338.4485991610629
336.4528017040081
334.4336993683763
332.3990466908354
330.3523537227649
328.2959145308567
326.2348150780308
324.1728542073241
322.1134309055082
320.0593264960038
318.0132637758672
315.976497965015
313.9506712413886
311.9257096632432
303.1683063294537
301.5060306238592
299.6867685699259
297.8332322528213
295.9731331093613
294.1181322277419
292.2745698137126
290.4415054672564
288.6207675194054
286.8179869811177
285.0433808310939
283.3028716688271
281.5939290302438
279.9156485105311
278.2637622190523
276.6423780965289
275.054304092798
273.5017856808265
271.9837069445793
270.4989100687833
269.0491330551477
267.6364179812162
266.2622385227562
264.9206890926054
263.6106865404104
262.3373201274659
261.0976619764069
259.8935521708614
258.724113990223
257.5824543637405
256.4915013518906
255.5624880465236
254.9201421738805
254.4726251478558
254.1816598660339
254.0717553991581
254.1321399742985
254.3541358844585
254.7006224875344
255.6117144038502
258.2262958388614
14.9932250937081
15.38900524172441
15.79023941346037
16.19590963903121
16.60547999093312
17.01862500138337
17.43513116088765
17.85485807640132
18.27771593206217
18.7036533928179
19.13263967564294
19.56467191455464
19.9997709598335
20.43797505823849
20.87933861006479
21.32393653864859
21.77185444287845
22.22319214597201
22.67806589631163
23.13660896666701
74.9188984588794
75.2078650875987
75.54920897455048
75.92691576065307
76.33245439488877
76.76053733352992
77.20763103240712
77.67104751477014
78.14879572222654
78.63936321695813
79.14160481718108
79.65453897411284
80.17735357232826
80.7093714123348
81.24999908597516
81.79872528378938
82.35513177802632
82.91888528773171
83.48967717230266
84.06724078706804
84.65138634269694
85.24192895573582
85.83870699162507
86.44155950310697
87.05036661237203
87.6650278290528
88.28540404988242
88.91141374849548
89.54298769848346
90.17996232578182
90.82223334491687
91.46965932374665
92.12204752736676
92.77908743156617
93.44011683195458
94.10320435297756
94.76210858404457
95.39509569870955
95.93204930483765
96.18672993983722
95.89836914191118
457.07817552160907
454.00585265885
450.8797686116314
447.7198706288317
444.5314049541671
441.3194444549028
438.0902263657258
434.8459922993205
431.59054056746277
428.3289218795337
425.0618364790913
421.7871274691782
418.5109380929866
415.2401361189675
411.9791647408045
408.7329447103573
405.5055287390419
402.2994445231441
399.1089455923003
395.8356213960804
426.6828705943101
423.3232539596479
419.9572480647389
416.6016812519837
413.26426876374506
409.9518964773147
406.6700658407982
403.40455698046145
400.15342558445786
396.92688231788463
393.7270245368071
390.5588001975919
387.4307270977923
384.3455255458512
381.29904952066045
378.3076266849007
375.3846405767919
372.5427287384495
369.78593716244745
367.11458608211063
364.53845681090934
362.07794856785364
359.7456858260949
357.5472061148128
355.5033968069264
353.62524677293266
351.91572296933845
350.4075002851882
349.12745146078544
348.0858932937643
347.3628767321056
347.05755751101395
347.0344716316821
347.21245615271897
347.56160473454383
348.10985282148124
348.8400663838614
349.7145943413577
350.61560303735615
351.791764306646
354.1219217585198
242.8892461631282
238.5373630713532
234.1343439274501
229.7000889155377
225.2398006358581
220.7585711979618
216.2626341218566
211.7543340085801
207.2376970689741
202.7181614514306
198.1964369016703
193.6704235714424
189.1465630504599
184.6319089999905
180.130919349909
175.6484873626777
171.1881695934894
166.751281658906
162.3294960318146
157.8185669053183
132.8790428314193
127.9114111172463
122.9450320055503
117.998801564222
113.0825017421151
108.2051354281131
103.3746528433275
98.57808436266264
93.81532248269798
89.09894054654751
84.4335067508092
79.82542484764372
75.28431270640972
70.81233288145658
66.40424466396712
62.0769693111299
57.84542096950822
53.7243984990007
49.72026560453406
45.83601907990112
42.08385793968655
38.48496754541987
35.05292211119078
31.790424058605
28.71570514013334
25.83934461878816
23.16468865057542
20.72081835488876
18.53050734433764
16.59639355742448
14.99422690707401
13.81836346384266
12.92834744617728
12.23676052213452
11.70672167306204
11.35927916704793
11.15326202969701
10.97515301640625
10.44073757183025
8.925129268321067
0.0
214.1889293584809
215.4684895874968
216.7454246841813
218.019781713294
219.291604318309
220.560873256941
221.8275922438692
223.0916582907404
224.3528434984887
225.6107604281031
226.865399577421
228.1167038977358
229.3643750425267
230.608227118977
231.8482453908955
233.0844573476796
234.3173591455525
235.5481628642381
236.7794495604857
238.0170544907621
293.8038277628908
295.4118428424016
297.0122160591886
298.6028796877617
300.18176702163
301.7467610492016
303.2954129974707
304.8264726177988
306.3381031017599
307.8279417713371
309.2935177859979
310.7333753499482
312.1464143913826
313.5331926643946
314.8948048566933
316.2306573737708
317.5392196072837
318.8183302394488
320.0656715579134
321.2785670022095
322.4545988712228
323.5929810224338
324.6927637149042
325.7567820562078
326.787691666793
327.7859021541445
328.751034318763
329.6866819302994
330.5969441164478
331.4894997363398
332.3686498250316
333.2391940471713
334.1061241855048
334.9756956305844
335.8548830614818
336.7505736544333
337.6868043541644
338.7394413249515
340.1748654655259
342.8666350383249
354.1219217585198
93.22696481522499
91.04936062050061
89.13146873553839
87.3298817380408
85.5902417109963
83.88760090389701
82.20649604377532
80.5383325189111
78.87912526702429
77.2262217958804
75.5768430806834
73.9265410237667
72.27635205512232
70.62930685340501
68.98639522523152
67.3496816757048
65.72041052029618
64.09975441215718
62.4802084546001
60.77330276617022
48.595665805977006
46.609358248190006
44.72127052026249
42.84153323850941
40.95868125949502
39.07322691604281
37.187864994678506
35.29200399843489
33.383862342826006
31.469532119808804
29.542038888532204
27.601389554652002
25.6594444952203
23.720505622985286
21.78528821563299
19.8665233045825
17.975204705967485
16.122057769891313
14.312553045565494
12.5484352262593
10.837937413064594
9.199601630901697
7.644740311713804
6.184957519100408
4.842343654143889
3.6228988164139935
2.532656943048977
1.6025343658313034
0.8603497720788766
0.3234766042419892
0.04914203529807537
0.02541014074370196
-0.00771806956518617
-0.03925642670299112
-0.060171963444702214
-0.06510693065439455
-0.05418217448169571
-0.03463724181028738
-0.017068755015799297
-0.00668003704140574
-0.002743222252831856
105.9687394495478
109.0301237252717
111.8237165351826
114.493990336222
117.0958826163796
119.6546473516606
122.1859650392063
124.698467695428
127.1960022994022
129.6808852394048
132.1559168210946
134.6254909594144
137.0882520275709
139.5409452073335
141.9825115555992
144.4108391333262
146.8250941823779
149.2252163061089
151.621175209574
154.1071427579249
170.2892634980344
173.5946195066129
176.7417365643756
179.8344306885993
182.8906313672462
185.9129967996288
188.8999169703851
191.8634211045937
194.8054450367074
197.7190464345702
200.6098740802847
203.4774468211834
206.309616323834
209.1033156290745
211.8595175550852
214.5654087853989
217.2088831232898
219.7773871818258
222.2634413400452
224.6628909888821
226.9652751154612
229.1514504357963
231.2093164115654
233.1302650340004
234.894981400277
236.4979755086777
237.9329733258315
239.1727338159726
240.1936066458854
240.986060806316
241.4972744448166
241.7441245826809
241.9917947277032
242.2358646257213
242.4749381929719
242.7124762321101
242.9788779446015
243.3789828680522
244.2598849157041
246.6865851355291
258.2262958388614
199.1957042647728
200.0794843457723
200.955185270721
201.8238720742628
202.6861243273759
203.5422482555576
204.3924610829816
205.2368002143391
206.0751275664265
206.9071070352852
207.732759901778
208.5520319831811
209.3646040826932
210.1702520607385
210.9689067808307
211.760520809031
212.5455047026741
213.3249707182661
214.1013836641741
214.8804455240951
218.8849293040114
220.2039777548029
221.4630070846381
222.6759639271087
223.8493126267412
224.9862237156716
226.0877819650636
227.1554251030286
228.1893073795334
229.188578554379
230.1519129688169
231.0788363758354
231.9690608190543
232.8238212520598
233.6448057707182
234.4319320899814
235.1840878292573
235.8994449517171
236.5759943856107
237.2113262151414
237.8032125285258
238.351052066698
238.8540567232792
239.3152225531008
239.7373250544209
240.1208743250917
240.4656302688805
240.7752681818039
241.0539564179643
241.309537410558
241.5464164801147
241.7695347234246
241.984076658138
242.1966081990183
242.4147662295272
242.6473693014557
242.9246957701198
243.3443456262419
244.2428161606883
246.6799050984877
258.2235526166086
-1.0873953877976088
-0.9574272574113321
-0.8996006735457182
-0.8686632578393032
-0.8499322593798961
-0.8394310148843118
-0.8329688383666802
-0.8282488428915076
-0.8253499706052456
-0.8235909027862277
-0.8238108969287707
-0.8239983358667285
-0.8224296751643148
-0.8201302773105698
-0.8172725998810395
-0.813324615778662
-0.8092554404344194
-0.8087016314867137
-0.8521013828129114
-6.081149755184867
-0.9917624085954997
-0.9423475215356261
-0.9385593747381503
-0.9401233364005254
-0.9410942221824964
-0.9413920507726835
-0.9466428620702808
-0.9524774039627695
-0.9558815545630694
-0.9624632664493873
-0.9687672586550731
-0.9696965106030154
-0.9682025853238014
-0.9661080530508798
-0.9581411816430008
-0.9444407845157413
-0.9251723611498377
-0.9035956462264418
-0.8809363240082129
-0.8539903354774923
-0.8181342498731423
-0.7764532541818403
-0.7288395909051008
-0.6704655312638818
-0.6088446393074868
-0.5444372729203775
-0.4644747576735838
-0.37053511503496706
-0.268081815655967
-0.136963574942159
-0.011739522193797189
-0.016500268070056903
-0.0157066565953079
-0.010335436382231403
-0.0024156330942635
0.005514779469348696
0.009974288364429484
0.008963999364569042
0.005702826134374117
0.007819145776645442
0.0
-1.528976707013877
-1.395231029670455
-1.333640626403602
-1.299488183194365
-1.277948577052797
-1.264240432996415
-1.254843460239917
-1.247367821386852
-1.241049078695516
-1.236128919696824
-1.233403256061992
-1.230000538648998
-1.22497223594123
-1.219415055055244
-1.21280308806251
-1.205774709193547
-1.198716165844863
-1.196636888550798
-1.241590775115018
-8.081992802377957
-1.650825865142263
-1.571795058112174
-1.544614086952097
-1.52638781307719
-1.50948914935031
-1.491786380106234
-1.480091482887376
-1.469363418160106
-1.455168077454708
-1.443793962534812
-1.432179540892611
-1.41449775979004
-1.395284217661104
-1.376556539508799
-1.351429382998492
-1.320255911769962
-1.28281278130088
-1.241634031517868
-1.198380305215607
-1.149901934250114
-1.091862648131809
-1.02777987332655
-0.9593979175903893
-0.8813693334480543
-0.800598824740992
-0.7166948149706228
-0.6191855516908602
-0.5098643741452182
-0.3957830326244143
-0.2553203633315234
-0.1232867477338778
-0.1236962918261144
-0.1218981857038119
-0.1194028199881652
-0.1186359163572237
-0.1330515794236984
-0.1998282650005034
-0.4399574149188177
-1.211990320993101
-5.763389134446941
0.0
0.4415813192162681
0.4378037722591231
0.4340399528578839
0.4308249253550618
0.4280163176729008
0.4248094181121032
0.4218746218732368
0.4191189784953444
0.4156991080902703
0.4125380169105962
0.4095923591332213
0.4060022027822695
0.4025425607769153
0.3992847777446743
0.3955304881814705
0.3924500934148849
0.3894607254104436
0.3879352570640843
0.3894893923021065
2.000843047193091
0.6590634565467632
0.629447536576548
0.6060547122139467
0.5862644766766646
0.5683949271678136
0.5503943293335506
0.5334486208170951
0.5168860141973366
0.4992865228916386
0.4813306960854246
0.4634122822375379
0.4448012491870247
0.4270816323373026
0.4104484864579193
0.3932882013554912
0.3758151272542206
0.3576404201510424
0.3380383852914261
0.3174439812073941
0.2959115987726217
0.2737283982586667
0.2513266191447096
0.2305583266852885
0.2109038021841726
0.1917541854335052
0.1722575420502453
0.1547107940172764
0.1393292591102512
0.1277012169684473
0.1183567883893644
0.1115472255400806
0.1071960237560575
0.106191529108504
0.1090673836059338
0.1162202832629602
0.1385663588930471
0.2098025533649329
0.4489214142833867
1.217693147127475
5.771208280223586
0.0
1.0
1.0
1.0
1.0
1.0
1.0
1.0
1.0
1.0
1.0
1.0
1.0
1.0
1.0
1.0
1.0
1.0
1.0
1.0
1.0
1.0
1.0
1.0
1.0
1.0
1.0
1.0
1.0
1.0
1.0
1.0
1.0
1.0
1.0
1.0
1.0
1.0
1.0
1.0
1.0
1.0
1.0
1.0
1.0
1.0
1.0
1.0
1.0
1.0
1.0
0.0
0.0
0.0
0.0
0.0
0.0
0.0
0.0
0.0
0.0
0.0
1.0
1.0
1.0
1.0
1.0
1.0
1.0
1.0
1.0
1.0
1.0
1.0
1.0
1.0
1.0
1.0
0.9299999999999999
0.9299999999999999
0.9299999999999999
0.9299999999999999
0.9299999999999999
0.9299999999999999
0.9299999999999999
0.9299999999999999
0.9299999999999999
0.9299999999999999
0.9299999999999999
0.9299999999999999
0.9299999999999999
0.9299999999999999
0.9299999999999999
0.9299999999999999
0.9299999999999999
0.9299999999999999
0.9299999999999999
0.9299999999999999
0.9299999999999999
0.9299999999999999
0.9299999999999999
0.9299999999999999
0.9299999999999999
0.9299999999999999
0.9299999999999999
0.9299999999999999
0.9299999999999999
1.0
1.0
1.0
1.0
1.0
1.0
1.0
1.0
1.0
1.0
1.0
1.0
1.0
1.0
1.0
1.0
1.0
1.0
1.0
1.0
1.0
1.0
1.0
1.0
1.0
1.0
1.0
1.0
1.0
0.003507656093027171
0.003278095971849234
0.0030599929693176505
0.002852959381009931
0.0026566141761127614
0.0024705829974219903
0.0022944981613426457
0.0021279986578889155
0.0019707301506841635
0.0018223449769609187
0.001682502147560886
0.001550867346934933
0.0014271129331431022
0.001310917937854602
0.001201968066347813
0.0010999556975102849
0.0010045798838387375
0.0009155463514390581
0.0008325675000263068
0.0007553624029247102
0.000683656807067668
0.0006171831329977465
0.0005556804748666838
0.0004988946004353856
0.0004465779510739302
0.0003984896417615626
0.0003543954610866996
0.0003140678712469261
0.000277286008048998
0.00024383568090884005
0.00021350937285154726
0.00018610624051138363
0.0001614321141317836
0.0001392994975653505
0.00011952756827385783
0.0001019421773282489
8.637584940863634e-05
7.26677828043026e-05
6.066384941369974e-05
5.0216594744449715e-05
4.118523791334395e-05
3.343567164634356e-05
2.6840462278579417e-05
2.127884975435205e-05
1.6636747627131696e-05
1.280674305955817e-05
9.68809682344105e-06
7.186743299759597e-06
5.2152904786627154e-06
3.693019959468992e-06
2.5458869506667047e-06
1.7065202699138116e-06
1.1142223440379437e-06
7.149692090364088e-07
4.6141051007619797e-07
3.1286950149398216e-07
2.3534304679610798e-07
2.0150161865860194e-07
1.9068929892716998e-07
1.8892377861719682e-07
0.000348
0.000348
0.000348
0.000348
0.000348
0.000348
0.000348
0.000348
0.000348
0.000348
0.000348
0.000348
0.000348
0.000348
0.000348
0.000348
0.000348
0.000348
0.000348
0.000348
0.000348
0.000348
0.000348
0.000348
0.000348
0.000348
0.000348
0.000348
0.000348
0.000348
0.000348
0.000348
0.000348
0.000348
0.000348
0.000348
0.000348
0.000348
0.000348
0.000348
0.000348
0.000348
0.000348
0.000348
0.000348
0.000348
0.000348
0.000348
0.000348
0.000348
0.000348
0.000348
0.000348
0.000348
0.000348
0.000348
0.000348
0.000348
0.000348
0.000348
1.7322297340509496e-42
7.561366308704624e-42
3.2998300505338577e-41
1.4397125187342174e-40
6.279847776911085e-40
2.738467500268162e-39
1.1938423932019386e-38
5.203108582763347e-38
2.266995050264513e-37
9.874271728639634e-37
4.29953146414337e-36
1.8715143427037444e-35
8.143577445120726e-35
3.5422649567255867e-34
1.5402240040818125e-33
6.694476415899044e-33
2.908516940467351e-32
1.2631085569134812e-31
5.482960595947378e-31
2.378951458094145e-30
1.0316728290477071e-29
4.471709151312355e-29
1.9371738305416854e-28
8.387152579401898e-28
3.6290903732284034e-27
1.5692912319555803e-26
6.781344287970086e-26
2.9283099488837713e-25
1.2635377117240762e-24
5.447639882999713e-24
2.346684151140806e-23
1.0099542011247964e-22
4.342317556457909e-22
1.8650194879458073e-21
8.00115343869465e-21
3.428394198469216e-20
1.4670828136543546e-19
6.26896051843375e-19
2.674596666428366e-18
1.1391478249474543e-17
4.842714838604314e-17
2.0544789891658218e-16
8.696050884211555e-16
3.671445674122287e-15
1.5456582645888835e-14
6.486227669397576e-14
2.711948856677923e-13
1.1291386817928242e-12
4.67842398008085e-12
1.9274059401311145e-11
7.886772021416647e-11
3.200825208310689e-10
1.2859660379853392e-09
5.100820824343008e-09
1.9897565737926862e-08
7.587512314849466e-08
2.800294557010474e-07
9.819527479310615e-07
3.1415115764051744e-06
8.105230393616113e-06
3.06e-07
3.06e-07
3.06e-07
3.06e-07
3.06e-07
3.06e-07
3.06e-07
3.06e-07
3.06e-07
3.06e-07
3.06e-07
3.06e-07
3.06e-07
3.06e-07
3.06e-07
3.06e-07
3.06e-07
3.06e-07
3.06e-07
3.06e-07
3.06e-07
3.06e-07
3.06e-07
3.06e-07
3.06e-07
3.06e-07
3.06e-07
3.06e-07
3.06e-07
3.06e-07
3.06e-07
3.06e-07
3.06e-07
3.06e-07
3.06e-07
3.06e-07
3.06e-07
3.06e-07
3.06e-07
3.06e-07
3.06e-07
3.06e-07
3.06e-07
3.06e-07
3.06e-07
3.06e-07
3.06e-07
3.06e-07
3.06e-07
3.06e-07
3.06e-07
3.06e-07
3.06e-07
3.06e-07
3.06e-07
3.06e-07
3.06e-07
3.06e-07
3.06e-07
3.06e-07
0.0
0.0
0.0
0.0
0.0
0.0
0.0
0.0
0.0
0.0
0.0
0.0
0.0
0.0
0.0
0.0
0.0
0.0
0.0
0.0
0.0
0.0
0.0
0.0
0.0
0.0
0.0
0.0
0.0
0.0
0.0
0.0
0.0
0.0
0.0
0.0
0.0
0.0
0.0
0.0
0.0
0.0
0.0
0.0
0.0
0.0
0.0
0.0
0.0
0.0
0.0
0.0
0.0
0.0
0.0
0.0
0.0
0.0
0.0
0.0
1.65e-06
1.65e-06
1.65e-06
1.65e-06
1.65e-06
1.65e-06
1.65e-06
1.65e-06
1.65e-06
1.65e-06
1.65e-06
1.65e-06
1.65e-06
1.65e-06
1.65e-06
1.65e-06
1.65e-06
1.65e-06
1.65e-06
1.65e-06
1.65e-06
1.65e-06
1.65e-06
1.65e-06
1.65e-06
1.65e-06
1.65e-06
1.65e-06
1.65e-06
1.65e-06
1.65e-06
1.65e-06
1.65e-06
1.65e-06
1.65e-06
1.65e-06
1.65e-06
1.65e-06
1.65e-06
1.65e-06
1.65e-06
1.65e-06
1.65e-06
1.65e-06
1.65e-06
1.65e-06
1.65e-06
1.65e-06
1.65e-06
1.65e-06
1.65e-06
1.65e-06
1.65e-06
1.65e-06
1.65e-06
1.65e-06
1.65e-06
1.65e-06
1.65e-06
1.65e-06
0.0
0.0
0.0
0.0
0.0
0.0
0.0
0.0
0.0
0.0
0.0
0.0
0.0
0.0
0.0
0.0
0.0
0.0
0.0
0.0
0.0
0.0
0.0
0.0
0.0
0.0
0.0
0.0
0.0
0.0
0.0
0.0
0.0
0.0
0.0
0.0
0.0
0.0
0.0
0.0
0.0
0.0
0.0
0.0
0.0
0.0
0.0
0.0
0.0
0.0
0.0
0.0
0.0
0.0
0.0
0.0
0.0
0.0
0.0
0.0
0.0
0.0
0.0
0.0
0.0
0.0
0.0
0.0
0.0
0.0
0.0
0.0
0.0
0.0
0.0
0.0
0.0
0.0
0.0
0.0
0.0
0.0
0.0
0.0
0.0
0.0
0.0
0.0
0.0
0.0
0.0
0.0
0.0
0.0
0.0
0.0
0.0
0.0
0.0
0.0
0.0
0.0
0.0
0.0
0.0
0.0
0.0
0.0
0.0
0.0
0.0
0.0
0.0
0.0
0.0
0.0
0.0
0.0
0.0
0.0
2
2
1
280.0659056470305
-0.002743222252831856
0.0
0.0
49.0
5.7
1.0
2.0
3.0
4.0
5.0
6.0
7.0
8.0
9.0
10.0
11.0
12.0
13.0
14.0
15.0
16.0
17.0
18.0
19.0
20.0
21.0
22.0
23.0
24.0
25.0
26.0
27.0
28.0
29.0
30.0
31.0
32.0
33.0
34.0
35.0
36.0
37.0
38.0
39.0
40.0
41.0
42.0
43.0
44.0
45.0
46.0
47.0
48.0
49.0
50.0
51.0
52.0
53.0
54.0
55.0
56.0
57.0
58.0
59.0
60.0
0.0
0.0
0.0
0.0
0.0
0.0
0.0
0.0
0.0
0.0
0.0
0.0
0.0
0.0
0.0
0.0
0.0
0.0
0.0
0.66
0.0
0.0
0.0
0.0
0.0
0.0
0.0
0.0
0.0
0.0
0.0
0.0
0.0
0.0
0.0
0.0
0.0
0.0
0.0
0.0
0.0
0.0
0.0
0.0
0.0
0.0
0.0
0.0
0.0
0.0
0.0
0.0
0.0
0.0
0.0
0.0
0.0
0.0
0.0
0.0
0.0
0.0
0.0
0.0
0.0
0.0
0.0
0.0
0.0
0.0
0.0
0.0
0.0
0.0
0.0
0.0
0.0
0.0
0.0
3.0
0.0
0.0
0.0
0.0
0.0
0.0
0.0
0.0
0.0
0.0
0.0
0.0
0.0
0.0
0.0
0.0
0.0
0.0
0.0
0.0
0.0
0.0
0.0
0.0
0.0
0.0
0.0
0.0
0.0
0.0
0.0
0.0
0.0
0.0
0.0
0.0
0.0
0.0
0.0
0.0
0.0
0.0
0.0
0.0
0.0
0.0
0.0
0.0
0.0
0.0
0.0
0.0
0.0
0.0
0.0
0.0
0.0
0.0
0.0
0.5
0.0
0.0
0.0
0.0
0.0
0.0
0.0
0.0
0.0
0.0
0.0
0.0
0.0
0.0
0.0
0.0
0.0
0.0
0.0
0.0
0.0
0.0
0.0
0.0
0.0
0.0
0.0
0.0
0.0
0.0
0.0
0.0
0.0
0.0
0.0
0.0
0.0
0.0
0.0
0.0
0.0
