9.81
6.022e+23
0
0
0
3
0
1
295.0
2
2
0
0
1
1
0
1
60
7
1000.0
1.0


3
3
0
77.072922555375
0
9.8
150.0
1000.0
287.04
9.81
79000.0
40.0
20000.0
0.0
0.0
0.0
0.0
0.0280134
0.04401
0.0319988
0.039948
0.01604
0.01801528
0.048
99000.0
2.1153802199668344e+29
0.8
1e-06
1000000.0
0.6
3.0
0.0001
300
44
47.739256608595014
0
1
6
1.0
1
0
1
1
0.1
1000000000000.0
1
294.0
292.5586284462485
291.10291003936965
289.64645269806033
288.1787413815787
286.6938870488318
285.1888032098185
283.67087486865375
282.1319525083545
280.5689088138467
278.98285085902324
277.37283582083336
275.73940620979766
274.0758740480009
272.3820060219289
270.65970342991255
268.9049181495294
267.11988228232343
265.30217191727047
263.4483468707122
261.5591920905575
259.6344044488347
257.67188336634604
255.67110255226686
253.6299678714726
251.5454087374801
249.41486541586184
247.2371769735027
245.00990088268296
242.7315497650845
240.39421817973033
237.99876403921317
235.54091744594058
233.0172929660419
230.42221702187453
227.75124508692045
225.00055785892857
222.16351458340785
219.233504712954
216.20458943921196
213.08231092795216
210.58787108178404
205.88797475591466
202.4072249310568
198.75552092345754
196.13903282160032
195.03448397337704
194.55985336247468
194.608171228823
195.10832076547672
196.00564019075628
197.3462305157971
199.20495003272652
201.62649746459437
205.0189013834553
208.41835661467292
212.54056918353612
217.6406351922036
223.41889822760092
233.59589497397906
991.675
975.0250000000001
958.375
941.7249999999999
925.075
908.425
891.7750000000001
875.125
858.4749999999999
841.825
825.175
808.5250000000001
791.875
775.225
758.575
741.925
725.2750000000001
708.625
691.975
675.325
658.675
642.0250000000001
625.375
608.725
592.075
575.425
558.7750000000001
542.125
525.4750000000001
508.82500000000005
492.17500000000007
475.52500000000003
458.87500000000006
442.2250000000001
425.57500000000005
408.925
392.27500000000003
375.62500000000006
358.9750000000001
342.32500000000005
325.675
309.02500000000003
292.37500000000006
275.7250000000001
259.0750000000001
242.42500000000007
225.77500000000003
209.12500000000006
192.47500000000008
175.8250000000001
159.17500000000007
142.52500000000003
125.87500000000006
109.22500000000008
92.5750000000001
75.92500000000013
59.27500000000009
42.62500000000006
25.97500000000008
9.325000000000045
73.08947060820316
220.16820058284497
369.0781413460046
519.8814920015125
672.6394851986809
827.4143290978977
984.272962685133
1143.2859272890169
1304.5246915291416
1468.0644308066426
1633.9849620885432
1802.3709691820095
1973.3106023120242
2146.8955780170545
2323.2242711470435
2502.4010232812966
2684.536855965233
2869.7506284516658
3058.1677943920877
3249.9222563116746
3445.158383081569
3644.0309974505567
3846.7064341495775
4053.36380383227
4264.195392743033
4479.4080203155045
4699.225651051978
4923.891571684724
5153.670744698073
5388.8499777784755
5629.742240349099
5876.692177210372
6130.07855573443
6390.318690677961
6657.874027550533
6933.2586165424245
7217.046817251443
7509.882443705499
7812.492488493281
8125.7128227353305
8451.083889584814
8788.612829609836
9138.96195855544
9504.652681260124
9888.589154298712
10296.046235565002
10733.027342084752
11205.85271489336
11722.333029809324
12292.445388338285
12929.503139627277
13652.07134579753
14486.992538115679
15475.874511062828
16683.778971625077
18225.683448651576
20342.70622490625
23681.511874673895
31878.54525621019
56560.69457252452
3.521179111399233e+23
3.521179111399233e+23
3.521179111399257e+23
3.521179111399233e+23
3.521179111399233e+23
3.521179111399233e+23
3.521179111399233e+23
3.521179111399257e+23
3.521179111399233e+23
3.521179111399233e+23
3.521179111399233e+23
3.521179111399233e+23
3.521179111399257e+23
3.5211791113992086e+23
3.521179111399257e+23
3.521179111399233e+23
3.521179111399233e+23
3.521179111399257e+23
3.5211791113992086e+23
3.521179111399257e+23
3.521179111399233e+23
3.521179111399233e+23
3.521179111399257e+23
3.5211791113992086e+23
3.521179111399257e+23
3.521179111399233e+23
3.521179111399233e+23
3.521179111399233e+23
3.521179111399233e+23
3.521179111399244e+23
3.521179111399244e+23
3.521179111399233e+23
3.521179111399233e+23
3.521179111399233e+23
3.521179111399257e+23
3.521179111399233e+23
3.521179111399233e+23
3.521179111399233e+23
3.521179111399233e+23
3.521179111399257e+23
3.521179111399233e+23
3.521179111399233e+23
3.521179111399233e+23
3.521179111399233e+23
3.521179111399233e+23
3.521179111399257e+23
3.521179111399233e+23
3.521179111399233e+23
3.521179111399233e+23
3.521179111399233e+23
3.521179111399257e+23
3.521179111399233e+23
3.521179111399233e+23
3.521179111399233e+23
3.521179111399233e+23
3.521179111399233e+23
3.521179111399257e+23
3.521179111399233e+23
3.521179111399233e+23
3.521179111399257e+23
-5.1487321895890314
-4.418432456208138
-4.14765064850523
-4.058522777193295
-3.9364932553841365
-3.8035464631297877
-3.669800885733742
-3.5016329212185173
-3.3300665633814757
-3.165039736906301
-2.998689938059757
-2.831488117916533
-2.6575824412595566
-2.5010669003089587
-2.3589017493411983
-2.218916345583602
-2.0934316827748805
-1.9683078375649345
-1.848517587352924
-1.7429177115709573
-1.642352299090276
-1.5417675669501651
-1.4431211153408057
-1.34129799825763
-1.2371709719585717
-1.1350849752848453
-1.0365584733883113
-0.9364999849221035
-0.8342675344665818
-0.7243520948116932
-0.6268959160886245
-0.5242692476978791
-0.4187890454410037
-0.30752919241752996
-0.19528101701664657
-0.07957613960020826
0.047117165897705426
0.1834203472405066
0.33147171526996755
0.5006479720478602
0.7768551994192943
94.23192396565699
-1.1105905688050781
-0.6821924625465324
-0.22175608721606815
0.0786902286182009
0.10778512801116441
0.13511198174741018
0.16263541030556944
0.1917815782222527
0.21973368074290076
0.23972814754847602
0.24478282157801798
0.22637313602668938
0.18524173453194182
0.13645724645690338
0.08934431299507539
0.05209403641563771
0.025796114884389612
0.018999082804747953
-5.127225491022045
-4.397260094315143
-4.126898788667205
-4.0381119452654275
-3.916435017637923
-3.783843512950739
-3.650454337249357
-3.4826498537568824
-3.3114370432502227
-3.146766762174593
-2.980774881823322
-2.813931438941438
-2.6403823654343626
-2.484225022478981
-2.3424176215115153
-2.202789654356067
-2.0776625842044893
-1.9528967223093332
-1.8334640302306724
-1.7282220536877588
-1.628014279834062
-1.5277868718709868
-1.429498281198164
-1.3280328220345154
-1.2242634952113605
-1.1225349352179421
-1.0243659646494478
-0.924664693570989
-0.8227896614742605
-0.7132324780584014
-0.6161327361960076
-0.5138604516982213
-0.40873820526580573
-0.2978345531730042
-0.18594224640835932
-0.07059223421588001
0.0557472016774625
0.1916967044365805
0.3393957156649918
0.5082212182695542
0.7840810045952793
94.24545197493823
-1.1027874930524888
-0.6743249881055107
-0.2131694983237935
0.08374481430610103
0.11217030806500361
0.13903966978759286
0.16598221814449232
0.1943854143690089
0.22170501120169206
0.24079781011030832
0.24509157518050984
0.22594040776009194
0.18483605530769864
0.13629112364348828
0.08943371336050632
0.05240263036520787
0.026278698628487973
0.019152775848993997
-0.021495976285952997
-0.021138068280791882
-0.020780160275630764
-0.02042225227046964
-0.020064344265308526
-0.019706436260147408
-0.019348528254986293
-0.018990620249825178
-0.018632712244664056
-0.01827480423950294
-0.017916896234341825
-0.017558988229180707
-0.01720108022401959
-0.01684317221885847
-0.016485264213697354
-0.016127356208536236
-0.01576944820337512
-0.015411540198214002
-0.015053632193052882
-0.014695724187891768
-0.014337816182730648
-0.013979908177569531
-0.013622000172408414
-0.013264092167247298
-0.01290618416208618
-0.01254827615692506
-0.012190368151763945
-0.011832460146602827
-0.011474552141441711
-0.011116644136280595
-0.010758736131119476
-0.010400828125958357
-0.01004292012079724
-0.009685012115636124
-0.009327104110475005
-0.008969196105313888
-0.008611288100152771
-0.008253380094991655
-0.007895472089830538
-0.00753756408466942
-0.0071796560795083005
-0.006821748074347184
-0.006463840069186067
-0.00610593206402495
-0.005748024058863833
-0.005390116053702717
-0.005032208048541597
-0.00467430004338048
-0.004316392038219363
-0.003958484033058246
-0.0036005760278971293
-0.00324266802273601
-0.002884760017574893
-0.002526852012413776
-0.002168944007252659
-0.0018110360020915422
-0.0014531279969304254
-0.0010952199917693061
-0.0007373119866081892
-0.0003794039814470723
-16.649999999999977
-16.649999999999977
-16.65000000000009
-16.649999999999977
-16.649999999999977
-16.649999999999977
-16.649999999999977
-16.65000000000009
-16.649999999999977
-16.649999999999977
-16.649999999999977
-16.649999999999977
-16.65000000000009
-16.649999999999864
-16.65000000000009
-16.649999999999977
-16.649999999999977
-16.65000000000009
-16.649999999999864
-16.65000000000009
-16.649999999999977
-16.649999999999977
-16.65000000000009
-16.649999999999864
-16.65000000000009
-16.649999999999977
-16.649999999999977
-16.649999999999977
-16.649999999999977
-16.650000000000034
-16.650000000000034
-16.649999999999977
-16.649999999999977
-16.649999999999977
-16.65000000000009
-16.649999999999977
-16.649999999999977
-16.649999999999977
-16.649999999999977
-16.65000000000009
-16.649999999999977
-16.649999999999977
-16.649999999999977
-16.649999999999977
-16.649999999999977
-16.65000000000009
-16.649999999999977
-16.649999999999977
-16.649999999999977
-16.649999999999977
-16.65000000000009
-16.649999999999977
-16.649999999999977
-16.649999999999977
-16.649999999999977
-16.649999999999977
-16.65000000000009
-16.649999999999977
-16.649999999999977
-16.65000000000009
295.0
293.5674463760792
292.117256892497
290.6488115371213
289.16151121964907
287.65475487045677
286.1279242792244
284.58032565214694
283.01127017298825
281.42004587304046
279.8058912831492
278.1680034599152
276.50552554411723
274.8175866505669
273.10326002029865
271.3615442652191
269.5913956784673
267.79168194461397
265.9612057377332
264.09870549218175
262.20281828410936
260.27207740749185
258.3049150424772
256.299638848191
254.2544305966964
252.1673397055401
250.03626309627597
247.85891414310518
245.63281105187417
243.35524235204355
241.02329808349828
238.6337540056593
236.18307932101732
233.6673809865878
231.0823726761241
228.4232963838854
225.684834731883
222.86104764998862
219.94525645338348
216.9298907721481
213.8061379022393
210.55261786189823
208.2377688150499
204.73297307186544
201.07023065003807
197.4376211805701
195.56446735055397
194.76815027378302
194.54844468587774
194.81594492736588
195.5079006572114
196.62119514729443
198.21795554887956
200.35978837370754
203.2739166268313
206.6805295621217
210.4527378804109
215.0738685425399
220.52053393000244
228.502072474883
238.680695832136
1000.0
983.35
966.7
950.05
933.4
916.75
900.1
883.45
866.8
850.15
833.5
816.85
800.2
783.55
766.9000000000001
750.25
733.6
716.95
700.3
683.6500000000001
667.0
650.35
633.7
617.05
600.4000000000001
583.75
567.1
550.45
533.8000000000001
517.1500000000001
500.50000000000006
483.85
467.20000000000005
450.55000000000007
433.9000000000001
417.25
400.6
383.95000000000005
367.30000000000007
350.6500000000001
334.0
317.35
300.70000000000005
284.05000000000007
267.4000000000001
250.7500000000001
234.10000000000002
217.45000000000005
200.80000000000007
184.1500000000001
167.5000000000001
150.85000000000002
134.20000000000005
117.55000000000007
100.90000000000009
84.25000000000011
67.60000000000014
50.950000000000045
34.30000000000007
17.65000000000009
1.0
0.0
146.17894121640632
294.15745994928363
443.99882274272557
595.7641612602995
749.5148091370622
905.3138490587331
1063.2320763115329
1223.3397782665008
1385.7096047917823
1550.419256821503
1717.5506673555833
1887.1912710084357
2059.4299336156128
2234.3612224184963
2412.0873198755908
2592.7147266870024
2776.3589852434634
2963.1422716598686
3153.193317124307
3346.6511954990424
3543.665570664095
3744.3964242370184
3949.0164440621365
4157.711163602404
4370.679621883662
4588.136418747346
4810.314883356611
5037.468260012836
5269.873229383309
5507.826726173642
5751.657754524556
6001.726599896188
6258.43051157267
6522.206869783253
6793.541185317813
7072.976047767036
7361.11758673585
7658.6473006751485
7966.337676311412
8285.087969159249
8617.079810010378
8960.145849209293
9317.778067901585
9691.527294618663
10085.651013978759
10506.441457151244
10959.613227018259
11452.092202768465
11992.573856850184
12592.316919826388
13266.689359428166
14037.453332166895
14936.531744064461
16015.217278061195
17352.340665188964
19099.02623211419
21586.386217698313
25776.637531649474
37980.452980770904
50184.268429892414
442.253077256313
438.6004006952419
434.2022105489274
429.5522281847398
424.7941277164761
420.0322927393282
415.3082739355531
410.6752585007149
406.17171631492596
401.8003768095573
397.54915675490537
393.4098134309823
389.37757142632825
385.4470800862048
381.59779411218886
377.8227666702392
374.1184949737581
370.4743962288798
366.90936079071605
363.4174728735105
359.98885047998454
356.6319746877296
353.35136607374005
350.1471649465542
347.02891358292834
343.998959062053
341.05378570719324
338.1910536902792
335.4153545324427
332.7290539172507
330.13705188472284
327.6487073263643
325.2611589226554
322.971746576464
320.7807071365676
318.6913187804341
316.7054408179102
314.8223051735281
313.04067798738026
311.36031555124424
309.7784678896088
308.28459064295885
298.1191710497846
297.6612983418783
297.15950861548527
296.6745841585969
296.43117295496
296.4110514952405
296.525575674756
296.7504127778008
297.071603480316
297.4803100713219
297.9742649884358
298.5589454940104
299.2499845270699
300.029060162499
300.8569104730031
301.7435453213806
302.6487971068794
303.5965918146805
305.0997004160323
429.4301565647301
425.7279297387807
421.267839603222
416.54744866872
411.7122465022426
406.867037034924
402.0541085180005
397.32733180784
392.725760395759
388.2529296041162
383.8973933844292
379.651517781674
375.5110011039538
371.4708534624057
367.5108725832596
363.6243395178262
359.8079221862775
356.0511916084913
352.3731033817843
348.7678168036457
345.2255223648148
341.7547359680121
338.3600169156921
335.0415494421318
331.8088969966138
328.664428086209
325.6046500296916
322.6272398541429
319.7368056909796
316.9357287604961
314.2289182475309
311.6257442040335
309.1233580113474
306.7191076322914
304.4132426697623
302.2090524671642
300.1084007364751
298.1105365936418
296.2142396844731
294.4192679513849
292.722915937025
291.1146665024767
123.8758165487909
123.0889343774588
122.2190859707421
121.3416938637028
120.6919592166423
120.2549418427702
119.9446165274543
119.7388559599108
119.625385739349
119.5970933720231
119.6568679250148
119.8169081675787
120.1039890125129
120.5410875156184
121.1002777828242
121.8593436258851
122.8688795565289
124.1856477572257
125.4143546713728
12.82292069158293
12.8724709564612
12.93437094570541
13.0047795160198
13.08188121423352
13.16525570440419
13.25416541755262
13.34792669287495
13.44595591916696
13.54744720544105
13.65176337047617
13.75829564930833
13.86657032237447
13.97622662379904
14.08692152892929
14.19842715241307
14.31057278748061
14.42320462038851
14.53625740893177
14.64965606986484
14.76332811516974
14.87723871971754
14.99134915804797
15.10561550442241
15.22001658631456
15.33453097584402
15.44913567750167
15.5638138361363
15.67854884146303
15.79332515675464
15.90813363719193
16.0229631223308
16.137800911308
16.25263894417257
16.3674644668053
16.48226631326984
16.59704008143505
16.71176857988624
16.82643830290715
16.94104759985938
17.05555195258379
17.1699241404821
174.2433545009937
174.5723639644195
174.9404226447432
175.3328902948941
175.7392137383177
176.1561096524703
176.5809591473017
177.01155681789
177.446217740967
177.8832166992988
178.317397063421
178.7420373264317
179.145995514557
179.4879726468806
179.7566326901789
179.8842016954955
179.7799175503505
179.4109440574548
179.6853457446595
422.84213700198114
414.06223494988797
405.2667847092583
396.4899035564035
387.6936911428744
379.01542114808854
370.5075588313627
362.22408905927534
354.2378970197293
346.55512047111034
339.1571336542838
332.03701544853755
325.19084200494206
318.61996829938414
312.2864573028893
306.16901223942807
300.261950888591
294.54018955950824
289.0222573990351
283.696905451599
278.5400610043851
273.5551709322962
268.7467754464356
264.1130760380516
259.6667918523912
255.41257383630452
251.3448655462268
247.4577675646633
243.7574037132557
240.24831343658963
236.9430789260033
233.8386016314487
230.9371927760416
228.2390422245845
225.7501682315152
223.4748376289731
221.41836743223342
219.5909789895286
218.0010485078176
216.66008178734648
215.5864553439805
214.87665910192578
298.95669148368984
297.3960312827312
296.2199165682325
295.52182261302056
295.36215622368957
295.4542050720351
295.70776892133813
296.09858824252746
296.61416435941175
297.24457596161926
297.9793286888434
298.8091007695986
299.72608021041816
300.6899919011549
301.65413333530256
302.63020189704065
303.5878563129044
304.5619297193342
306.084191096535
330.5909092389273
321.2348122364551
311.8456015803234
302.4582630699393
293.0356385999368
283.7265120735937
274.5909871880773
265.6907075406522
257.1078849713911
248.8509506299314
240.9034410682747
233.2574244325071
225.9079532378294
218.8556001578306
212.058336066411
205.4926996325089
199.1513398333527
193.005567976527
187.0749160678237
181.3476255165023
175.7978948445109
170.4301386087412
165.2491286947626
160.2525244709197
155.4539352644247
150.8583635352923
146.4601186638523
142.2535846608928
138.244851158447
134.4382329681307
130.8467908643408
127.4675270544984
124.3028800131083
121.3534881714848
118.6257037900333
116.124094771682
113.8542308830073
111.8262570538999
110.0479836925961
108.5300830619714
107.2900782558781
106.4230182915337
20.81611937915638
18.48509464891404
16.59066383492405
15.20813744169174
14.36898788362384
13.78042629129289
13.34734465779074
13.03840418299823
12.83340669992117
12.71301311280956
12.65064538141757
12.616876104752
12.57189029990157
12.37149023087675
11.91361167499367
10.98653499437811
9.13857932854854
5.489170186171816
0.0
92.25122776305388
92.82742271343285
93.4211831289349
94.03164048646418
94.6580525429376
95.28890907449482
95.91657164328542
96.53338151862309
97.13001204833822
97.70416984117897
98.25369258600912
98.77959101603042
99.28288876711267
99.76436814155356
100.2281212364783
100.6763126069192
101.1106110552383
101.5346215829812
101.9473413312114
102.3492799350967
102.7421661598742
103.125032323555
103.497646751673
103.8605515671319
104.2128565879665
104.5542103010122
104.8847468823745
105.2041829037705
105.5125525548087
105.8100804684589
106.0962880616625
106.3710745769503
106.6343127629333
106.8855540530997
107.1244644414819
107.3507428572911
107.5641365492261
107.7647219356287
107.9530648152215
108.1299987253751
108.2963770881024
108.4536408103921
278.1405721045335
278.9109366338172
279.6292527333085
280.3136851713288
280.9931683400657
281.6737787807422
282.3604242635474
283.0601840595292
283.7807576594906
284.5315628488097
285.3286833074258
286.1922246648466
287.1541899105166
288.3185016702781
289.7405216603089
291.6436669026625
294.4492769843559
299.0727595331624
306.084191096535
-19.41094025433192
-24.538165745353965
-28.935425839669108
-33.06232462833631
-37.10043657360174
-41.01687159123966
-44.8007151041904
-48.45116944143976
-51.93381929519664
-55.245256338446865
-58.39202310062146
-61.37279798244478
-64.18672942138622
-66.82711178682058
-69.31133680929956
-71.65375443081108
-73.85654408516714
-75.93420666937163
-77.88710339168097
-79.72056742191164
-81.4487894755994
-83.07680375543346
-84.60459062730445
-86.03408890850261
-87.36212173053713
-88.58638522574849
-89.70892016096643
-90.73328612561588
-91.65795081918687
-92.48074048066113
-93.19397295871953
-93.81010569491553
-94.32396614661376
-94.73270435187956
-95.03053890505257
-95.21648115146093
-95.2870733856768
-95.23132618399934
-95.03962947956276
-94.70023376389777
-94.19201254562822
-93.40793154103294
0.8375204339052971
-0.26526705914719173
-0.9395920472527024
-1.152761545576496
-1.0690167312703949
-0.9568464232053913
-0.8178067534177984
-0.6518245352733061
-0.45743912090429717
-0.2357341097026051
0.005063700407703209
0.25015527558821304
0.476095683348305
0.6609317386560036
0.7972228622994919
0.8866565756599982
0.9390592060252061
0.9653379046536941
0.9844906805026881
98.83924732580287
104.4931175023256
109.4222380228986
114.0891855987807
118.6766079023058
123.1405249613303
127.4631213299232
131.6366242671879
135.6178754243679
139.4019789741848
142.9939523161544
146.3940933491669
149.6030478661244
152.6152533045751
155.4525365168486
158.1316398853172
160.6565823529248
163.0456236319643
165.2981873139606
167.4201912871435
169.4276275203039
171.3245973592709
173.1108882209295
174.7890249712121
176.3549617321891
177.8060645509167
179.1445313658392
180.3736551932501
181.4919545325326
182.4974957923654
183.3821273831901
184.1582171495351
184.8204779982391
185.3656194608067
185.7875388797291
186.0849576954822
186.2541698534678
186.2842795397418
186.1662559918771
185.8891848894135
185.4328376811468
184.6916482109429
103.0596971696345
104.6038397285448
105.6284221358181
106.1335564220111
106.3229713330184
106.4745155514773
106.5972718696636
106.7004517769126
106.7919790394279
106.8840802592136
107.0062225435972
107.2000320628267
107.5320987126113
108.1695972847416
109.1866661078305
110.872808631507
113.7303002279803
118.6964775710539
125.4143546713728
79.42830707147095
79.95495175697164
80.48681218322949
81.02686097044439
81.57617132870406
82.12365337009064
82.6624062257328
83.18545482574814
83.68405612917125
84.15672263573794
84.60192921553295
85.02129536672211
85.41631844473818
85.78814151775453
86.14119970754903
86.47788545450614
86.80003826775766
87.11141696259267
87.41108392227963
87.69962386523186
87.9788380447045
88.24779360383745
88.50629759362505
88.75493606270948
88.99284000165198
89.2196793251682
89.43561120487279
89.64036906763423
89.83400371334572
90.01675531170429
90.18815442447057
90.34811145461956
90.49651185162536
90.63291510892714
90.75699997467655
90.86847654402126
90.967096467791
91.05295335574245
91.12662651231435
91.18895112551574
91.24082513551858
91.28371666990996
103.8972176035398
104.3385726693976
104.6888300885654
104.9807948764346
105.253954601748
105.5176691282719
105.7794651162458
106.0486272416393
106.3345399185236
106.648346149511
107.0112862440049
107.4501873384149
108.0081943959596
108.8305290233976
109.98388897013
111.759465207167
114.6693594340055
119.6618154757076
126.3988453518755
-2.5969534525257902
-2.2271985566076635
-2.09024841187184
-2.045271800646785
-1.9836387224619556
-1.9164792171409495
-1.84891787826351
-1.7639267476004379
-1.677209651361283
-1.5938070615286661
-1.5097345207336412
-1.4252301579657682
-1.3373287936049734
-1.2582355462640087
-1.1864102913303474
-1.1156884124064392
-1.052310556034788
-0.9891159621396506
-0.9286226213257842
-0.8753168068353316
-0.8245612899367971
-0.7737958889407807
-0.72401238123565
-0.6726199534616117
-0.6200606402167271
-0.5685349974951167
-0.5188124971146912
-0.4683138163073322
-0.41671397254798004
-0.3612229970546888
-0.3120421838809767
-0.2602413316589488
-0.20699701300457102
-0.1508243103272433
-0.0941509112219868
-0.035726141132504496
0.0282651896905499
0.09712454255694261
0.1719357014132055
0.2574484590165049
0.3971783256148563
47.74265356661285
-0.5584606367334173
-0.3414581826913987
-0.10788516044167412
0.042506447697203686
0.056901964274439
0.07051163517579549
0.0841613260861753
0.0985538667669944
0.11240106462343871
0.1220878439098094
0.12428690927491501
0.1146239896772687
0.09388712281026002
0.0694025201408004
0.0458651757694063
0.02746783347919801
0.01489646788089205
0.011840934630457767
0.0
-2.863884813811606
-2.49677353097599
-2.363973680351434
-2.323691322832324
-2.261131557024444
-2.189547639005799
-2.114026553361978
-2.016644240676593
-1.916782018662598
-1.81946128660663
-1.722291450853784
-1.625448732000934
-1.525788378919821
-1.43718409698442
-1.357060422690441
-1.278972484857552
-1.210133735829513
-1.141003015562726
-1.07486991457312
-1.016837310258011
-0.960882182373966
-0.90481937363847
-0.8500354986200566
-0.7932022436195535
-0.7350347984801329
-0.6779806867452645
-0.6225946039993802
-0.5664580888973486
-0.5093421415394443
-0.4480971263367262
-0.393116860945861
-0.3354584962458278
-0.2761333931063997
-0.2137170785282092
-0.1506531284205983
-0.0857119308433313
-0.0152516189046961
0.0597830929697858
0.1403462934091267
0.2311559690576583
0.3754386290453382
41.34946463394046
-0.7821627109845196
-0.5189871548294339
-0.2558683461057875
-0.095945338362383
-0.0767624958329238
-0.0621804081942058
-0.0522642650494465
-0.0463617891786059
-0.0466525187955458
-0.0618693783990901
-0.098171362547047
-0.1682034793512884
-0.322915529106369
-0.515181259226742
-0.8540907054305457
-1.447420356893915
-2.515544119598292
-3.402841877860156
0.0
0.2669313612858159
0.2695749743683262
0.2737252684795938
0.2784195221855391
0.2774928345624885
0.2730684218648496
0.2651086750984679
0.2527174930761553
0.2395723673013149
0.2256542250779638
0.2125569301201428
0.2002185740351659
0.1884595853148476
0.1789485507204115
0.1706501313600937
0.1632840724511128
0.1578231797947249
0.1518870534230754
0.1462472932473357
0.1415205034226794
0.136320892437169
0.1310234846976893
0.1260231173844065
0.1205822901579417
0.1149741582634057
0.1094456892501477
0.1037821068846889
0.0981442725900164
0.0926281689914643
0.0868741292820374
0.0810746770648843
0.075217164586879
0.0691363801018287
0.0628927682009659
0.0565022171986115
0.0499857897108268
0.043516808595246
0.0373414495871568
0.0315894080040788
0.0262924899588466
0.0217396965695181
6.393188932672392
0.2237020742511024
0.1775289721380352
0.1479831856641134
0.1384517860595867
0.1336644601073628
0.1326920433700013
0.1364255911356218
0.1449156559456003
0.1590535834189845
0.1839572223088995
0.222458271821962
0.2828274690285571
0.416802651916629
0.5845837793675424
0.899955881199952
1.474888190373113
2.530440587479184
3.414682812490614
0.0
1.0
1.0
1.0
1.0
1.0
1.0
1.0
1.0
1.0
1.0
1.0
1.0
1.0
1.0
1.0
1.0
1.0
1.0
1.0
1.0
1.0
1.0
1.0
1.0
1.0
1.0
1.0
1.0
1.0
1.0
1.0
1.0
1.0
1.0
1.0
1.0
1.0
1.0
1.0
1.0
1.0
1.0
1.0
1.0
1.0
0.0
0.0
0.0
0.0
0.0
0.0
0.0
0.0
0.0
0.0
0.0
0.0
0.0
0.0
0.0
0.0
1.0
1.0
1.0
1.0
1.0
1.0
1.0
1.0
1.0
1.0
1.0
1.0
1.0
1.0
1.0
1.0
0.8605561031037754
0.8605561031037754
0.8605561031037754
0.8605561031037754
0.8605561031037754
0.8605561031037754
0.8605561031037754
0.8605561031037754
0.8605561031037754
0.8605561031037754
0.8605561031037754
0.8605561031037754
0.8605561031037754
0.8605561031037754
0.8605561031037754
0.8605561031037754
0.8605561031037754
0.8605561031037754
0.8605561031037754
0.8605561031037754
0.8605561031037754
0.8605561031037754
0.8605561031037754
0.8605561031037754
0.8605561031037754
0.8605561031037754
0.8605561031037754
0.8605561031037754
0.8605561031037754
1.0
1.0
1.0
1.0
1.0
1.0
1.0
1.0
1.0
1.0
1.0
1.0
1.0
1.0
1.0
1.0
1.0
1.0
1.0
1.0
1.0
1.0
1.0
1.0
1.0
1.0
1.0
1.0
1.0
0.013538246315282663
0.012992754015175864
0.012345451451195996
0.0116107136791475
0.010592913722435466
0.00947378660516714
0.00831604945577732
0.007145064693630088
0.006100819854456205
0.005179505367172556
0.004403955471658767
0.003751260996863279
0.00320097083029904
0.0027620985046434097
0.0023978091240466543
0.0020914733813400064
0.0018451359867379827
0.0016214677309150348
0.0014243244403233774
0.0012577412567201375
0.0011058109891297287
0.0009703961417120475
0.0008521142245970085
0.0007443139398606511
0.0006479179960252921
0.0005626232880114554
0.000485365942827132
0.0004169264165518406
0.00035672652830275064
0.0003026868186507108
0.00025521339814730924
0.0002137094601152232
0.00017704093365221362
0.00014523779026361206
0.00011783463793378136
9.426252397941597e-05
7.418057715913575e-05
5.735095607315437e-05
4.3509347387045514e-05
3.201744774115034e-05
2.2878757599881995e-05
1.5897967135278147e-05
1.2075524182931709e-05
7.620488926718972e-06
4.617665403776297e-06
2.6207056808666634e-06
1.8328668079718215e-06
1.3813041712238393e-06
1.022059614811276e-06
7.130825437067638e-07
4.817976657841493e-07
4.0730446432262897e-07
4.18371771498932e-07
5.905703389771042e-07
8.826992866572511e-07
1.3612846938392128e-06
2.1257460523415525e-06
3.447149444984074e-06
5.118974915694976e-06
1.3033909513468736e-07
0.0004
0.0004
0.0004
0.0004
0.0004
0.0004
0.0004
0.0004
0.0004
0.0004
0.0004
0.0004
0.0004
0.0004
0.0004
0.0004
0.0004
0.0004
0.0004
0.0004
0.0004
0.0004
0.0004
0.0004
0.0004
0.0004
0.0004
0.0004
0.0004
0.0004
0.0004
0.0004
0.0004
0.0004
0.0004
0.0004
0.0004
0.0004
0.0004
0.0004
0.0004
0.0004
0.0004
0.0004
0.0004
0.0004
0.0004
0.0004
0.0004
0.0004
0.0004
0.0004
0.0004
0.0004
0.0004
0.0004
0.0004
0.0004
0.0004
0.0004
1.3065442837795994e-08
1.609813246251006e-08
1.8451320475760573e-08
2.016080036876345e-08
2.1358414023579076e-08
2.2454492528502163e-08
2.346184864599769e-08
2.435074770331274e-08
2.5168293008394306e-08
2.59248194795521e-08
2.6578860853539352e-08
2.717492227184444e-08
2.7727500794852817e-08
2.821868937946919e-08
2.867559255048391e-08
2.9106915692640655e-08
2.950022653046024e-08
2.9893537368279825e-08
3.0281774756529767e-08
3.065711262938458e-08
3.1032450502239386e-08
3.142093683129147e-08
3.1836199651687564e-08
3.225146247208365e-08
3.2701440677579656e-08
3.320893932168535e-08
3.3716437965791035e-08
3.428270566534462e-08
3.492899931274215e-08
3.557529296013967e-08
3.6371436914800125e-08
3.733624217274159e-08
3.8301047430683085e-08
3.959226158737696e-08
4.118778732859431e-08
4.278331306981166e-08
4.513146211348355e-08
4.806009189575067e-08
5.0988721678017794e-08
5.632170630050282e-08
6.318151527324084e-08
7.004132424597885e-08
8.255287402060394e-08
9.799336545699721e-08
1.1343385689339041e-07
1.3646888186188418e-07
1.6453988297575865e-07
1.9889493840858378e-07
2.3731543525971197e-07
2.78963375570315e-07
3.2556784487230723e-07
3.9737569592667986e-07
5.064205645747201e-07
6.801946019508522e-07
1.1053081705738778e-06
1.6111307341008319e-06
2.5512822486276946e-06
4.137854497676283e-06
6.1841356611202155e-06
2.780474791942962e-06
0.0
0.0
0.0
0.0
0.0
0.0
0.0
0.0
0.0
0.0
0.0
0.0
0.0
0.0
0.0
0.0
0.0
0.0
0.0
0.0
0.0
0.0
0.0
0.0
0.0
0.0
0.0
0.0
0.0
0.0
0.0
0.0
0.0
0.0
0.0
0.0
0.0
0.0
0.0
0.0
0.0
0.0
0.0
0.0
0.0
0.0
0.0
0.0
0.0
0.0
0.0
0.0
0.0
0.0
0.0
0.0
0.0
0.0
0.0
0.0
0.0
0.0
0.0
0.0
0.0
0.0
0.0
0.0
0.0
0.0
0.0
0.0
0.0
0.0
0.0
0.0
0.0
0.0
0.0
0.0
0.0
0.0
0.0
0.0
0.0
0.0
0.0
0.0
0.0
0.0
0.0
0.0
0.0
0.0
0.0
0.0
0.0
0.0
0.0
0.0
0.0
0.0
0.0
0.0
0.0
0.0
0.0
0.0
0.0
0.0
0.0
0.0
0.0
0.0
0.0
0.0
0.0
0.0
0.0
0.0
0.0
0.0
0.0
0.0
0.0
0.0
0.0
0.0
0.0
0.0
0.0
0.0
0.0
0.0
0.0
0.0
0.0
0.0
0.0
0.0
0.0
0.0
0.0
0.0
0.0
0.0
0.0
0.0
0.0
0.0
0.0
0.0
0.0
0.0
0.0
0.0
0.0
0.0
0.0
0.0
0.0
0.0
0.0
0.0
0.0
0.0
0.0
0.0
0.0
0.0
0.0
0.0
0.0
0.0
0.0
0.0
0.0
0.0
0.0
0.0
0.0
0.0
0.0
0.0
0.0
0.0
0.0
0.0
0.0
0.0
0.0
0.0
0.0
0.0
0.0
0.0
0.0
0.0
0.0
0.0
0.0
0.0
0.0
0.0
0.0
0.0
0.0
0.0
0.0
0.0
0.0
0.0
0.0
0.0
0.0
0.0
0.0
0.0
0.0
0.0
0.0
0.0
0.0
0.0
0.0
0.0
0.0
0.0
0.0
0.0
0.0
0.0
0.0
0.0
0.0
0.0
0.0
0.0
0.0
0.0
0.0
0.0
0.0
0.0
0.0
0.0
0.0
0.0
0.0
0.0
0.0
0.0
0.0
0.0
0.0
0.0
0.0
0.0
0.0
0.0
0.0
0.0
0.0
0.0
0.0
0.0
0.0
0.0
0.0
0.0
0.0
0.0
0.0
0.0
0.0
0.0
0.0
0.0
0.0
0.0
0.0
0.0
0.0
0.0
0.0
0.0
0.0
0.0
0.0
0.0
0.0
0.0
0.0
0.0
0.0
0.0
0.0
0.0
0.0
0.0
2
2
1
295.0
0.9844906805026881
0.0
0.0
44.0
9.8
1.0
2.0
3.0
4.0
5.0
6.0
7.0
8.0
9.0
10.0
11.0
12.0
13.0
14.0
15.0
16.0
17.0
18.0
19.0
20.0
21.0
22.0
23.0
24.0
25.0
26.0
27.0
28.0
29.0
30.0
31.0
32.0
33.0
34.0
35.0
36.0
37.0
38.0
39.0
40.0
41.0
42.0
43.0
44.0
45.0
46.0
47.0
48.0
49.0
50.0
51.0
52.0
53.0
54.0
55.0
56.0
57.0
58.0
59.0
60.0
0.0
0.0
0.0
0.0
0.0
0.0
0.0
0.0
0.0
0.0
0.0
0.0
0.0
0.0
0.0
0.0
0.0
0.0
0.0
0.0
0.0
0.0
0.0
0.0
0.0
0.0
0.0
0.0
0.0
0.0
0.0
0.0
0.0
0.0
0.0
0.0
0.0
0.0
0.0
0.0
0.0
0.99
0.0
0.0
0.0
0.0
0.0
0.0
0.0
0.0
0.0
0.0
0.0
0.0
0.0
0.0
0.0
0.0
0.0
0.0
0.0
0.0
0.0
0.0
0.0
0.0
0.0
0.0
0.0
0.0
0.0
0.0
0.0
0.0
0.0
0.0
0.0
0.0
0.0
0.0
0.0
0.0
0.0
0.0
0.0
0.0
0.0
0.0
0.0
0.0
0.0
0.0
0.0
0.0
0.0
0.0
0.0
0.0
0.0
0.0
0.0
41.5
0.0
0.0
0.0
0.0
0.0
0.0
0.0
0.0
0.0
0.0
0.0
0.0
0.0
0.0
0.0
0.0
0.0
0.0
0.0
0.0
0.0
0.0
0.0
0.0
0.0
0.0
0.0
0.0
0.0
0.0
0.0
0.0
0.0
0.0
0.0
0.0
0.0
0.0
0.0
0.0
0.0
0.0
0.0
0.0
0.0
0.0
0.0
0.0
0.0
0.0
0.0
0.0
0.0
0.0
0.0
0.0
0.0
0.0
0.0
0.5
0.0
0.0
0.0
0.0
0.0
0.0
0.0
0.0
0.0
0.0
0.0
0.0
0.0
0.0
0.0
0.0
0.0
0.0
45.0
