9.81
6.022e+23
0
0
0
3
0
1
300.0
2
2
0
0
1
1
0
1
60
7
1000.0
1.0


3
3
0
72.38857731909356
0
5.852576517948106
150.0
350.0
287.04
9.81
79000.0
40.0
20000.0
0.0
0.0
0.0
0.0
0.0280134
0.04401
0.0319988
0.039948
0.01604
0.01801528
0.048
99000.0
2.1153802199668344e+29
0.8
1e-06
1000000.0
0.6
3.0
0.0001
400
45
34.621766989171405
0
1
6
1.0
1
0
1
1
0.02
1000000000000.0
1
300.00010146002273
299.26743824066494
298.43200838727364
297.55556949415023
296.65347795992426
295.7315907862782
294.7912991836901
293.83355864799006
292.8595134088136
291.8689499151799
290.8615247536734
289.83756861541644
288.7968027671126
287.7385780015755
286.66135862663924
285.5649840487711
284.44854910548855
283.31158968418674
282.1539864155072
280.9747677442782
279.7732308687185
278.5473666121495
277.268434063331
274.5056601279364
273.7319601768247
272.43185101244666
271.05227088101594
269.6215305133574
268.14403078634615
266.6241791448227
265.05978087883705
263.4463866437521
261.78666191482927
260.0723583877891
258.29864951234737
256.4723933663841
254.57882631786322
252.61298509287843
250.5821925923692
248.4687691774957
246.26710121897017
243.98185898510195
241.58366531813778
239.0704162983079
236.46246675324088
233.7197380743966
230.8559842252734
229.33155515237678
229.15726782617259
229.65403489860873
230.2605837430061
230.86172840980828
231.43701705575737
232.00781112664856
232.9348097221207
233.7067963608049
234.93289335491872
236.97026414717791
240.94782555807626
245.25925584184372
991.675
975.0250000000001
958.375
941.7249999999999
925.075
908.425
891.7750000000001
875.125
858.4749999999999
841.825
825.175
808.5250000000001
791.875
775.225
758.575
741.925
725.2750000000001
708.625
691.975
675.325
658.675
642.0250000000001
625.375
608.725
592.075
575.425
558.7750000000001
542.125
525.4750000000001
508.82500000000005
492.17500000000007
475.52500000000003
458.87500000000006
442.2250000000001
425.57500000000005
408.925
392.27500000000003
375.62500000000006
358.9750000000001
342.32500000000005
325.675
309.02500000000003
292.37500000000006
275.7250000000001
259.0750000000001
242.42500000000007
225.77500000000003
209.12500000000006
192.47500000000008
175.8250000000001
159.17500000000007
142.52500000000003
125.87500000000006
109.22500000000008
92.5750000000001
75.92500000000013
59.27500000000009
42.62500000000006
25.97500000000008
9.325000000000045
74.76551987748637
225.38313259578746
378.20170568592096
533.2824135187265
690.695380727677
850.5165760199704
1012.8269110086744
1177.7125523311552
1345.2649941850368
1515.5810527537844
1688.7634654973588
1864.9213991022532
2044.1706924748937
2226.63403607261
2412.441746348997
2601.732660492371
2794.654829760061
2991.3666694738913
3192.0377834917954
3396.849873873501
3605.997584653525
3819.6789546516457
4037.5243187421547
4259.988865005346
4487.932392834235
4721.419161747739
4960.727076759787
5206.1748501920465
5458.116161358119
5716.9410511632905
5983.07650430632
6256.994342632712
6539.215638350527
6830.314216901283
7130.9340174659055
7441.79432894808
7763.695770994362
8097.549792438202
8444.390355934867
8805.389589545008
9181.904049569126
9575.495494193063
9987.97473461314
10421.509311788588
10878.679261574493
11362.591922888529
11878.786034012011
12435.918239405848
13044.085782210514
13714.610274405695
14461.53247418643
15303.947699096432
16269.208743957228
17399.509639740114
18762.191033365627
20477.406110152995
22797.030443770076
26410.761326186002
35076.93960185686
56560.69457252452
3.521179111399233e+23
3.521179111399233e+23
3.521179111399257e+23
3.521179111399233e+23
3.521179111399233e+23
3.521179111399233e+23
3.521179111399233e+23
3.521179111399257e+23
3.521179111399233e+23
3.521179111399233e+23
3.521179111399233e+23
3.521179111399233e+23
3.521179111399257e+23
3.5211791113992086e+23
3.521179111399257e+23
3.521179111399233e+23
3.521179111399233e+23
3.521179111399257e+23
3.5211791113992086e+23
3.521179111399257e+23
3.521179111399233e+23
3.521179111399233e+23
3.521179111399257e+23
3.5211791113992086e+23
3.521179111399257e+23
3.521179111399233e+23
3.521179111399233e+23
3.521179111399233e+23
3.521179111399233e+23
3.521179111399244e+23
3.521179111399244e+23
3.521179111399233e+23
3.521179111399233e+23
3.521179111399233e+23
3.521179111399257e+23
3.521179111399233e+23
3.521179111399233e+23
3.521179111399233e+23
3.521179111399233e+23
3.521179111399257e+23
3.521179111399233e+23
3.521179111399233e+23
3.521179111399233e+23
3.521179111399233e+23
3.521179111399233e+23
3.521179111399257e+23
3.521179111399233e+23
3.521179111399233e+23
3.521179111399233e+23
3.521179111399233e+23
3.521179111399257e+23
3.521179111399233e+23
3.521179111399233e+23
3.521179111399233e+23
3.521179111399233e+23
3.521179111399233e+23
3.521179111399257e+23
3.521179111399233e+23
3.521179111399233e+23
3.521179111399257e+23
0.0003875741688181833
0.6199214642055395
0.8653108222896728
0.9951092077407622
1.0749460327439686
1.1310510805125447
1.1711866975789071
1.2014290562416476
1.2287699286995963
1.254678266378717
1.2802281121261878
1.3094606995343696
1.3440260564833941
1.384219207653659
1.426820845304287
1.4745445004742834
1.5272291987066033
1.5868022675805988
1.6568985997073018
1.7379005514851174
1.8316246956891284
1.934532372068709
1.9179850183254394
-67.0788055783092
-1.8300445440842288
-1.5536980024763138
-1.4663370406573186
-1.4423552041235752
-1.4548178146764976
-1.4758771587072075
-1.5042667280141806
-1.5470129797712107
-1.580326746352916
-1.6245626191753062
-1.6841242124250377
-1.712941875609002
-1.7529653209497305
-1.802650174568025
-1.8063261628994263
-1.8090309796017094
-1.8010842156282658
-1.7249986871539775
-1.6589458986909587
-1.5588811155598052
-1.2772263476483352
-0.9051310843320307
-0.25051943186205616
0.008218650722437715
0.012533025935515918
0.016459004151384682
0.019370937972943425
0.021269831241497006
0.02207825878330344
0.0224839813835174
0.02177281123442254
0.020146756295889662
0.01840131934117656
0.015813481162869777
0.012599967166577297
0.009731086272714115
-2.0735496580065487
-1.4194803321889964
-1.1395587551190118
-0.9752286502722853
-0.8608606776310381
-0.7702243674458487
-0.6955576899959226
-0.6307842582986609
-0.5689122943472569
-0.5084721311916525
-0.44839040397937424
-0.3846311630820196
-0.3155326437313022
-0.24080826569770863
-0.1636756629167735
-0.08142104466476496
0.005794578686163732
0.09989854948032928
0.2045257716656863
0.3200586542691042
0.44831357627828083
0.5857518327227638
0.6037338391447236
-68.35821157147561
-3.0752268204603013
-2.7643467427372173
-2.6424535892837753
-2.5839396807018034
-2.561870261538502
-2.548397419732595
-2.5422547118635066
-2.550468317983217
-2.5492491750067927
-2.558951687217899
-2.583979142566676
-2.578261943318921
-2.5837495325939983
-2.5988974142101995
-2.5680352871276
-2.536200026372711
-2.493710821355478
-2.3830811428390177
-2.2824796050753946
-2.147859550688395
-1.8316408538250926
-1.4249517523501254
-0.7356102327237863
-0.4428556040861906
-0.40399154044240504
-0.36574041617038233
-0.32837068291152605
-0.29187215775149866
-0.25651113746920373
-0.22168571015339467
-0.18776717478610294
-0.15505094456125335
-0.12205573669589853
-0.09002194865993829
-0.058938234097695386
-0.02733096372932664
2.0739291174284906
2.0393981976233064
2.0048672778181222
1.9703363580129376
1.9358054382077534
1.901274518402569
1.8667435985973846
1.8322126787922002
1.7976817589870155
1.7631508391818316
1.7286199193766472
1.6940889995714628
1.6595580797662783
1.625027159961094
1.59049624015591
1.5559653203507253
1.521434400545541
1.4869034807403565
1.4523725609351719
1.417841641129988
1.3833107213248035
1.348779801519619
1.3142488817144347
1.2797179619092502
1.245187042104066
1.2106561222988816
1.1761252024936972
1.1415942826885128
1.1070633628833284
1.0725324430781442
1.0380015232729598
1.0034706034677752
0.968939683662591
0.9344087638574067
0.8998778440522223
0.8653469242470379
0.8308160044418534
0.7962850846366691
0.7617541648314848
0.7272232450263004
0.692692325221116
0.6581614054159316
0.6236304856107472
0.589099565805563
0.5545686460003786
0.5200377261951944
0.48550680639000976
0.4509758865848254
0.4164449667796411
0.38191404697445674
0.34738312716927244
0.31285220736408786
0.27832128755890356
0.24379036775371923
0.2092594479485349
0.17472852814335058
0.14019760833816625
0.10566668853298171
0.07113576872779737
0.03660484892261305
-16.649999999999977
-16.649999999999977
-16.65000000000009
-16.649999999999977
-16.649999999999977
-16.649999999999977
-16.649999999999977
-16.65000000000009
-16.649999999999977
-16.649999999999977
-16.649999999999977
-16.649999999999977
-16.65000000000009
-16.649999999999864
-16.65000000000009
-16.649999999999977
-16.649999999999977
-16.65000000000009
-16.649999999999864
-16.65000000000009
-16.649999999999977
-16.649999999999977
-16.65000000000009
-16.649999999999864
-16.65000000000009
-16.649999999999977
-16.649999999999977
-16.649999999999977
-16.649999999999977
-16.650000000000034
-16.650000000000034
-16.649999999999977
-16.649999999999977
-16.649999999999977
-16.65000000000009
-16.649999999999977
-16.649999999999977
-16.649999999999977
-16.649999999999977
-16.65000000000009
-16.649999999999977
-16.649999999999977
-16.649999999999977
-16.649999999999977
-16.649999999999977
-16.65000000000009
-16.649999999999977
-16.649999999999977
-16.649999999999977
-16.649999999999977
-16.65000000000009
-16.649999999999977
-16.649999999999977
-16.649999999999977
-16.649999999999977
-16.649999999999977
-16.65000000000009
-16.649999999999977
-16.649999999999977
-16.65000000000009
300.0
299.1248581480257
298.23699779323096
297.3360933632784
296.4217543751329
295.4935504922631
294.5510228258567
293.59368318191275
292.6210111607552
291.632456208475
290.62743563073735
289.6053295641857
288.5654800594048
287.5071891536827
286.42971869915226
285.33228146964814
284.21403958079935
283.07409795435274
281.9114973929763
280.7252118548894
279.51414053145663
278.27710589310186
277.01296739470865
275.8870447189644
274.56883798633925
273.21893084218516
271.8358396243497
270.4177950742679
268.9628358740051
267.46878347100466
265.9332509293366
264.3536272636879
262.7270007124643
261.0501838073219
259.3196473019958
257.5313830360924
255.68097978331062
253.76347739446499
251.77316737066107
249.70365551968
247.5476160954131
245.29649614486988
242.94056800247046
240.46836351162264
237.8659794302793
235.11711928596566
232.2877935208004
230.09275094508172
229.24193801920327
229.40221069462513
229.9530809544931
230.55635053395991
231.14423130104666
231.7171377428919
232.46607243095997
233.31585675993242
234.31530119843617
235.94751968876514
238.95569999629151
243.10096128292554
247.41309411640776
1000.0
983.35
966.7
950.05
933.4
916.75
900.1
883.45
866.8
850.15
833.5
816.85
800.2
783.55
766.9000000000001
750.25
733.6
716.95
700.3
683.6500000000001
667.0
650.35
633.7
617.05
600.4000000000001
583.75
567.1
550.45
533.8000000000001
517.1500000000001
500.50000000000006
483.85
467.20000000000005
450.55000000000007
433.9000000000001
417.25
400.6
383.95000000000005
367.30000000000007
350.6500000000001
334.0
317.35
300.70000000000005
284.05000000000007
267.4000000000001
250.7500000000001
234.10000000000002
217.45000000000005
200.80000000000007
184.1500000000001
167.5000000000001
150.85000000000002
134.20000000000005
117.55000000000007
100.90000000000009
84.25000000000011
67.60000000000014
50.950000000000045
34.30000000000007
17.65000000000009
1.0
0.0
149.53103975497274
301.23522543660215
455.16818593523976
611.3966411022132
769.994120353141
931.0390316867997
1094.614790330549
1260.8103143317614
1429.719674038312
1601.442431469257
1776.0844995254606
1953.7582986790458
2134.5830862707417
2318.6849858744777
2506.1985068235167
2697.2668141612257
2892.0428453588966
3090.6904935888856
3293.385073394705
3500.314674352297
3711.6804949547527
3927.6774143485386
4147.37122313577
4372.606506874922
4603.258278793546
4839.580044701931
5081.874108817645
5330.475591566449
5585.756731149789
5848.125371176792
6118.027637435849
6395.961047829575
6682.470228871479
6978.158204931087
7283.709830000724
7599.878827895436
7927.512714093286
8267.586870783116
8621.193841086619
8989.585338003399
9374.222761134853
9776.768227251272
10199.181241975011
10643.837381602167
11113.52114154682
11611.662704230235
12145.909363793788
12725.927115017908
13362.244449403117
14066.976099408275
14856.088848964584
15751.806549228282
16786.610938686175
18012.40834079405
19511.973725937205
21442.83849436879
24151.222393171367
28670.300259200634
41483.57894451308
54296.85762982561
514.1086263287385
512.7942398247723
510.71177094187266
508.3172625554512
505.7454202262456
503.06605695051724
500.3133985527731
497.51143307244485
494.68024053751736
491.83246865942465
488.9760240076917
486.11953475252903
483.2665401046484
480.4203763663027
477.5742838384479
474.72904847185794
471.88793669478514
469.04634453390616
466.2176501386404
463.3997630137078
460.58796264567576
457.7915508051422
455.01176973946167
452.340576920067
553.9043023516003
552.2747921527773
550.2994874741196
548.2000640199481
546.0447827906385
543.8627108802362
541.6817083039159
539.5118781072761
537.3590635118662
535.23901112372
533.151123916721
531.095086748174
529.0907414953041
527.1434401495525
525.2491346343926
523.427090877005
521.6565599495472
519.9370079241648
518.297643722614
516.7048742100948
515.1574713667734
513.7005418012885
512.3101071784341
511.0658570377732
510.26390792557004
509.8784409046725
509.7515385260489
509.7350143574598
509.74902540016467
509.7546848045158
509.73787971960974
509.66170609345977
509.5089709887057
509.29952752934867
509.09395902159497
508.9776514695084
509.6813644769934
459.2942306071567
457.9722107217266
455.8663110850755
453.4362270526753
450.8184613590768
448.0834866934676
445.2664900822217
442.3922037797408
439.4811724652802
436.5466537410155
433.597107998223
430.6416660365914
427.6844544737259
424.7293451532336
421.7702937971922
418.8085762335897
415.8478606288
412.8840176112047
409.9305627328563
406.9856595252185
404.0448987508189
401.1176759502506
398.2053884515401
395.4001953822254
328.8005602214659
327.3297738522375
325.4036713785682
323.2758341682177
321.0324079373099
318.7144373278238
316.3561870204349
313.9742094291916
311.57962383493
309.1910690217701
306.8117029440291
304.4444014778448
302.1102435774819
299.8172585184784
297.5636992729267
295.3695814672568
293.2172232334655
291.1080947275925
289.071886727079
287.0785652027832
285.1287502014269
283.2677584714306
281.4743052926898
279.8293606672191
278.6300134245173
277.8513182818447
277.3366135970361
276.9405078167015
276.5916975929939
276.2603500729463
275.9467703877123
275.6558055749827
275.3823337355487
275.2061892661822
275.2529735490955
275.6864837026646
276.2961957018474
54.81439572158179
54.82202910304565
54.84545985679716
54.88103550277591
54.92695886716874
54.98257025704967
55.04690847055137
55.11922929270407
55.19906807223716
55.2858149184091
55.37891600946869
55.47786871593766
55.58208563092249
55.69103121306911
55.8039900412557
55.92047223826826
56.04007606598516
56.16232692270146
56.28708740578412
56.4141034884893
56.54306389485687
56.67387485489163
56.80638128792158
56.94038153784165
225.1037421301345
224.9450183005398
224.8958160955513
224.9242298517303
225.0123748533286
225.1482735524124
225.325521283481
225.5376686780844
225.7794396769362
226.0479421019499
226.3394209726918
226.6506852703292
226.9804979178222
227.3261816310741
227.6854353614659
228.0575094097481
228.4393367160816
228.8289131965724
229.225756995535
229.6263090073116
230.0287211653465
230.4327833298579
230.8358018857443
231.2364963705541
231.6338945010527
232.0271226228278
232.4149249290128
232.7945065407583
233.1573278071708
233.4943347315695
233.7911093318974
234.0059005184771
234.126637253157
234.0933382631665
233.8409854724995
233.2911677668438
233.385168775146
553.8318731203422
550.4439369583692
546.9419877432807
543.4079206017403
539.8608496222624
536.3206256689028
532.797742903713
529.3002197333889
525.8382429401627
522.4215587677227
519.0566419847981
515.751762325656
512.5141365146934
509.35244013261644
506.26553933906393
503.25662830955696
500.3340954878196
497.4982979056267
494.7695020598413
492.15614070657455
489.6643989928116
487.31630072855626
485.1222714955985
483.05481251534854
516.2603263754063
511.55558935612305
506.81593793472797
502.0740608912725
497.3348399812613
492.5908978093205
487.8614978132675
483.1494129047642
478.4461299913712
473.7768284282181
469.1299895340012
464.4899732228876
459.9073660266988
455.3763151483531
450.8831122189831
446.49303317446777
442.1863022206373
437.9730393738996
433.95059402950983
430.07534491191507
426.38008251790524
423.0915120985953
420.276125723391
418.29626535000614
417.0514606337168
416.26200207237684
415.76935927758285
415.4244644260821
415.1466033110356
414.89575157791745
414.657260782858
414.39331998192193
414.08553393260667
413.75403473655365
413.45844428014016
413.2831984939558
413.9595805377115
395.8653152681895
391.956161416781
387.9250101737907
383.8549385790988
379.7664907459386
375.6830655943377
371.6168553630784
367.5777337751815
363.5786758941119
359.6313010758523
355.7439032986474
351.926576870643
348.1874216507474
344.5358263273599
340.9691563321951
337.4900181843214
334.106455256439
330.8170684006814
327.6433593556351
324.5936127461313
321.6725702623691
318.9030962236715
316.2953292934035
313.8197145132523
165.5158585049437
159.0866939264429
152.6144912558267
146.137695341207
139.6630637026046
133.1814007365477
126.7227338956276
120.2911735700272
113.8772299691461
107.5182161916006
101.2028889082379
94.91384022803491
88.71859205573227
82.60604839974263
76.55630619805859
70.65521549176052
64.87127950151358
59.2149446761661
53.81660581554159
48.6196401734335
43.66270626266396
39.20805613114644
35.30464264303948
32.30879323780015
30.11020243432068
28.40680299332407
27.02532338615699
25.78693963060073
24.57526881126191
23.31986288927165
21.96183849117287
20.36440811337381
18.44670042237855
16.03387220383177
12.84942336029105
7.878355754012624
0.0
157.9665578521527
158.4877755415883
159.01697756949
159.5529820226415
160.0943588763238
160.6375600745652
161.1808875406346
161.7224859582074
162.2595670460508
162.7902576918704
163.3127386861507
163.825185455013
164.326714863946
164.8166138052565
165.2963830068688
165.7666101252356
166.2276402313806
166.6812295049453
167.1261427042062
167.5625279604432
167.9918287304425
168.4132045048847
168.826942202195
169.2350980020963
350.7444678704626
352.4688954296801
354.2014466789013
355.9363655500655
357.6717762786567
359.4094970727728
361.1387639176399
362.858239334737
364.5689000222251
366.2586122366175
367.9271006257633
369.5761329948527
371.1887739709665
372.7702667486105
374.3268060209245
375.8378176827073
377.3150227191237
378.7580946977335
380.1339882139682
381.4557047384816
382.7173762552413
383.8834559674488
384.9714830803515
385.987472112206
386.9412581993961
387.8551990790528
388.7440358914259
389.6375247954814
390.5713344997737
391.5758886886458
392.6954222916851
394.0289118685481
395.6388335102281
397.7201625327219
400.6090209198491
405.4048427399432
413.9595805377115
39.72324679160362
37.64969713359707
36.230216801408076
35.090658046289064
34.11542939601678
33.25456871838574
32.48434435093989
31.78878666094397
31.15800240264531
30.589090108298052
30.0806179771064
29.632227573127025
29.247596410045006
28.932063766313703
28.691255500615995
28.52757983769922
28.446158793034456
28.45195337172062
28.55185192120095
28.756377692866636
29.07643634713574
29.52474992341402
30.110501756136784
30.714235595281508
-37.6439759761941
-40.7192027966544
-43.48354953939162
-46.12600312867539
-48.709942809377196
-51.2718130709157
-53.82021049064829
-56.3624652025118
-58.91293352049502
-61.46218269550181
-64.02113438271971
-66.60511352528638
-69.1833754686053
-71.7671250011993
-74.3660224154095
-76.9340577025371
-79.47025772890981
-81.96396855026529
-84.34704969310431
-86.6295292981797
-88.7773888488681
-90.60902970269319
-92.03398145504332
-92.7695916877671
-93.2124472918533
-93.6164388322957
-93.98217924846608
-94.31054993137761
-94.6024220891291
-94.85893322659831
-95.0806189367517
-95.26838611153781
-95.42343705609906
-95.54549279279496
-95.6355147414549
-95.6944529755526
-95.72178393928192
63.42891533896728
66.01604930494562
67.94130091128483
69.58128847357654
71.05197061313822
72.40042109912986
73.64963471914331
74.81447000455933
75.90249657116829
76.91535266516325
77.8532046995756
78.71508916594837
79.4970328229785
80.1935188258737
80.80113746499711
81.31855804926818
81.74140537236104
82.06694921052328
82.28720337722115
82.39204677908727
82.37232848844987
82.21457972657907
81.91005915813662
81.5804808689731
163.2847017165222
168.2430799257946
172.7891801227416
177.1381388270107
181.3693442347053
185.533036591276
189.6334531248072
193.6830358591644
197.7023938657839
201.6728528301694
205.6088140357912
209.5305612498099
213.3916515217496
217.2112101187358
221.0073930748681
224.7143659754963
228.3459437319519
231.8931500514264
235.2552809115375
238.4589250293497
241.4660439387629
244.0597023402841
246.1696626496504
247.520567429419
248.5198109901967
249.4445152885207
250.3112902108791
251.1535681861008
252.016428781732
252.9404871836746
253.9849318965394
255.2913974616089
256.9356333131702
259.1723170623504
262.4035501888045
267.808127948652
276.2961957018474
103.1521621305709
103.6657464385427
104.1715177126929
104.6719465198656
105.167400009155
105.6549898175156
106.1339790700832
106.6032566655033
107.0604989738136
107.5044427734613
107.933822676682
108.3473167390754
108.7446292330235
109.1255825921874
109.4923929656131
109.8461378869674
110.1875641653955
110.5189025822439
110.8390552984221
111.1484244719539
111.4487648355856
111.7393296499931
112.0205609142734
112.2947164642546
125.6407257403281
127.5238771291402
129.30563058335
131.0121356983353
132.6594014253281
134.2612235203603
135.8132426341589
137.3205706566526
138.7894603452889
140.2106701346676
141.5876796530715
142.9254477245235
144.2082760531443
145.4440851175365
146.6413706594586
147.7803082729592
148.8756860030421
149.9291815011611
150.9082312184332
151.82939573117
152.6886550898948
153.4506726375909
154.1356811946071
154.7509757416519
155.3073636983434
155.828076456225
156.329110962413
156.8430182547232
157.4140066926029
158.0815539570763
158.9043129597877
160.0230113500711
161.5121962570711
163.6268242695554
166.7680354473496
172.1136749730994
180.5744117625655
-1.0501630023319901
-0.7188562826392235
-0.5770678197534888
-0.4938304010881007
-0.4359014831542801
-0.38999372392908954
-0.3521755002137224
-0.31936929256260166
-0.2880331818826638
-0.257422730675478
-0.2269942597157305
-0.19470309217587567
-0.1597074480215861
-0.12186140411446914
-0.0827951671914606
-0.04113421148331911
0.0030403768159895928
0.05070380761478839
0.10369776439853391
0.16221638035453279
0.2271789211991311
0.29679328544619377
0.30589955949635306
-34.621608965991356
-1.5571129292621504
-1.3996733959227403
-1.3379541066210154
-1.3083335582742976
-1.2971690493183798
-1.290360394567856
-1.287263088087907
-1.2914357757957464
-1.2908333778361447
-1.2957620787663333
-1.3084518296338334
-1.3055733128008522
-1.3083679016717498
-1.3160530717356287
-1.3004388436789844
-1.2843269930500214
-1.2628180108444562
-1.206803814318089
-1.1558639661608008
-1.0876938151086488
-0.9275487629351777
-0.7215708323823607
-0.3724171584586354
-0.22414531153080774
-0.204470620315999
-0.1851013246176314
-0.16616814783341227
-0.14766223011679447
-0.12971996243679468
-0.1120303659733563
-0.09475545352271508
-0.07806587825081357
-0.06115402821389804
-0.044601787219497036
-0.02815676133260414
-0.011157348469959416
0.0
-1.310474674007911
-0.9752078958332852
-0.8307115883187401
-0.7449524155903282
-0.6830377685437883
-0.6327707930788556
-0.5900301882323321
-0.5511238609747136
-0.5130473632404425
-0.4750551595805751
-0.4365749048774964
-0.3960820632075773
-0.352794744917662
-0.3077802883413022
-0.2620917897621059
-0.2141870947435426
-0.1648994450233609
-0.1115665099287353
-0.0531068837907699
0.0099880102209039
0.0799053160780499
0.1542504168342978
0.1669430368629242
-41.38607184176981
-2.51159358303541
-2.302760217269385
-2.20290109255929
-2.143254891407322
-2.109057147948209
-2.077005710078816
-2.051256596473908
-2.035946705007161
-2.011177614085146
-1.993703281574908
-1.98650339310472
-1.955778510882767
-1.934741251540357
-1.922900664338305
-1.877712622303176
-1.839522320494052
-1.796785209533705
-1.703037956602226
-1.622758827388268
-1.523211872418818
-1.313779530908869
-1.068769373734654
-0.6842809549730875
-0.5061521346728834
-0.4683953671651344
-0.4390520934567713
-0.4266435250426755
-0.4370693488021676
-0.4680681978492405
-0.5290481137079944
-0.661770924119728
-0.8328634967892071
-1.132959269064111
-1.636733634097752
-2.737609405281871
-4.299505927447909
0.0
0.2603116716759208
0.2563516131940617
0.2536437685652514
0.2511220145022275
0.2471362853895082
0.2427770691497661
0.2378546880186097
0.2317545684121119
0.2250141813577787
0.2176324289050971
0.2095806451617659
0.2013789710317016
0.1930872968960759
0.1859188842268331
0.1792966225706453
0.1730528832602235
0.1679398218393505
0.1622703175435237
0.1568046481893038
0.1522283701336289
0.1472736051210812
0.142542868611896
0.1389565226334289
6.764462875778458
0.9544806537732596
0.9030868213466446
0.8649469859382743
0.8349213331330244
0.8118880986298292
0.7866453155109602
0.7639935083860011
0.7445109292114147
0.720344236249001
0.6979412028085746
0.6780515634708866
0.6502051980819149
0.6263733498686072
0.6068475926026763
0.5772737786241915
0.5551953274440306
0.5339671986892487
0.496234142284137
0.4668948612274674
0.4355180573101691
0.3862307679736912
0.3471985413522932
0.3118637965144521
0.2820068231420757
0.2639247468491354
0.2539507688391399
0.2604753772092632
0.2894071186853731
0.3383482354124458
0.4170177477346381
0.567015470597013
0.7547976185383936
1.071805240850213
1.592131846878255
2.709452643949267
4.288348578977949
0.0
1.0
1.0
1.0
1.0
1.0
1.0
1.0
1.0
1.0
1.0
1.0
1.0
1.0
1.0
1.0
1.0
1.0
1.0
1.0
1.0
1.0
1.0
1.0
0.0
1.0
1.0
1.0
1.0
1.0
0.0
1.0
1.0
1.0
1.0
1.0
1.0
1.0
1.0
1.0
1.0
1.0
1.0
1.0
0.0
1.0
1.0
1.0
0.0
0.0
0.0
0.0
0.0
0.0
0.0
0.0
0.0
0.0
0.0
0.0
0.0
0.0
1.0
1.0
1.0
1.0
1.0
1.0
1.0
1.0
1.0
1.0
1.0
1.0
1.0
1.0
1.0
1.0
0.6526258966878982
0.6526258966878982
0.6526258966878982
0.6526258966878982
0.6526258966878982
0.6526258966878982
0.6526258966878982
0.6526258966878982
0.6526258966878982
0.6526258966878982
0.6526258966878982
0.6526258966878982
0.6526258966878982
0.6526258966878982
0.6526258966878982
0.6526258966878982
0.6526258966878982
0.6526258966878982
0.6526258966878982
0.6526258966878982
0.6526258966878982
0.6526258966878982
0.6526258966878982
0.6526258966878982
0.6526258966878982
0.6526258966878982
0.6526258966878982
0.6526258966878982
0.6526258966878982
1.0
1.0
1.0
1.0
1.0
1.0
1.0
1.0
1.0
1.0
1.0
1.0
1.0
1.0
1.0
1.0
1.0
1.0
1.0
1.0
1.0
1.0
1.0
1.0
1.0
1.0
1.0
1.0
1.0
0.004862880916286141
0.00478111893881354
0.00467505822785991
0.00454469559190938
0.004370038111409732
0.004178322513057769
0.003971706275237946
0.003745236250484135
0.0035116924142662726
0.0032737993776013477
0.0030360911556121498
0.0028082356288283332
0.002591800735574007
0.0024031890554484787
0.00223277335117071
0.002076398076583512
0.0019417070980845396
0.001807016119585566
0.0016780995700968846
0.0015638648135173456
0.0014496300569378062
0.001340391791906054
0.0012413287528226808
0.0011422657137393072
0.0010484095582566052
0.0009631807657611859
0.0008779519732657671
0.0007977380977198119
0.0007243530452539784
0.000650967992788145
0.0005832896243280047
0.0005220343108444852
0.0004607789973609656
0.00040570351165883833
0.0003563894901552236
0.0003070754686516093
0.0002641411248144505
0.00022612727704982428
0.00018811342928519797
0.00015696103083178233
0.0001301658211390041
0.00010337061144622584
8.246063476672607e-05
6.460060407131132e-05
4.67405733758967e-05
3.339261283689196e-05
2.2838565164657228e-05
1.5352021334089793e-05
1.0307098823651226e-05
6.675695661362014e-06
4.646289292847228e-06
3.582066078234052e-06
2.9393071437253725e-06
2.672987064363265e-06
2.6080140208551203e-06
2.586144451141474e-06
2.6466913467754563e-06
2.8139005201925755e-06
3.1518766546739118e-06
4.0940165049499956e-06
0.0004
0.0004
0.0004
0.0004
0.0004
0.0004
0.0004
0.0004
0.0004
0.0004
0.0004
0.0004
0.0004
0.0004
0.0004
0.0004
0.0004
0.0004
0.0004
0.0004
0.0004
0.0004
0.0004
0.0004
0.0004
0.0004
0.0004
0.0004
0.0004
0.0004
0.0004
0.0004
0.0004
0.0004
0.0004
0.0004
0.0004
0.0004
0.0004
0.0004
0.0004
0.0004
0.0004
0.0004
0.0004
0.0004
0.0004
0.0004
0.0004
0.0004
0.0004
0.0004
0.0004
0.0004
0.0004
0.0004
0.0004
0.0004
0.0004
0.0004
1.4844944292722196e-08
1.775752695726848e-08
2.0289116720575343e-08
2.2448916063826782e-08
2.4101605533539273e-08
2.5595711292722957e-08
2.6954950248067816e-08
2.816484788079238e-08
2.930386577028532e-08
3.037520562867716e-08
3.130175266605355e-08
3.215069919342308e-08
3.293989658733153e-08
3.364023653439852e-08
3.429459704579298e-08
3.491342243596033e-08
3.547727058220298e-08
3.604111872844565e-08
3.6590563822439216e-08
3.710338838996967e-08
3.7616212957500124e-08
3.813322387111462e-08
3.865876017037133e-08
3.9184296469628044e-08
3.973535568972637e-08
4.0328704217495735e-08
4.0922052745265106e-08
4.157556957715315e-08
4.231101771677729e-08
4.3046465856401416e-08
4.395156387285155e-08
4.5047608240027076e-08
4.614365260720261e-08
4.770514721913589e-08
4.9700581904518345e-08
5.169601658990079e-08
5.500627686418717e-08
5.933063134268139e-08
6.36549858211756e-08
7.265848292114958e-08
8.463335045833174e-08
9.660821799551389e-08
1.177802100151428e-07
1.4371849298996063e-07
1.696567759647784e-07
2.0280124844011805e-07
2.3946619398775627e-07
2.778639378764339e-07
3.1806251219330947e-07
3.631753664386437e-07
4.196120346741373e-07
5.137907319051258e-07
6.49610390591579e-07
8.528074612325267e-07
1.268336878259628e-06
1.7475340578903686e-06
2.5380235342115987e-06
3.7073920758791618e-06
5.410831224971478e-06
2.6486643402453045e-06
0.0
0.0
0.0
0.0
0.0
0.0
0.0
0.0
0.0
0.0
0.0
0.0
0.0
0.0
0.0
0.0
0.0
0.0
0.0
0.0
0.0
0.0
0.0
0.0
0.0
0.0
0.0
0.0
0.0
0.0
0.0
0.0
0.0
0.0
0.0
0.0
0.0
0.0
0.0
0.0
0.0
0.0
0.0
0.0
0.0
0.0
0.0
0.0
0.0
0.0
0.0
0.0
0.0
0.0
0.0
0.0
0.0
0.0
0.0
0.0
0.0
0.0
0.0
0.0
0.0
0.0
0.0
0.0
0.0
0.0
0.0
0.0
0.0
0.0
0.0
0.0
0.0
0.0
0.0
0.0
0.0
0.0
0.0
0.0
0.0
0.0
0.0
0.0
0.0
0.0
0.0
0.0
0.0
0.0
0.0
0.0
0.0
0.0
0.0
0.0
0.0
0.0
0.0
0.0
0.0
0.0
0.0
0.0
0.0
0.0
0.0
0.0
0.0
0.0
0.0
0.0
0.0
0.0
0.0
0.0
0.0
0.0
0.0
0.0
0.0
0.0
0.0
0.0
0.0
0.0
0.0
0.0
0.0
0.0
0.0
0.0
0.0
0.0
0.0
0.0
0.0
0.0
0.0
0.0
0.0
0.0
0.0
0.0
0.0
0.0
0.0
0.0
0.0
0.0
0.0
0.0
0.0
0.0
0.0
0.0
0.0
0.0
0.0
0.0
0.0
0.0
0.0
0.0
0.0
0.0
0.0
0.0
0.0
0.0
0.0
0.0
0.0
0.0
0.0
0.0
0.0
0.0
0.0
0.0
0.0
0.0
0.0
0.0
0.0
0.0
0.0
0.0
0.0
0.0
0.0
0.0
0.0
0.0
0.0
0.0
0.0
0.0
0.0
0.0
0.0
0.0
0.0
0.0
0.0
0.0
0.0
0.0
0.0
0.0
0.0
0.0
0.0
0.0
0.0
0.0
0.0
0.0
0.0
0.0
0.0
0.0
0.0
0.0
0.0
0.0
0.0
0.0
0.0
0.0
0.0
0.0
0.0
0.0
0.0
0.0
0.0
0.0
0.0
0.0
0.0
0.0
0.0
0.0
0.0
0.0
0.0
0.0
0.0
0.0
0.0
0.0
0.0
0.0
0.0
0.0
0.0
0.0
0.0
0.0
0.0
0.0
0.0
0.0
0.0
0.0
0.0
0.0
0.0
0.0
0.0
0.0
0.0
0.0
0.0
0.0
0.0
0.0
0.0
0.0
0.0
0.0
0.0
0.0
0.0
0.0
0.0
0.0
0.0
0.0
0.0
0.0
0.0
0.0
0.0
0.0
2
2
1
300.0
-95.72178393928192
0.0
0.0
46.0
5.852576517948106
1.0
2.0
3.0
4.0
5.0
6.0
7.0
8.0
9.0
10.0
11.0
12.0
13.0
14.0
15.0
16.0
17.0
18.0
19.0
20.0
21.0
22.0
23.0
24.0
25.0
26.0
27.0
28.0
29.0
30.0
31.0
32.0
33.0
34.0
35.0
36.0
37.0
38.0
39.0
40.0
41.0
42.0
43.0
44.0
45.0
46.0
47.0
48.0
49.0
50.0
51.0
52.0
53.0
54.0
55.0
56.0
57.0
58.0
59.0
60.0
0.0
0.0
0.0
0.0
0.0
0.0
0.0
0.0
0.0
0.0
0.0
0.0
0.0
0.0
0.0
0.0
0.0
0.0
0.0
0.0
0.0
0.0
0.0
0.99
0.0
0.0
0.0
0.0
0.0
0.0
0.0
0.0
0.0
0.0
0.0
0.0
0.0
0.0
0.0
0.0
0.0
0.0
0.0
0.0
0.0
0.0
0.0
0.0
0.0
0.0
0.0
0.0
0.0
0.0
0.0
0.0
0.0
0.0
0.0
0.0
0.0
0.0
0.0
0.0
0.0
0.0
0.0
0.0
0.0
0.0
0.0
0.0
0.0
0.0
0.0
0.0
0.0
0.0
0.0
0.0
0.0
0.0
0.0
41.5
0.0
0.0
0.0
0.0
0.0
0.0
0.0
0.0
0.0
0.0
0.0
0.0
0.0
0.0
0.0
0.0
0.0
0.0
0.0
0.0
0.0
0.0
0.0
0.0
0.0
0.0
0.0
0.0
0.0
0.0
0.0
0.0
0.0
0.0
0.0
0.0
0.0
0.0
0.0
0.0
0.0
0.0
0.0
0.0
0.0
0.0
0.0
0.0
0.0
0.0
0.0
0.0
0.0
0.0
0.0
0.0
0.0
0.0
0.0
0.5
0.0
0.0
0.0
0.0
0.0
0.0
0.0
0.0
0.0
0.0
0.0
0.0
0.0
0.0
0.0
0.0
0.0
0.0
0.0
0.0
0.0
0.0
0.0
0.0
0.0
0.0
0.0
0.0
0.0
0.0
0.0
0.0
0.0
0.0
0.0
0.0
0.0
