9.81
6.022e+23
0
0
0
3
0
1
282.28683592371135
2
2
0
0
1
1
0
1
60
7
1000.0
1.607


3
3
0
77.072922555375
0
6.5
150.0
1000.0
287.04
9.81
79000.0
40.0
20000.0
0.0
0.0
0.0
0.0
0.0280134
0.04401
0.0319988
0.039948
0.01604
0.01801528
0.048
99000.0
2.1153802199668344e+29
0.8
1e-06
1000000.0
0.6
3.0
0.0001
500
50
1.607298990861112
0
1
7
1.0
1
0
1
1
0.1
1000000000000.0
1
281.2878509728468
280.3714741099886
279.4421636481518
278.49950437473285
277.54306000737813
276.57237171756043
275.5869565210882
274.5863055207839
273.5698819846092
272.53711924025515
271.48741836459567
270.42014564336097
269.33462977284427
268.2301587713148
267.1059765629565
265.96127919144413
264.7952106135317
263.6068580150518
262.39524658223684
261.15933364995516
259.89800213488587
258.6100531453281
257.2941976395944
255.94904698095291
254.5731022077969
253.16474180177656
251.72220769226632
250.24358918046894
248.7268043976661
247.16957882562772
245.56942029767686
243.9235897592145
242.2290668869196
240.48250943300388
238.68020485631152
236.818012399731
234.89129323643508
232.89482558278146
230.8227006857614
228.66819422273625
226.42360572757372
224.0800559141428
221.62722778876673
219.05303156054362
216.34316447862668
213.4805229333075
210.44441262013765
207.2080898882388
203.90414896831396
200.40332232316393
196.64607786914917
193.81716001155402
193.1428696283052
193.6826713863133
195.3145962870717
198.6714778913081
204.47897500696604
213.40136915002458
225.25822641615693
246.43951275468308
991.6800583333334
975.040175
958.4002916666666
941.7604083333333
925.120525
908.4806416666667
891.8407583333333
875.200875
858.5609916666667
841.9211083333333
825.281225
808.6413416666667
792.0014583333334
775.3615749999999
758.7216916666666
742.0818083333334
725.4419250000001
708.8020416666666
692.1621583333333
675.522275
658.8823916666668
642.2425083333333
625.602625
608.9627416666667
592.3228583333332
575.6829749999999
559.0430916666667
542.4032083333334
525.7633249999999
509.1234416666666
492.48355833333335
475.843675
459.20379166666663
442.5639083333333
425.924025
409.28414166666664
392.6442583333333
376.004375
359.36449166666665
342.7246083333333
326.084725
309.44484166666666
292.80495833333333
276.165075
259.5251916666667
242.88530833333334
226.245425
209.60554166666662
192.9656583333333
176.32577499999996
159.68589166666663
143.0460083333333
126.40612499999997
109.76624166666664
93.12635833333331
76.48647499999998
59.846591666666654
43.206708333333324
26.566824999999994
9.926941666666679
70.00087085658419
210.9819266809227
353.9527669635101
498.97727056642333
646.1225578517642
795.4592178237226
947.0615557425249
1101.0078634816484
1257.3807152008353
1416.267291255303
1577.7597336644503
1741.9555369313262
1908.9579785492797
2078.8765941691963
2251.82770314739
2427.9349910723768
2607.33015690506
2790.1536335942783
2976.5553924888827
3166.69584360914
3360.7468459274883
3558.892844320989
3761.3321528954043
3968.278408071022
4179.9622193257965
4396.633051021232
4618.561375561269
4846.041146607021
5079.392651653614
5318.965816582592
5565.144051651958
5818.348749876934
6079.044576383841
6347.745723140106
6625.023350323545
6911.514497489779
7207.932830304539
7515.081700097401
7833.870145792796
8165.332678565894
8510.653985513976
8871.200110657192
9248.558283791972
9644.588472749376
10061.491100736599
10501.897492324166
10968.991386657988
11466.887191565507
12000.810146753405
12577.27986974247
13206.930124789902
13908.792944013432
14710.390947188105
15650.617634843584
16793.64050276351
18257.866767713957
20292.126292676025
23558.720792996242
31666.43860111795
54904.10149559335
3.5190396161834134e+23
3.519039616183389e+23
3.5190396161834134e+23
3.519039616183389e+23
3.5190396161834134e+23
3.519039616183389e+23
3.5190396161834134e+23
3.519039616183389e+23
3.5190396161834134e+23
3.519039616183389e+23
3.5190396161834134e+23
3.519039616183389e+23
3.5190396161834134e+23
3.5190396161834134e+23
3.519039616183389e+23
3.519039616183389e+23
3.5190396161834134e+23
3.5190396161834134e+23
3.519039616183389e+23
3.519039616183389e+23
3.5190396161834134e+23
3.5190396161834134e+23
3.519039616183389e+23
3.5190396161834134e+23
3.5190396161834134e+23
3.519039616183389e+23
3.519039616183389e+23
3.5190396161834134e+23
3.5190396161834134e+23
3.519039616183389e+23
3.519039616183389e+23
3.5190396161834134e+23
3.5190396161834134e+23
3.519039616183389e+23
3.5190396161834134e+23
3.519039616183389e+23
3.5190396161834134e+23
3.519039616183389e+23
3.5190396161834134e+23
3.519039616183389e+23
3.5190396161834134e+23
3.519039616183389e+23
3.5190396161834134e+23
3.519039616183389e+23
3.5190396161834134e+23
3.519039616183389e+23
3.5190396161834134e+23
3.5190396161834134e+23
3.519039616183389e+23
3.5190396161834134e+23
3.519039616183389e+23
3.5190396161834134e+23
3.519039616183389e+23
3.5190396161834134e+23
3.519039616183389e+23
3.5190396161834134e+23
3.519039616183389e+23
3.5190396161834134e+23
3.519039616183389e+23
3.519039616183407e+23
-3.5265254828867683
-3.172387946086773
-2.875392498517472
-2.6234867520429805
-2.402267316987152
-2.2080845284208577
-2.0407379777019687
-1.9104230296151778
-1.7940717640227788
-1.7152400565210872
-1.6673964191114177
-1.644820184573112
-1.6427939752961924
-1.6614002217161565
-1.6931130463442587
-1.739156869812114
-1.7871189819977726
-1.8332883048791704
-1.881226632618516
-1.9245891553800005
-1.9530671370749917
-1.9744693038553829
-1.9793289672776495
-1.9688936813041924
-1.9481919235802945
-1.9263688797463758
-1.9045330605296291
-1.884807314803822
-1.8695193124593603
-1.8543379173393653
-1.8401085999137348
-1.825603973031123
-1.8231218710926833
-1.826516121121247
-1.8344052937274458
-1.8414261767711404
-1.8364797065407756
-1.8403271576978615
-1.8396858173625412
-1.832780801874526
-1.8100840961408755
-1.770495114854476
-1.7247341341503315
-1.6622337416979256
-1.5735742252170664
-1.4600194443750725
-1.2883095273789373
-1.070835743156219
-0.866500426560886
-0.6102376195397704
-0.2608059434278373
-0.011662405197040867
-0.018515153307274993
-0.022927872388648025
-0.023948445566559465
-0.021662017916312525
-0.016712877772988657
-0.010419512416078778
-0.005654278857748479
-0.0021789098212126484
-3.526461586771404
-3.1723427607834935
-2.8746756645523988
-2.6233481293603944
-2.4021182917433492
-2.2079342049629673
-2.040573107831861
-1.9102788692120072
-1.7939183284437519
-1.7150785278406175
-1.6672415251494783
-1.644665308883603
-1.6426827377031117
-1.6612594845502855
-1.692988083747224
-1.739007601584504
-1.7870473266696933
-1.8332035718701007
-1.8811282668604008
-1.9244993833296746
-1.9529668488866037
-1.9743710993295167
-1.9792518222566002
-1.9688032009140954
-1.9481146188663843
-1.9263011013784137
-1.9044589742618143
-1.8847393218574098
-1.869442253028069
-1.8542728681594838
-1.8400354740777232
-1.8255613974579035
-1.823076494048081
-1.826482205514992
-1.8343635954066144
-1.8413841096775059
-1.8364418712992006
-1.8402917011998738
-1.839655689624209
-1.8327570561378366
-1.810075362704879
-1.7705716132947202
-1.7247509326038823
-1.6622977574804167
-1.5736380637799812
-1.4601074088051007
-1.2884354762673809
-1.0710366053116047
-0.8667311436009015
-0.6106608077435283
-0.2617652472133898
-0.011055630198399058
-0.01757734865520888
-0.021832551247882748
-0.022889088326195406
-0.020754559945714846
-0.015878623178508633
-0.009880807500593392
-0.005403275314705525
-0.0021470765618971654
-0.00021992731268502061
-0.00021626774786012834
-0.0002126081830352361
-0.0002089486182103438
-0.00020528905338545157
-0.00020162948856055927
-0.00019796992373566705
-0.00019431035891077477
-0.00019065079408588252
-0.00018699122926099022
-0.00018333166443609798
-0.0001796720996112057
-0.00017601253478631348
-0.00017235296996142118
-0.00016869340513652893
-0.00016503384031163668
-0.0001613742754867444
-0.00015771471066185213
-0.0001540551458369599
-0.0001503955810120676
-0.0001467360161871754
-0.0001430764513622831
-0.0001394168865373908
-0.00013575732171249857
-0.0001320977568876063
-0.00012843819206271402
-0.00012477862723782177
-0.00012111906241292951
-0.00011745949758803724
-0.00011379993276314496
-0.00011014036793825271
-0.00010648080311336047
-0.00010282123828846819
-9.916167346357592e-05
-9.550210863868367e-05
-9.18425438137914e-05
-8.818297898889913e-05
-8.452341416400687e-05
-8.086384933911462e-05
-7.720428451422234e-05
-7.354471968933009e-05
-6.988515486443783e-05
-6.622559003954557e-05
-6.256602521465329e-05
-5.890646038976105e-05
-5.524689556486877e-05
-5.1587330739976516e-05
-4.792776591508424e-05
-4.4268201090191974e-05
-4.060863626529972e-05
-3.6949071440407445e-05
-3.32895066155152e-05
-2.962994179062292e-05
-2.597037696573067e-05
-2.2310812140838397e-05
-1.8651247315946146e-05
-1.4991682491053873e-05
-1.133211766616162e-05
-7.672552841269346e-06
-4.012988016377097e-06
-16.639883333333387
-16.639883333333273
-16.639883333333387
-16.639883333333273
-16.639883333333387
-16.639883333333273
-16.639883333333387
-16.639883333333273
-16.639883333333387
-16.639883333333273
-16.639883333333387
-16.639883333333273
-16.639883333333387
-16.639883333333387
-16.639883333333273
-16.639883333333273
-16.639883333333387
-16.639883333333387
-16.639883333333273
-16.639883333333273
-16.639883333333387
-16.639883333333387
-16.639883333333273
-16.639883333333387
-16.639883333333387
-16.639883333333273
-16.639883333333273
-16.639883333333387
-16.639883333333387
-16.639883333333273
-16.639883333333273
-16.639883333333387
-16.639883333333387
-16.639883333333273
-16.639883333333387
-16.639883333333273
-16.639883333333387
-16.639883333333273
-16.639883333333387
-16.639883333333273
-16.639883333333387
-16.639883333333273
-16.639883333333387
-16.639883333333273
-16.639883333333387
-16.639883333333273
-16.639883333333387
-16.639883333333387
-16.639883333333273
-16.639883333333387
-16.639883333333273
-16.639883333333387
-16.639883333333273
-16.639883333333387
-16.639883333333273
-16.639883333333387
-16.639883333333273
-16.639883333333387
-16.639883333333273
-16.63988333333336
282.2878509728468
281.3778396517112
280.4550972471304
279.5192187280376
278.56977870029255
277.60632999332813
276.6284021206571
275.6354996003837
274.62710012004845
273.60265252803424
272.56157463134036
271.50325077671533
270.42702918887096
269.33221903568193
268.21808718581207
267.08385461896546
265.9286924427873
264.7517174631406
263.5519872458275
262.32849459751077
261.08016138126413
259.80583156737225
258.50426340214864
257.17412055590484
255.81396208486558
254.42223100959276
252.99724127282494
251.53716279057227
250.04000424923015
248.50359322496655
246.92555310515343
245.30327616906482
243.63389202822876
241.91423042447505
240.14077712039733
238.30962127109035
236.41639220723627
234.45618294449847
232.42345689992905
230.31193315045834
228.1144439738788
225.82275616013328
223.427344347017
220.91709990938114
218.27895189057074
215.49736574554726
212.55366879993238
209.42514511920754
206.08102333613465
202.48414670176487
198.5869169372768
195.2369996914474
193.49380958023505
193.43174316481617
194.52015688193148
197.01403851457766
201.59285408378912
208.95256855972707
219.33715465290928
235.85250493812686
257.0306569431934
1000.0
983.3601166666666
966.7202333333333
950.08035
933.4404666666667
916.8005833333333
900.1607
883.5208166666666
866.8809333333334
850.24105
833.6011666666667
816.9612833333333
800.3214
783.6815166666667
767.0416333333333
750.40175
733.7618666666667
717.1219833333333
700.4821
683.8422166666667
667.2023333333334
650.56245
633.9225666666666
617.2826833333334
600.6428
584.0029166666666
567.3630333333333
550.72315
534.0832666666666
517.4433833333333
500.8035
484.1636166666667
467.5237333333333
450.88384999999994
434.24396666666667
417.6040833333333
400.9642
384.3243166666666
367.68443333333335
351.04454999999996
334.4046666666667
317.7647833333333
301.1249
284.48501666666664
267.84513333333337
251.20524999999998
234.5653666666667
217.92548333333332
201.28559999999993
184.64571666666666
168.00583333333327
151.36595
134.7260666666666
118.08618333333334
101.44629999999995
84.80641666666668
68.16653333333329
51.52665000000002
34.88676666666663
18.246883333333358
1.607
0.0
140.00174171316837
281.962111648677
425.9434222783432
572.0111188545035
720.233996849025
870.6844387984202
1023.4386726866296
1178.5770542766672
1336.1843761250034
1496.3502063856029
1659.169260943298
1824.7418129193543
1993.174144179205
2164.5790441591876
2339.0763621355923
2516.7936200091613
2697.866693800959
2882.440573387597
3070.670211590168
3262.721475628112
3458.7722162268647
3659.013472415113
3863.6508333756956
4072.9059827663486
4287.018455885245
4506.247646157219
4730.87510496532
4961.207188248722
5197.578115058505
5440.353518106679
5689.934585197237
5946.762914556632
6211.32623821105
6484.165208069162
6765.881492577927
7057.147502401631
7358.718158207446
7671.445241987356
7996.295049598236
8334.370307533552
8686.9376634944
9055.462557819981
9441.65400976396
9847.52293573479
10275.459265738406
10728.335718909924
11209.647054406052
11724.12732872496
12277.49296478185
12877.066774703091
13536.793474876713
14280.792413150151
15139.98948122606
16161.245788461109
17426.03521706591
19089.698318362003
21494.554266990046
25622.88731900244
37709.98988323346
49797.092447464536
423.76346760812476
421.38929262414626
418.8381392994514
416.18177926061156
413.4690008790494
410.72582102553616
407.9706677102247
405.21908101305075
402.4823107309316
399.7539607833292
397.0440649304826
394.3586579646801
391.70169212634397
389.0764331265967
386.48687352396524
383.93392494629757
381.42121624917695
378.9471773822067
376.51353204325386
374.1158311459771
371.7550811330331
369.43609164830207
367.15823800794703
364.9207059502279
362.7267124717973
360.57807334510824
358.53385846536383
356.4679206602872
354.4463919887269
352.47116773130097
350.5433653525107
348.6668775371355
346.83970900955944
345.06086973326853
343.3349617631609
341.6642682648302
340.05068933725755
338.4982642408195
337.00333972604085
335.56706120299043
334.1991946281181
332.90862335907946
331.6876843537293
330.5344943565393
329.4547423794884
328.4523466998029
327.51954925450343
326.6646114387195
325.8869783663823
325.19126827677275
324.57858510404026
324.1011630497845
323.90231661678047
324.05220917814626
324.45046039990007
325.0933956984191
325.94114293497546
326.92147212800035
327.8983820815226
329.1209818812069
331.4683447611714
360.0628354916863
357.4364426609877
354.6073489226621
351.6520354152208
348.6223378863697
345.5464316169939
342.4444512534012
339.3332948912983
336.2253297860138
333.1150583264547
330.0131983237977
326.9264905558093
323.8594975760412
320.8160096064541
317.8004738668374
314.8141982542592
311.8611625622727
308.9400848248551
306.0529212475436
303.1954820636878
300.3689486019846
297.5782736927404
294.8229442852062
292.1022463647938
289.4194735590856
286.7765087205017
284.1640519337019
281.5936930495615
279.0622159927862
276.5715765707763
274.1229131327846
271.7201126234626
269.3611525580203
267.0450510614938
264.7763487060966
262.557308867189
260.3897825083161
258.2777551325364
256.2175088184126
254.2101278729634
252.2653023735597
250.3918469557982
248.5820381320136
246.8339283187585
245.153133887945
243.5435051797804
241.9972608625404
240.5225904931683
239.1188973800792
237.7907994254665
236.5393618704824
235.4168061120097
234.5665018138307
234.0587699697066
233.7937024390046
233.7688261682808
233.9495810758945
234.2811109153327
234.6832766696631
235.5544804020639
237.9903331680309
63.70063211643847
63.95284996315853
64.23079037678933
64.52974384539078
64.84666299267975
65.17938940854225
65.5262164568235
65.88578612175247
66.2569809449178
66.63890245687452
67.03086660668484
67.43216740887078
67.84219455030279
68.26042352014267
68.68639965712784
69.11972669203833
69.56005368690424
70.0070925573516
70.46061079571025
70.9203490822893
71.38613253104855
71.85781795556167
72.33529372274084
72.8184595854341
73.30723891271171
73.80156462460658
74.36980653166195
74.87422761072568
75.38417599594064
75.89959116052468
76.42045221972606
76.94676491367292
77.47855645153913
78.01581867177478
78.55861305706432
79.10695939764118
79.66090682894145
80.22050910828304
80.78583090762822
81.35693333002706
81.93389225455839
82.51677640328127
83.10564622171569
83.70056603778082
84.30160849154338
84.90884152002252
85.52228839196304
86.14202094555115
86.7680809863031
87.40046885130626
88.03922323355788
88.68435693777477
89.33581480294976
89.99343920843965
90.65675796089545
91.32456953013829
91.99156185908093
92.64036121266766
93.21510541185948
93.56650147914299
93.4780115931405
491.9500415715957
486.0494050008459
480.3259089153676
474.7948732119752
469.45874670105275
464.3134485557961
459.3503610355217
454.5582012305159
449.91115207918483
445.3888838031387
440.9639094224513
436.6112609314994
432.3096297842797
428.0416880468294
423.79086895964747
419.5449322982326
415.2932159995276
411.0321298058876
406.76528089506485
402.4864517309275
398.2012023346538
393.9292460010362
389.67702126135157
385.4602373813759
381.2974407020313
377.2006869564758
373.2301709753529
369.2597741960144
365.3535062025968
361.50883969214283
357.726764445193
354.0102411557401
350.35751123070617
346.75559546036703
343.2032052847445
339.6981481910071
336.24318515375717
332.8543181860196
329.51910197004116
326.2431677573667
323.0425441263564
319.9418974946129
316.95038687596815
314.07244594617424
311.33039621164284
308.7543624681773
306.36145761407283
304.21808432202147
302.36941464437285
300.80697341116223
299.5836294306863
298.84444212921716
298.6345400660148
298.7668552787252
299.1432739492311
299.7633201594241
300.59031283603474
301.554763405881
302.52179255190254
303.7389890762721
306.0842048796749
294.1219920506594
286.3775813282112
278.8011767352534
271.4078823097206
264.2003497588253
257.1754434464256
250.3252346396043
243.6394591853077
237.0935364045396
230.6688826914547
224.3405894031326
218.0853803052285
211.8837158612624
205.7200638968468
199.5794432650888
193.450778619436
187.3237934005846
181.1945706553636
175.0657937417778
168.9272003074553
162.7817028900974
156.6468895777452
150.5280601154163
144.4404225334173
138.4036863202594
132.4313995224377
126.5126080599619
120.6632678661818
114.8786086084093
109.1592208119703
103.5098579389616
97.93820020154502
92.44717888083206
87.02592728967134
81.67675520459218
76.40222967935138
71.21030349104794
66.12280736797193
61.13120834019877
56.2441747351398
51.4793523691387
46.86119435934636
42.39681110731253
38.09012659774264
33.96958429426411
30.07106653915135
26.41198020517643
23.06161285249708
20.06559654539565
17.40586959510007
15.13250689241969
13.39511634167263
12.23055530061514
11.43853642776731
10.9054623650898
10.62032156552946
10.50206418589929
10.4010902935442
9.925774547468592
8.487830609305838
0.0
197.8280495209363
199.6718236726347
201.5247321801142
203.3869909022546
205.2583969422274
207.1380051093705
209.0251263959174
210.9187420452082
212.8176156746452
214.720001111684
216.6233200193187
218.5258806262709
220.4259139230173
222.3216241499826
224.2114256945587
226.0941536787966
227.969422598943
229.837559150524
231.699487153287
233.5592514234722
235.4194994445564
237.282356423291
239.1489611459353
241.0198148479586
242.8937543817719
244.7692874340381
246.717562915391
248.5965063298326
250.4748975941875
252.3496188801725
254.2169065062314
256.0720409541951
257.9103323498741
259.7296681706957
261.5264500801523
263.2959185116557
265.0328816627092
266.7315108180477
268.3878936298424
269.9989930222269
271.5631917572177
273.0807031352665
274.5535757686556
275.9823193484316
277.3608119173787
278.683295929026
279.9494774088964
281.1564714695244
282.3038180989772
283.4011038160622
284.4511225382666
285.4493257875445
286.4039847653996
287.3283188509579
288.2378115841413
289.1429985938946
290.0882486501354
291.1536731123368
292.596018004434
295.2511584669663
306.0842048796749
68.18657396347103
64.66011237669963
61.487769615916136
58.61309395136374
55.98974582200334
53.587627530259994
51.379693325297026
49.339120217465165
47.42884134825316
45.634923019809406
43.91984449196879
42.25260296681931
40.60793765793571
38.965254920232596
37.30399543568231
35.611007351935086
33.87199975035058
32.08495242368089
30.251748851810788
28.370620584950387
26.446121201620713
24.49315435273411
22.518783253404592
20.539531431147992
18.570728230233897
16.622613611367512
14.696312509989099
12.791853535727284
10.907114213869875
9.037671960841806
7.183399092682322
5.343363618604599
3.5178022211466953
1.6947257270986142
-0.13175647841637783
-1.9661200738229923
-3.807504183500498
-5.643946054799699
-7.4842377559995725
-9.323893445623781
-11.156650501761618
-12.966725864466497
-14.737297477761217
-16.4620484103651
-18.124346167845516
-19.697984231625497
-21.158091640430598
-22.44652711669798
-23.517563722009584
-24.384294865610485
-24.994955673354013
-25.256720920567403
-25.267776550765802
-25.28535389942101
-25.307186450668894
-25.33007553899509
-25.350830098940804
-25.366708722119313
-25.376589529619906
-25.38199280493461
-25.38413988149651
65.94084344102686
71.05886133277647
75.80617218740878
80.24415310550017
84.42198812754437
88.3709881705683
92.11921661379687
95.69383570599064
99.13179338147425
102.446175635
105.6726089206651
108.8411102505808
111.9757817147788
115.0959457096073
118.2210306017486
121.3634196348232
124.5373691616882
127.7455141694915
130.9871275057659
134.2682817562325
137.5872457118872
140.9313841149953
144.2948841697899
147.6618238313765
151.0157872388262
154.345109198064
157.65144387374
160.9304251833796
164.183607384377
167.412355758806
170.613055193823
173.7819124219176
176.9139736771882
180.0191237718224
183.0995935015044
186.1550791878376
189.1794790172682
192.1549477645644
195.0863004782138
197.9659531378236
200.785950004421
203.5306525964518
206.1852270247011
208.7438017210159
211.1835495936809
213.472438640629
215.5852806573639
217.4609776406712
219.0533008346836
220.3849298303664
221.4068549780627
222.0216897703371
222.3359465132156
222.6202335419393
222.8882400739148
223.1485046027514
223.4475168899952
223.8800206217885
224.7575021221945
227.066649792758
237.9903331680309
134.1274174044979
135.7189737094761
137.2939418033249
138.8572470568639
140.4117339495477
141.9586157008283
143.4989099390939
145.0329559234558
146.5606347297274
148.0810986548094
149.5924534126339
151.0937132174001
152.5837193727145
154.0612006298399
155.5250260374309
156.9744269867583
158.4093689120388
159.8304665931724
161.2388763575767
162.6389023411829
164.0333669135079
165.4245384677294
166.8136674231945
168.2013552625245
169.5865154690601
170.9677228094315
172.3477563837291
173.7222787191069
175.0907215982469
176.4500277196478
177.7964542865053
179.1252760405222
180.4317758983349
181.713849498921
182.967837023088
184.1889591140146
185.3719748337677
186.5110017097647
187.6020627222142
188.6420596921998
189.6292995026594
190.5639267319853
191.4479295469399
192.2817533106508
193.0592034258354
193.7744544090035
194.4271890169333
195.0144505239732
195.535737112674
196.0006349647559
196.4118993047087
196.7649688497697
197.0681699624498
197.3348796425183
197.5810536232459
197.8184290637563
198.0966867910544
198.5133118996692
199.3809125925746
201.6846569878234
212.6061932865344
-1.7868632310281427
-1.6073857028449927
-1.4565188058718865
-1.3291379093535547
-1.2170114467982827
-1.1185926210260262
-1.0337687401688178
-0.9677319840699078
-0.9087576951509241
-0.8688011356522531
-0.8445584450319928
-0.8331193777986112
-0.8321184601850401
-0.8415382496732774
-0.8576242083678609
-0.8809534337099281
-0.9053063943197323
-0.9287043625360242
-0.9529973052822182
-0.9749814106810115
-0.989410988358921
-1.000260230192709
-1.002734444498107
-0.9974394253605877
-0.9869547989577753
-0.9758991334377072
-0.9648303301206488
-0.9548374673347378
-0.9470871218046784
-0.9394026679871766
-0.932192072057753
-0.9248629972501963
-0.9236112152471495
-0.9253462015763636
-0.9293511569845172
-0.9329214300490055
-0.9304303107938118
-0.9323966416329821
-0.9320903273798412
-0.9286103773877161
-0.9171308444195393
-0.8971245410989082
-0.873662116413993
-0.8422801451159703
-0.7973631194464184
-0.7398405143690105
-0.6528503236311594
-0.542683900038395
-0.43915077076340037
-0.30938009826974017
-0.13256301944401788
-0.005508208203587606
-0.008825162570687106
-0.010988335481077097
-0.011526598611019609
-0.010431882390674191
-0.007917072745012688
-0.004735427256619795
-0.002014795008458803
0.002343230921820094
0.0
-2.59403287125303
-2.406142508181458
-2.249360714834686
-2.117507520894906
-2.001524054204044
-1.899764322116621
-1.811771592730633
-1.74250567481552
-1.679872305136471
-1.635295963582306
-1.605933542291766
-1.58878710287758
-1.581434089812853
-1.583928213447376
-1.592698700643626
-1.608694924192809
-1.626026673217244
-1.642989869914889
-1.663030915754045
-1.682194509978351
-1.694954008985731
-1.704767331638975
-1.70651067315735
-1.699933746212456
-1.687444394277951
-1.675793444546767
-1.661929575342228
-1.648853471021641
-1.63646935071781
-1.622252934836191
-1.606113926884875
-1.587464136076387
-1.573824395698199
-1.561315319076243
-1.548652325105817
-1.532896668063982
-1.508096278896334
-1.485736364599455
-1.459532540685471
-1.429296404097419
-1.39113400854238
-1.345453156224146
-1.296796339163979
-1.236569764530291
-1.160107985555451
-1.070879734908697
-0.9506843731540348
-0.8070582780855672
-0.6749271808297634
-0.5179558729870251
-0.3116248702687824
-0.1592789119306757
-0.1440889643174259
-0.1358373042766353
-0.1319133221694306
-0.1515523623450836
-0.2192116012372529
-0.4447455839572032
-1.17037593238491
-5.53659528941786
0.0
0.8071696402248872
0.7987568053364652
0.7928419089627993
0.7883696115413514
0.784512607405761
0.7811717010905946
0.7780028525618152
0.7747736907456123
0.7711146099855469
0.7664948279300527
0.7613750972597731
0.7556677250789687
0.7493156296278128
0.7423899637740986
0.735074492275765
0.727741490482881
0.7207202788975117
0.7142855073788649
0.7100336104718269
0.7072130992973396
0.7055430206268098
0.704507101446266
0.703776228659243
0.7024943208518682
0.7004895953201756
0.6998943111090599
0.6970992452215793
0.6940160036869031
0.6893822289131317
0.6828502668490143
0.673921854827122
0.6626011388261908
0.6502131804510495
0.6359691174998794
0.6193011681212999
0.5999752380149764
0.5776659681025221
0.5533397229664729
0.5274422133056297
0.5006860267097029
0.4740031641228407
0.448328615125238
0.4231342227499859
0.3942896194143209
0.3627448661090327
0.3310392205396864
0.2978340495228754
0.2643743780471723
0.2357764100663631
0.2085757747172849
0.1790618508247645
0.1537707037270881
0.1352638017467388
0.1248489687955582
0.120386723558411
0.1411204799544094
0.2112945284922402
0.4400101567005834
1.168361137376451
5.53893852033968
0.0
1.0
1.0
1.0
1.0
1.0
1.0
1.0
1.0
1.0
1.0
1.0
1.0
1.0
1.0
1.0
1.0
1.0
1.0
1.0
1.0
1.0
1.0
1.0
1.0
1.0
1.0
1.0
1.0
1.0
1.0
1.0
1.0
1.0
1.0
1.0
1.0
1.0
1.0
1.0
1.0
1.0
1.0
1.0
1.0
1.0
1.0
1.0
1.0
1.0
1.0
1.0
0.0
0.0
0.0
0.0
0.0
0.0
0.0
0.0
0.0
0.0
1.0
1.0
1.0
1.0
1.0
1.0
1.0
1.0
1.0
1.0
1.0
1.0
1.0
1.0
1.0
1.0
0.6775249999999999
0.6775249999999999
0.6775249999999999
0.6775249999999999
0.6775249999999999
0.6775249999999999
0.6775249999999999
0.6775249999999999
0.6775249999999999
0.6775249999999999
0.6775249999999999
0.6775249999999999
0.6775249999999999
0.6775249999999999
0.6775249999999999
0.6775249999999999
0.6775249999999999
0.6775249999999999
0.6775249999999999
0.6775249999999999
0.6775249999999999
0.6775249999999999
0.6775249999999999
0.6775249999999999
0.6775249999999999
0.6775249999999999
0.6775249999999999
0.6775249999999999
0.6775249999999999
1.0
1.0
1.0
1.0
1.0
1.0
1.0
1.0
1.0
1.0
1.0
1.0
1.0
1.0
1.0
1.0
1.0
1.0
1.0
1.0
1.0
1.0
1.0
1.0
1.0
1.0
1.0
1.0
1.0
0.01856995865013652
0.017354667445750576
0.01620002880052517
0.01510399030451769
0.01406453487534032
0.013079680758159998
0.012147481525698474
0.011266026078232245
0.010433438643592606
0.009647878777165601
0.008907541361892079
0.008210656608267664
0.0075554900543427376
0.006940342565722466
0.006363550335566805
0.0058234848845904776
0.005318553061062976
0.004847197040808577
0.004407894327206344
0.003999157751190104
0.0036195354712484614
0.0032676109734247998
0.002942003071317286
0.0026413659060788588
0.0023643889464172252
0.002109796988594889
0.0018763501564291114
0.0016628439012919423
0.0014681090021101998
0.0012910115653654909
0.001130453025094188
0.0009853701428874458
0.0008547350078911949
0.0007375550368061434
0.0006328729738877755
0.0005397668909463526
0.0004573501873469133
0.00038477159000927256
0.00032121515340802274
0.00026590025957253297
0.0002180816180869489
0.00017704926609019405
0.00014212856827596791
0.00011268021689274726
8.81002317437858e-05
6.781996018711409e-05
5.130607713553956e-05
3.806058505664666e-05
2.7620813972796764e-05
1.9559421461128042e-05
1.348439265355564e-05
9.039040236771622e-06
5.902004452244951e-06
3.787253096221513e-06
2.444081519724105e-06
1.657112628552436e-06
1.2462968832831278e-06
1.0669122992697166e-06
1.009564446642652e-06
1.0001864503092964e-06
0.0004
0.0004
0.0004
0.0004
0.0004
0.0004
0.0004
0.0004
0.0004
0.0004
0.0004
0.0004
0.0004
0.0004
0.0004
0.0004
0.0004
0.0004
0.0004
0.0004
0.0004
0.0004
0.0004
0.0004
0.0004
0.0004
0.0004
0.0004
0.0004
0.0004
0.0004
0.0004
0.0004
0.0004
0.0004
0.0004
0.0004
0.0004
0.0004
0.0004
0.0004
0.0004
0.0004
0.0004
0.0004
0.0004
0.0004
0.0004
0.0004
0.0004
0.0004
0.0004
0.0004
0.0004
0.0004
0.0004
0.0004
0.0004
0.0004
0.0004
6.302694256850519e-42
2.692055492506257e-41
1.1495775854991007e-40
4.90778449628898e-40
2.0946999130182416e-39
8.93806049467332e-39
3.812814720708627e-38
1.6260152238094917e-37
6.932267455164972e-37
2.9545601741234048e-36
1.258844049461622e-35
5.361755456712684e-35
2.2829275282260247e-34
9.716749294192082e-34
4.134156496633543e-33
1.75825848469786e-32
7.474820973384319e-32
3.176383847760331e-31
1.34918201409255e-30
5.728014766714873e-30
2.430657045121194e-29
1.0309044221677685e-28
4.369951585481906e-28
1.8513382414185306e-27
7.838486737582954e-27
3.3166621205736945e-26
1.4024156130445482e-25
5.925722018149385e-25
2.5019334604720558e-24
1.0555025429851124e-23
4.449066669691933e-23
1.8736107576043588e-22
7.882477339432615e-22
3.3127451726281218e-21
1.3906595133498467e-20
5.830725251735492e-20
2.441462928043379e-19
1.0208332118246484e-18
4.261685429966735e-18
1.7760987362535215e-17
7.388222306474472e-17
3.067022247048423e-16
1.2702862734753256e-15
5.247846491242184e-15
2.1618332132984008e-14
8.876991960997958e-14
3.6317869559637085e-13
1.4796253118308191e-12
5.998878933666913e-12
2.4183009545817298e-11
9.68286390105557e-11
3.845341244557462e-10
1.511722875679484e-09
5.867518448929668e-09
2.2396954342344195e-08
8.35733232486776e-08
3.018278007873455e-07
1.0357361907875715e-06
3.2429378774763535e-06
8.1912488611161e-06
3.06e-07
3.06e-07
3.06e-07
3.06e-07
3.06e-07
3.06e-07
3.06e-07
3.06e-07
3.06e-07
3.06e-07
3.06e-07
3.06e-07
3.06e-07
3.06e-07
3.06e-07
3.06e-07
3.06e-07
3.06e-07
3.06e-07
3.06e-07
3.06e-07
3.06e-07
3.06e-07
3.06e-07
3.06e-07
3.06e-07
3.06e-07
3.06e-07
3.06e-07
3.06e-07
3.06e-07
3.06e-07
3.06e-07
3.06e-07
3.06e-07
3.06e-07
3.06e-07
3.06e-07
3.06e-07
3.06e-07
3.06e-07
3.06e-07
3.06e-07
3.06e-07
3.06e-07
3.06e-07
3.06e-07
3.06e-07
3.06e-07
3.06e-07
3.06e-07
3.06e-07
3.06e-07
3.06e-07
3.06e-07
3.06e-07
3.06e-07
3.06e-07
3.06e-07
3.06e-07
0.0
0.0
0.0
0.0
0.0
0.0
0.0
0.0
0.0
0.0
0.0
0.0
0.0
0.0
0.0
0.0
0.0
0.0
0.0
0.0
0.0
0.0
0.0
0.0
0.0
0.0
0.0
0.0
0.0
0.0
0.0
0.0
0.0
0.0
0.0
0.0
0.0
0.0
0.0
0.0
0.0
0.0
0.0
0.0
0.0
0.0
0.0
0.0
0.0
0.0
0.0
0.0
0.0
0.0
0.0
0.0
0.0
0.0
0.0
0.0
1.65e-06
1.65e-06
1.65e-06
1.65e-06
1.65e-06
1.65e-06
1.65e-06
1.65e-06
1.65e-06
1.65e-06
1.65e-06
1.65e-06
1.65e-06
1.65e-06
1.65e-06
1.65e-06
1.65e-06
1.65e-06
1.65e-06
1.65e-06
1.65e-06
1.65e-06
1.65e-06
1.65e-06
1.65e-06
1.65e-06
1.65e-06
1.65e-06
1.65e-06
1.65e-06
1.65e-06
1.65e-06
1.65e-06
1.65e-06
1.65e-06
1.65e-06
1.65e-06
1.65e-06
1.65e-06
1.65e-06
1.65e-06
1.65e-06
1.65e-06
1.65e-06
1.65e-06
1.65e-06
1.65e-06
1.65e-06
1.65e-06
1.65e-06
1.65e-06
1.65e-06
1.65e-06
1.65e-06
1.65e-06
1.65e-06
1.65e-06
1.65e-06
1.65e-06
1.65e-06
0.0
0.0
0.0
0.0
0.0
0.0
0.0
0.0
0.0
0.0
0.0
0.0
0.0
0.0
0.0
0.0
0.0
0.0
0.0
0.0
0.0
0.0
0.0
0.0
0.0
0.0
0.0
0.0
0.0
0.0
0.0
0.0
0.0
0.0
0.0
0.0
0.0
0.0
0.0
0.0
0.0
0.0
0.0
0.0
0.0
0.0
0.0
0.0
0.0
0.0
0.0
0.0
0.0
0.0
0.0
0.0
0.0
0.0
0.0
0.0
0.0
0.0
0.0
0.0
0.0
0.0
0.0
0.0
0.0
0.0
0.0
0.0
0.0
0.0
0.0
0.0
0.0
0.0
0.0
0.0
0.0
0.0
0.0
0.0
0.0
0.0
0.0
0.0
0.0
0.0
0.0
0.0
0.0
0.0
0.0
0.0
0.0
0.0
0.0
0.0
0.0
0.0
0.0
0.0
0.0
0.0
0.0
0.0
0.0
0.0
0.0
0.0
0.0
0.0
0.0
0.0
0.0
0.0
0.0
0.0
2
2
1
282.2878509728468
0.009666831969099121
0.0
0.0
50.0
6.5
1.0
2.0
3.0
4.0
5.0
6.0
7.0
8.0
9.0
10.0
11.0
12.0
13.0
14.0
15.0
16.0
17.0
18.0
19.0
20.0
21.0
22.0
23.0
24.0
25.0
26.0
27.0
28.0
29.0
30.0
31.0
32.0
33.0
34.0
35.0
36.0
37.0
38.0
39.0
40.0
41.0
42.0
43.0
44.0
45.0
46.0
47.0
48.0
49.0
50.0
51.0
52.0
53.0
54.0
55.0
56.0
57.0
58.0
59.0
60.0
0.0
0.0
0.0
0.0
0.0
0.0
0.0
0.0
0.0
0.0
0.0
0.0
0.0
0.0
0.0
0.0
0.0
0.0
0.0
0.0
0.0
0.0
0.0
0.0
0.0
0.5
0.0
0.0
0.0
0.0
0.0
0.0
0.0
0.0
0.0
0.0
0.0
0.0
0.0
0.0
0.0
0.0
0.0
0.0
0.0
0.0
0.0
0.0
0.0
0.0
0.0
0.0
0.0
0.0
0.0
0.0
0.0
0.0
0.0
0.0
0.0
0.0
0.0
0.0
0.0
0.0
0.0
0.0
0.0
0.0
0.0
0.0
0.0
0.0
0.0
0.0
0.0
0.0
0.0
0.0
0.0
0.0
0.0
0.0
0.0
0.003
0.0
0.0
0.0
0.0
0.0
0.0
0.0
0.0
0.0
0.0
0.0
0.0
0.0
0.0
0.0
0.0
0.0
0.0
0.0
0.0
0.0
0.0
0.0
0.0
0.0
0.0
0.0
0.0
0.0
0.0
0.0
0.0
0.0
0.0
0.0
0.0
0.0
0.0
0.0
0.0
0.0
0.0
0.0
0.0
0.0
0.0
0.0
0.0
0.0
0.0
0.0
0.0
0.0
0.0
0.0
0.0
0.0
0.0
0.0
0.5
0.0
0.0
0.0
0.0
0.0
0.0
0.0
0.0
0.0
0.0
0.0
0.0
0.0
0.0
0.0
0.0
0.0
0.0
0.0
0.0
0.0
0.0
0.0
0.0
0.0
0.0
0.0
0.0
0.0
0.0
0.0
0.0
0.0
0.0
45.0
