9.81
6.022e+23
0
0
0
3
0
1
297.999894046661
2
2
0
0
1
1
0
1
60
7
1014.8
1.607


3
3
0
75.0
2
6.7
150.0
1000.0
287.04
9.81
79000.0
40.0
20000.0
0.0
0.0
0.0
0.0
0.0280134
0.04401
0.0319988
0.039948
0.01604
0.01801528
0.048
99000.0
2.1153802199668344e+29
0.8
1e-06
1000000.0
0.6
3.0
0.0001
1000
29
1.5353391335544848
0
1
3
1.0
1
0
1
1
0.02
1000000000000.0
2
299.5649689348395
296.1749905592812
292.67732171865555
289.1538810356297
285.59722832242
282.0048573980511
278.38035016833993
274.72719925085596
271.05973568498405
267.39635096609067
263.7472775450319
260.1181900338128
256.4985433946301
252.8819392489145
249.2637791736572
245.6416846685261
242.00382825871463
238.37940444006657
234.7518225330243
231.12721460040942
227.51358041537543
223.90485324192522
220.3055547758679
216.71464578307697
213.13410507851108
209.5660152575499
206.00038733015384
202.4385729893422
198.8819791851148
195.03228635480426
201.37948928791658
203.27514393237644
204.86878469843074
206.55613370522445
208.4973391073734
210.72173157518347
213.208372799679
215.88396615657766
218.64522726547105
221.39788776688295
224.03675143247892
226.52953484493818
228.79637796902807
231.0056604633505
233.0072064814853
234.84592662018082
236.54036179667585
238.1077972939627
239.57497308400403
240.94427515847056
242.25804951255577
243.4923915893181
244.7368421731887
245.99591635150412
247.40006294868215
249.0948575802694
251.3246426795498
254.53575319454959
259.60400897803925
274.62564176164403
297.99949120252643
294.404212705331
290.80869123938857
287.21312439797947
283.6175779159244
280.02208674469045
276.4266748860906
272.8313134558835
269.23597090344856
265.6406824302632
262.04548124774226
258.45034436371327
254.8552242416832
251.2600482189418
247.66473644756354
244.0692881262221
240.4736412489638
236.87767609265657
233.2813095834859
229.6844585901744
226.0870841513844
222.48910538440913
218.89038873138472
215.29079459495185
211.68094451873955
209.19215389316835
207.86450355999904
207.2089637632043
207.0522036218606
207.06333236539444
210.60974464113025
212.07105923405902
213.39754003847926
214.81490320632795
216.46785135060438
218.38057199833327
220.53606944823238
222.86921527216788
225.28037937152408
227.67742918307874
229.96316250895094
232.11479879219266
234.04998467421996
235.94014763111693
237.64624118564015
239.21480951466995
240.6523876078676
241.98591656953127
243.23153361687523
244.3922433305435
245.50905375132763
246.56018107449606
247.61772314225578
248.6929571480141
249.9141138593369
251.40188960536742
253.40994141720032
256.355984191035
261.09230335350014
275.54238445214537
985.8078294205452
929.1704806481764
875.1792495166603
823.7395676755561
774.7591835452633
728.1481322206923
683.8187054112204
641.6854214173221
601.6649951442855
563.6763081534225
527.6403787511956
493.4803321166968
461.1213704679191
430.49074326727884
401.5177174668512
374.13354779379824
348.27144707648074
323.86655661175473
300.85591657396975
279.1784364661994
258.7748656142472
239.58776370398954
221.56147136262913
204.64208078445134
188.77740640169188
173.91695560114255
160.0118994871406
147.0150436916059
134.88079923181198
123.56515341659627
113.06822910177317
103.42139991365353
94.59762521328918
86.52668309909939
79.14434290767173
72.39185404938198
66.2154784558712
60.566062918475225
55.39864791416369
50.67210980592391
46.348833570126516
42.39441344635203
38.777379127371375
35.46894531022901
32.44278261529059
29.674808050169382
27.142993350988494
24.827189675708794
22.708967254386252
20.771468720253548
18.999274954396526
17.378282376382327
15.895590704286075
14.539400290881032
13.298918218966925
12.164272408518528
11.126433052096747
10.177140753284732
9.308840796255959
8.514623023374321
985.8078294205452
929.1704806481764
875.1792495166603
823.7395676755561
774.7591835452633
728.1481322206923
683.8187054112204
641.6854214173221
601.6649951442855
563.6763081534225
527.6403787511956
493.4803321166968
461.1213704679191
430.49074326727884
401.5177174668512
374.13354779379824
348.27144707648074
323.86655661175473
300.85591657396975
279.1784364661994
258.7748656142472
239.58776370398954
221.56147136262913
204.64208078445134
188.77740640169188
173.91695560114255
160.0118994871406
147.0150436916059
134.88079923181198
123.56515341659627
113.06822910177317
103.42139991365353
94.59762521328918
86.52668309909939
79.14434290767173
72.39185404938198
66.2154784558712
60.566062918475225
55.39864791416369
50.67210980592391
46.348833570126516
42.39441344635203
38.777379127371375
35.46894531022901
32.44278261529059
29.674808050169382
27.142993350988494
24.827189675708794
22.708967254386252
20.771468720253548
18.999274954396526
17.378282376382327
15.895590704286075
14.539400290881032
13.298918218966925
12.164272408518528
11.126433052096747
10.177140753284732
9.308840796255959
8.514623023374321
270.4006152744377
811.3125474895542
1352.4243920113347
1893.6853212960896
2435.033094855307
2976.4041215214575
3517.739231096278
4058.9946338678337
4600.157693396591
5141.244345053034
5682.287569034537
6223.316500815397
6764.343532229926
7305.369736482462
7846.388604705666
8387.377478068081
8928.33255875374
9469.263883602755
10010.169973395521
10551.065939454464
11091.96978746129
11632.898588276876
12173.874485599872
12714.921918225098
13256.071742146207
13797.345952173902
14338.756340967557
14880.318998902301
15421.63902986078
15976.593921061205
16550.797363275524
17132.56056176655
17718.997443282984
18310.60548784621
18908.151655407833
19512.41455792446
20124.037985358376
20743.413804711934
21370.652052305773
22005.57796114153
22647.820775585475
23296.85010030349
23952.261452525963
24613.676356865784
25280.566597571327
25952.494215394137
26629.072573554655
27309.977374654336
27994.925915530774
28683.69982723488
29376.106443012355
30072.046675155227
30771.55586905079
31474.862465856302
32182.586918485453
32895.905395032336
33616.979994613925
34349.85699718148
35111.37172405739
29750.0
268.2898729829576
804.8986039076494
1341.5435988244312
1878.1953661989237
2414.8440948638563
2951.4845681823604
3488.1132037942775
4024.7343127804143
4561.352604188614
5097.962824067023
5634.560015488063
6171.147610119256
6707.7327029595635
7244.326139189627
7780.939836410262
8317.57391422242
8854.237627246046
9390.948844605331
9927.719965377073
10464.563397214613
11001.48495524297
11538.496711507934
12075.618600019041
12612.871456203051
13151.655049667574
13694.895168050289
14245.134147799981
14804.201690488951
15373.333106899878
15958.020135300405
16557.81878290991
17164.30173576328
17774.695892868425
18389.466616126607
19009.320011388245
19634.97243607043
20267.02318399357
20905.836694424797
21551.504059113722
22203.846483136316
22862.51414250657
23527.007350410408
24196.95339047035
24872.02570370766
25551.76587401393
26235.79114682125
26923.76648596056
27615.418261128423
28310.50012764038
29008.828478472657
29710.24710973174
30414.671537519615
31122.13612463547
31832.87409508768
32547.473505276284
33267.05603248829
33993.70035913312
34731.29548581345
35496.23980983732
29750.0
1.2083817215540284e+24
1.1522396340029291e+24
1.0980926287961995e+24
1.0458921111181598e+24
9.955901137306276e+23
9.471392962205574e+23
9.004929442400112e+23
8.556049687376111e+23
8.124299051813578e+23
7.709229127731061e+23
7.310397736537112e+23
6.927368920994009e+23
6.559712937085388e+23
6.207006245789061e+23
5.8688315047518377e+23
5.5447775598626366e+23
5.234439436722621e+23
4.937418332009425e+23
4.653321604731652e+23
4.381762767372445e+23
4.1223614769169925e+23
3.874743525762576e+23
3.638540832506727e+23
3.413391432610348e+23
3.198939468932488e+23
2.994835182132102e+23
2.8007349009337698e+23
2.6163010322526454e+23
2.441202051174308e+23
2.275112490785433e+23
2.099962303909993e+23
1.9207963453711375e+23
1.7569165853699338e+23
1.6070188260127692e+23
1.4699101418156962e+23
1.3444993860921102e+23
1.2297885073227274e+23
1.1248646064011282e+23
1.0288926715444699e+23
9.41108933051818e+22
8.608147850255597e+22
7.873712256833963e+22
7.2019377201538795e+22
6.58747808315659e+22
6.025443315711079e+22
5.511360598478068e+22
5.0411387270468504e+22
4.611035553062728e+22
4.217628203234118e+22
3.857785839213596e+22
3.5286447415694375e+22
3.227585519559005e+22
2.9522122653338054e+22
2.700333486679621e+22
2.4699446665495278e+22
2.2592123105942128e+22
2.0664593557355814e+22
1.8901518236610363e+22
1.7288866130238602e+22
1.5813803331965176e+22
1.2083817215540284e+24
1.1522396340029291e+24
1.0980926287961995e+24
1.0458921111181598e+24
9.955901137306276e+23
9.471392962205574e+23
9.004929442400112e+23
8.556049687376111e+23
8.124299051813578e+23
7.709229127731061e+23
7.310397736537112e+23
6.927368920994009e+23
6.559712937085388e+23
6.207006245789061e+23
5.8688315047518377e+23
5.5447775598626366e+23
5.234439436722621e+23
4.937418332009425e+23
4.653321604731652e+23
4.381762767372445e+23
4.1223614769169925e+23
3.874743525762576e+23
3.638540832506727e+23
3.413391432610348e+23
3.198939468932488e+23
2.994835182132102e+23
2.8007349009337698e+23
2.6163010322526454e+23
2.441202051174308e+23
2.275112490785433e+23
2.099962303909993e+23
1.9207963453711375e+23
1.7569165853699338e+23
1.6070188260127692e+23
1.4699101418156962e+23
1.3444993860921102e+23
1.2297885073227274e+23
1.1248646064011282e+23
1.0288926715444699e+23
9.41108933051818e+22
8.608147850255597e+22
7.873712256833963e+22
7.2019377201538795e+22
6.58747808315659e+22
6.025443315711079e+22
5.511360598478068e+22
5.0411387270468504e+22
4.611035553062728e+22
4.217628203234118e+22
3.857785839213596e+22
3.5286447415694375e+22
3.227585519559005e+22
2.9522122653338054e+22
2.700333486679621e+22
2.4699446665495278e+22
2.2592123105942128e+22
2.0664593557355814e+22
1.8901518236610363e+22
1.7288866130238602e+22
1.5813803331965176e+22
-14.544672913605861
-10.586558538966273
-8.405627229466653
-6.713661813073473
-5.550105874783522
-4.884494605087503
-4.617563366402421
-4.6619120584392295
-4.8327986878330185
-4.9382688035198
-4.893999582290941
-4.672426161506986
-4.383252502772821
-4.0859820287558515
-3.8164367665464356
-3.5888800165629897
-3.4725354021098793
-3.27658333674225
-3.1076228934180556
-2.929471413182112
-2.7045106406920287
-2.4700359393793225
-2.2093007753438076
-1.9329301442265496
-1.6381917656153904
-1.3237081265008235
-1.0302290841210562
-0.7532212921725321
-0.49715714155404006
-0.8224252985382671
0.013705534504501057
0.018126717935946786
0.019961604280477892
0.01955939270753429
0.018133515199055275
0.016092429087126554
0.01371741159089461
0.01148904491914067
0.009319676208117827
0.007523511582760625
0.006089312919811067
0.0049184501284033275
0.003906020702369211
0.0032482183172573217
0.0026435490382057947
0.0021210666782620763
0.0017525888181966244
0.0013145899568873208
0.00119100664556809
0.0009430881809094037
0.000732732109981685
0.0006462619217536478
0.0005603155480226035
0.00046260629076112607
0.0003753419364111799
0.0003076406923647615
0.0002472071242515259
0.00018847380886592973
0.00012529153990619053
7.367028587653389e-05
-10.156399773274405
-7.480563670212283
-6.632522687593518
-6.1427803566356065
-5.780279033034305
-5.4579607238469245
-5.184093644726264
-4.9222686160876465
-4.621737634427592
-4.334652459146613
-4.10594753842836
-3.8817006710079
-3.6410145607706332
-3.382289640029288
-3.0916057685386873
-2.7889519033747123
-2.535414718488506
-2.223606187504555
-1.9191631466155918
-1.6015910901887453
-1.2986135523412792
-1.0174609534671113
-0.7294691233389097
-0.440285380454661
-0.11673268935167026
0.005757762618341308
0.00951850743940813
0.012694214722477434
0.01571452961432486
0.01819347320752157
0.01942179696706306
0.019520136277414585
0.018846022363605268
0.01744363294867527
0.015373628337971734
0.013148845813183964
0.011159987762180218
0.009312908919464367
0.007534093239824721
0.006171951580515023
0.004943697683659581
0.003971323679536964
0.0032171312493858746
0.002656089341826727
0.002191633578085425
0.0017815324801111893
0.0014476494502046987
0.0012191964812754297
0.0010179213100472949
0.0008415912276634931
0.0006949568966902221
0.0005483924335012783
0.000496114712983527
0.00041640440660158963
0.0003465029713326422
0.00028066883636623796
0.00022437849564695914
0.00016820737637588887
0.00013745022243219236
-0.00013102641178452425
-13.995119563053606
-10.068252335410136
-7.9174515927572315
-6.253984924266803
-5.117726242813802
-4.477919646832305
-4.2356314858377
-4.303307576558211
-4.496424785043274
-4.623022879283326
-4.59878537071549
-4.396209098321805
-4.125037785538012
-3.844810483254605
-3.5913887421802997
-3.37907415577547
-3.2771180488955167
-3.094765589284492
-2.938663076537267
-2.772579034921449
-2.5590024371392985
-2.335234982761307
-2.0845621464166584
-1.8176403155074468
-1.5317573200463528
-1.2255667346715313
-0.939850412451392
-0.6700871251111948
-0.4207526443265124
-0.7521723233617763
0.07747022008408067
0.07636521881210001
0.07315678374629897
0.0682101796175516
0.0626274925645589
0.05674629830838285
0.05094167667499505
0.04555181915139883
0.04050382730002866
0.03603148624927144
0.03219989040775317
0.028810571997269108
0.02577925101081746
0.02324620624290219
0.02093966672521219
0.018873440007837416
0.017072965054978795
0.015357063030990048
0.014012324781162988
0.012689012606927008
0.011489442683682682
0.01048060080194091
0.009555723961454987
0.008695832983960372
0.00776133748530583
0.007184180322155953
0.006538089012394721
0.005944648514685014
0.0053820336939907065
0.004886738648508526
-10.706274451398116
-7.999050731486392
-7.121069634511798
-6.6027970683684885
-6.213101594107513
-5.864896669049983
-5.566428590555489
-5.280787330230538
-4.958298501551951
-4.650101533159102
-4.401349096140734
-4.158082361929246
-3.89940245966784
-3.623626772413388
-3.3167517370725363
-2.998855402833499
-2.730903736209882
-2.405480447294508
-2.0881933906550216
-1.7585160611390052
-1.444138445849262
-1.152252097185169
-0.8541624393432699
-0.5554709462945766
-0.2229083624141026
-0.09238431325735519
-0.0808538017064393
-0.07042811418261863
-0.06065593582479778
-0.05188121319037009
-0.044755880022705696
-0.039235776882833306
-0.03498536114096851
-0.03180526059463773
-0.029638257865485684
-0.028067764124159567
-0.026479484818480614
-0.025176081994857213
-0.02393847673209848
-0.022607708065550014
-0.021365069628643596
-0.020094295234173387
-0.018783969056983096
-0.017464481300521584
-0.01621493054358325
-0.015047729676837207
-0.013939167079513481
-0.012856203849310077
-0.011857016319879676
-0.010933152457084816
-0.010074192794320425
-0.009291664158183721
-0.008514092824611907
-0.007824311709100584
-0.007190896836789307
-0.006613000935260516
-0.006080874457495611
-0.005597390925061063
-0.005154404610948404
-0.004911301829963577
-0.5494213003394434
-0.5180280877666665
-0.48809342132822253
-0.45956546968388184
-0.4323936639648273
-0.4065286814694733
-0.3819224293788314
-0.358528028491621
-0.3362997969793463
-0.3151932341615647
-0.2951650043015615
-0.27617292042267644
-0.2581759281455064
-0.2411340895462365
-0.225008567036345
-0.20976160726393614
-0.19535652503696635
-0.1817576872686302
-0.16893049694518184
-0.15684137711647675
-0.14545775490952237
-0.1347480455653385
-0.12468163649943337
-0.11522887138621123
-0.10636103426763718
-0.09805033368649195
-0.09026988684456243
-0.08299370378612167
-0.07619667160706363
-0.06985453869006987
-0.06394389896619569
-0.058488291534739105
-0.05349814918951223
-0.0489337590755817
-0.04475879658536851
-0.04094003627794212
-0.03744708746229171
-0.034252152340276606
-0.03132980478449518
-0.028656787990528097
-0.026211829393219983
-0.02397547137405507
-0.021929916412351553
-0.020058885447947962
-0.018347488328194383
-0.016782105308232195
-0.015350278661510505
-0.014040613537947447
-0.012842687280739843
-0.011746966480140595
-0.010744731104096258
-0.009828005101956479
-0.008989492928981659
-0.008222521486494149
-0.007520987015617673
-0.006879306521971453
-0.0062923733447440835
-0.005755516516554216
-0.005264463590673297
-0.004815306639779618
0.5499429028042863
0.5185198865507145
0.48855680112707833
0.4600017659861833
0.43280416425079576
0.40691462639398346
0.38228501393902176
0.35886840317906205
0.33661906891678706
0.31549246822427557
0.2954452242232935
0.2764351098862562
0.25842103185808646
0.2413630142992216
0.22522218275001393
0.20996074801678039
0.19554199007976586
0.1819302420232873
0.16909087398833486
0.15699027714791486
0.14559584770542316
0.13487597091635095
0.12480000513362823
0.11533826587692168
0.10646200992621278
0.09814341943998921
0.09035558609839572
0.08307249527169845
0.07626901021442835
0.06992085628558115
0.06400460519526222
0.05854381839001413
0.05354893856819947
0.04898021517280996
0.04480128911088199
0.04097890339834707
0.03748263849227443
0.034284670204210575
0.031359548268026935
0.02868399380006097
0.026236714039685454
0.02399823289596321
0.021950735951833212
0.02007792869233107
0.018364906828586977
0.016798037685605657
0.01536485170988144
0.014053943233437548
0.012854879704544128
0.011758118662749248
0.010754931797488574
0.009837335485912292
0.008998027257131199
0.008230327677247818
0.00752812719267847
0.006885837508731618
0.0062983471165004795
0.005760980614141303
0.005269461498805497
0.004819878133114025
-57.9843411589095
-55.290356385828204
-52.692105877203744
-50.18725780500472
-47.77351045558089
-45.44859219356101
-43.21026142538278
-41.056306562413965
-38.984545983659245
-36.99282799806679
-35.07903080638704
-33.24106246261056
-31.476860834944773
-29.784393566335723
-28.161658034519633
-26.60668131158633
-25.11752012304862
-23.692260806403453
-22.32901926916645
-21.025940946374305
-19.781200757530115
-18.593003062985133
-17.459581619735673
-16.37919953661992
-15.350149228899
-14.37075237219966
-13.439359855804241
-12.5543517352651
-11.714137184322823
-10.917154446108569
-10.076694183537626
-9.216964192701653
-8.430585208027054
-7.711299020352513
-7.053381362502805
-6.451596354076727
-5.901154832944798
-5.397676241847158
-4.937153766775914
-4.515922449703659
-4.130630021891115
-3.7782102256578582
-3.4558584123034493
-3.1610092219812884
-2.8913161678955497
-2.6446329623468685
-2.4189964360149077
-2.212610914544488
-2.0238339281006006
-1.8511631401648074
-1.69322439154924
-1.5487607644791552
-1.4166225797133478
-1.2957582470967388
-1.1852058967314765
-1.0840857241653161
-0.9915929886782457
-0.9069916089457841
-0.829608305111762
-0.7588272406515131
-57.9843411589095
-55.290356385828204
-52.692105877203744
-50.18725780500472
-47.77351045558089
-45.44859219356101
-43.21026142538278
-41.056306562413965
-38.984545983659245
-36.99282799806679
-35.07903080638704
-33.24106246261056
-31.476860834944773
-29.784393566335723
-28.161658034519633
-26.60668131158633
-25.11752012304862
-23.692260806403453
-22.32901926916645
-21.025940946374305
-19.781200757530115
-18.593003062985133
-17.459581619735673
-16.37919953661992
-15.350149228899
-14.37075237219966
-13.439359855804241
-12.5543517352651
-11.714137184322823
-10.917154446108569
-10.076694183537626
-9.216964192701653
-8.430585208027054
-7.711299020352513
-7.053381362502805
-6.451596354076727
-5.901154832944798
-5.397676241847158
-4.937153766775914
-4.515922449703659
-4.130630021891115
-3.7782102256578582
-3.4558584123034493
-3.1610092219812884
-2.8913161678955497
-2.6446329623468685
-2.4189964360149077
-2.212610914544488
-2.0238339281006006
-1.8511631401648074
-1.69322439154924
-1.5487607644791552
-1.4166225797133478
-1.2957582470967388
-1.1852058967314765
-1.0840857241653161
-0.9915929886782457
-0.9069916089457841
-0.829608305111762
-0.7588272406515131
300.5649689348395
296.94160069016203
293.31674904315696
289.6907019735702
286.06385259074125
282.4366418078767
278.80948083341485
275.1827513395741
271.556658436276
267.93116634188874
264.30609730407963
260.68118714053657
257.05630961821606
253.43142491958187
249.8065584812321
246.18177208539095
242.5573075781757
240.19192636881036
236.56778018980617
232.94378476558728
229.32069324476964
225.70950695461022
222.1054879557807
218.51037775753088
214.924645207141
211.3503201295137
207.7834501838142
204.21971516318098
200.66048804806485
197.03581027519826
198.20328923354492
202.32075300509592
204.06342173819604
205.70279623414092
207.51667038161324
209.59956888894192
211.9555788967619
214.53740927776101
217.25669373212548
220.01457531357266
222.71115437230205
225.277684532364
227.65816943031098
229.8967750581072
232.00262395131315
233.92319210834756
235.69013854600706
237.3214655006684
238.83903957962517
240.2574506747302
241.59926511492932
242.87349838595162
244.11297494360116
245.36484950217874
246.6968537154604
248.24649243179
250.2086922837218
252.92928549070032
257.06918080256395
267.1143538700897
282.1361769851408
297.99949120252643
294.4044069045548
290.80893420813555
287.2133639726699
283.61780052531736
280.0222710085598
276.4268181828494
272.8314472913601
269.2360953224352
265.64076218649024
262.0455183760645
258.4503598214483
254.85524460800647
251.26011957738814
247.66489256252362
244.0694960346316
240.4739959198407
238.2863910879343
234.72020614517112
231.15895581080903
227.6024393018822
224.04765689527534
220.49704162738328
216.95356608255815
213.4171994796552
210.42149324991436
208.5283287265837
207.53673366160166
207.13058369253247
207.05776799362752
208.83653850326235
211.34040193759463
212.73429963626916
214.1062216224036
215.64137727846617
217.42421167446884
219.45832072328284
221.70264236020012
224.07479732184598
226.4789042773014
228.82029584601486
231.0389806505718
233.0823917332063
234.99506615266844
236.79319440837855
238.43052535015505
239.93359856126878
241.31915208869944
242.60872509320325
243.81188847370936
244.95064854093556
246.03461741291184
247.0889521083759
248.15534014513494
249.3035355036755
250.65800173235215
252.40591551128387
254.88296280411765
258.72414377226755
268.31734390282276
282.767425001468
1014.8
956.8156588410905
901.5253024552622
848.8331965780585
798.6459387730538
750.8724283174729
705.4238361239119
662.2135746985291
621.1572681361151
582.1727221524559
545.1798941543891
510.10086334800206
476.8598008853915
445.38294005044673
415.598546484111
387.4368884495914
360.83020713800505
335.71268701495643
312.020426208553
289.6914069393865
268.6654659930122
248.8842652354821
230.29126217249697
212.8316805527613
196.45248101614138
181.10233178724238
166.73157941504272
153.29221955923848
140.73786782397337
129.02373063965055
118.10657619354198
108.02988201000436
98.8129178173027
90.38233260927565
82.67103358892314
75.61765222642033
69.1660558723436
63.26490103939881
57.86722479755165
52.930071030775736
48.41414858107208
44.28351855918096
40.505308333523104
37.049449921219654
33.888440699238366
30.997124531342816
28.352491568995948
25.93349513298104
23.720884218436552
21.69705029033595
19.845887150171144
18.152662758621904
16.60390199414275
15.187279414429401
13.891521167332662
12.706315270601186
11.62222954643587
10.630636557757624
9.72364494881184
8.894036643700078
8.135209403048565
1014.8
956.8156588410905
901.5253024552622
848.8331965780585
798.6459387730538
750.8724283174729
705.4238361239119
662.2135746985291
621.1572681361151
582.1727221524559
545.1798941543891
510.10086334800206
476.8598008853915
445.38294005044673
415.598546484111
387.4368884495914
360.83020713800505
335.71268701495643
312.020426208553
289.6914069393865
268.6654659930122
248.8842652354821
230.29126217249697
212.8316805527613
196.45248101614138
181.10233178724238
166.73157941504272
153.29221955923848
140.73786782397337
129.02373063965055
118.10657619354198
108.02988201000436
98.8129178173027
90.38233260927565
82.67103358892314
75.61765222642033
69.1660558723436
63.26490103939881
57.86722479755165
52.930071030775736
48.41414858107208
44.28351855918096
40.505308333523104
37.049449921219654
33.888440699238366
30.997124531342816
28.352491568995948
25.93349513298104
23.720884218436552
21.69705029033595
19.845887150171144
18.152662758621904
16.60390199414275
15.187279414429401
13.891521167332662
12.706315270601186
11.62222954643587
10.630636557757624
9.72364494881184
8.894036643700078
8.135209403048565
0.0
540.8012305488754
1081.823864430233
1623.0249195924364
2164.345722999743
2705.720466710871
3247.0877763320445
3788.390685860512
4329.598581875155
4870.716804918026
5411.771885188041
5952.803252881033
6493.829748749761
7034.85731571009
7575.882157254833
8116.8950521564975
8657.859903979666
9198.805213527814
9739.722553677693
10280.617393113347
10821.514485795582
11362.425089127
11903.372087426751
12444.376883772993
12985.466952677203
13526.676531615209
14068.015372732594
14609.497309202521
15151.14068860208
15692.137371119481
16261.050471002929
16840.544255548117
17424.57686798498
18013.418018580993
18607.79295711143
19208.51035370424
19816.31876214468
20431.75720857207
21055.0704008518
21686.233703759746
22324.922218523316
22970.71933264763
23622.980867959348
24281.542037092575
24945.810676638994
25615.32251850366
26289.665912284614
26968.479234824696
27651.47551448398
28338.37631657757
29029.02333789219
29723.18954813252
30420.903802177934
31122.20793592365
31827.516995788956
32537.65684118195
33254.153948882726
33979.80604034513
34719.90795401783
35502.83549409696
36218.964709785425
0.0
536.5797459659152
1073.2174618493837
1609.8697357994788
2146.5209965983686
2683.1671931293436
3219.801943235377
3756.424464353178
4293.04416120765
4829.661047169578
5366.264600964467
5902.855430011659
6439.439790226852
6976.025615692276
7512.626662686978
8049.253010133545
8585.894818311295
9122.580436180795
9659.317253029867
10196.122677724277
10733.004116704948
11269.965793780993
11807.027629234877
12344.209570803205
12881.533341602895
13421.77675773225
13968.013578368327
14522.254717231635
15086.148663746268
15660.517550053486
16255.522720547322
16860.1148452725
17468.488626254064
18080.903159482787
18698.030072770427
19320.609950006063
19949.3349221348
20584.71144585234
21226.961942997255
21876.046175230185
22531.646791042447
23193.381493970694
23860.633206850125
24533.273574090574
25210.777833324748
25892.753914703113
26578.82837893939
27268.704592981732
27962.131929275114
28658.868326005646
29358.788630939664
30061.70558852382
30767.637486515414
31476.634762755533
32189.113427419834
32905.833583132735
33628.278481843845
34359.1222364224
35103.4687352045
35889.010884470146
36607.53163440696
478.3571011308525
468.2975230897621
456.03604563749553
443.6821221734487
431.7811981649126
420.5357904482123
410.0394185113766
400.28142820127596
391.284824549248
383.0435911742767
375.5395908404261
368.72993014596244
362.5961728751601
357.0726930546501
352.11576097578444
347.692474176474
343.74803604843225
340.77442355352946
337.6457864647026
334.88158295990297
332.4684591980459
330.37822237804306
328.5881685303761
327.07034734735345
325.77898142188786
324.68877095090073
323.7771095054059
323.0157344551327
322.3839756284498
321.85033347398985
321.6148050523554
322.217242281509
322.6659887318228
323.0990579112554
323.5194070337184
323.9283982144368
324.32129173035423
324.68922774528835
325.0236109857091
325.3175722799633
325.568560891324
325.77803415240857
325.9506177656572
326.09250206879426
326.2107279814555
326.31107662791834
326.3996772215045
326.4802263352388
326.55602361915
326.62948913213415
326.7022459199862
326.77600554756685
326.851301822169
326.9311219451232
327.0175500982929
327.11663910967127
327.2365598839471
327.3913611966579
327.6060448865635
327.9665345161134
328.76385634694583
465.53989899079147
460.8740780064784
453.86193396947795
446.51262974101417
439.2731510984782
432.333247894974
425.80180067030034
419.69313859342554
414.0405766784218
408.8635511897844
404.13271151584973
399.85870832914543
396.03827755841286
392.62192956624625
389.57823237787557
386.8888906409845
384.51627406194245
382.7403004536904
380.91318281209476
379.3091344911935
377.90847808541196
376.69530080549725
375.64533380546084
374.7432783358534
373.96662426095224
373.33709539080695
372.96782778718233
372.8330298379417
372.85979184504106
372.99493520576226
373.2704798353033
373.8429943088872
374.3046823911719
374.7510033844017
375.1764519863351
375.5821639000745
375.96320066232477
376.31041679688633
376.6157743775649
376.87318291423855
377.08142076885514
377.24393425498965
377.36731053065546
377.4589831895938
377.5274223713748
377.57934120110866
377.6212477133069
377.6569182307465
377.6899444254691
377.72267845641755
377.7567649877407
377.7940098769953
377.8348129693864
377.88190683801366
377.9372991170395
378.00690762426024
378.09842502334607
378.2256453662316
378.41269476789785
378.74374428623975
379.5037551239519
462.771306015188
450.9369424881593
436.9451202023112
422.9092042690382
409.3757456818184
396.5472354491123
384.5175655240228
373.2767989663883
362.8486175237393
353.2268206363392
344.3930515889558
336.3041442469777
328.9412528775689
322.2383301582321
316.1510984562183
310.6460869763921
305.6678403544739
301.7075995372498
297.6386951130102
293.9797367657009
290.7164184708922
287.8195279127695
285.2653437960328
283.0247519345055
281.0508142892364
279.317003154957
277.7994187675572
276.4684795255795
275.3022021857094
274.2677625423919
273.5638459454401
273.7326315366023
273.7839500799559
273.8531726256415
273.9410432024863
274.0469886318144
274.164651818695
274.2838358661714
274.3948226846542
274.4897456402291
274.5650820251575
274.6212516014527
274.66171221774
274.6912963453914
274.7155063984505
274.7384183252898
274.7643439667113
274.7951057688287
274.8321352056272
274.8760475744533
274.9267721831796
274.9844778233403
275.0483256885394
275.1201167702841
275.2009259980497
275.2959765092808
275.4127646628201
275.5648037937413
275.7766576757128
276.1338348260924
276.926322650682
447.1624733300581
440.6570327247755
431.8627456928426
422.7890244681739
413.8821469362057
405.3309801762492
397.2437086670606
389.6341449137263
382.5350317757357
375.9651393976589
369.8944943202458
364.3331058733263
359.277050995827
354.6761034498938
350.4980793262984
346.7239494535044
343.3152507265084
340.5510210899595
337.7825338068315
335.2830249380913
333.0317839064959
331.0118149407499
329.1977253838871
327.5730341019036
326.1140150644681
324.8411378323866
323.8662474148098
323.1622368124674
322.6548639849673
322.2896124535485
322.0971777783626
322.2364195005142
322.3010283996229
322.3839692373965
322.4773895645557
322.5805053612732
322.6867793403425
322.7857494005624
322.8682789348472
322.9273057526415
322.9606578205519
322.9707567073256
322.9630183197587
322.9435152794709
322.9191719255533
322.8949835071514
322.8756232142401
322.8629729847748
322.8587364257538
322.863435152827
322.8770049989782
322.8996852191057
322.9304873302694
322.9709290229092
323.0220154306195
323.0888138452024
323.1783434802284
323.3038542793872
323.4890422340015
323.8176510439025
324.5735891755828
15.58579511566454
17.36058060160282
19.0909254351843
20.77291790441052
22.40545248309422
23.98855499910003
25.52185298735378
27.00462923488767
28.43620702550872
29.81677053793751
31.14653925147029
32.42578589898471
33.6549199975912
34.83436289641801
35.96466251956616
37.04638720008186
38.08019569395835
39.06682401627965
40.00709135169242
40.90184619420208
41.75204072715366
42.55869446527354
43.32282473434327
44.04559541284793
44.72816713265146
45.37176779594374
45.97769073784872
46.54725492955325
47.08177344274036
47.58257093159797
48.05095910691531
48.48461074490674
48.88203865186687
49.24588528561391
49.57836383123211
49.88140958262242
50.1566399116592
50.40539187911696
50.62878830105496
50.82782663973424
51.00347886616654
51.15678255095588
51.28890554791726
51.4012057234029
51.49522158300497
51.57265830262853
51.63533325479317
51.6851205664101
51.72388841352278
51.75344155768083
51.7754737368066
51.79152772422659
51.80297613362955
51.81100517483911
51.81662410024321
51.82066260039047
51.82379522112698
51.82655740291658
51.82938721085073
51.83269969002101
51.83753369626384
18.37742566073338
20.21704528170289
21.99918827663533
23.72360527284023
25.39100416227252
27.00226771872482
28.55809200323974
30.05899367969924
31.5055449026861
32.89841179212551
34.2382171956039
35.52560245581915
36.76122656258588
37.94582611635248
39.08015305157718
40.16494118748012
41.20102333543407
42.1892793637309
43.13064900526324
44.02610955310221
44.87669417891608
45.68348586474734
46.44760842157373
47.1702442339498
47.85260919648414
48.49595755842033
49.10158037237256
49.67079302547427
50.2049278600738
50.70532275221375
51.1733020569407
51.60657480837301
52.00365399154899
52.36703414700521
52.69906242177937
53.00165853880126
53.27642132198223
53.52466739632395
53.74749544271771
53.94587716159709
54.12076294830323
54.27317754766404
54.40429221089675
54.51546791012296
54.60825044582149
54.68435769395727
54.7456244990668
54.7939452459717
54.83120799971527
54.85924330359056
54.87975998876254
54.89432465788957
54.90432563911703
54.91097781510444
54.91528368642002
54.9180937790578
54.92008154311762
54.92179108684438
54.92365253389638
54.92609324233722
54.93016594836911
618.6846068860928
594.6299092819488
572.300179494272
552.0288044374681
533.8738955046651
517.510761545151
502.5364699614829
488.54284816554457
475.2429369369586
462.50527877694384
450.37825556381006
438.9698094986308
428.4398431295067
418.7913255234587
409.9895829613386
401.97490741984774
394.65139513603043
388.4006645922323
382.17726191412066
376.47439533278396
371.28869253600544
366.63945327886336
362.514164448435
358.9117811189957
355.8027748780228
353.1808070869891
351.04357890682286
349.3423534440983
348.0405074923042
347.0861126935177
346.09841194852146
346.77831939775916
347.30343106688497
347.8096570300639
348.2982163321443
348.76983500542747
349.21947481965316
349.6383525112625
350.0182875708347
350.3527526923889
350.63977278999863
350.881445941491
351.08284012673704
351.2505036808848
351.39197579978895
351.5132641129769
351.62073814657094
351.71836022536013
351.8095145723024
351.8969924100677
351.98243821052665
352.06768728079106
352.1534641561951
352.2428400031108
352.33796398926444
352.4448143381281
352.5719192927261
352.73325869444926
352.9538870328696
353.3197586961136
354.1219672655944
541.6236430867425
526.2515476510315
511.2403528825446
496.76997901956895
482.9277033086646
469.7746985110528
457.37835461732925
445.7032639498991
434.7699147046647
424.63459071447534
415.2536495073815
406.57829722453647
398.59978409187465
391.2840336400403
384.616709679256
378.6106162052926
373.23914422341704
368.73226687895504
364.499668790065
360.8074270785087
357.64825461158813
354.9909388858242
352.7887197886025
351.03250187965193
349.7003768584562
348.84793962589674
348.38628770901477
348.1706359580676
348.12696985098455
348.2014572758808
348.42512069223153
348.9528792857927
349.3753315911946
349.78666722328336
350.1803105646222
350.55638422049617
350.909353218622
351.2300898683653
351.51027136704903
351.74374142699054
351.9293715735417
352.07051999004744
352.17380197047896
352.2466906603604
352.2976653608409
352.33336926003113
352.36022804255254
352.3819593929128
352.4021293837859
352.42300639841466
352.44615977728057
352.4733304737407
352.5048419019738
352.54342167777634
352.5909896450933
352.6534072554771
352.73831165362776
352.85945112205576
353.040903132797
353.3667982465279
354.1218977824101
396.0303915434315
365.6774327167418
337.0669912930477
310.5477430172118
286.1971520631828
263.7516847976235
242.8676913519154
223.1708454850342
204.3817645845293
186.3771671331687
169.1785457234097
152.8648653743387
137.6065898214609
123.4192859461292
110.2975465108269
98.22090466708653
87.11449929602843
77.3702234322841
67.96048888112111
59.37748714685486
51.59919853410933
44.61748719793944
38.380249526838
32.88678110541336
28.09470857587982
23.97898851766007
20.52370803140235
17.66228247410681
15.33415514356139
13.46136466276566
11.63914766783744
11.77492354595628
11.79314556796265
11.8265864717261
11.87158391943302
11.92423830890577
11.97353756434826
12.0046604245463
12.00267285623451
11.95430805940489
11.85107679786362
11.68907114856212
11.46866725685977
11.19271523136047
10.86696998282787
10.49664335129698
10.08890924283077
9.649260196551202
9.183324179106299
8.696398859665017
8.192510905786168
7.675586301896496
7.147264268366953
6.610272835344625
6.063681044276192
5.507107320672574
4.936448961194986
4.34015229966169
3.682390389208819
2.858414161407661
0.0
279.0889914932733
259.0478558077022
239.4664897913287
220.536649423277
202.3537898267324
184.9947619061125
168.5437664630762
152.9759016694331
138.3231723253545
124.6594884546136
111.9526484731788
100.1619905696399
89.28422724500072
79.2785107207965
70.11837320607808
61.81121550049459
54.32717161926644
47.89445596232169
41.91692509414741
36.64818319979156
32.06350074880074
28.11641603368556
24.74989390866289
21.94006943575796
19.648828592396
17.91767769643105
16.64749125909554
15.68445842532312
14.94737350353944
14.3764129419326
13.99760016506212
13.9803468791464
13.89510015882849
13.83265653197464
13.78173284957701
13.73784109263623
13.68947578666962
13.62148081445199
13.51877455617534
13.36842445550004
13.16276131507476
12.89915521820507
12.57958856073737
12.20783891431998
11.7905913036125
11.33368682679983
10.84435366055303
10.32783752346567
9.789933840489585
9.235432519163359
8.668239086385507
8.092194360081606
7.508514106089464
6.919690834805941
6.324421642985059
5.722307031812596
5.108286028166823
4.47062695929396
3.772364959365662
2.90700546150959
0.0
222.6542153426613
228.952476565207
235.2331882012243
241.4810614202563
247.6767434414823
253.7590767475275
259.6687786095675
265.3720026805104
270.8611723524293
276.1281116437751
281.1997098404003
286.1049441242921
290.8332533080458
295.3720395773295
299.6920364505117
303.7540027527612
307.536895840002
311.0304411599482
314.2167730329996
317.0969081859291
319.6894940018961
322.0219660809239
324.133914921597
326.0250000135823
327.7080663021429
329.201818569329
330.5198708754205
331.6800709699915
332.7063523487428
333.624748030752
334.459264280684
335.0033958518029
335.5102854989223
335.9830705583378
336.4266324127113
336.8455966965217
337.2459372553049
337.6336920867162
338.0156147146002
338.398444632984
338.788695992135
339.1923747929289
339.6141728698773
340.0577884495243
340.5250058169611
341.0166207616799
341.5318289037402
342.0691000288089
342.6261903931961
343.2005935504027
343.7899273047405
344.3921009788946
345.0061998878282
345.6325671677662
346.2742829449883
346.9377070174555
347.6354703315311
348.3931063947876
349.2714966436608
350.4613445347059
354.1219672655944
262.5346515934693
267.2036918433293
271.7738630912159
276.233329596292
280.5739134819322
284.7799366049403
288.834588154253
292.727362280466
296.4467423793102
299.9751022598617
303.3010010342027
306.4163066548966
309.3155568468739
312.0055229192438
314.498336473178
316.799400704798
318.9119726041506
320.8378109166334
322.5827436959176
324.1592438787171
325.5847538627874
326.8745228521387
328.0388258799396
329.092432443894
330.0515482660602
330.9302619294657
331.7387964499192
332.4861775327445
333.1795963474451
333.8250443339482
334.4275205271694
334.9725324066463
335.4802314323661
335.9540106913087
336.3985777150452
336.8185431278599
337.2198774319524
337.6086090539133
337.9914968108737
338.3753169714905
338.7666102584669
339.1713647718424
339.5942134097416
340.0388517460404
340.5070740572284
340.9996824332313
341.5158743819995
342.0541218694471
342.6121955432963
343.1875738792513
343.7779206908951
344.3811361136591
344.9963277958843
345.6237308429704
346.2665680021083
346.9311002236645
347.6300256254609
348.3888241627618
349.2685381734313
350.4597927850183
354.1218977824101
140.32750575524028
126.33238619218668
116.26413385677654
108.34668226401931
102.0926973397525
96.9749710969387
92.4970514501064
88.2614199642687
83.95811238771049
79.46168760266721
74.83866472338389
70.2398793526684
65.84367025434659
61.71863246880858
57.873821985553974
54.282433243373674
50.903359087598204
47.62624103870269
44.531475449418195
41.59281237288093
38.82023333795948
36.26123090082018
33.925995918058874
31.841433771642215
30.02379345613477
28.492036136088416
27.266469401416884
26.326618988965492
25.656531863854298
25.235779219527785
24.48360689616601
24.56107711625009
24.63744233506219
24.71059911880849
24.77880929842604
24.8414367909906
24.898183089298982
24.949124765973977
24.994676585125376
25.035180412425404
25.071211898674676
25.10341178908243
25.132222361079698
25.158001612090516
25.181247818333418
25.20218748505863
25.221060925066467
25.238133890121446
25.253490953152436
25.2675032779336
25.280192290540526
25.29168173322421
25.30216233402615
25.311718057987605
25.320413890971565
25.32817522845687
25.335359408779027
25.34189749779142
25.347842146306107
25.353224180000097
25.358110918648606
76.0837440959512
65.37746964455309
57.378418913066696
50.2573492785549
43.65455221018641
37.441450616078896
31.576553947028913
26.010125356473424
20.729338026242885
15.771039524690934
11.120937991531832
6.719588895391098
2.561506533461852
-1.337895926205988
-4.961522698619376
-8.278274435691912
-11.277129838525411
-14.008033574735293
-16.4135140220298
-18.501707412684823
-20.260223473823828
-21.70436191967309
-22.85661401685826
-23.71077645620153
-24.266247402496106
-24.48915576491021
-24.581540078167563
-24.662393879874003
-24.73282199405662
-24.79347792988142
-24.84535914307179
-24.890115023094495
-24.92935079997733
-24.964336161118297
-24.996141421712935
-25.02577967957842
-25.05384744370258
-25.08032692852106
-25.105503010515918
-25.129441487248016
-25.152049195313566
-25.17341426494221
-25.193508560176383
-25.212292529233366
-25.229757010533888
-25.24597194107747
-25.261019670754308
-25.27495883783382
-25.28781504168313
-25.29967205800301
-25.310605210460096
-25.320679403254417
-25.3299710674126
-25.338485160237212
-25.346309471946313
-25.353500368783102
-25.360113369718363
-25.36619424417586
-25.37179163510092
-25.376946039711868
-25.38185734154183
66.74091447175653
85.25950977141753
99.87812890926347
112.3614612518264
123.1785936186356
132.7955506514888
141.6498741721074
150.1059534813541
158.46685293921
166.8496535031704
175.2145058655461
183.439278872639
191.334663056108
198.8190442121029
205.8535519453915
212.4251823093056
218.5533410584455
224.3373761049658
229.678206231889
234.6022496188461
239.1172199367829
243.2020407148301
246.8850942691948
250.1379708290921
252.9561057133566
255.3380146372969
257.2757107361548
258.8061970514727
259.9680470421481
260.8063978796262
261.9246982776027
261.9577079906461
261.9908045119932
262.0265861539154
262.0694592830533
262.1227503229087
262.1911142543467
262.2791754416252
262.3921498284198
262.5354375808243
262.7140052272938
262.9321804528906
263.1930449608803
263.4985811140309
263.8485364156227
264.2417749739928
264.6754347238805
265.1458455722774
265.6488110265209
266.1796487147882
266.7342612773934
267.3088915214438
267.9010614201724
268.5098439349395
269.1372449537735
269.7888691886082
270.4763157016251
271.2246514940796
272.094267286504
273.2754206646848
276.926322650682
168.0734818367848
181.6091769170733
192.3962559015139
202.2523750448969
211.5283571094733
220.3362182701366
228.6999422039844
236.6582432442933
244.2118594503812
251.3056509430453
257.941845847067
264.1711153036864
269.9928237508262
275.3975927290973
280.3797061202202
284.9127339530098
288.988079107242
292.6565651276378
295.8656087126841
298.6348417382997
300.9682831576952
302.8953989070644
304.4478314752242
305.6329646661457
306.4651864720721
306.9234601359556
307.2187561557142
307.4777783871443
307.7074904814279
307.9131995116159
308.0995776133005
308.2560726213678
308.4059282407944
308.5513127054218
308.6956567149787
308.842664268637
308.9973035536728
309.1642685861104
309.3495043786719
309.5588812971414
309.7978965054772
310.0716014891205
310.3834297590213
310.7356763651509
311.1285806219408
311.5612966803516
312.031269553687
312.5351354613091
313.0688025852641
313.6280026336637
314.2087659125927
314.807490859024
315.4219732241799
316.0512381881032
316.6975937876345
317.3665068133898
318.0700574520616
318.8332273200933
319.7166772746359
320.910645582393
324.5735891755828
207.0684202269968
211.5918959636042
216.14226276604
220.7081435158457
225.2712909583881
229.7705217484275
234.1469256222138
238.3673734456228
242.4249653269205
246.3113411058376
250.05317058893
253.6791582253074
257.1783333104546
260.5376766809115
263.7273739309455
266.7076155526793
269.4567001460437
271.9636171436685
274.2096816813072
276.195061991727
277.9374532747424
279.4632716156503
280.8110901872537
281.9794046007343
282.9798991694914
283.8300507733853
284.5421801375717
285.1328160404382
285.6245789060024
286.042177099154
286.4083051737687
286.5187851068962
286.6282468470554
286.7371852727239
286.8482685814793
286.9641871138993
287.0892973436457
287.2283002075992
287.3868264135452
287.5706179932497
287.7852171259685
288.035592241973
288.32526732196
288.6565827261214
289.0297842339561
289.4439624590514
289.896495648947
290.3839794623988
290.9023019796733
291.4471519927218
292.0144535679339
292.600573254668
293.2032237541986
293.8215619929271
294.4576588447451
295.1170444170651
295.8116751104041
296.566548991871
297.4421094328101
298.6286448446849
302.2844335693306
244.157225932736
246.9866465616264
249.7746748145806
252.5097243234518
255.1829093196597
257.7776688862155
260.2764961510133
262.6683686007667
264.9411974766241
267.0766904677362
269.0627838385988
270.8907041990775
272.554330284288
274.0596968028913
275.4181834216008
276.6344595173179
277.7109492687166
278.6485315529025
279.4520946906543
280.1331343256149
280.7080596838714
281.1910369873913
281.5912174583659
281.9221882099442
282.198939069576
282.4343043710454
282.6372160775466
282.8153845072703
282.9746684873713
283.1197215817345
283.2542184702287
283.3659575982733
283.4765774408171
283.5869765443035
283.6995152932658
283.8168845890586
283.9434561099702
284.0839416575893
284.244001368156
284.4294398098934
284.6458473101636
284.8981872241783
285.1899211988449
285.5233838359175
285.8988236114069
286.3153247392741
286.7702498829327
287.2601766234753
287.780987543581
288.3283305756607
288.8981607021326
289.4868114557696
290.0920021567673
290.712753027866
291.3512843156882
292.0130064446067
292.7099440823432
293.4670330759174
294.344885639535
295.5336995426811
299.191731834041
-2.03512603097501
-1.5353391335544848
-1.266905800222545
-1.0503710186439976
-0.903080232907274
-0.8304754553668827
-0.8261924657979173
-0.8833375135676086
-0.972335137874644
-1.0533801515532528
-1.10513225093539
-1.1148066995425017
-1.1047753930860036
-1.0880052077777926
-1.0749318003158281
-1.0706647852254083
-1.0999268030058043
-1.1010763838017499
-1.1095145868331913
-1.1114862319229686
-1.0909249341580707
-1.0587838157635532
-1.0066029154491996
-0.9356232984380966
-0.8412940755582015
-0.7189686487885796
-0.5895843984986489
-0.4498320825428559
-0.3028907638020493
-0.5807116235786233
0.0648672751543366
0.0699063743529634
0.0732606820150134
0.0746978107357107
0.07503785824723051
0.07432431156581232
0.072631860858209
0.0716825056835319
0.06920582660282862
0.06718089391382875
0.06614341487138331
0.06612611288373849
0.062451153815509586
0.06296509258500049
0.062387829020994046
0.058168063368359
0.05988501212372599
0.062110697407508964
0.06412834373005083
0.06105689402422376
0.04741514033827521
0.05650431036364001
0.07649870101658518
0.045677349342327034
0.07888409578622824
0.029938190474326554
0.06997107393561564
0.03344916522897101
0.05657987512832996
0.5583027404851322
0.0
-1.3103640287164933
-0.9508883512977696
-0.8463983314147511
-0.7913854997300668
-0.7602445278350352
-0.7394357810832268
-0.7290357129257533
-0.7175048725287175
-0.6934743530879969
-0.6592720492317258
-0.6253669091336912
-0.5886805325725966
-0.5475705400890536
-0.5068448276496637
-0.464414056133851
-0.4199618590223093
-0.3895802331335523
-0.3422172535256579
-0.29562899732475545
-0.23644305565994805
-0.1709767309997806
-0.0923310974636149
-0.007784004200560357
0.08694309265264805
0.215606366377727
0.244912315941923
0.2083174409358751
0.17636324820244823
0.15259156755810063
0.1392248896486366
-0.03848525610063672
-0.0369318800537472
-0.036384100199810504
-0.03628043023441739
-0.0370201015505168
-0.03845865465149578
-0.04013593984051558
-0.0412251855197136
-0.04368991758872576
-0.04570931205742812
-0.04723579766041286
-0.04763643531625372
-0.05154287168509619
-0.05162598221186887
-0.05276590105538004
-0.05763556095239197
-0.05675579787240115
-0.054914908179185984
-0.05406457220987804
-0.058084546779701984
-0.07259860868117096
-0.06499874371665992
-0.04544283971544605
-0.07769395385950606
-0.04414130004746575
-0.0953463479973653
-0.056197441330355424
-0.09519009795821098
-0.07369692569418973
0.4244690371893469
0.0
-2.693526584421091
-2.229877033399591
-1.998061857825687
-1.81778547823665
-1.697752869161378
-1.643080734382723
-1.650464190549852
-1.717501305174425
-1.813512717660709
-1.907061503020286
-1.977426215078844
-2.003190828936781
-2.005341931765265
-1.991906284431985
-1.968062378084779
-1.942509948391939
-1.942129161073293
-1.901193025405259
-1.859842530302224
-1.811020688464142
-1.741583527425169
-1.670638345490193
-1.571294906675082
-1.451085674213322
-1.30868915050416
-1.137182352150167
-0.9604501312278273
-0.7805122418084771
-0.6035864047428094
-0.8639189044659387
-0.0276278839385194
-0.0302843600698027
-0.0357953402932927
-0.0468901465816787
-0.0637207356458127
-0.0893683612796421
-0.1258552912889457
-0.1765212985091728
-0.244768975074273
-0.3334880310699164
-0.4454644886330683
-0.5823080960072594
-0.7456424378776583
-0.9337073266452286
-1.147055582536616
-1.38295376412154
-1.640083851554318
-1.917154259846435
-2.212130936031445
-2.526788902392916
-2.862186417495937
-3.224674935177593
-3.624365292212875
-4.083618760024606
-4.636896229099904
-5.348096565632986
-6.364833141304525
-8.086267447001108
-12.00762614216327
-40.57711942772526
0.0
-1.968764582162574
-1.645426251142876
-1.577554389017893
-1.558799959322719
-1.554917164089139
-1.552041060099067
-1.553307437677688
-1.551668664135534
-1.534651932874062
-1.512953400698759
-1.497660873277145
-1.477064661966876
-1.448137078768315
-1.410745904303856
-1.357544633902802
-1.29180702218884
-1.231782591201041
-1.142333895129167
-1.045956940793788
-0.9359775122011214
-0.821635324266879
-0.7041856271902546
-0.572475995426443
-0.4285192831225774
-0.2517887085682316
-0.1733013874196643
-0.1625482917933034
-0.154316911063173
-0.1481040733826595
-0.1439823912386788
-0.1309804151934927
-0.1371226144765133
-0.1454401225081166
-0.1578683875518068
-0.17577869544356
-0.2021513274969502
-0.2386230919876703
-0.2894289897124183
-0.3576647192658274
-0.4463782370411733
-0.5588437011648645
-0.6960706442072516
-0.859636463378264
-1.048298401442098
-1.26220931261299
-1.498757388442291
-1.756724661550445
-2.03417986543313
-2.330323851971374
-2.645930343196842
-2.982200166515383
-3.346177989257893
-3.746306832944906
-4.206990063226439
-4.759921624933598
-5.473381104104678
-6.491001656570496
-8.21490671018829
-12.13790294298579
-40.71095313102104
0.0
0.6584005534460808
0.6945378998451065
0.7311560576031418
0.7674144595926523
0.7946726362541039
0.8126052790158402
0.8242717247519348
0.8341637916068164
0.8411775797860651
0.8536813514670333
0.8722939641434538
0.8883841293942794
0.9005665386792614
0.9039010766541923
0.8931305777689509
0.8718451631665307
0.8422023580674887
0.8001166416035091
0.7503279434690326
0.6995344565411733
0.6506585932670984
0.6118545297266397
0.5646919912258827
0.5154623757752255
0.4673950749459586
0.4182137033615873
0.3708657327291785
0.3306801592656212
0.3006956409407601
0.2832072808873154
0.092495159092856
0.1001907344227661
0.1090560223083061
0.1215879573173894
0.1387585938930432
0.1636926728454544
0.1984871521471547
0.2482038041927047
0.3139748016771016
0.4006689249837452
0.5116079035044516
0.6484342088909979
0.8080935916931679
0.9966724192302291
1.20944341155761
1.441121827489899
1.699968863678044
1.979264957253944
2.276259279761496
2.58784579641714
2.909601557834212
3.281179245541233
3.70086399322946
4.129296109366933
4.715780324886132
5.378034756107312
6.434804215240141
8.119716612230079
12.0642060172916
41.13542216821039
0.0
0.6584005534460808
0.6945378998451065
0.7311560576031418
0.7674144595926523
0.7946726362541039
0.8126052790158402
0.8242717247519348
0.8341637916068164
0.8411775797860651
0.8536813514670333
0.8722939641434538
0.8883841293942794
0.9005665386792614
0.9039010766541923
0.8931305777689509
0.8718451631665307
0.8422023580674887
0.8001166416035091
0.7503279434690326
0.6995344565411733
0.6506585932670984
0.6118545297266397
0.5646919912258827
0.5154623757752255
0.4673950749459586
0.4182137033615873
0.3708657327291785
0.3306801592656212
0.3006956409407601
0.2832072808873154
0.092495159092856
0.1001907344227661
0.1090560223083061
0.1215879573173894
0.1387585938930432
0.1636926728454544
0.1984871521471547
0.2482038041927047
0.3139748016771016
0.4006689249837452
0.5116079035044516
0.6484342088909979
0.8080935916931679
0.9966724192302291
1.20944341155761
1.441121827489899
1.699968863678044
1.979264957253944
2.276259279761496
2.58784579641714
2.909601557834212
3.281179245541233
3.70086399322946
4.129296109366933
4.715780324886132
5.378034756107312
6.434804215240141
8.119716612230079
12.0642060172916
41.13542216821039
0.0
1.0
1.0
1.0
1.0
1.0
1.0
1.0
1.0
1.0
1.0
1.0
1.0
1.0
1.0
1.0
1.0
1.0
1.0
1.0
1.0
1.0
1.0
1.0
1.0
1.0
1.0
1.0
1.0
1.0
1.0
0.0
0.0
0.0
0.0
0.0
0.0
0.0
0.0
0.0
0.0
0.0
0.0
0.0
0.0
0.0
0.0
0.0
0.0
0.0
0.0
0.0
0.0
0.0
0.0
0.0
0.0
0.0
0.0
0.0
0.0
0.0
1.0
1.0
1.0
1.0
1.0
1.0
1.0
1.0
1.0
1.0
1.0
1.0
1.0
1.0
1.0
1.0
1.0
1.0
1.0
1.0
1.0
1.0
1.0
1.0
1.0
0.0
0.0
0.0
0.0
0.0
0.0
0.0
0.0
0.0
0.0
0.0
0.0
0.0
0.0
0.0
0.0
0.0
0.0
0.0
0.0
0.0
0.0
0.0
0.0
0.0
0.0
0.0
0.0
0.0
0.0
0.0
0.0
0.0
0.0
0.0
0.0
1.0
1.0
1.0
1.0
1.0
1.0
1.0
1.0
1.0
1.0
1.0
1.0
1.0
1.0
1.0
1.0
0.9299999999999999
0.9299999999999999
0.9299999999999999
0.9299999999999999
0.9299999999999999
0.9299999999999999
0.9299999999999999
0.9299999999999999
0.9299999999999999
0.9299999999999999
0.9299999999999999
0.9299999999999999
0.9299999999999999
0.9299999999999999
0.9299999999999999
0.9299999999999999
0.9299999999999999
0.9299999999999999
0.9299999999999999
0.9299999999999999
0.9299999999999999
0.9299999999999999
0.9299999999999999
0.9299999999999999
0.9299999999999999
0.9299999999999999
0.9299999999999999
0.9299999999999999
0.9299999999999999
1.0
1.0
1.0
1.0
1.0
1.0
1.0
1.0
1.0
1.0
1.0
1.0
1.0
1.0
1.0
1.0
1.0
1.0
1.0
1.0
1.0
1.0
1.0
1.0
1.0
1.0
1.0
1.0
1.0
0.02258823529411765
0.019845648502569466
0.017281756901597067
0.014915921634747852
0.012760035976918643
0.010819154168764618
0.009092311884053895
0.007573470605552474
0.006252521135470449
0.005116288165868472
0.004149487215537587
0.003335596189156028
0.0026576152776684237
0.00209869998320864
0.0016426620012655348
0.0012743410334970884
0.0009798570657344149
0.000746757158359636
0.0005640734578961202
0.00042231016958335285
0.00031337692828297434
0.0002304847010879734
0.00016801837970120248
0.00012139787524873863
8.693706686367337e-05
6.170757591854504e-05
4.341217983395017e-05
3.027082833414363e-05
2.092071974139318e-05
1.4330737553926679e-05
1.8823529411764707e-11
1.8823529411764707e-11
1.8823529411764707e-11
1.8823529411764707e-11
1.8823529411764707e-11
1.8823529411764707e-11
1.8823529411764707e-11
1.8823529411764707e-11
1.8823529411764707e-11
1.8823529411764707e-11
1.8823529411764707e-11
1.8823529411764707e-11
1.8823529411764707e-11
1.8823529411764707e-11
1.8823529411764707e-11
1.8823529411764707e-11
1.8823529411764707e-11
1.8823529411764707e-11
1.8823529411764707e-11
1.8823529411764707e-11
1.8823529411764707e-11
1.8823529411764707e-11
1.8823529411764707e-11
1.8823529411764707e-11
1.8823529411764707e-11
1.8823529411764707e-11
1.8823529411764707e-11
1.8823529411764707e-11
1.8823529411764707e-11
1.8823529411764707e-11
0.0004
0.0004
0.0004
0.0004
0.0004
0.0004
0.0004
0.0004
0.0004
0.0004
0.0004
0.0004
0.0004
0.0004
0.0004
0.0004
0.0004
0.0004
0.0004
0.0004
0.0004
0.0004
0.0004
0.0004
0.0004
0.0004
0.0004
0.0004
0.0004
0.0004
0.0004
0.0004
0.0004
0.0004
0.0004
0.0004
0.0004
0.0004
0.0004
0.0004
0.0004
0.0004
0.0004
0.0004
0.0004
0.0004
0.0004
0.0004
0.0004
0.0004
0.0004
0.0004
0.0004
0.0004
0.0004
0.0004
0.0004
0.0004
0.0004
0.0004
1.7322297340509496e-42
2.7274300498348094e-40
3.38520592634022e-38
3.340078856607049e-36
2.6414104914533314e-34
1.6877252204372024e-32
8.781045306822986e-31
3.748653514062508e-29
1.32284844300314e-27
3.886762068681088e-26
9.575548548264268e-25
1.9916384562026333e-23
3.52063842183636e-22
5.3236580002712434e-21
6.929665890714154e-20
7.812436607437913e-19
7.673889661624742e-18
6.605526581708447e-17
5.010678755372086e-16
3.3677878804921295e-15
2.016240572836122e-14
1.0807107709161197e-13
5.211910360899798e-13
2.272413655476346e-12
8.999045364777151e-12
3.251424780964944e-11
1.0764749255869143e-10
3.2795023463072254e-10
9.230897163259248e-10
2.4099511013495653e-09
5.857828593806157e-09
1.3213918960294605e-08
2.7633405007069234e-08
5.3920172025920165e-08
9.875273391228389e-08
1.7067733880002653e-07
2.797557622786115e-07
4.368406055621806e-07
6.525360147202993e-07
9.359808135353098e-07
1.2936405261121315e-06
1.728301321926677e-06
2.2384230140155095e-06
2.817942175284456e-06
3.4565386949396677e-06
4.140307937712861e-06
4.852729305151746e-06
5.5757964639105736e-06
6.291174056112218e-06
6.9812648359926294e-06
7.630102165964341e-06
8.224017955918322e-06
8.752069248231644e-06
9.206233706238e-06
9.581403382162219e-06
9.875217192366786e-06
1.0087776549697575e-05
1.0221287231573557e-05
1.0279665583444358e-05
1.0268140200657238e-05
3.06e-07
3.06e-07
3.06e-07
3.06e-07
3.06e-07
3.06e-07
3.06e-07
3.06e-07
3.06e-07
3.06e-07
3.06e-07
3.06e-07
3.06e-07
3.06e-07
3.06e-07
3.06e-07
3.06e-07
3.06e-07
3.06e-07
3.06e-07
3.06e-07
3.06e-07
3.06e-07
3.06e-07
3.06e-07
3.06e-07
3.06e-07
3.06e-07
3.06e-07
3.06e-07
3.06e-07
3.06e-07
3.06e-07
3.06e-07
3.06e-07
3.06e-07
3.06e-07
3.06e-07
3.06e-07
3.06e-07
3.06e-07
3.06e-07
3.06e-07
3.06e-07
3.06e-07
3.06e-07
3.06e-07
3.06e-07
3.06e-07
3.06e-07
3.06e-07
3.06e-07
3.06e-07
3.06e-07
3.06e-07
3.06e-07
3.06e-07
3.06e-07
3.06e-07
3.06e-07
0.0
0.0
0.0
0.0
0.0
0.0
0.0
0.0
0.0
0.0
0.0
0.0
0.0
0.0
0.0
0.0
0.0
0.0
0.0
0.0
0.0
0.0
0.0
0.0
0.0
0.0
0.0
0.0
0.0
0.0
0.0
0.0
0.0
0.0
0.0
0.0
0.0
0.0
0.0
0.0
0.0
0.0
0.0
0.0
0.0
0.0
0.0
0.0
0.0
0.0
0.0
0.0
0.0
0.0
0.0
0.0
0.0
0.0
0.0
0.0
1.65e-06
1.65e-06
1.65e-06
1.65e-06
1.65e-06
1.65e-06
1.65e-06
1.65e-06
1.65e-06
1.65e-06
1.65e-06
1.65e-06
1.65e-06
1.65e-06
1.65e-06
1.65e-06
1.65e-06
1.65e-06
1.65e-06
1.65e-06
1.65e-06
1.65e-06
1.65e-06
1.65e-06
1.65e-06
1.65e-06
1.65e-06
1.65e-06
1.65e-06
1.65e-06
1.65e-06
1.65e-06
1.65e-06
1.65e-06
1.65e-06
1.65e-06
1.65e-06
1.65e-06
1.65e-06
1.65e-06
1.65e-06
1.65e-06
1.65e-06
1.65e-06
1.65e-06
1.65e-06
1.65e-06
1.65e-06
1.65e-06
1.65e-06
1.65e-06
1.65e-06
1.65e-06
1.65e-06
1.65e-06
1.65e-06
1.65e-06
1.65e-06
1.65e-06
1.65e-06
0.0
0.0
0.0
0.0
0.0
0.0
0.0
0.0
0.0
0.0
0.0
0.0
0.0
0.0
0.0
0.0
0.0
0.0
0.0
0.0
0.0
0.0
0.0
0.0
0.0
0.0
0.0
0.0
0.0
0.0
0.0
0.0
0.0
0.0
0.0
0.0
0.0
0.0
0.0
0.0
0.0
0.0
0.0
0.0
0.0
0.0
0.0
0.0
0.0
0.0
0.0
0.0
0.0
0.0
0.0
0.0
0.0
0.0
0.0
0.0
0.0
0.0
0.0
0.0
0.0
0.0
0.0
0.0
0.0
0.0
0.0
0.0
0.0
0.0
0.0
0.0
0.0
0.0
0.0
0.0
0.0
0.0
0.0
0.0
0.0
0.0
0.0
0.0
0.0
0.0
0.0
0.0
0.0
0.0
0.0
0.0
0.0
0.0
0.0
0.0
0.0
0.0
0.0
0.0
0.0
0.0
0.0
0.0
0.0
0.0
0.0
0.0
0.0
0.0
0.0
0.0
0.0
0.0
0.0
0.0
0.001411764705882353
0.0012403530314105916
0.0010801098063498167
0.0009322451021717407
0.0007975022485574152
0.0006761971355477886
0.0005682694927533684
0.00047334191284702964
0.00039078257096690304
0.0003197680103667795
0.0002593429509710992
0.00020847476182225176
0.00016610095485427648
0.00013116874895054
0.00010266637507909592
7.964631459356802e-05
6.124106660840093e-05
4.667232239747725e-05
3.5254591118507514e-05
2.6394385598959553e-05
1.9586058017685896e-05
1.4405293817998338e-05
1.0501148731325155e-05
7.587367203046164e-06
5.4335666789795855e-06
3.856723494909065e-06
2.7132612396218857e-06
1.8919267708839769e-06
1.3075449838370737e-06
8.956710971204174e-07
1.1764705882352942e-12
1.1764705882352942e-12
1.1764705882352942e-12
1.1764705882352942e-12
1.1764705882352942e-12
1.1764705882352942e-12
1.1764705882352942e-12
1.1764705882352942e-12
1.1764705882352942e-12
1.1764705882352942e-12
1.1764705882352942e-12
1.1764705882352942e-12
1.1764705882352942e-12
1.1764705882352942e-12
1.1764705882352942e-12
1.1764705882352942e-12
1.1764705882352942e-12
1.1764705882352942e-12
1.1764705882352942e-12
1.1764705882352942e-12
1.1764705882352942e-12
1.1764705882352942e-12
1.1764705882352942e-12
1.1764705882352942e-12
1.1764705882352942e-12
1.1764705882352942e-12
1.1764705882352942e-12
1.1764705882352942e-12
1.1764705882352942e-12
1.1764705882352942e-12
0.0004
0.0004
0.0004
0.0004
0.0004
0.0004
0.0004
0.0004
0.0004
0.0004
0.0004
0.0004
0.0004
0.0004
0.0004
0.0004
0.0004
0.0004
0.0004
0.0004
0.0004
0.0004
0.0004
0.0004
0.0004
0.0004
0.0004
0.0004
0.0004
0.0004
0.0004
0.0004
0.0004
0.0004
0.0004
0.0004
0.0004
0.0004
0.0004
0.0004
0.0004
0.0004
0.0004
0.0004
0.0004
0.0004
0.0004
0.0004
0.0004
0.0004
0.0004
0.0004
0.0004
0.0004
0.0004
0.0004
0.0004
0.0004
0.0004
0.0004
1.7322297340509496e-42
2.7274300498348094e-40
3.38520592634022e-38
3.340078856607049e-36
2.6414104914533314e-34
1.6877252204372024e-32
8.781045306822986e-31
3.748653514062508e-29
1.32284844300314e-27
3.886762068681088e-26
9.575548548264268e-25
1.9916384562026333e-23
3.52063842183636e-22
5.3236580002712434e-21
6.929665890714154e-20
7.812436607437913e-19
7.673889661624742e-18
6.605526581708447e-17
5.010678755372086e-16
3.3677878804921295e-15
2.016240572836122e-14
1.0807107709161197e-13
5.211910360899798e-13
2.272413655476346e-12
8.999045364777151e-12
3.251424780964944e-11
1.0764749255869143e-10
3.2795023463072254e-10
9.230897163259248e-10
2.4099511013495653e-09
5.857828593806157e-09
1.3213918960294605e-08
2.7633405007069234e-08
5.3920172025920165e-08
9.875273391228389e-08
1.7067733880002653e-07
2.797557622786115e-07
4.368406055621806e-07
6.525360147202993e-07
9.359808135353098e-07
1.2936405261121315e-06
1.728301321926677e-06
2.2384230140155095e-06
2.817942175284456e-06
3.4565386949396677e-06
4.140307937712861e-06
4.852729305151746e-06
5.5757964639105736e-06
6.291174056112218e-06
6.9812648359926294e-06
7.630102165964341e-06
8.224017955918322e-06
8.752069248231644e-06
9.206233706238e-06
9.581403382162219e-06
9.875217192366786e-06
1.0087776549697575e-05
1.0221287231573557e-05
1.0279665583444358e-05
1.0268140200657238e-05
3.06e-07
3.06e-07
3.06e-07
3.06e-07
3.06e-07
3.06e-07
3.06e-07
3.06e-07
3.06e-07
3.06e-07
3.06e-07
3.06e-07
3.06e-07
3.06e-07
3.06e-07
3.06e-07
3.06e-07
3.06e-07
3.06e-07
3.06e-07
3.06e-07
3.06e-07
3.06e-07
3.06e-07
3.06e-07
3.06e-07
3.06e-07
3.06e-07
3.06e-07
3.06e-07
3.06e-07
3.06e-07
3.06e-07
3.06e-07
3.06e-07
3.06e-07
3.06e-07
3.06e-07
3.06e-07
3.06e-07
3.06e-07
3.06e-07
3.06e-07
3.06e-07
3.06e-07
3.06e-07
3.06e-07
3.06e-07
3.06e-07
3.06e-07
3.06e-07
3.06e-07
3.06e-07
3.06e-07
3.06e-07
3.06e-07
3.06e-07
3.06e-07
3.06e-07
3.06e-07
0.0
0.0
0.0
0.0
0.0
0.0
0.0
0.0
0.0
0.0
0.0
0.0
0.0
0.0
0.0
0.0
0.0
0.0
0.0
0.0
0.0
0.0
0.0
0.0
0.0
0.0
0.0
0.0
0.0
0.0
0.0
0.0
0.0
0.0
0.0
0.0
0.0
0.0
0.0
0.0
0.0
0.0
0.0
0.0
0.0
0.0
0.0
0.0
0.0
0.0
0.0
0.0
0.0
0.0
0.0
0.0
0.0
0.0
0.0
0.0
1.65e-06
1.65e-06
1.65e-06
1.65e-06
1.65e-06
1.65e-06
1.65e-06
1.65e-06
1.65e-06
1.65e-06
1.65e-06
1.65e-06
1.65e-06
1.65e-06
1.65e-06
1.65e-06
1.65e-06
1.65e-06
1.65e-06
1.65e-06
1.65e-06
1.65e-06
1.65e-06
1.65e-06
1.65e-06
1.65e-06
1.65e-06
1.65e-06
1.65e-06
1.65e-06
1.65e-06
1.65e-06
1.65e-06
1.65e-06
1.65e-06
1.65e-06
1.65e-06
1.65e-06
1.65e-06
1.65e-06
1.65e-06
1.65e-06
1.65e-06
1.65e-06
1.65e-06
1.65e-06
1.65e-06
1.65e-06
1.65e-06
1.65e-06
1.65e-06
1.65e-06
1.65e-06
1.65e-06
1.65e-06
1.65e-06
1.65e-06
1.65e-06
1.65e-06
1.65e-06
0.0
0.0
0.0
0.0
0.0
0.0
0.0
0.0
0.0
0.0
0.0
0.0
0.0
0.0
0.0
0.0
0.0
0.0
0.0
0.0
0.0
0.0
0.0
0.0
0.0
0.0
0.0
0.0
0.0
0.0
0.0
0.0
0.0
0.0
0.0
0.0
0.0
0.0
0.0
0.0
0.0
0.0
0.0
0.0
0.0
0.0
0.0
0.0
0.0
0.0
0.0
0.0
0.0
0.0
0.0
0.0
0.0
0.0
0.0
0.0
0.0
0.0
0.0
0.0
0.0
0.0
0.0
0.0
0.0
0.0
0.0
0.0
0.0
0.0
0.0
0.0
0.0
0.0
0.0
0.0
0.0
0.0
0.0
0.0
0.0
0.0
0.0
0.0
0.0
0.0
0.0
0.0
0.0
0.0
0.0
0.0
0.0
0.0
0.0
0.0
0.0
0.0
0.0
0.0
0.0
0.0
0.0
0.0
0.0
0.0
0.0
0.0
0.0
0.0
0.0
0.0
0.0
0.0
0.0
0.0
2
2
2
2
1
1
300.5649689348395
297.99949120252643
25.358110918648606
-25.38185734154183
0.0
0.0
-25.367957536370227
25.371937856072577
29.0
24.0
6.7
6.7
1.0
1.0
2.0
2.0
3.0
3.0
4.0
4.0
5.0
5.0
6.0
6.0
7.0
7.0
8.0
8.0
9.0
9.0
10.0
10.0
11.0
11.0
12.0
12.0
13.0
13.0
14.0
14.0
15.0
15.0
16.0
16.0
17.0
17.0
18.0
18.0
19.0
19.0
20.0
20.0
21.0
21.0
22.0
22.0
23.0
23.0
24.0
24.0
25.0
25.0
26.0
26.0
27.0
27.0
28.0
28.0
29.0
29.0
30.0
30.0
31.0
31.0
32.0
32.0
33.0
33.0
34.0
34.0
35.0
35.0
36.0
36.0
37.0
37.0
38.0
38.0
39.0
39.0
40.0
40.0
41.0
41.0
42.0
42.0
43.0
43.0
44.0
44.0
45.0
45.0
46.0
46.0
47.0
47.0
48.0
48.0
49.0
49.0
50.0
50.0
51.0
51.0
52.0
52.0
53.0
53.0
54.0
54.0
55.0
55.0
56.0
56.0
57.0
57.0
58.0
58.0
59.0
59.0
60.0
60.0
0.0
0.0
0.0
0.0
0.0
0.0
0.0
0.0
0.0
0.0
0.0
0.0
0.0
0.0
0.0
0.0
0.0
0.0
0.0
0.0
0.0
0.0
0.0
0.0
0.0
0.0
0.0
0.0
0.0
0.0
0.0
0.0
0.0
0.0
0.0
0.0
0.0
0.0
0.0
0.0
0.0
0.0
0.0
0.0
0.0
0.0
0.0
0.0
0.0
0.0
0.0
0.0
0.0
0.0
0.0
0.0
0.0
0.0
0.0
0.0
0.0
0.0
0.0
0.0
0.0
0.0
0.0
0.0
0.0
0.0
0.0
0.0
0.0
0.0
0.0
0.0
0.0
0.0
0.0
0.0
0.0
0.0
0.0
0.0
0.0
0.0
0.0
0.0
0.0
0.0
0.0
0.0
0.0
0.0
0.0
0.0
0.0
0.0
0.0
0.0
0.0
0.0
0.0
0.0
0.0
0.0
0.0
0.0
0.0
0.0
0.0
0.0
0.0
0.0
0.0
0.0
0.0
0.0
0.0
0.0
0.0
0.0
0.0
0.0
0.0
0.0
0.0
0.0
0.0
0.0
0.0
0.0
0.0
0.0
0.0
0.0
0.0
0.0
0.0
0.0
0.0
0.0
0.0
0.0
0.0
0.0
0.0
0.0
0.0
0.0
0.0
0.0
0.0
0.0
0.0
0.0
0.0
0.0
0.0
0.0
0.0
0.0
0.0
0.0
0.0
0.0
0.0
0.0
0.0
0.0
0.0
0.0
0.0
0.0
0.0
0.0
0.0
0.0
0.0
0.0
0.0
0.0
0.0
0.0
0.0
0.0
0.0
0.0
0.0
0.0
0.0
0.0
0.0
0.0
0.0
0.0
0.0
0.0
0.0
0.0
0.0
0.0
0.0
0.0
0.0
0.0
0.0
0.0
0.0
0.0
0.0
0.0
0.0
0.0
0.0
0.0
0.0
0.0
0.0
0.0
0.0
0.0
0.0
0.0
0.0
0.0
0.0
0.0
0.0
0.0
0.0
0.0
0.0
0.0
0.0
0.0
0.0
0.0
0.0
0.0
0.0
0.0
0.0
0.0
0.0
0.0
0.0
0.0
0.0
0.0
0.0
0.0
0.0
0.0
0.0
0.0
0.0
0.0
0.0
0.0
0.0
0.0
0.0
0.0
0.0
0.0
0.0
0.0
0.0
0.0
0.0
0.0
0.0
0.0
0.0
0.0
0.0
0.0
0.0
0.0
0.0
0.0
0.0
0.0
0.0
0.0
0.0
0.0
0.0
0.0
0.0
0.0
0.0
0.0
0.0
0.0
0.0
0.0
0.0
0.0
0.0
0.0
0.0
0.0
0.0
0.0
0.0
0.0
0.0
0.0
0.0
0.0
0.0
0.0
0.0
0.0
0.0
0.0
0.0
0.0
0.0
0.0
0.0
0.0
0.0
0.0
0.0
0.0
0.0
0.0
0.0
0.0
0.0
0.0
0.0
0.0
0.0
0.0
0.0
0.0
0.0
0.0
0.0
0.0
0.0
0.0
0.0
0.0
0.0
0.0
0.0
0.0
0.0
0.0
0.0
0.0
0.0
0.0
0.0
0.0
14.999999999999998
60.0
