9.81
6.022e+23
0
0
0
3
0
1
288.0
2
2
0
0
1
1
0
1
60
7
1000.0
1.0


3
3.0
0
77.072922555375
0
5.783625987995279
150.0
1000.0
287.04
9.81
79000.0
40.0
20000.0
0.0
0.0
0.0
0.0
0.0280134
0.04401
0.0319988
0.039948
0.01604
0.01801528
0.048
99000.0
2.1153802199668344e+29
0.8
1e-06
1000000.0
0.6
3.0
0.0001
1000
48
1.3742828443885011
0
2
6.0
1.0
1.0
0.0
1
1
0.01
1000000000000.0
1
287.1334489693117
286.326068543552
285.49113845847756
284.6317686327084
283.763341043626
282.8837609032476
281.9936279692524
281.09544842153383
280.18405413763577
279.25778875996264
278.31685777489497
277.35953539750005
276.38595093681505
275.39149615610035
274.3764294004978
273.3408123518467
272.2812054515184
271.2014742140315
270.10079504593534
268.9754573689167
267.8256226517559
266.65125736751116
265.4493434174001
264.2202481139737
262.962281879436
261.6725608511448
260.3502767542654
258.99335055789
257.5984650934706
256.1656223278134
254.69137101322622
253.173525646331
251.60827508769034
249.99300600265596
248.32932009669463
246.58088694609114
244.7846380641203
242.91854799327967
240.97687732234442
238.95613851349552
236.84891823302482
234.64282534848024
232.33772195865237
229.923402147995
227.37371504559965
224.69666630335814
221.8936851179384
218.96874622123147
215.88552780960853
212.7839689468344
213.0012937657137
213.58157001200124
214.42148760847877
215.40482378384465
217.00721647050028
218.50480492761
220.54895074608444
223.34219608196574
226.71425610515962
235.81056742719034
287.1334489693117
286.326068543552
285.49113845847756
284.6317686327084
283.763341043626
282.8837609032476
281.9936279692524
281.09544842153383
280.18405413763577
279.25778875996264
278.31685777489497
277.35953539750005
276.38595093681505
275.39149615610035
274.3764294004978
273.3408123518467
272.2812054515184
271.2014742140315
270.10079504593534
268.9754573689167
267.8256226517559
266.65125736751116
265.4493434174001
264.2202481139737
262.962281879436
261.6725608511448
260.3502767542654
258.99335055789
257.5984650934706
256.1656223278134
254.69137101322622
253.173525646331
251.60827508769034
249.99300600265596
248.32932009669463
246.58088694609114
244.7846380641203
242.91854799327967
240.97687732234442
238.95613851349552
236.84891823302482
234.64282534848024
232.33772195865237
229.923402147995
227.37371504559965
224.69666630335814
221.8936851179384
218.96874622123147
215.88552780960853
212.7839689468344
213.0012937657137
213.58157001200124
214.42148760847877
215.40482378384465
217.00721647050028
218.50480492761
220.54895074608444
223.34219608196574
226.71425610515962
235.81056742719034
991.675
975.0250000000001
958.375
941.7249999999999
925.075
908.425
891.7750000000001
875.125
858.4749999999999
841.825
825.175
808.5250000000001
791.875
775.225
758.575
741.925
725.2750000000001
708.625
691.975
675.325
658.675
642.0250000000001
625.375
608.725
592.075
575.425
558.7750000000001
542.125
525.4750000000001
508.82500000000005
492.17500000000007
475.52500000000003
458.87500000000006
442.2250000000001
425.57500000000005
408.925
392.27500000000003
375.62500000000006
358.9750000000001
342.32500000000005
325.675
309.02500000000003
292.37500000000006
275.7250000000001
259.0750000000001
242.42500000000007
225.77500000000003
209.12500000000006
192.47500000000008
175.8250000000001
159.17500000000007
142.52500000000003
125.87500000000006
109.22500000000008
92.5750000000001
75.92500000000013
59.27500000000009
42.62500000000006
25.97500000000008
9.325000000000045
991.675
975.0250000000001
958.375
941.7249999999999
925.075
908.425
891.7750000000001
875.125
858.4749999999999
841.825
825.175
808.5250000000001
791.875
775.225
758.575
741.925
725.2750000000001
708.625
691.975
675.325
658.675
642.0250000000001
625.375
608.725
592.075
575.425
558.7750000000001
542.125
525.4750000000001
508.82500000000005
492.17500000000007
475.52500000000003
458.87500000000006
442.2250000000001
425.57500000000005
408.925
392.27500000000003
375.62500000000006
358.9750000000001
342.32500000000005
325.675
309.02500000000003
292.37500000000006
275.7250000000001
259.0750000000001
242.42500000000007
225.77500000000003
209.12500000000006
192.47500000000008
175.8250000000001
159.17500000000007
142.52500000000003
125.87500000000006
109.22500000000008
92.5750000000001
75.92500000000013
59.27500000000009
42.62500000000006
25.97500000000008
9.325000000000045
71.53239890629219
215.62772719566033
361.8142350345144
510.1578362220307
660.7315276684349
813.6119603475231
968.8809820495919
1126.6243903216196
1286.9310790294853
1449.8948524391137
1615.6147939740192
1784.1956941398853
1955.7476184036109
2130.3864383102114
2308.235846822717
2489.4268282800986
2674.0996701388094
2862.405711480163
3054.5057265366413
3250.5712568740755
3450.7870746375456
3655.3513375960183
3864.4772257502927
4078.3951196285825
4297.353211488579
4521.61999770303
4751.487073435124
4987.270871887062
5229.3168808174105
5478.003396953438
5733.744983785698
5996.997436087436
6268.263679011859
6548.104088556356
6837.125503599682
7136.011790675213
7445.544651524735
7766.594079338942
8100.147870400931
8447.333853982971
8809.442497069482
9187.969313601217
9584.664503648
10001.572712327663
10441.130827831403
10906.307722270547
11400.764028162539
11929.035299464906
12497.041218001887
13117.787678732895
13808.771351519648
14588.733350552266
15484.048649290879
16535.42412882324
17807.437423501742
19414.787413807466
21597.44508224391
24999.849691766558
33285.77630964633
56560.69457252452
71.53239890629219
215.62772719566033
361.8142350345144
510.1578362220307
660.7315276684349
813.6119603475231
968.8809820495919
1126.6243903216196
1286.9310790294853
1449.8948524391137
1615.6147939740192
1784.1956941398853
1955.7476184036109
2130.3864383102114
2308.235846822717
2489.4268282800986
2674.0996701388094
2862.405711480163
3054.5057265366413
3250.5712568740755
3450.7870746375456
3655.3513375960183
3864.4772257502927
4078.3951196285825
4297.353211488579
4521.61999770303
4751.487073435124
4987.270871887062
5229.3168808174105
5478.003396953438
5733.744983785698
5996.997436087436
6268.263679011859
6548.104088556356
6837.125503599682
7136.011790675213
7445.544651524735
7766.594079338942
8100.147870400931
8447.333853982971
8809.442497069482
9187.969313601217
9584.664503648
10001.572712327663
10441.130827831403
10906.307722270547
11400.764028162539
11929.035299464906
12497.041218001887
13117.787678732895
13808.771351519648
14588.733350552266
15484.048649290879
16535.42412882324
17807.437423501742
19414.787413807466
21597.44508224391
24999.849691766558
33285.77630964633
56560.69457252452
3.521179111399233e+23
3.521179111399233e+23
3.521179111399257e+23
3.521179111399233e+23
3.521179111399233e+23
3.521179111399233e+23
3.521179111399233e+23
3.521179111399257e+23
3.521179111399233e+23
3.521179111399233e+23
3.521179111399233e+23
3.521179111399233e+23
3.521179111399257e+23
3.5211791113992086e+23
3.521179111399257e+23
3.521179111399233e+23
3.521179111399233e+23
3.521179111399257e+23
3.5211791113992086e+23
3.521179111399257e+23
3.521179111399233e+23
3.521179111399233e+23
3.521179111399257e+23
3.5211791113992086e+23
3.521179111399257e+23
3.521179111399233e+23
3.521179111399233e+23
3.521179111399233e+23
3.521179111399233e+23
3.521179111399244e+23
3.521179111399244e+23
3.521179111399233e+23
3.521179111399233e+23
3.521179111399233e+23
3.521179111399257e+23
3.521179111399233e+23
3.521179111399233e+23
3.521179111399233e+23
3.521179111399233e+23
3.521179111399257e+23
3.521179111399233e+23
3.521179111399233e+23
3.521179111399233e+23
3.521179111399233e+23
3.521179111399233e+23
3.521179111399257e+23
3.521179111399233e+23
3.521179111399233e+23
3.521179111399233e+23
3.521179111399233e+23
3.521179111399257e+23
3.521179111399233e+23
3.521179111399233e+23
3.521179111399233e+23
3.521179111399233e+23
3.521179111399233e+23
3.521179111399257e+23
3.521179111399233e+23
3.521179111399233e+23
3.521179111399257e+23
3.521179111399233e+23
3.521179111399233e+23
3.521179111399257e+23
3.521179111399233e+23
3.521179111399233e+23
3.521179111399233e+23
3.521179111399233e+23
3.521179111399257e+23
3.521179111399233e+23
3.521179111399233e+23
3.521179111399233e+23
3.521179111399233e+23
3.521179111399257e+23
3.5211791113992086e+23
3.521179111399257e+23
3.521179111399233e+23
3.521179111399233e+23
3.521179111399257e+23
3.5211791113992086e+23
3.521179111399257e+23
3.521179111399233e+23
3.521179111399233e+23
3.521179111399257e+23
3.5211791113992086e+23
3.521179111399257e+23
3.521179111399233e+23
3.521179111399233e+23
3.521179111399233e+23
3.521179111399233e+23
3.521179111399244e+23
3.521179111399244e+23
3.521179111399233e+23
3.521179111399233e+23
3.521179111399233e+23
3.521179111399257e+23
3.521179111399233e+23
3.521179111399233e+23
3.521179111399233e+23
3.521179111399233e+23
3.521179111399257e+23
3.521179111399233e+23
3.521179111399233e+23
3.521179111399233e+23
3.521179111399233e+23
3.521179111399233e+23
3.521179111399257e+23
3.521179111399233e+23
3.521179111399233e+23
3.521179111399233e+23
3.521179111399233e+23
3.521179111399257e+23
3.521179111399233e+23
3.521179111399233e+23
3.521179111399233e+23
3.521179111399233e+23
3.521179111399233e+23
3.521179111399257e+23
3.521179111399233e+23
3.521179111399233e+23
3.521179111399257e+23
-3.637273397888496
-3.5290714470573787
-3.4850779406419443
-3.4907119389645223
-3.480131967271985
-3.4601425383128905
-3.4262719704865052
-3.3660234607018333
-3.298835395542773
-3.229441597931957
-3.1547664933773976
-3.0794852979847196
-3.000442298828858
-2.934039965552414
-2.8762097744717297
-2.823539826407962
-2.7869386183640414
-2.746716131014317
-2.7024553155046274
-2.665377209142538
-2.630358365763146
-2.5927787227939953
-2.559990359753598
-2.5249268107682337
-2.4886190098470244
-2.4565636237781043
-2.4250490924054384
-2.3951005828061573
-2.3721021647114973
-2.3468933871643607
-2.323667655920362
-2.3002412246320323
-2.2796705646465787
-2.257247577183475
-2.1717753303005582
-2.3394574900549916
-2.364709202277872
-2.403779889166961
-2.4562405953365287
-2.50955442034969
-2.563501061076964
-2.633644534766219
-2.6785331875426106
-2.691371109526568
-2.7223112820397644
-2.6666564772760153
-2.4302849019099777
-1.8874620894151002
-1.0468275668993423
0.0024012263713166226
0.0052339139137123625
0.007299324991749595
0.009042777044472788
0.009605826364325165
0.010543131246810777
0.011287846337786275
0.013629132016668655
0.018692559333042577
0.02602269622182663
0.015844014887717375
-3.576789795029236
-3.4684359601048094
-3.4245348613740694
-3.4306051497844283
-3.42091920231329
-3.402420971779357
-3.3706483591719056
-3.313103197378097
-3.2490917416248255
-3.1831527265889337
-3.1118803012677247
-3.0399209475207374
-2.9640543834188535
-2.9006625945268794
-2.8457077218116824
-2.795781525202493
-2.761855139542827
-2.7241513890988056
-2.6822025947240045
-2.6474188947139834
-2.614682811885053
-2.5793528044366476
-2.5489378649446746
-2.516353969332912
-2.4826862206195877
-2.45351806540551
-2.4252500260533005
-2.3989289840039567
-2.380151818738455
-2.3598478588015475
-2.3425949116789644
-2.3268249109857013
-2.3169941699502887
-2.312585533062802
-2.3322466286568218
-2.329287122812835
-2.3542093764241314
-2.3922341183117597
-2.444009922063657
-2.496804600084377
-2.5504208928536
-2.620445479338977
-2.6652105321278268
-2.6780304235059162
-2.7091367478004313
-2.653645037753952
-2.4175514491024552
-1.8751149490343801
-1.0350865621630017
0.013336691117954158
0.015259330292673817
0.01630686652850183
0.016817016816151747
0.01570827469426289
0.01320948676614167
0.008983446268539724
0.0024700351442343282
-0.007438114395877771
-0.019344598062956506
-0.005954714361083104
-2.2723058884854908
-2.1868289653087913
-2.165561578763203
-2.1939220657593097
-2.2060686662712925
-2.2088058939393136
-2.1976620344141793
-2.1601402765476223
-2.1156789347845972
-2.069011865212275
-2.017063500867522
-1.9645090264392024
-1.90819272383348
-1.8645170883523008
-1.8294135999760215
-1.7994703162682697
-1.7855957528236956
-1.7680998948694082
-1.7465657305189097
-1.7322142410477
-1.7199220609336123
-1.7050689672032888
-1.6950071717356252
-1.6826702532509614
-1.6690889313101138
-1.6597600206451943
-1.6509719604835027
-1.6437499384220189
-1.6434778744978757
-1.6409954461929885
-1.6404959280623075
-1.6397956777704223
-1.6419510504312882
-1.642253898298918
-1.5795033140472015
-1.769914734336993
-1.8178916112146908
-1.8796868961975974
-1.9548715760411142
-2.030908421199115
-2.1075767665044793
-2.2004398540584873
-2.2680448673324065
-2.303595300405391
-2.3572383644321064
-2.324270507055388
-2.1105563992554153
-1.5903640201630083
-0.772314678161905
0.2536945518492928
0.23355374109263494
0.2129775860098846
0.19198369543039462
0.16986740553670643
0.14783212729648199
0.1260846197808121
0.105732754630111
0.08812383041799876
0.07281376079589563
0.03976639448990227
-2.255806135533419
-2.169444993198084
-2.147537679797722
-2.1756021230666818
-2.1879104159947076
-2.1914065112018903
-2.1816282767767063
-2.146077537072813
-2.104060474228106
-2.060115856958987
-2.010837841430117
-1.9608728773266932
-1.9070006773638966
-1.8656032544200798
-1.8326427515278851
-1.804710885957121
-1.7927788109579978
-1.7770693549770158
-1.7571148772843799
-1.744325460013016
-1.733583705029389
-1.7202479108310058
-1.7118272009078055
-1.7012375997587128
-1.6895639918038796
-1.6823899711699823
-1.6761160625751188
-1.6717891677263879
-1.6750060130227098
-1.6766960568537002
-1.6814369742220094
-1.6876608035084928
-1.6998237399565141
-1.7174085741221745
-1.7590635204826128
-1.7780966445855029
-1.8250117343870045
-1.8850287428120964
-1.958796188139786
-2.033581554372603
-2.1091872197198143
-2.201199088078397
-2.2679481693338914
-2.3027482398532015
-2.3558251236071044
-2.3222880288514887
-2.1081195754200905
-1.587581176264706
-0.7694056347641265
0.2565304515902369
0.2362119382693777
0.21535024454939844
0.19385538922520595
0.17079964031429995
0.14606060277637312
0.12007465891721836
0.09160041995721713
0.05975221682939491
0.025937829568277948
0.017191366579396572
-1.364969149293007
-1.3422424129572785
-1.3195156766215497
-1.2967889402858213
-1.2740622039500926
-1.251335467614364
-1.2286087312786356
-1.2058819949429072
-1.1831552586071783
-1.1604285222714497
-1.1377017859357212
-1.114975049599993
-1.0922483132642642
-1.0695215769285356
-1.0467948405928071
-1.0240681042570785
-1.0013413679213499
-0.9786146315856215
-0.9558878952498927
-0.9331611589141643
-0.9104344225784357
-0.8877076862427071
-0.8649809499069786
-0.84225421357125
-0.8195274772355214
-0.7968007408997928
-0.7740740045640643
-0.7513472682283358
-0.7286205318926072
-0.7058937955568787
-0.6831670592211501
-0.6604403228854214
-0.6377135865496929
-0.6149868502139644
-0.5922601138782358
-0.5695333775425072
-0.5468066412067786
-0.5240799048710502
-0.5013531685353215
-0.478626432199593
-0.4558996958638643
-0.4331729595281358
-0.4104462231924072
-0.3877194868566788
-0.3649927505209502
-0.3422660141852217
-0.31953927784949293
-0.2968125415137644
-0.2740858051780359
-0.25135906884230735
-0.22863233250657883
-0.2059055961708501
-0.18317885983512158
-0.16045212349939308
-0.1377253871636645
-0.11499865082793599
-0.09227191449220745
-0.06954517815647877
-0.04681844182075023
-0.024091705485021694
-1.3209852528221198
-1.2989908483626316
-1.2769964439031434
-1.255002039443655
-1.2330076349841665
-1.2110132305246784
-1.1890188260651902
-1.167024421605702
-1.1450300171462133
-1.1230356126867251
-1.101041208227237
-1.0790468037677488
-1.0570523993082603
-1.035057994848772
-1.013063590389284
-0.9910691859297953
-0.9690747814703072
-0.9470803770108189
-0.9250859725513304
-0.9030915680918423
-0.881097163632354
-0.8591027591728656
-0.8371083547133774
-0.815113950253889
-0.7931195457944008
-0.7711251413349125
-0.7491307368754242
-0.7271363324159359
-0.7051419279564476
-0.6831475234969594
-0.661153119037471
-0.6391587145779827
-0.6171643101184945
-0.5951699056590062
-0.5731755011995179
-0.5511810967400295
-0.5291866922805412
-0.507192287821053
-0.4851978833615647
-0.4632034789020764
-0.441209074442588
-0.41921466998309975
-0.3972202655236115
-0.37522586106412326
-0.35323145660463495
-0.3312370521451467
-0.3092426476856583
-0.28724824322617
-0.26525383876668174
-0.2432594343071935
-0.2212650298477052
-0.19927062538821677
-0.17727622092872855
-0.15528181646924027
-0.133287412009752
-0.11129300755026375
-0.08929860309077547
-0.06730419863128706
-0.0453097941717988
-0.023315389712310532
-16.649999999999977
-16.649999999999977
-16.65000000000009
-16.649999999999977
-16.649999999999977
-16.649999999999977
-16.649999999999977
-16.65000000000009
-16.649999999999977
-16.649999999999977
-16.649999999999977
-16.649999999999977
-16.65000000000009
-16.649999999999864
-16.65000000000009
-16.649999999999977
-16.649999999999977
-16.65000000000009
-16.649999999999864
-16.65000000000009
-16.649999999999977
-16.649999999999977
-16.65000000000009
-16.649999999999864
-16.65000000000009
-16.649999999999977
-16.649999999999977
-16.649999999999977
-16.649999999999977
-16.650000000000034
-16.650000000000034
-16.649999999999977
-16.649999999999977
-16.649999999999977
-16.65000000000009
-16.649999999999977
-16.649999999999977
-16.649999999999977
-16.649999999999977
-16.65000000000009
-16.649999999999977
-16.649999999999977
-16.649999999999977
-16.649999999999977
-16.649999999999977
-16.65000000000009
-16.649999999999977
-16.649999999999977
-16.649999999999977
-16.649999999999977
-16.65000000000009
-16.649999999999977
-16.649999999999977
-16.649999999999977
-16.649999999999977
-16.649999999999977
-16.65000000000009
-16.649999999999977
-16.649999999999977
-16.65000000000009
-16.649999999999977
-16.649999999999977
-16.65000000000009
-16.649999999999977
-16.649999999999977
-16.649999999999977
-16.649999999999977
-16.65000000000009
-16.649999999999977
-16.649999999999977
-16.649999999999977
-16.649999999999977
-16.65000000000009
-16.649999999999864
-16.65000000000009
-16.649999999999977
-16.649999999999977
-16.65000000000009
-16.649999999999864
-16.65000000000009
-16.649999999999977
-16.649999999999977
-16.65000000000009
-16.649999999999864
-16.65000000000009
-16.649999999999977
-16.649999999999977
-16.649999999999977
-16.649999999999977
-16.650000000000034
-16.650000000000034
-16.649999999999977
-16.649999999999977
-16.649999999999977
-16.65000000000009
-16.649999999999977
-16.649999999999977
-16.649999999999977
-16.649999999999977
-16.65000000000009
-16.649999999999977
-16.649999999999977
-16.649999999999977
-16.649999999999977
-16.649999999999977
-16.65000000000009
-16.649999999999977
-16.649999999999977
-16.649999999999977
-16.649999999999977
-16.65000000000009
-16.649999999999977
-16.649999999999977
-16.649999999999977
-16.649999999999977
-16.649999999999977
-16.65000000000009
-16.649999999999977
-16.649999999999977
-16.65000000000009
288.0
287.17256671740387
286.33321302911384
285.48159054574177
284.61728521515204
283.73986671582617
282.84887872815455
281.9438308177328
281.0242209771205
280.0895229560123
279.1391779471331
278.17259863483156
277.1891601965752
276.18821429990703
275.1690689619259
274.130985377862
273.07318722363135
271.99482808296
270.89500379483457
269.7727588042101
268.62706440161526
267.45681199056105
266.2608180266918
265.03780014757774
263.7863758460284
262.5050567268511
261.1922254200403
259.84612634087387
258.46485481149057
257.04631916579365
255.58823521631388
254.08809179016524
252.54312776724225
250.95028680567816
249.30614323697665
247.60710327141464
245.8488502422057
244.026658675119
242.13519061393117
240.16835792635806
238.1192028593056
235.97975600909237
233.7406877928135
231.39108278815777
228.918205492157
226.30660330803448
223.53738714077068
220.58710262666435
217.4270622489904
214.33376882320348
212.89050012211283
213.28884755320524
213.99861326029358
214.91013320759686
216.2031480915732
217.75344295501432
219.52473761489532
221.9439642382441
225.027165883038
231.2614402627658
240.35740001397875
288.0
287.17256671740387
286.33321302911384
285.48159054574177
284.61728521515204
283.73986671582617
282.84887872815455
281.9438308177328
281.0242209771205
280.0895229560123
279.1391779471331
278.17259863483156
277.1891601965752
276.18821429990703
275.1690689619259
274.130985377862
273.07318722363135
271.99482808296
270.89500379483457
269.7727588042101
268.62706440161526
267.45681199056105
266.2608180266918
265.03780014757774
263.7863758460284
262.5050567268511
261.1922254200403
259.84612634087387
258.46485481149057
257.04631916579365
255.58823521631388
254.08809179016524
252.54312776724225
250.95028680567816
249.30614323697665
247.60710327141464
245.8488502422057
244.026658675119
242.13519061393117
240.16835792635806
238.1192028593056
235.97975600909237
233.7406877928135
231.39108278815777
228.918205492157
226.30660330803448
223.53738714077068
220.58710262666435
217.4270622489904
214.33376882320348
212.89050012211283
213.28884755320524
213.99861326029358
214.91013320759686
216.2031480915732
217.75344295501432
219.52473761489532
221.9439642382441
225.027165883038
231.2614402627658
240.35740001397875
1000.0
983.35
966.7
950.05
933.4
916.75
900.1
883.45
866.8
850.15
833.5
816.85
800.2
783.55
766.9000000000001
750.25
733.6
716.95
700.3
683.6500000000001
667.0
650.35
633.7
617.05
600.4000000000001
583.75
567.1
550.45
533.8000000000001
517.1500000000001
500.50000000000006
483.85
467.20000000000005
450.55000000000007
433.9000000000001
417.25
400.6
383.95000000000005
367.30000000000007
350.6500000000001
334.0
317.35
300.70000000000005
284.05000000000007
267.4000000000001
250.7500000000001
234.10000000000002
217.45000000000005
200.80000000000007
184.1500000000001
167.5000000000001
150.85000000000002
134.20000000000005
117.55000000000007
100.90000000000009
84.25000000000011
67.60000000000014
50.950000000000045
34.30000000000007
17.65000000000009
1.0
1000.0
983.35
966.7
950.05
933.4
916.75
900.1
883.45
866.8
850.15
833.5
816.85
800.2
783.55
766.9000000000001
750.25
733.6
716.95
700.3
683.6500000000001
667.0
650.35
633.7
617.05
600.4000000000001
583.75
567.1
550.45
533.8000000000001
517.1500000000001
500.50000000000006
483.85
467.20000000000005
450.55000000000007
433.9000000000001
417.25
400.6
383.95000000000005
367.30000000000007
350.6500000000001
334.0
317.35
300.70000000000005
284.05000000000007
267.4000000000001
250.7500000000001
234.10000000000002
217.45000000000005
200.80000000000007
184.1500000000001
167.5000000000001
150.85000000000002
134.20000000000005
117.55000000000007
100.90000000000009
84.25000000000011
67.60000000000014
50.950000000000045
34.30000000000007
17.65000000000009
1.0
0.0
143.06479781258437
288.19065657873625
435.43781349029257
584.8778589537689
736.5851963831009
890.6387243119452
1047.1232397872386
1206.1255408560003
1367.7366172029706
1532.0530876752568
1699.1765002727816
1869.2148880069892
2042.2803488002326
2218.49252782019
2397.9791658252443
2580.8744907349533
2767.324849542665
2957.486573417661
3151.5248796556216
3349.61763409253
3551.9565151825614
3758.746160009475
3970.208291491111
4186.581947766053
4408.124475211105
4635.115520194955
4867.858626675294
5106.683117098831
5351.95064453599
5604.0561493708865
5863.433818200511
6130.56105397436
6405.966304049357
6690.241873063354
6984.009134136009
7288.014447214417
7603.074855835052
7930.113302842832
8270.18243795903
8624.485270006913
8994.399724132052
9381.538903070381
9787.79010422562
10215.355320429708
10666.906335233098
11145.709109307996
11655.818947017084
12202.251651912728
12791.830784091044
13443.744573374746
14173.79812966455
15003.668571439983
15964.428727141772
17106.41953050471
18508.455316498774
20321.119511116158
22873.77065337166
27125.928730161457
39445.6238891312
51765.31904810103
0.0
143.06479781258437
288.19065657873625
435.43781349029257
584.8778589537689
736.5851963831009
890.6387243119452
1047.1232397872386
1206.1255408560003
1367.7366172029706
1532.0530876752568
1699.1765002727816
1869.2148880069892
2042.2803488002326
2218.49252782019
2397.9791658252443
2580.8744907349533
2767.324849542665
2957.486573417661
3151.5248796556216
3349.61763409253
3551.9565151825614
3758.746160009475
3970.208291491111
4186.581947766053
4408.124475211105
4635.115520194955
4867.858626675294
5106.683117098831
5351.95064453599
5604.0561493708865
5863.433818200511
6130.56105397436
6405.966304049357
6690.241873063354
6984.009134136009
7288.014447214417
7603.074855835052
7930.113302842832
8270.18243795903
8624.485270006913
8994.399724132052
9381.538903070381
9787.79010422562
10215.355320429708
10666.906335233098
11145.709109307996
11655.818947017084
12202.251651912728
12791.830784091044
13443.744573374746
14173.79812966455
15003.668571439983
15964.428727141772
17106.41953050471
18508.455316498774
20321.119511116158
22873.77065337166
27125.928730161457
39445.6238891312
51765.31904810103
417.28740903713356
415.5871251036725
413.6668287748893
411.5955057975996
409.41821165192204
407.1961541564352
404.95969566272964
402.7359335360985
400.5492030831538
398.3912634423253
396.2665917523009
394.16929543284493
392.0956865329463
390.04377240100285
388.0021339685677
385.9664980051755
383.93354385395656
381.89273437002896
379.854097109842
377.81894224349577
375.7802368316389
373.7455984921651
371.7161336423353
369.68790717244667
367.6672762120534
365.65434603214266
363.64937602930377
361.6529916685432
359.6665101019876
357.68926690837964
355.72761858957244
353.78185166351557
351.8543802958722
349.9456323297418
348.05951716465233
351.66299191799175
349.8000066540858
347.97429063661036
346.18252232967217
344.4305409352434
342.72784723054787
341.07903590298434
339.4817262412478
337.9601525965692
336.5159907687915
335.14432400800126
333.8595505917179
332.68246717875644
331.63170913860984
330.72403920379224
330.0825737598278
329.99055088763185
330.0594550695209
330.2069493424404
330.3921396332693
330.5695868074062
330.7242696159348
330.8760554182361
331.04533009595525
331.4737112031356
332.9938795817168
418.1305202971722
416.447485875214
414.54427279130846
412.4899505773108
410.3296165701008
408.12452377880413
405.9050590163847
403.6983343568503
401.52869500765155
399.3878932268047
397.28039723635027
395.20030011555536
393.14389959230624
391.1091892164469
389.0847324998808
387.06624110948303
385.05037936462134
383.02659262834277
381.00489465589663
378.98657852403517
376.9645920102669
374.9465340763951
372.93348963204346
370.92149906891314
368.91689349499666
366.9197485160375
364.9302899672127
362.949106137026
360.9774711747881
359.0146731580667
357.0670161905272
355.13472696245043
353.22015194371613
351.3236424953874
349.4490207490762
347.6006303580548
345.77003942974983
343.97484913036493
342.21108690389553
340.48501144285257
338.80633995669314
337.17990144525504
335.60356814930697
334.1016040040588
332.67582225288066
331.32152046613834
330.053117563333
328.89154761019785
327.8555741477274
326.96219859235
326.33475448125665
326.2566003364942
326.33933719003346
326.50084826816493
326.7006758581118
326.8951190099566
327.07066727442157
327.2510176238059
327.4626041635689
327.9512731904913
329.507167243647
390.0991853316357
388.0101778631023
385.6953487704808
383.2238856701593
380.6408397597883
378.0064482571968
375.350818680565
372.7009725006933
370.0811896778116
367.4837156574412
364.913437176329
362.3649798081571
359.8350638533037
357.3220031232871
354.8147421089025
352.3092065365776
349.8022035916985
347.2833509317275
344.7626295823079
342.2413465678172
339.7124818179597
337.1835679863848
334.6556430236099
332.1247136221848
329.5970296002687
327.0725990858196
324.5515873632665
322.034502771561
319.5225597112732
317.0149742011325
314.5179477455494
312.0316228951067
309.5582612659235
307.0981181792702
304.654933792398
299.9076094914776
297.5319173090368
295.1769330063455
292.8431126180513
290.5382018355736
288.2728522860884
286.0524931542347
283.8753521146254
281.7663124178539
279.7275749745204
277.7545565102244
275.8624193223318
274.0724760278481
272.4039825538011
270.8742141836792
269.6066601871856
268.8851112193811
268.323170548578
267.8414466607778
267.4041653310033
266.9837212124228
266.570916242482
266.2166441856536
265.9819342400173
266.1172335546798
267.0020957340809
390.0991853316357
388.0101778631023
385.6953487704808
383.2238856701593
380.6408397597883
378.0064482571968
375.350818680565
372.7009725006933
370.0811896778116
367.4837156574412
364.913437176329
362.3649798081571
359.8350638533037
357.3220031232871
354.8147421089025
352.3092065365776
349.8022035916985
347.2833509317275
344.7626295823079
342.2413465678172
339.7124818179597
337.1835679863848
334.6556430236099
332.1247136221848
329.5970296002687
327.0725990858196
324.5515873632665
322.034502771561
319.5225597112732
317.0149742011325
314.5179477455494
312.0316228951067
309.5582612659235
307.0981181792702
304.654933792398
302.2329645597162
299.8236708311721
297.444587764557
295.091679743305
292.7711069285711
290.4926092649465
288.2610042188617
286.0740859320148
283.9563482204261
281.9096933797906
279.9293513603552
278.030161585848
276.2332818060595
274.5578070252466
273.0209555264782
271.7462082036598
271.0172523503754
270.4473896307541
269.956979356815
269.5099087420968
269.0774493568223
268.6512918139765
268.2818288347191
268.0306191354998
268.1507552750473
269.0321208907819
27.18822370549786
27.57694724057025
27.97148000440854
28.37162012744034
28.77737189213371
29.18970589923843
29.60887698216463
30.03496103540524
30.46801340534222
30.90754778488408
31.35315457597185
31.80431562468786
32.26062267964253
32.72176927771576
33.18739185966521
33.65729146859786
34.13134026225804
34.60938343830143
35.09146752753409
35.57759567567859
36.06775501367917
36.56203050578031
37.06049061872537
37.56319355026188
38.07024661178472
38.58174694632305
39.09778866603727
39.61848889698222
40.14395039071443
40.67429270724719
41.20967084402304
41.75022876840886
42.29611902994874
42.84751415047159
43.4045833722543
51.75538242651412
52.26808934504896
52.79735763026488
53.33940971162088
53.8923390996698
54.4549949444595
55.02654274874965
55.60637412662244
56.19384017871529
56.78841579427111
57.38976749777685
57.9971312693861
58.60999115090835
59.22772658480875
59.84982502011301
60.47591357264224
61.10543966825076
61.7362845209429
62.36550268166256
62.98797430226603
63.58586559498344
64.15335337345282
64.6594112325825
65.06339585593794
65.35647764845584
65.99178384763584
28.0313349655365
28.43730801211174
28.84892402082767
29.26606490715153
29.68877681031249
30.11807552160735
30.5542403358197
30.997361856157
31.44750532983993
31.90417756936349
32.36696006002123
32.83532030739825
33.30883573900253
33.7871860931598
34.26999039097826
34.75703457290538
35.24817577292281
35.74324169661525
36.24226507358871
36.745231956218
37.25211019230719
37.76296609001034
38.27784660843354
38.79678544672831
39.319863894728
39.8471494302179
40.37870260394618
40.91460336546501
41.45491146351495
41.99969895693424
42.5490684449778
43.10310406734375
43.66189067779266
44.2255243161172
44.79408695667818
45.36766579833857
45.94636859857776
46.53026136580793
47.11940716059051
47.71390451428149
48.3137306917466
48.91889722639336
49.52948221729221
50.14525578363271
50.76612887309006
51.39216910578313
52.02295597748495
52.65826580413835
53.29776712248084
53.94124306587182
54.58854627759685
55.23934798611884
55.89194755927932
56.54386891134992
57.19076711601502
57.81766965313432
58.41937546044507
58.96918878908682
59.4319850280691
59.80051791544399
60.4750463528651
481.269330930278
477.2967411083315
473.18961581423935
468.95273125818653
464.5815150467496
460.1533888849915
455.7081244973465
451.2867003363015
446.93982960680887
442.66621103119587
438.47252747595905
434.3581676556358
430.3200497292979
426.359942873521
422.45378735273346
418.58873778936527
414.7563133218781
410.9299080851267
407.1231709300704
403.34145033320544
399.57053068030064
395.8159702798934
392.0814364628602
388.358202821236
384.6549016075917
380.9728824963708
377.30815247288683
373.66079615164267
370.0305646466652
366.4098435785593
362.80719981355924
359.2209369594399
355.65366991402607
352.1029708974644
348.5746018340761
350.5985732733681
346.96567327512537
343.32206564643514
339.65061044329946
335.9437574728295
332.21015534693487
328.45376725286684
324.6560177370719
320.8663992250607
317.11864209687786
313.3897369716554
309.78069304831666
306.49305323609974
303.85193117579024
302.1719465628106
301.78417567069545
301.92570653959217
302.20758830749105
302.5470662758409
302.90212397220654
303.22740327364005
303.5081707019494
303.7656892588808
304.02308776701784
304.52428263499434
306.0842174080652
486.2354209102616
482.29658035277
478.2239222756662
474.022062381871
469.68612625159426
465.2931230443029
460.8822517706816
456.4938988343705
452.17818194809877
447.93331969302403
443.76570784561056
439.6747728833855
435.6574994828097
431.71578842958627
427.82572845860045
423.9745943166746
420.1540216858558
416.3374561386194
412.538688811196
408.7632578020503
404.9969458282689
401.24530418936786
397.5120118341852
393.7881940701469
390.0823508964718
386.3956419257088
382.723793405714
379.0664935129521
375.423069382988
371.7852653532437
368.1609123288506
364.5471861265518
360.94495030430903
357.3486171160238
353.7565867955904
350.14913288408644
346.540445311196
342.9202432774241
339.27145230814256
335.5865806589597
331.87432761842774
328.13870188726986
324.36116950324345
320.5912571886612
316.86272719762997
313.1526002872805
309.56190935562364
306.2922198270685
303.6686651883334
302.0058839981918
301.63497033868856
301.7930281321957
302.09111523028434
302.44648169764093
302.81710892790204
303.15761268252334
303.4532356059055
303.7251863752469
303.99652513183935
304.51113198833013
306.0842174080652
285.6705997601896
280.1573065631879
274.4421012987866
268.5319114982867
262.4255510001077
256.2325073951593
250.0151140637763
243.8371847071612
237.7766925713213
231.8396422183262
226.0385872522364
220.369381298714
214.8247867950029
209.4026387414288
204.0658520820947
198.7936982971216
193.5710883699739
188.3588696835534
183.1715201235168
178.0109532676895
172.8554664715077
167.7113070405347
162.5806850274672
157.4509555654446
152.3316582831073
147.2233021209365
142.1194801067135
137.0197656666515
131.9215297398884
126.8145054182515
121.7083795589092
116.600272430465
111.4910784354004
106.3767980771009
101.2598775950094
92.70707478535341
87.41480240618374
82.09511864632336
76.73131348610345
71.31738421610969
65.87383080728097
60.41146471838475
54.90557727501654
49.41979301924013
43.99653276061986
38.6134181332876
33.41217539068474
28.63952442049853
24.66791785105995
21.81927155336807
20.40066751501259
19.56405981584342
18.84612284635735
18.13072848940353
17.32595554843376
16.29208088081041
14.94193359367252
13.06799343267342
10.26118068815697
5.801392664263751
0.0
284.5711411230557
279.0191815469727
273.2621907023237
267.3070086535351
261.1523231294785
254.9089317064154
248.6398970018085
242.4097923614241
236.2975826373257
230.3092874026312
224.4575258409866
218.7380235015274
213.1433702727722
207.6712815874447
202.2840843605094
196.9606905434247
191.6857117940256
186.4193279966218
181.1761334574452
175.95799656474
170.742777935567
165.5367330835155
160.34201297268
155.1456475755811
149.9571644973866
144.776945043417
139.5983134032127
134.4206033374404
129.2408413157858
124.0482708279135
118.8523215028501
113.649513715987
108.439785761731
103.2173351496541
97.97979784338979
92.70707478535341
87.41480240618374
82.09511864632336
76.73131348610345
71.31738421610969
65.87383080728097
60.41146471838475
54.90557727501654
49.41979301924013
43.99653276061986
38.6134181332876
33.41217539068474
28.63952442049853
24.66791785105995
21.81927155336807
20.40066751501259
19.56405981584342
18.84612284635735
18.13072848940353
17.32595554843376
16.29208088081041
14.94193359367252
13.06799343267342
10.26118068815697
5.801392664263751
0.0
195.5987311700884
197.1394345451436
198.7475145154527
200.4208197598998
202.1559640466419
203.9208814898322
205.6930104335702
207.4495156291403
209.1631370354876
210.8265688128697
212.4339402237227
213.9887863569218
215.495262934295
216.9573041320922
218.3879352706388
219.7950394922437
221.1852249519042
222.5710384015733
223.9516508065536
225.3304970655159
226.7150642087929
228.1046632393587
229.500751435393
230.9072472557914
232.3232433244844
233.7495803754343
235.1886723661733
236.6410304849912
238.1090349067768
239.5953381603078
241.09882025465
242.6206645289749
244.1625914786257
245.7261728203635
247.3147242390667
257.8914984880147
259.5508708689416
261.2269470001118
262.919296957196
264.6263732567198
266.3363245396539
268.0423025344821
269.7504404620554
271.4466062058206
273.122109336258
274.7763188383678
276.3685176576319
277.8535288156012
279.1840133247303
280.3526750094425
281.3835081556829
282.3616467237488
283.3614654611337
284.4163377864374
285.5761684237728
286.9353223928296
288.5662371082769
290.6976958262074
293.7619070788609
298.7228899707306
306.0842174080652
201.6642797872059
203.2773988057973
204.9617315733425
206.7150537283359
208.5338031221158
210.3841913378875
212.2423547688731
214.0841064729464
215.8805993107731
217.6240322903928
219.308182004624
220.9367493818581
222.5141292100375
224.0445068421416
225.541644098091
227.0139037732499
228.4683098918302
229.9181281419976
231.3625553537508
232.8052612373103
234.2541678927019
235.7085711058524
237.1699988615052
238.6425464945658
240.1251863990852
241.6186968822918
243.1254800025013
244.6458901755117
246.1822280672022
247.7369945253302
249.3085908260005
250.8976724105648
252.505164542578
254.1312819663697
255.7767889522006
257.442058098733
259.1256429050122
260.8251246311007
262.5401388220391
264.26919644285
266.0004968111468
267.7272371688851
269.4555922282269
271.1714641694211
272.8661944370101
274.5391821539929
276.1497339649389
277.65269540657
279.0007473372735
280.1866124448237
281.234302823676
282.2289683163522
283.244992383927
284.3157532082374
285.4911533794683
286.8655318017129
288.511302012233
290.6571929425735
293.7353444436824
298.7097393240664
306.0842174080652
63.98192189314439
61.7096160046589
59.522787039350106
57.3572254605869
55.163303394827594
52.9572347285563
50.74842883461699
48.55076680020281
46.390626523655186
44.27494758887059
42.205935723658314
40.18887222279079
38.22436319635159
36.31617047251811
34.45165338416581
32.62223978418979
30.822769467921518
29.037173715097822
27.269073820228414
25.522508089709504
23.790293848661804
22.07037178772819
20.365302820524903
18.670295648789278
16.987625395538316
15.318536464228202
13.658776443583008
12.007804483099505
10.364054544677487
8.72057667017961
7.079581223986622
5.439085295924315
3.7992896181538924
2.1573385677226042
0.5150846694236861
-1.0644186446235153
-2.8343333789605083
-4.652224990175199
-6.5319118863727965
-8.48678346241391
-10.517691883613026
-12.625268650117505
-14.825708504175992
-17.0937533715084
-19.39734867191379
-21.754587036345896
-24.078857543401284
-26.1894139426567
-27.779777962819708
-28.552092640981613
-28.29839808913232
-28.064844348039685
-27.8518667620298
-27.659883066599406
-27.4900156610627
-27.342183533766217
-27.216098913985405
-27.110366159355294
-27.022242328937295
-26.9494285681414
-26.909662173651498
68.10490061308941
65.849094477556
63.67964948435791
61.53211180456019
59.356509681493506
57.1685992654988
54.97719275429691
52.7955644775202
50.64948694044739
48.54542646621928
46.485310609260296
44.47447276783018
42.513599890503485
40.60659921313959
38.74099595871951
36.908353207191624
35.1036423212345
33.310863510276505
31.53379415529949
29.77667927801511
28.032353818002093
26.298770112972704
24.5785222021417
22.866695001233893
21.16545740147518
19.4758934096713
17.793503438501318
16.1173873759262
14.445598208199812
12.770592195177102
11.093896138323402
9.412459164101392
7.724798360592899
6.024974620636385
4.307566046514211
2.548502526031598
0.770405881446095
-1.0546058529409095
-2.939634595753006
-4.898430783892792
-6.932012338265395
-9.041199557985209
-11.242398646063606
-13.510346815397497
-15.813095055250699
-18.168920178857803
-20.491208207709292
-22.599327783129382
-24.18690895939409
-24.956314594158215
-24.699784142567978
-24.4635722042986
-24.248221959749202
-24.054366570523996
-23.883566930209696
-23.737506327433323
-23.617431668516105
-23.525831248558887
-23.466079031729492
-23.440141202161215
-23.422949835581818
104.4285855714461
107.8528712999144
111.2532474716941
114.6919741718726
118.2152887596806
121.7739408620375
125.3357046167886
128.8637877935322
132.3044971064902
135.644073439115
138.8748499240926
141.9955985094431
145.0102770583008
147.9193643818583
150.7488900268078
153.515508239456
156.2311152217246
158.9244812481741
161.5911094587911
164.2303933001278
166.8570153464519
169.4722609458502
172.0749579961427
174.6737580567402
177.2653713171614
179.8492969648831
182.432107256553
185.0147371049095
187.6010299713848
190.200468782881
192.8095681866403
195.4313504646417
198.0671828305231
200.7213201021693
203.3950561973886
207.2005347061241
210.1171149028531
213.0818143600221
216.1117991319479
219.2208176194639
222.3990214788074
225.6410284358499
228.9697748396089
232.3465193986137
235.7310422139006
239.1411383769368
242.4502439316471
245.4329516073495
247.7360647027412
249.0549426303111
249.205992672173
249.3210514035377
249.4770477022206
249.7107181713742
250.0782097825695
250.6916403316124
251.6289826488095
253.1486507529802
255.7207535518603
260.3158408904161
267.0020957340809
105.52804420858
108.9909963161296
112.433158068157
115.9168770166241
119.4885166303098
123.0975165507813
126.7109216787565
130.2911801392692
133.7836070404858
137.17442825481
140.4559113353424
143.6269563066296
146.6916935805315
149.6507215358423
152.5306577483932
155.3485159931529
158.1164917976729
160.8640229351058
163.5864961248626
166.2833500030772
168.9697038823926
171.6468349028694
174.3136300509299
176.9790660466036
179.6398651028821
182.2956540424025
184.9532739600538
187.6138994341206
190.2817183954874
192.9667033732189
195.6656262426993
198.3821091791197
201.1184755041925
203.8807830296161
206.6751359490082
209.5258897743628
212.4088684249883
215.3494691182336
218.3603662572016
221.4537227124614
224.6187784576656
227.8495395004769
231.1685086569983
234.5365552011859
237.9131606191707
241.3159332270676
244.6179861951633
247.593757385561
249.8898891741867
251.2016839731101
251.3455406886472
251.453192534532
251.6012667843968
251.8262508674114
252.183953193663
252.7853684760119
253.709358220304
255.2138354020456
257.7694384473428
262.3493626107836
269.0321208907819
168.4105074645905
169.5624873045733
170.7760345110442
172.0491996324595
173.3785921545082
174.7311755905938
176.0841334514056
177.414554593735
178.6951236301454
179.9190210279856
181.0807856477509
182.1844707322339
183.2346402546524
184.2355348543764
185.2005434109736
186.1377480236458
187.0538846896461
187.9616549632719
188.8601832790195
189.7529013898373
190.6473091951137
191.5426327335784
192.4402608166676
193.3440537055295
194.2529967126997
195.1678334291113
196.090883700136
197.022541588009
197.9650845160623
198.9210454530606
199.8891494106269
200.870435760566
201.866472448677
202.8786586698919
203.9101408668123
206.1361160615006
207.2827815238926
208.4295893698469
209.5798872455751
210.73403415705
211.8813295951944
213.0157597857324
214.1440663354329
215.2527660271053
216.3336935419868
217.3865513405909
218.3713863882458
219.2435376646928
219.9562867399215
220.5028499893295
220.9075945830407
221.256207055498
221.6251809401908
222.0508351047748
222.5881941215068
223.3494567978462
224.4128837348241
226.0382845936249
228.698511222923
233.3664123222747
240.0924335604294
173.6329448216694
174.8400907936856
176.1128075525149
177.4489888211843
178.8450263118033
180.2661158162801
181.6881144330534
183.0867446167894
184.4330939809332
185.7198547210293
186.9412219446027
188.1014290744598
189.205293471035
190.2573207489819
191.2716537071127
192.2568692003445
193.2201341189074
194.1748864453823
195.1202902801621
196.0600292810923
197.0020577003947
197.9456050158421
198.8921522530716
199.8457610478375
200.8053225043573
201.7715474520738
202.7467773985551
203.7312868100468
204.7273166036872
205.737295568396
206.7595223810227
207.7945683432211
208.8432738647854
209.9057576502525
210.9827019955224
212.0743923003944
213.1792743064344
214.2948632652927
215.4207316614486
216.5552919285686
217.6867661194002
218.8083399424917
219.9261100109347
221.0262083857884
222.10006556392
223.1470130482098
224.126777987454
224.9944296024316
225.7029802147926
226.2453693789519
226.6457565460792
226.9896203302334
227.3530448246476
227.7718842968874
228.3003862634533
229.0478621485786
230.0919265517879
231.6880041534867
234.3033594156133
238.9092214086224
245.6091710552001
-1.1226762116314841
-1.0773304368530172
-1.0645891653103505
-1.0770976193083432
-1.082299633071711
-1.0834150086829775
-1.078198964022172
-1.0604397004659085
-1.0394149402475232
-1.0174488674223012
-0.9927150204949211
-0.9675442780696144
-0.9403323867733132
-0.9191370617381117
-0.9020304969329844
-0.8873172195522125
-0.8803660219570479
-0.8715606841363004
-0.8605810330962994
-0.8530069887550848
-0.8464745599788706
-0.8385977580065048
-0.8330446245877642
-0.8263871330280055
-0.8191156763164107
-0.8139864997927673
-0.809191775571813
-0.8052080849874965
-0.8047967930131691
-0.8034823673338897
-0.803409268284091
-0.803602747099698
-0.8058912756267089
-0.8084893955727518
-1.3742828443885011
-0.9173382217961592
-0.9362854761336714
-0.9641446303685769
-0.9997724974396279
-1.0363815169352846
-1.0737180676647031
-1.1195826030368294
-1.152852311210558
-1.1700926979938333
-1.1966857564060158
-1.1795821131568966
-1.071075024546736
-0.8074771784667636
-0.3931467286451729
0.1264251999609419
0.11600703123045521
0.1051851101752159
0.0939276407030775
0.08172525676185444
0.06813605895109132
0.05439005150964321
0.03921095003203168
0.02273941852767214
0.006920357368648045
0.009064503670888069
0.0
-1.142262097475835
-1.098496308189176
-1.0873793271977314
-1.1015759506843632
-1.1078025801160098
-1.1095731870498673
-1.104627586926044
-1.0866364844380039
-1.0653722816619022
-1.0431335479040862
-1.0181919153256052
-0.9929007892693704
-0.9656290795527941
-0.9446717936123107
-0.9279853818599004
-0.9138438765288346
-0.9078025625815298
-0.8998481372777594
-0.8897422888728604
-0.8832632705698429
-0.8778217101767865
-0.8710657070503928
-0.8667980778084353
-0.8614321807388245
-0.8555169702314487
-0.8518802159704864
-0.8486993130711631
-0.8465039297450807
-0.8481289458062232
-0.8489811232959216
-0.851378494501948
-0.854526746061703
-0.8606833273411998
-0.8695860745296359
-0.890681092537297
-0.9003178526327733
-0.9240786015719604
-0.9544760705232479
-0.991839125265981
-1.0297215330236698
-1.0680216151501472
-1.1146300821953123
-1.148446459684493
-1.1660822567933313
-1.1929761172222888
-1.1760097290954847
-1.06756144989692
-0.8039409001648126
-0.38955887396657457
0.13006887365333
0.11975888017307812
0.1091979075328511
0.0983276018930907
0.08668387512646683
0.07422221564458459
0.06115360100299183
0.0469056884490856
0.03109712612305504
0.014601040791774267
0.010835636589106912
0.0
-1.734521591357715
-1.72241055693928
-1.741836453264023
-1.784683204118119
-1.802582902575016
-1.804159064347333
-1.787098662734847
-1.742840716618817
-1.691613292304309
-1.63650232907146
-1.580769314163184
-1.527041096636436
-1.473555413879706
-1.433254615309429
-1.401389780352342
-1.375550791578868
-1.364284962398766
-1.350741314892479
-1.336890426654856
-1.330476780546972
-1.324714208615024
-1.318357925556283
-1.316383962720428
-1.312743594752659
-1.308849547564167
-1.308284580354353
-1.308193179446822
-1.310048627420621
-1.316707512597142
-1.321600943576447
-1.328025267058153
-1.335142132507102
-1.344414213400648
-1.354341709336508
-1.927609189844706
-1.47735081862331
-1.501724922542156
-1.534794238897037
-1.574827605562869
-1.609872438487668
-1.642190959583738
-1.686127551060681
-1.71044031092393
-1.714380272286386
-1.727334075605377
-1.676178767738024
-1.510846720880548
-1.16660807773257
-0.6680582238557683
-0.0765121779432123
-0.0582813087608615
-0.0790176316152578
-0.1183623406890464
-0.1861474727303853
-0.310724225863384
-0.4747969698191256
-0.7697655357635136
-1.302860857304915
-2.327573933634548
-3.386824088667508
0.0
-1.754107477202066
-1.743576428275439
-1.764626615151404
-1.809161535494139
-1.828085849619315
-1.830317242714223
-1.813527285638719
-1.769037500590912
-1.717570633718688
-1.662187009553245
-1.606246208993868
-1.552397607836192
-1.498852106659187
-1.458789347183628
-1.427344665279258
-1.40207744855549
-1.391721503023248
-1.379028768033938
-1.366051682431417
-1.36073306236173
-1.35606135881294
-1.350825874600171
-1.350137415941099
-1.347788642463478
-1.345250841479205
-1.346178296532072
-1.347700716946172
-1.351344472178205
-1.360039665390196
-1.367099699538479
-1.37599449327601
-1.386066131469107
-1.399206265115139
-1.415438388293392
-1.444007437993502
-1.460330449459924
-1.489518047980445
-1.525125679051708
-1.566894233389222
-1.603212454576053
-1.636494507069182
-1.681175030219164
-1.706034459397865
-1.710369831085884
-1.72362443642165
-1.672606383676612
-1.507333146230732
-1.163071799430619
-0.66447036917717
-0.0728685042508242
-0.0545294598182386
-0.0750048342576226
-0.1139623794990332
-0.1811888543657729
-0.3046380691698907
-0.468033420325777
-0.7620707973464597
-1.294503149709532
-2.319893250211422
-3.385052955749289
0.0
0.611845379726231
0.6450801200862628
0.6772472879536725
0.7075855848097758
0.7202832695033051
0.7207440556643556
0.708899698712675
0.6824010161529083
0.6521983520567859
0.6190534616491588
0.5880542936682629
0.5594968185668217
0.5332230271063928
0.5141175535713173
0.4993592834193576
0.4882335720266555
0.4839189404417182
0.4791806307561786
0.4763093935585566
0.4774697917918871
0.4782396486361536
0.4797601675497781
0.4833393381326637
0.4863564617246534
0.4897338712477564
0.4942980805615858
0.499001403875009
0.5048405424331244
0.5119107195839728
0.5181185762425574
0.524615998774062
0.531539385407404
0.5385229377739391
0.5458523137637562
0.553326345456205
0.5600125968271508
0.5654394464084846
0.5706496085284601
0.575055108123241
0.5734909215523833
0.5684728919190349
0.5665449480238516
0.5575879997133718
0.5442875742925525
0.5306483191993612
0.4965966545811273
0.439771696333812
0.3591308992658065
0.2749114952105954
0.2029373779041542
0.1742883399913167
0.1842027417904737
0.2122899813921239
0.2678727294922397
0.3788602848144753
0.5291870213287688
0.8089764857955453
1.325600275832587
2.334494291003196
3.395888592338396
0.0
0.611845379726231
0.6450801200862628
0.6772472879536725
0.7075855848097758
0.7202832695033051
0.7207440556643556
0.708899698712675
0.6824010161529083
0.6521983520567859
0.6190534616491588
0.5880542936682629
0.5594968185668217
0.5332230271063928
0.5141175535713173
0.4993592834193576
0.4882335720266555
0.4839189404417182
0.4791806307561786
0.4763093935585566
0.4774697917918871
0.4782396486361536
0.4797601675497781
0.4833393381326637
0.4863564617246534
0.4897338712477564
0.4942980805615858
0.499001403875009
0.5048405424331244
0.5119107195839728
0.5181185762425574
0.524615998774062
0.531539385407404
0.5385229377739391
0.5458523137637562
0.553326345456205
0.5600125968271508
0.5654394464084846
0.5706496085284601
0.575055108123241
0.5734909215523833
0.5684728919190349
0.5665449480238516
0.5575879997133718
0.5442875742925525
0.5306483191993612
0.4965966545811273
0.439771696333812
0.3591308992658065
0.2749114952105954
0.2029373779041542
0.1742883399913167
0.1842027417904737
0.2122899813921239
0.2678727294922397
0.3788602848144753
0.5291870213287688
0.8089764857955453
1.325600275832587
2.334494291003196
3.395888592338396
0.0
1.0
1.0
1.0
1.0
1.0
1.0
1.0
1.0
1.0
1.0
1.0
1.0
1.0
1.0
1.0
1.0
1.0
1.0
1.0
1.0
1.0
1.0
1.0
1.0
1.0
1.0
1.0
1.0
1.0
1.0
1.0
1.0
1.0
1.0
1.0
1.0
1.0
1.0
1.0
1.0
1.0
1.0
1.0
1.0
1.0
1.0
1.0
1.0
1.0
0.0
0.0
0.0
0.0
0.0
0.0
0.0
0.0
0.0
0.0
0.0
0.0
1.0
1.0
1.0
1.0
1.0
1.0
1.0
1.0
1.0
1.0
1.0
1.0
1.0
1.0
1.0
1.0
1.0
1.0
1.0
1.0
1.0
1.0
1.0
1.0
1.0
1.0
1.0
1.0
1.0
1.0
1.0
1.0
1.0
1.0
1.0
1.0
1.0
1.0
1.0
1.0
1.0
1.0
1.0
1.0
1.0
1.0
1.0
1.0
1.0
0.0
0.0
0.0
0.0
0.0
0.0
0.0
0.0
0.0
0.0
0.0
0.0
1.0
1.0
1.0
1.0
1.0
1.0
1.0
1.0
1.0
1.0
1.0
1.0
1.0
1.0
1.0
1.0
0.8605561031037754
0.8605561031037754
0.8605561031037754
0.8605561031037754
0.8605561031037754
0.8605561031037754
0.8605561031037754
0.8605561031037754
0.8605561031037754
0.8605561031037754
0.8605561031037754
0.8605561031037754
0.8605561031037754
0.8605561031037754
0.8605561031037754
0.8605561031037754
0.8605561031037754
0.8605561031037754
0.8605561031037754
0.8605561031037754
0.8605561031037754
0.8605561031037754
0.8605561031037754
0.8605561031037754
0.8605561031037754
0.8605561031037754
0.8605561031037754
0.8605561031037754
0.8605561031037754
1.0
1.0
1.0
1.0
1.0
1.0
1.0
1.0
1.0
1.0
1.0
1.0
1.0
1.0
1.0
1.0
1.0
1.0
1.0
1.0
1.0
1.0
1.0
1.0
1.0
1.0
1.0
1.0
1.0
0.008661395713600523
0.008610594837795926
0.008483411015355711
0.008281180218055762
0.007850657497587782
0.00730353127774958
0.006675911415284726
0.005979496364054832
0.005328440032893297
0.004726878445068651
0.004204925154195149
0.0037524679629287556
0.003359558346469579
0.003046354755259382
0.0027836906955290694
0.0025603192519725545
0.0023863110802531486
0.00221989173685627
0.0020686219495786333
0.0019422182579870366
0.0018199862910734472
0.0017066094714446563
0.001605744449153939
0.0015073189939144663
0.0014145224804245275
0.0013286821259216278
0.0012444261235959812
0.0011651037103521838
0.0010911742784835562
0.0010181387561649748
0.0009487375101077265
0.0008828047502675496
0.0008175237793369549
0.0007546225306581601
0.0006938506184002584
0.0006340526346213234
0.000575030509280543
0.0005173821813968312
0.0004618337874668533
0.00040483325933809674
0.00034944452599420286
0.0002984801907249644
0.0002455127168359117
0.00019637628599540377
0.00015444848874453427
0.00011351833492877756
7.775911524538586e-05
4.7182098348567723e-05
2.4759051203666417e-05
1.1289230066818332e-05
5.698629479028025e-06
4.2665005131629134e-06
3.7575503198055073e-06
4.316098577333097e-06
4.956023907951753e-06
5.7259574591462596e-06
6.6529666529339845e-06
7.915937322436994e-06
8.619965359539909e-06
1.7535436847283137e-07
0.008661395713600523
0.008610594837795926
0.008483411015355711
0.008281180218055762
0.007850657497587782
0.00730353127774958
0.006675911415284726
0.005979496364054832
0.005328440032893297
0.004726878445068651
0.004204925154195149
0.0037524679629287556
0.003359558346469579
0.003046354755259382
0.0027836906955290694
0.0025603192519725545
0.0023863110802531486
0.00221989173685627
0.0020686219495786333
0.0019422182579870366
0.0018199862910734472
0.0017066094714446563
0.001605744449153939
0.0015073189939144663
0.0014145224804245275
0.0013286821259216278
0.0012444261235959812
0.0011651037103521838
0.0010911742784835562
0.0010181387561649748
0.0009487375101077265
0.0008828047502675496
0.0008175237793369549
0.0007546225306581601
0.0006938506184002584
0.0006340526346213234
0.000575030509280543
0.0005173821813968312
0.0004618337874668533
0.00040483325933809674
0.00034944452599420286
0.0002984801907249644
0.0002455127168359117
0.00019637628599540377
0.00015444848874453427
0.00011351833492877756
7.775911524538586e-05
4.7182098348567723e-05
2.4759051203666417e-05
1.1289230066818332e-05
5.698629479028025e-06
4.2665005131629134e-06
3.7575503198055073e-06
4.316098577333097e-06
4.956023907951753e-06
5.7259574591462596e-06
6.6529666529339845e-06
7.915937322436994e-06
8.619965359539909e-06
1.7535436847283137e-07
0.0004
0.0004
0.0004
0.0004
0.0004
0.0004
0.0004
0.0004
0.0004
0.0004
0.0004
0.0004
0.0004
0.0004
0.0004
0.0004
0.0004
0.0004
0.0004
0.0004
0.0004
0.0004
0.0004
0.0004
0.0004
0.0004
0.0004
0.0004
0.0004
0.0004
0.0004
0.0004
0.0004
0.0004
0.0004
0.0004
0.0004
0.0004
0.0004
0.0004
0.0004
0.0004
0.0004
0.0004
0.0004
0.0004
0.0004
0.0004
0.0004
0.0004
0.0004
0.0004
0.0004
0.0004
0.0004
0.0004
0.0004
0.0004
0.0004
0.0004
0.0004
0.0004
0.0004
0.0004
0.0004
0.0004
0.0004
0.0004
0.0004
0.0004
0.0004
0.0004
0.0004
0.0004
0.0004
0.0004
0.0004
0.0004
0.0004
0.0004
0.0004
0.0004
0.0004
0.0004
0.0004
0.0004
0.0004
0.0004
0.0004
0.0004
0.0004
0.0004
0.0004
0.0004
0.0004
0.0004
0.0004
0.0004
0.0004
0.0004
0.0004
0.0004
0.0004
0.0004
0.0004
0.0004
0.0004
0.0004
0.0004
0.0004
0.0004
0.0004
0.0004
0.0004
0.0004
0.0004
0.0004
0.0004
0.0004
0.0004
1.3065442837795994e-08
1.609813246251006e-08
1.8451320475760573e-08
2.016080036876345e-08
2.1358414023579076e-08
2.2454492528502163e-08
2.346184864599769e-08
2.435074770331274e-08
2.5168293008394306e-08
2.59248194795521e-08
2.6578860853539352e-08
2.717492227184444e-08
2.7727500794852817e-08
2.821868937946919e-08
2.867559255048391e-08
2.9106915692640655e-08
2.950022653046024e-08
2.9893537368279825e-08
3.0281774756529767e-08
3.065711262938458e-08
3.1032450502239386e-08
3.142093683129147e-08
3.1836199651687564e-08
3.225146247208365e-08
3.2701440677579656e-08
3.320893932168535e-08
3.3716437965791035e-08
3.428270566534462e-08
3.492899931274215e-08
3.557529296013967e-08
3.6371436914800125e-08
3.733624217274159e-08
3.8301047430683085e-08
3.959226158737696e-08
4.118778732859431e-08
4.278331306981166e-08
4.513146211348355e-08
4.806009189575067e-08
5.0988721678017794e-08
5.632170630050282e-08
6.318151527324084e-08
7.004132424597885e-08
8.255287402060394e-08
9.799336545699721e-08
1.1343385689339041e-07
1.3646888186188418e-07
1.6453988297575865e-07
1.9889493840858378e-07
2.3731543525971197e-07
2.78963375570315e-07
3.2556784487230723e-07
3.9737569592667986e-07
5.064205645747201e-07
6.801946019508522e-07
1.1053081705738778e-06
1.6111307341008319e-06
2.5512822486276946e-06
4.137854497676283e-06
6.1841356611202155e-06
2.780474791942962e-06
1.3065442837795994e-08
1.609813246251006e-08
1.8451320475760573e-08
2.016080036876345e-08
2.1358414023579076e-08
2.2454492528502163e-08
2.346184864599769e-08
2.435074770331274e-08
2.5168293008394306e-08
2.59248194795521e-08
2.6578860853539352e-08
2.717492227184444e-08
2.7727500794852817e-08
2.821868937946919e-08
2.867559255048391e-08
2.9106915692640655e-08
2.950022653046024e-08
2.9893537368279825e-08
3.0281774756529767e-08
3.065711262938458e-08
3.1032450502239386e-08
3.142093683129147e-08
3.1836199651687564e-08
3.225146247208365e-08
3.2701440677579656e-08
3.320893932168535e-08
3.3716437965791035e-08
3.428270566534462e-08
3.492899931274215e-08
3.557529296013967e-08
3.6371436914800125e-08
3.733624217274159e-08
3.8301047430683085e-08
3.959226158737696e-08
4.118778732859431e-08
4.278331306981166e-08
4.513146211348355e-08
4.806009189575067e-08
5.0988721678017794e-08
5.632170630050282e-08
6.318151527324084e-08
7.004132424597885e-08
8.255287402060394e-08
9.799336545699721e-08
1.1343385689339041e-07
1.3646888186188418e-07
1.6453988297575865e-07
1.9889493840858378e-07
2.3731543525971197e-07
2.78963375570315e-07
3.2556784487230723e-07
3.9737569592667986e-07
5.064205645747201e-07
6.801946019508522e-07
1.1053081705738778e-06
1.6111307341008319e-06
2.5512822486276946e-06
4.137854497676283e-06
6.1841356611202155e-06
2.780474791942962e-06
0.0
0.0
0.0
0.0
0.0
0.0
0.0
0.0
0.0
0.0
0.0
0.0
0.0
0.0
0.0
0.0
0.0
0.0
0.0
0.0
0.0
0.0
0.0
0.0
0.0
0.0
0.0
0.0
0.0
0.0
0.0
0.0
0.0
0.0
0.0
0.0
0.0
0.0
0.0
0.0
0.0
0.0
0.0
0.0
0.0
0.0
0.0
0.0
0.0
0.0
0.0
0.0
0.0
0.0
0.0
0.0
0.0
0.0
0.0
0.0
0.0
0.0
0.0
0.0
0.0
0.0
0.0
0.0
0.0
0.0
0.0
0.0
0.0
0.0
0.0
0.0
0.0
0.0
0.0
0.0
0.0
0.0
0.0
0.0
0.0
0.0
0.0
0.0
0.0
0.0
0.0
0.0
0.0
0.0
0.0
0.0
0.0
0.0
0.0
0.0
0.0
0.0
0.0
0.0
0.0
0.0
0.0
0.0
0.0
0.0
0.0
0.0
0.0
0.0
0.0
0.0
0.0
0.0
0.0
0.0
0.0
0.0
0.0
0.0
0.0
0.0
0.0
0.0
0.0
0.0
0.0
0.0
0.0
0.0
0.0
0.0
0.0
0.0
0.0
0.0
0.0
0.0
0.0
0.0
0.0
0.0
0.0
0.0
0.0
0.0
0.0
0.0
0.0
0.0
0.0
0.0
0.0
0.0
0.0
0.0
0.0
0.0
0.0
0.0
0.0
0.0
0.0
0.0
0.0
0.0
0.0
0.0
0.0
0.0
0.0
0.0
0.0
0.0
0.0
0.0
0.0
0.0
0.0
0.0
0.0
0.0
0.0
0.0
0.0
0.0
0.0
0.0
0.0
0.0
0.0
0.0
0.0
0.0
0.0
0.0
0.0
0.0
0.0
0.0
0.0
0.0
0.0
0.0
0.0
0.0
0.0
0.0
0.0
0.0
0.0
0.0
0.0
0.0
0.0
0.0
0.0
0.0
0.0
0.0
0.0
0.0
0.0
0.0
0.0
0.0
0.0
0.0
0.0
0.0
0.0
0.0
0.0
0.0
0.0
0.0
0.0
0.0
0.0
0.0
0.0
0.0
0.0
0.0
0.0
0.0
0.0
0.0
0.0
0.0
0.0
0.0
0.0
0.0
0.0
0.0
0.0
0.0
0.0
0.0
0.0
0.0
0.0
0.0
0.0
0.0
0.0
0.0
0.0
0.0
0.0
0.0
0.0
0.0
0.0
0.0
0.0
0.0
0.0
0.0
0.0
0.0
0.0
0.0
0.0
0.0
0.0
0.0
0.0
0.0
0.0
0.0
0.0
0.0
0.0
0.0
0.0
0.0
0.0
0.0
0.0
0.0
0.0
0.0
0.0
0.0
0.0
0.0
0.0
0.0
0.0
0.0
0.0
0.0
0.0
0.0
0.0
0.0
0.0
0.0
0.0
0.0
0.0
0.0
0.0
0.0
0.0
0.0
0.0
0.0
0.0
0.0
0.0
0.0
0.0
0.0
0.0
0.0
0.0
0.0
0.0
0.0
0.0
0.0
0.0
0.0
0.0
0.0
0.0
0.0
0.0
0.0
0.0
0.0
0.0
0.0
0.0
0.0
0.0
0.0
0.0
0.0
0.0
0.0
0.0
0.0
0.0
0.0
0.0
0.0
0.0
0.0
0.0
0.0
0.0
0.0
0.0
0.0
0.0
0.0
0.0
0.0
0.0
0.0
0.0
0.0
0.0
0.0
0.0
0.0
0.0
0.0
0.0
0.0
0.0
0.0
0.0
0.0
0.0
0.0
0.0
0.0
0.0
0.0
0.0
0.0
0.0
0.0
0.0
0.0
0.0
0.0
0.0
0.0
0.0
0.0
0.0
0.0
0.0
0.0
0.0
0.0
0.0
0.0
0.0
0.0
0.0
0.0
0.0
0.0
0.0
0.0
0.0
0.0
0.0
0.0
0.0
0.0
0.0
0.0
0.0
0.0
0.0
0.0
0.0
0.0
0.0
0.0
0.0
0.0
0.0
0.0
0.0
0.0
0.0
0.0
0.0
0.0
0.0
0.0
0.0
0.0
0.0
0.0
0.0
0.0
0.0
0.0
0.0
0.0
0.0
0.0
0.0
0.0
0.0
0.0
0.0
0.0
0.0
0.0
0.0
0.0
0.0
0.0
0.0
0.0
0.0
0.0
0.0
0.0
0.0
0.0
0.0
0.0
0.0
0.0
0.0
0.0
0.0
0.0
0.0
0.0
0.0
0.0
0.0
0.0
0.0
0.0
0.0
0.0
0.0
0.0
0.0
0.0
0.0
0.0
0.0
0.0
0.0
0.0
0.0
0.0
0.0
0.0
0.0
0.0
0.0
0.0
0.0
0.0
0.0
0.0
0.0
0.0
0.0
0.0
0.0
0.0
0.0
0.0
0.0
0.0
0.0
0.0
0.0
0.0
0.0
0.0
0.0
0.0
0.0
0.0
0.0
0.0
0.0
0.0
0.0
0.0
0.0
0.0
0.0
0.0
0.0
0.0
0.0
0.0
0.0
0.0
0.0
0.0
0.0
0.0
0.0
0.0
0.0
0.0
0.0
0.0
0.0
0.0
0.0
0.0
0.0
0.0
0.0
0.0
0.0
0.0
0.0
0.0
0.0
0.0
0.0
0.0
0.0
0.0
2.0
2.0
2.0
2.0
1.0
1.0
288.0
288.0
62.99790426591909
60.967879109218075
0.0
0.0
0.0
0.0
48.0
48.0
5.783625987995279
5.783625987995279
1.0
1.0
2.0
2.0
3.0
3.0
4.0
4.0
5.0
5.0
6.0
6.0
7.0
7.0
8.0
8.0
9.0
9.0
10.0
10.0
11.0
11.0
12.0
12.0
13.0
13.0
14.0
14.0
15.0
15.0
16.0
16.0
17.0
17.0
18.0
18.0
19.0
19.0
20.0
20.0
21.0
21.0
22.0
22.0
23.0
23.0
24.0
24.0
25.0
25.0
26.0
26.0
27.0
27.0
28.0
28.0
29.0
29.0
30.0
30.0
31.0
31.0
32.0
32.0
33.0
33.0
34.0
34.0
35.0
35.0
36.0
36.0
37.0
37.0
38.0
38.0
39.0
39.0
40.0
40.0
41.0
41.0
42.0
42.0
43.0
43.0
44.0
44.0
45.0
45.0
46.0
46.0
47.0
47.0
48.0
48.0
49.0
49.0
50.0
50.0
51.0
51.0
52.0
52.0
53.0
53.0
54.0
54.0
55.0
55.0
56.0
56.0
57.0
57.0
58.0
58.0
59.0
59.0
60.0
60.0
0.0
0.0
0.0
0.0
0.0
0.0
0.0
0.0
0.0
0.0
0.0
0.0
0.0
0.0
0.0
0.0
0.0
0.0
0.0
0.0
0.0
0.0
0.0
0.0
0.0
0.0
0.0
0.0
0.0
0.0
0.0
0.0
0.0
0.0
0.0
0.0
0.0
0.0
0.0
0.0
0.0
0.0
0.0
0.0
0.0
0.0
0.0
0.0
0.0
0.0
0.0
0.0
0.0
0.0
0.0
0.0
0.0
0.0
0.0
0.0
0.0
0.0
0.0
0.0
0.0
0.0
0.0
0.0
0.6
0.0
0.0
0.0
0.0
0.0
0.0
0.0
0.0
0.0
0.0
0.0
0.0
0.0
0.0
0.0
0.0
0.0
0.0
0.0
0.0
0.0
0.0
0.0
0.0
0.0
0.0
0.0
0.0
0.0
0.0
0.0
0.0
0.0
0.0
0.0
0.0
0.0
0.0
0.0
0.0
0.0
0.0
0.0
0.0
0.0
0.0
0.0
0.0
0.0
0.0
0.0
0.0
0.0
0.0
0.0
0.0
0.0
0.0
0.0
0.0
0.0
0.0
0.0
0.0
0.0
0.0
0.0
0.0
0.0
0.0
0.0
0.0
0.0
0.0
0.0
0.0
0.0
0.0
0.0
0.0
0.0
0.0
0.0
0.0
0.0
0.0
0.0
0.0
0.0
0.0
0.0
0.0
0.0
0.0
0.0
0.0
0.0
0.0
0.0
0.0
0.0
0.0
0.0
0.0
0.0
0.0
0.0
0.0
0.0
0.0
0.0
0.0
0.0
0.0
0.0
0.0
0.0
0.0
0.0
2.5
0.0
0.0
0.0
0.0
0.0
0.0
0.0
0.0
0.0
0.0
0.0
0.0
0.0
0.0
0.0
0.0
0.0
0.0
0.0
0.0
0.0
0.0
0.0
0.0
0.0
0.0
0.0
0.0
0.0
0.0
0.0
0.0
0.0
0.0
0.0
0.0
0.0
0.0
0.0
0.0
0.0
0.0
0.0
0.0
0.0
0.0
0.0
0.0
0.0
0.0
0.0
0.0
0.0
0.0
0.0
0.0
0.0
0.0
0.0
0.0
0.0
0.0
0.0
0.0
0.0
0.0
0.0
0.0
0.0
0.0
0.0
0.0
0.0
0.0
0.0
0.0
0.0
0.0
0.0
0.0
0.0
0.0
0.0
0.0
0.0
0.0
0.0
0.0
0.0
0.0
0.0
0.0
0.0
0.0
0.0
0.0
0.0
0.0
0.0
0.0
0.0
0.0
0.0
0.0
0.0
0.0
0.0
0.0
0.0
0.0
0.0
0.0
0.0
0.0
0.0
0.0
0.0
0.0
0.0
0.99
0.0
0.0
0.0
0.0
0.0
0.0
0.0
0.0
0.0
0.0
0.0
0.0
0.0
0.0
0.0
0.0
0.0
0.0
0.0
0.0
0.0
0.0
0.0
0.0
0.0
0.0
0.0
0.0
0.0
0.0
0.0
0.0
0.0
0.0
0.0
0.0
0.0
0.0
0.0
0.0
0.0
0.0
0.0
0.0
0.0
0.0
0.0
0.0
0.0
0.0
0.0
45.0
