9.81
6.022e+23
0
0
0
3
0
1
295.0
2
2
0
0
1
1
0
1
60
7
1000.0
1.0


3
3
0
72.38857731909356
0
9.8
150.0
1000.0
287.04
9.81
79000.0
40.0
20000.0
0.0
0.0
0.0
0.0
0.0280134
0.04401
0.0319988
0.039948
0.01604
0.01801528
0.048
99000.0
2.1153802199668344e+29
0.8
1e-06
1000000.0
0.6
3.0
0.0001
300
44
1.791407248627753
0
1
6
1.0
1
0
1
1
0.1
1000000000000.0
1
294.0
292.5586372750169
291.09932557829734
289.6476653604476
288.19639360585177
286.71359814813053
285.1939591440144
283.64731542178765
282.0758179834171
280.4782880660344
278.8605669688538
277.22028626876636
275.56024402765246
273.8768755940259
272.16722159332477
270.43167059745946
268.6657360806775
266.8719638641299
265.0470854238623
263.1847813327383
261.2847691219426
259.3468279956164
257.371214885624
255.35678360932863
253.30152305066284
251.1983550706248
248.70067165264794
246.79570287372917
244.57537437253478
242.292386198175
239.95063151888596
237.5575771206018
235.1102311627135
232.59897761626434
230.016829507708
227.3624835152243
224.62629041087794
221.8022690038296
218.8851476977134
215.86933612156645
212.74228856920334
209.4953189999327
206.11611207512203
202.58697480858766
198.89211553190998
195.70770909530447
193.48861000284683
191.74557455089706
190.43303206119455
189.56745385466138
189.22424249448815
189.56546703009428
190.83483689337265
193.2825119546951
198.0049393663461
203.89512911276185
212.79154204394652
222.76478658688683
235.37568046364356
242.85177040221768
991.675
975.0250000000001
958.375
941.7249999999999
925.075
908.425
891.7750000000001
875.125
858.4749999999999
841.825
825.175
808.5250000000001
791.875
775.225
758.575
741.925
725.2750000000001
708.625
691.975
675.325
658.675
642.0250000000001
625.375
608.725
592.075
575.425
558.7750000000001
542.125
525.4750000000001
508.82500000000005
492.17500000000007
475.52500000000003
458.87500000000006
442.2250000000001
425.57500000000005
408.925
392.27500000000003
375.62500000000006
358.9750000000001
342.32500000000005
325.675
309.02500000000003
292.37500000000006
275.7250000000001
259.0750000000001
242.42500000000007
225.77500000000003
209.12500000000006
192.47500000000008
175.8250000000001
159.17500000000007
142.52500000000003
125.87500000000006
109.22500000000008
92.5750000000001
75.92500000000013
59.27500000000009
42.62500000000006
25.97500000000008
9.325000000000045
73.08947279417303
220.16730187408024
369.0766586822001
519.8849819926666
672.6529194916257
827.4344678298356
984.2879622101198
1143.2784510263727
1304.4750755211708
1467.9525050724615
1633.7909887390824
1802.07593367527
1972.897935175709
2146.351420803863
2322.5362844531937
2501.5578459173466
2683.528133619863
2868.5668961109436
3056.799205199985
3248.3571187912803
3443.382655500389
3642.029051841917
3844.4615989917334
4050.8580629062576
4261.407608345324
4476.161988052487
4695.469916401532
4919.736029289588
5149.1035122348185
5383.852933950732
5624.299615564095
5870.7948737369925
6123.722134666404
6383.499718937279
6650.591316501777
6925.511787466334
7208.833153868039
7501.197899597928
7803.332712544727
8116.059811201367
8440.314890126305
8777.172393641053
9127.87035377635
9493.848337113319
9877.48210126613
10282.842008487749
10714.880903461797
11179.14810299525
11682.671797044328
12234.731823233342
12848.10964341485
13541.16939189372
14341.269206587735
15293.091633766668
16468.066518308202
17996.553141895565
20143.96262146488
23624.243182087528
32175.262124710385
56560.69457252452
3.521179111399233e+23
3.521179111399233e+23
3.521179111399257e+23
3.521179111399233e+23
3.521179111399233e+23
3.521179111399233e+23
3.521179111399233e+23
3.521179111399257e+23
3.521179111399233e+23
3.521179111399233e+23
3.521179111399233e+23
3.521179111399233e+23
3.521179111399257e+23
3.5211791113992086e+23
3.521179111399257e+23
3.521179111399233e+23
3.521179111399233e+23
3.521179111399257e+23
3.5211791113992086e+23
3.521179111399257e+23
3.521179111399233e+23
3.521179111399233e+23
3.521179111399257e+23
3.5211791113992086e+23
3.521179111399257e+23
3.521179111399233e+23
3.521179111399233e+23
3.521179111399233e+23
3.521179111399233e+23
3.521179111399244e+23
3.521179111399244e+23
3.521179111399233e+23
3.521179111399233e+23
3.521179111399233e+23
3.521179111399257e+23
3.521179111399233e+23
3.521179111399233e+23
3.521179111399233e+23
3.521179111399233e+23
3.521179111399257e+23
3.521179111399233e+23
3.521179111399233e+23
3.521179111399233e+23
3.521179111399233e+23
3.521179111399233e+23
3.521179111399257e+23
3.521179111399233e+23
3.521179111399233e+23
3.521179111399233e+23
3.521179111399233e+23
3.521179111399257e+23
3.521179111399233e+23
3.521179111399233e+23
3.521179111399233e+23
3.521179111399233e+23
3.521179111399233e+23
3.521179111399257e+23
3.521179111399233e+23
3.521179111399233e+23
3.521179111399257e+23
-5.398025955313377
-4.629750872604686
-4.2657670375803916
-4.053243646782258
-3.8623810989123086
-3.720592227437541
-3.647643763138942
-3.599928606156911
-3.56567302668615
-3.5467380863114357
-3.515535661791481
-3.47844030156011
-3.4201098032725983
-3.351529892133053
-3.2809438820213903
-3.202438856895262
-3.1301192085975034
-3.048503364447473
-2.9660954453442887
-2.9038126891594094
-2.857037191548975
-2.8204379783892337
-2.786202807000595
-2.7518512271432574
-2.718039249576791
-2.7121105426846475
-4.323275329416814
-2.9436983584569734
-2.829362802188692
-2.7563150861999053
-2.6954851360584007
-2.6014599846473607
-2.4710605887323744
-2.327252513705
-2.1801990247670777
-2.014325163186917
-1.846262188683736
-1.6752169659172331
-1.4930634113387193
-1.2896124862482317
-1.0789675746278453
-0.8534273031844442
-0.613706745559714
-0.3748241207114326
-0.10612188893900132
0.06909404455385781
0.10031468683229355
0.12804502566293857
0.15579749285978067
0.18601424687956492
0.2192609096604561
0.2497205167603645
0.2638198713946983
0.23986729588971423
0.1680257949758603
0.10195294385065565
0.05227815460301778
0.02505850411958098
0.014282284059949718
0.011541914751787303
-4.013702343835064
-3.2684738149368116
-2.9275288240882276
-2.7380776197396415
-2.5702580193180324
-2.4515156129957916
-2.4016146096209923
-2.3769473998525257
-2.365739993865276
-2.369853041499425
-2.361698575042567
-2.347651184346546
-2.3123683282762784
-2.2668359322598235
-2.2192974712625926
-2.163839257025103
-2.1145665335245667
-2.055997477486102
-1.9966353280848352
-1.957397728715165
-1.9336671614454986
-1.9201117885161239
-1.9089194907501792
-1.8976097355960349
-1.8868372902188923
-1.9039537844221854
-3.5380338729781045
-2.1815950998349933
-2.090287249512926
-2.0402575514387706
-2.002437955765828
-1.9314168811051786
-1.8240069508518104
-1.703170543076311
-1.5790758627917967
-1.4361455561830496
-1.2912103255828242
-1.1429583537347128
-0.9836892448107051
-0.8031325700708862
-0.6153405112364112
-0.41263944269968533
-0.19578953990446735
0.02028566191995651
0.266766435453178
0.41628670327253303
0.42412000500110025
0.4287396583129066
0.4333033538785571
0.44027994172898843
0.4498706902931531
0.4565721233442446
0.44659347278815176
0.3987883983908205
0.30464623192978024
0.2166126426402002
0.14511715435696715
0.09534844613096993
0.06106284410554963
0.035767960869407034
-1.3843105502000044
-1.3612617795391742
-1.3382130088783442
-1.315164238217514
-1.292115467556684
-1.269066696895854
-1.2460179262350237
-1.222969155574194
-1.1999203849133635
-1.1768716142525335
-1.1538228435917037
-1.1307740729308735
-1.1077253022700435
-1.0846765316092133
-1.0616277609483835
-1.0385789902875533
-1.015530219626723
-0.9924814489658932
-0.9694326783050629
-0.9463839076442331
-0.9233351369834029
-0.9002863663225729
-0.8772375956617428
-0.8541888250009126
-0.8311400543400826
-0.8080912836792524
-0.7850425130184225
-0.7619937423575923
-0.7389449716967623
-0.7158962010359323
-0.6928474303751023
-0.6697986597142721
-0.6467498890534421
-0.623701118392612
-0.6006523477317819
-0.5776035770709519
-0.5545548064101218
-0.5315060357492917
-0.5084572650884617
-0.4854084944276316
-0.46235972376680146
-0.4393109531059714
-0.41626218244514135
-0.3932134117843113
-0.37016464112348124
-0.34711587046265124
-0.3240670998018211
-0.30101832914099097
-0.27796955848016097
-0.2549207878193309
-0.2318720171585009
-0.20882324649767064
-0.18577447583684062
-0.1627257051760106
-0.13967693451518054
-0.11662816385435051
-0.09357939319352047
-0.07053062253269028
-0.04748185187186024
-0.0244330812110302
-16.649999999999977
-16.649999999999977
-16.65000000000009
-16.649999999999977
-16.649999999999977
-16.649999999999977
-16.649999999999977
-16.65000000000009
-16.649999999999977
-16.649999999999977
-16.649999999999977
-16.649999999999977
-16.65000000000009
-16.649999999999864
-16.65000000000009
-16.649999999999977
-16.649999999999977
-16.65000000000009
-16.649999999999864
-16.65000000000009
-16.649999999999977
-16.649999999999977
-16.65000000000009
-16.649999999999864
-16.65000000000009
-16.649999999999977
-16.649999999999977
-16.649999999999977
-16.649999999999977
-16.650000000000034
-16.650000000000034
-16.649999999999977
-16.649999999999977
-16.649999999999977
-16.65000000000009
-16.649999999999977
-16.649999999999977
-16.649999999999977
-16.649999999999977
-16.65000000000009
-16.649999999999977
-16.649999999999977
-16.649999999999977
-16.649999999999977
-16.649999999999977
-16.65000000000009
-16.649999999999977
-16.649999999999977
-16.649999999999977
-16.649999999999977
-16.65000000000009
-16.649999999999977
-16.649999999999977
-16.649999999999977
-16.649999999999977
-16.649999999999977
-16.65000000000009
-16.649999999999977
-16.649999999999977
-16.65000000000009
295.0
293.5674463332342
292.1172745500338
290.648822939795
289.16143141314865
287.6545713648154
286.1277130657197
284.58024287496187
283.01149948492116
281.4207890348638
279.80734186571584
278.170354754998
276.50895694496654
274.8222435255894
273.1092686266547
271.3690201980625
269.6004460219573
267.8024025590932
265.9736862771321
264.113049300948
262.21915117074275
260.29054878144944
258.3256818024488
256.32287085731303
254.28031110972412
252.19609976670733
250.07112526746374
247.89766437106604
245.68550515655426
243.43384122959515
241.12146222129593
238.7540485444807
236.3338368574751
233.85452188303765
231.30780240120828
228.68953364140538
225.99426308988
223.21413730212794
220.34351871330992
217.37701769919704
214.30555058869595
211.11849897503356
207.80537095686012
204.35115631747357
200.73911779267092
197.29138036948575
194.57782901827676
192.5897288838461
191.05529979627804
189.95931621615836
189.34739435059333
189.33890690772546
190.1390607551564
191.99898719366755
195.59555213800522
200.91820667893066
208.3251336579199
217.76899165306168
229.06562046498254
239.11073217592275
246.58736195155075
1000.0
983.35
966.7
950.05
933.4
916.75
900.1
883.45
866.8
850.15
833.5
816.85
800.2
783.55
766.9000000000001
750.25
733.6
716.95
700.3
683.6500000000001
667.0
650.35
633.7
617.05
600.4000000000001
583.75
567.1
550.45
533.8000000000001
517.1500000000001
500.50000000000006
483.85
467.20000000000005
450.55000000000007
433.9000000000001
417.25
400.6
383.95000000000005
367.30000000000007
350.6500000000001
334.0
317.35
300.70000000000005
284.05000000000007
267.4000000000001
250.7500000000001
234.10000000000002
217.45000000000005
200.80000000000007
184.1500000000001
167.5000000000001
150.85000000000002
134.20000000000005
117.55000000000007
100.90000000000009
84.25000000000011
67.60000000000014
50.950000000000045
34.30000000000007
17.65000000000009
1.0
0.0
146.17894558834607
294.1556581598144
443.99765920458583
595.7723047807474
749.5335342025039
905.3354014571673
1063.2405229630722
1223.3163790896733
1385.6337719526682
1550.271238192255
1717.3107392859097
1886.8411280646305
2058.9547422867877
2233.748099320939
2411.324469585448
2591.791222249245
2775.265044990481
2961.8687472314064
3151.7296631685635
3344.9845744139966
3541.7807365867816
3742.277367097052
3946.645830886415
4155.0702949261
4367.744921764548
4584.579054340425
4806.360778462639
5033.111280116536
5265.0957443531
5502.610123548365
5745.989107579825
5995.60063989416
6251.843629438647
6515.155808435911
6786.026824567643
7064.996750365024
7352.669557371053
7649.726241824804
7956.93918326465
8275.180439138085
8605.449341114525
8948.895446167582
9306.84526138512
9680.851412841519
10074.112789690742
10491.571227284756
10938.190579638838
11420.105626351662
11945.237967736994
12524.225678729688
13171.99360810001
13910.345175687427
14772.193237488043
15813.99003004529
17122.143006571117
18870.963277220013
21416.961965709746
25831.524398465313
38518.99985095546
51206.47530344569
451.1422597216394
447.93939713843986
443.9786690307434
439.76634949620194
435.466651034237
431.1720285427226
426.8683484817688
422.58132569083136
418.35000685854715
414.20972948270537
410.16439583531246
406.2330083078202
402.40971364731297
398.69802835176006
395.09301493559883
391.58651345037873
388.17177361810144
384.8340346607916
381.5907907621954
378.43935841216074
375.3689537409501
372.3838715263604
369.4910152015526
366.6969081599488
364.0089346396685
361.4358532407122
358.98510380546463
365.58249539059574
363.409871060019
361.3062502831524
359.30607283327157
357.43095720591634
355.67473717869575
354.03130912659816
352.4922075174974
351.0530233130428
349.71640469843044
348.4728717461205
347.3179658682519
346.2568692862908
345.2779508906479
344.38804120097893
343.5874213020803
342.8750863485874
342.24757026054357
341.7237390268966
341.37836141876386
341.2228960974642
341.1928138307182
341.26756149787246
341.44006112038176
341.7131076551233
342.1014735701342
342.62804238754
343.34789036651273
344.2389114964277
345.2898075605324
346.3526907674533
347.3265459878935
348.4344860353268
350.07093948886677
429.430175842788
425.7297921991565
421.2611277013686
416.5316918297989
411.7063928788999
406.8778442137504
402.0330262892963
397.1983413379541
392.4130772749502
387.7129287398269
383.1021281766744
378.5999931222653
374.2010806952222
369.9092419696448
365.7198344362555
361.6249142289429
357.6178977158063
353.6841607589608
349.8411969733028
346.0863411466325
342.4088187442452
338.8128629586372
335.3052988721041
331.8925826810619
328.5819920946195
325.3821496983242
322.3003391461955
312.6405729530035
309.9543888646656
307.3038479893681
304.7350462563317
302.2758971519265
299.9240459484784
297.6757692781628
295.5241873831262
293.4658974280898
291.5041651390626
289.6301015358077
287.8396550406805
286.1382686474402
284.5145736360475
282.9755956179812
281.5217860550732
280.1523034763426
278.8638291690826
277.6753651747213
276.6618598819303
275.8349528386975
275.1303212399482
274.5276361856995
274.0200291059334
273.6105538993387
273.314447408817
273.1553806096314
273.1896973404973
273.4109196878159
273.8161727509115
274.3274787427201
274.9788475677206
276.1123993923119
277.1787814458475
21.7120838788514
22.20960493928335
22.7175413293748
23.23465766640303
23.76025815533703
24.29418432897223
24.83532219247252
25.38298435287724
25.93692958359695
26.49680074287844
27.06226765863805
27.63301518555493
28.20863295209077
28.78878638211524
29.37318049934336
29.96159922143587
30.55387590229516
31.14987390183079
31.74959378889263
32.35301726552827
32.96013499670489
33.57100856772322
34.18571632944851
34.80432547888688
35.42694254504897
36.05370354238803
36.68476465926918
52.94192243759219
53.45548219535338
54.00240229378432
54.57102657693985
55.15506005398986
55.75069123021735
56.35553984843535
56.96802013437117
57.58712588495296
58.21223955936782
58.84277021031282
59.4783108275714
60.11860063885061
60.76337725460039
61.41244558299772
62.06563524700711
62.72278287224482
63.383741091461
64.04837385217533
64.71650153683358
65.38794325876665
66.06249259076996
66.73992531217293
67.42003201444831
68.10255375578458
68.78702616131724
69.47266177790863
70.15819302601544
70.82799180861177
71.47363480962088
72.02521202473324
72.3476984201729
72.32208664301494
72.89215804301924
596.4929812208987
589.276416293864
582.0472143712307
574.907366012601
567.8695899308965
561.004709420064
554.2495137461144
547.5608763455562
540.9526101134193
534.4465927437122
528.0314060548197
521.7383199522851
515.5673741074313
509.5433204836021
503.67147113518104
497.94567217869826
492.3670930893959
486.9147875985614
481.6155462224792
476.4674785443597
471.43967614443386
466.5209267683989
461.7079586550748
457.0049321227207
452.41934886684453
447.9594301776693
443.60472695799956
446.6640846701526
442.30986523974076
438.1159572133614
434.07552221204173
430.1979686289207
426.5103317205949
423.0428967176454
419.8006245654684
416.782364498222
414.0096003274265
411.4748570495338
409.17699281793045
407.1322069911586
405.35015602544496
403.8449058245396
402.6316464829412
401.72352198954377
401.11629156341996
400.85922676522625
400.9301358603659
401.19879054406744
401.59744793563414
402.10549895666713
402.71827852090547
403.44119574594015
404.2861337842954
405.2592960744892
406.3779324518528
407.5735998136974
408.8411085204424
410.0491088817203
411.11831254829156
412.2873154398302
413.9595368542396
321.6564769547147
311.9567273388619
302.1400327794621
292.3343177360368
282.5782345577047
272.9871440219428
263.4960234586413
254.0636928763075
244.7273675628558
235.5235852914772
226.4525898122383
217.5578356772923
208.8378393601707
200.3164585994315
191.9926166329154
183.8549602777177
175.899283999075
168.0897182489242
160.4578032083343
152.9985864471729
145.6717500271171
138.4690115409027
131.3921271864628
124.4493860257871
117.6516135757984
111.0174007833249
104.5386070036345
88.71900971186516
82.32684049678625
76.15999860711904
70.24467083341143
64.5901333407552
59.2119402501003
54.12685671401706
49.32632359643899
44.80306491163613
40.58166283895786
36.64853576325931
32.99982870604802
29.65452855675162
26.61920591509754
23.90640847252454
21.52954021833401
19.50051299446992
17.82263313185969
16.54120713796844
15.62807240509143
14.9456278588759
14.41852321128884
14.01745358784333
13.73267701229027
13.56412846021334
13.5173796758253
13.58909506290146
13.7856982285461
13.97295466415689
14.09979249724506
13.70415478594654
11.89205571231342
6.793376585970178
0.0
274.836504266184
277.3196889550021
279.9071815917685
282.5730482765642
285.2913553731918
288.0175653981212
290.7534902874731
293.4971834692486
296.2252425505635
298.923007452235
301.5788162425814
304.1804842749928
306.7295347472606
309.2268618841706
311.6788545022656
314.0907119009806
316.4678090903209
318.8250693496372
321.1577430141449
323.4688920971868
325.7679261173168
328.0519152274962
330.315831468612
332.5555460969336
334.7677352910461
336.9420293943444
339.0661199543651
357.9450749582874
359.9830247429545
361.9559586062424
363.8308513786303
365.6078352881655
367.2983914704946
368.9160400036284
370.4743009690294
371.9792995865859
373.4279374884686
374.8263212862745
376.1771641118824
377.477678434407
378.7309501103474
379.938497352015
381.1021062646072
382.2230089950738
383.2936584315603
384.3180196272578
385.3020634552745
386.2531626851915
387.1789247243453
388.0880453688238
388.9856015086152
389.8770672857268
390.7687541084701
391.6702010115878
392.5922342233067
393.6006451495405
394.7413160231973
396.3449540957738
399.2262568359781
405.49393885386
413.9595368542396
145.35072149925918
141.33701915542412
138.0685453404873
135.14101651639908
132.40293889665944
129.8326808773414
127.38116526434561
124.97955065472462
122.6026032548721
120.23686326100682
117.86701021950739
115.50531164446483
113.15766046011828
110.845292131842
108.57845619958218
106.35915872831958
104.19531947129448
102.08075293776992
100.02475546028381
98.02812013219898
96.07072240348381
94.13705524203831
92.21694345352219
90.30802396277201
88.41041422717598
86.52357693695708
84.6196231525349
81.0815892795568
78.8999941797218
76.80970693020888
74.7694493787701
72.76701142300428
70.8355945418991
69.01158759104729
67.30841704797098
65.72934118517918
64.29319562899613
63.001985303413306
61.859026949678594
60.87533770486789
60.072205134797
59.45686462356059
59.044225180860906
58.84843564095644
58.868721302876395
59.13548773832957
59.551774441602106
59.975894446603206
60.40463410491611
60.83793745879467
61.27821740052366
61.72808809081681
62.184660214161056
62.63125368694921
63.03004208534003
63.33468831726981
63.55130095991001
63.696418114266976
63.791766560397946
63.852829404503495
63.8885973653729
107.7736988880733
113.7730648602946
119.1210949219064
124.1973740937621
129.1281583211953
133.8907001918076
138.537002830655
143.1346484616467
147.6857097120944
152.1893434483497
156.649538364436
161.042157444973
165.3632413350515
169.5927833702133
173.7272178033401
177.7699539512251
181.7186137167312
185.5944425100365
189.3833937649685
193.0877546994596
196.7370687171281
200.3438514177346
203.9131716856413
207.4431966552747
210.9303785188211
214.3647489149993
217.761732142561
223.9215632411383
227.6275483678793
231.1438493822491
234.4903754229203
237.6857638111713
240.7121056983781
243.5489125641457
246.1978637866872
248.6628325164537
250.9225023001047
252.9815657725484
254.8398263346324
256.4837400906885
257.89536772095
259.0691871454567
259.9922458367392
260.6517904818726
261.0411960372229
261.1341580367529
261.0337874768389
260.8893249798216
260.7117980286593
260.5101825978562
260.2873520936432
260.0464254391254
259.7970677329918
259.56628554673
259.4039991119512
259.437965023659
259.7163802536664
260.6233239567736
263.0867918554072
269.3190228063417
277.1787814458475
253.1244203873325
255.1100840157187
257.1896402623937
259.3383906101612
261.5310972178547
263.723381069149
265.9181680950006
268.1141991163713
270.2883129669665
272.4262067093565
274.5165485839434
276.5474690894378
278.5209017951698
280.4380755020553
282.3056740029223
284.1291126795447
285.9139331880257
287.6751954478064
289.4081492252523
291.1158748316586
292.8077911206119
294.4809066597729
296.1301151391635
297.7512206180467
299.3407927459971
300.8883258519564
302.3813552950959
305.0031525206951
306.5275425476011
307.953556312458
309.2598248016904
310.4527752341756
311.5477002402772
312.560500155193
313.5062808346582
314.3921737016329
315.2156979291008
315.9835510759617
316.698853284311
317.3590777955564
317.967572855747
318.5260517690173
319.0364710176001
319.500226122829
319.9099173400993
320.2696457750825
320.585561918441
320.8652194264248
321.1164321335754
321.3481200566509
321.5655694941669
321.7745135299422
321.9817279471529
322.1975392336792
322.4340411972912
322.7726533409288
323.2676812135764
324.3197420710406
326.8785584158052
333.1718522108452
341.0673788112204
-2.032451354734501
-1.6549369838187251
-1.482214338398562
-1.386236657647167
-1.3012302406126761
-1.2410822255643421
-1.2158052109204058
-1.203317358380938
-1.19765191352811
-1.1997504176705247
-1.1956387621287239
-1.1885415184376151
-1.1706873717565855
-1.1476393488342471
-1.1235734635077048
-1.095494183834172
-1.0705432912004924
-1.040884986456307
-1.0108239737610707
-0.9909537650059155
-0.9789393653183752
-0.9720806822609913
-0.9664203126272986
-0.9607015360054482
-0.9552582618800647
-0.9639456782807074
-1.7913064767630762
-1.1045708459653527
-1.0583514366824687
-1.0330476543803033
-1.013926678938887
-0.9779831261983414
-0.9236022844209594
-0.8624156609127529
-0.799576342749501
-0.7271969027954217
-0.65379977122647
-0.5787216023251402
-0.49806366699844307
-0.4066217649286967
-0.3115143413532564
-0.208854356817045
-0.09902704515089072
0.01040550330246831
0.1352408494038473
0.2109642299838841
0.2149205596966543
0.2172515443736763
0.2195570170732932
0.2230863835755462
0.2279417353229798
0.2313356984604791
0.2262838897079033
0.202075502538068
0.1544215978099643
0.10987914803828058
0.07384104820333781
0.04910991851767599
0.03292895292008291
0.02062499876601409
0.0
-3.038890629588191
-2.708966000113905
-2.571314582233061
-2.497616257225939
-2.4123955649044
-2.35351629102166
-2.328869799055533
-2.305273165981998
-2.281249455954755
-2.259246160242647
-2.225016614255953
-2.188781515250988
-2.142412334505993
-2.094236976982379
-2.04778855875603
-2.00013555038805
-1.963244092192386
-1.919237552416863
-1.87638956925798
-1.848506362850127
-1.826962749494577
-1.807986704989209
-1.788082249374653
-1.766380703872499
-1.739629831519746
-1.720691910929273
-3.120171880159761
-1.877212279963044
-1.781130581607665
-1.695133564739515
-1.61857700895608
-1.532948989200873
-1.436942810665147
-1.34178729647277
-1.24859366969765
-1.144602506880933
-1.042988329284979
-0.9412745672789148
-0.8327003440465623
-0.715039222133167
-0.5945809718024582
-0.4675618091122567
-0.3340826432612187
-0.1972476589597588
-0.0470885341196782
0.0508412314603613
0.073175353953339
0.0899236670815278
0.1021253322909105
0.1128715158193159
0.1220378547036571
0.1263084799450197
0.1168993234541874
0.0822038075759955
-0.0172049332033106
-0.1410271414548614
-0.4593989987772099
-1.24783344575276
-3.156844960937084
-3.981245183409745
0.0
1.00643927485369
1.05402901629518
1.089100243834499
1.111379599578772
1.111165324291724
1.112434065457318
1.113064588135127
1.10195580760106
1.083597542426645
1.059495742572122
1.029377852127229
1.000239996813373
0.9717249627494072
0.9465976281481318
0.9242150952483252
0.904641366553878
0.8927008009918936
0.8783525659605559
0.8655655954969091
0.8575525978442116
0.8480233841762018
0.8359060227282178
0.8216619367473545
0.8056791678670508
0.7843715696396814
0.7567462326485657
1.328865403396685
0.7726414339976911
0.7227791449251963
0.6620859103592116
0.604650330017193
0.5549658630025316
0.5133405262441876
0.4793716355600171
0.4490173269481491
0.4174056040855112
0.389188558058509
0.3625529649537745
0.3346366770481193
0.3084174572044702
0.2830666304492018
0.2587074522952117
0.235055598110328
0.2076531622622271
0.1823293835235255
0.1601229985235228
0.1417452057433153
0.1273278772921485
0.1174316847823827
0.1102148677562303
0.1059038806193227
0.1050272185154594
0.1093845662537159
0.1198716949620725
0.1716265310132749
0.250906289493142
0.5332400469805477
1.296943364270436
3.189773913857167
4.001870182175759
0.0
1.0
1.0
1.0
1.0
1.0
1.0
1.0
1.0
1.0
1.0
1.0
1.0
1.0
1.0
1.0
1.0
1.0
1.0
1.0
1.0
1.0
1.0
1.0
1.0
1.0
1.0
1.0
1.0
1.0
1.0
1.0
1.0
1.0
1.0
1.0
1.0
1.0
1.0
1.0
1.0
1.0
1.0
1.0
1.0
1.0
0.0
0.0
0.0
0.0
0.0
0.0
0.0
0.0
0.0
0.0
0.0
0.0
0.0
0.0
0.0
0.0
1.0
1.0
1.0
1.0
1.0
1.0
1.0
1.0
1.0
1.0
1.0
1.0
1.0
1.0
1.0
1.0
0.920954420531807
0.920954420531807
0.920954420531807
0.920954420531807
0.920954420531807
0.920954420531807
0.920954420531807
0.920954420531807
0.920954420531807
0.920954420531807
0.920954420531807
0.920954420531807
0.920954420531807
0.920954420531807
0.920954420531807
0.920954420531807
0.920954420531807
0.920954420531807
0.920954420531807
0.920954420531807
0.920954420531807
0.920954420531807
0.920954420531807
0.920954420531807
0.920954420531807
0.920954420531807
0.920954420531807
0.920954420531807
0.920954420531807
1.0
1.0
1.0
1.0
1.0
1.0
1.0
1.0
1.0
1.0
1.0
1.0
1.0
1.0
1.0
1.0
1.0
1.0
1.0
1.0
1.0
1.0
1.0
1.0
1.0
1.0
1.0
1.0
1.0
0.013509746998944071
0.013067751997465403
0.012412651095821634
0.011593463702495524
0.010581291865905016
0.009648252977727412
0.008775856203185384
0.007873929190738118
0.006995026338264159
0.006160069616444443
0.005374796595419946
0.0046786625271020245
0.0040644071440751025
0.0035378658933024236
0.003085870873938904
0.0026970031024675617
0.0023755511096663325
0.002084186737637752
0.0018263182135142195
0.0016055596096963404
0.0014053028583312322
0.0012230155882337107
0.0010567964387222344
0.0009082832480942307
0.0007718151026536692
0.0006455150929026543
0.0005361544313468953
0.00044171990334056964
0.00036113542449363344
0.0002929447889188744
0.000236098335611561
0.00018921844405825336
0.00015013456407279
0.00011924784767955739
9.464799003235509e-05
7.414774034708868e-05
5.821652234352969e-05
4.553026011649424e-05
3.49530819798419e-05
2.660643198923668e-05
1.9923745462690887e-05
1.4520018813650629e-05
1.020565582023756e-05
6.91005110520828e-06
4.496519719454064e-06
2.9275409037927857e-06
2.1059455218368587e-06
1.707027767895494e-06
1.5237195930179418e-06
1.4804075298546208e-06
1.5810697630520503e-06
1.8791756044613426e-06
2.551941403027676e-06
4.082468833744376e-06
5.78532253533055e-06
7.041952003543586e-06
7.767269652678169e-06
1.0162678392448076e-05
6.628369551473961e-06
2.3481321467019884e-07
0.0004
0.0004
0.0004
0.0004
0.0004
0.0004
0.0004
0.0004
0.0004
0.0004
0.0004
0.0004
0.0004
0.0004
0.0004
0.0004
0.0004
0.0004
0.0004
0.0004
0.0004
0.0004
0.0004
0.0004
0.0004
0.0004
0.0004
0.0004
0.0004
0.0004
0.0004
0.0004
0.0004
0.0004
0.0004
0.0004
0.0004
0.0004
0.0004
0.0004
0.0004
0.0004
0.0004
0.0004
0.0004
0.0004
0.0004
0.0004
0.0004
0.0004
0.0004
0.0004
0.0004
0.0004
0.0004
0.0004
0.0004
0.0004
0.0004
0.0004
8.60451419224123e-09
1.578021977514803e-08
2.1892415260555535e-08
2.6925828092092847e-08
2.971401735545372e-08
3.191536891169426e-08
3.3615820560817765e-08
3.4746051764151937e-08
3.5661340336177934e-08
3.6398811651530586e-08
3.6864029565337865e-08
3.7202242046694526e-08
3.743385508154835e-08
3.7482031518220545e-08
3.74258526023047e-08
3.730742951458454e-08
3.7124070818281054e-08
3.694071212197757e-08
3.678655663276213e-08
3.670665185093012e-08
3.662674706909812e-08
3.66023509716688e-08
3.6690996875910616e-08
3.6779642780152424e-08
3.6903178538193995e-08
3.7084523814632495e-08
3.726586909107099e-08
3.747683636083778e-08
3.7728139961945275e-08
3.797944356305276e-08
3.8298642947284706e-08
3.8694261202309925e-08
3.9089879457335157e-08
3.957872216284235e-08
4.015447818582019e-08
4.073023420879802e-08
4.1342697689445876e-08
4.198347277308391e-08
4.262424785672194e-08
4.3230986919605434e-08
4.381611227372829e-08
4.440123762785115e-08
4.5133689117812545e-08
4.594249047452311e-08
4.6751291831233675e-08
4.796747172172955e-08
4.949951687407961e-08
5.152241095280844e-08
5.3986620437539895e-08
5.680107822856821e-08
6.015331959489829e-08
6.559586769304933e-08
7.569057461390363e-08
9.442662951156912e-08
2.539995051245074e-07
4.925296956825388e-07
1.3900175836980765e-06
3.720822161311321e-06
7.931814761427643e-06
2.7860567514510038e-06
0.0
0.0
0.0
0.0
0.0
0.0
0.0
0.0
0.0
0.0
0.0
0.0
0.0
0.0
0.0
0.0
0.0
0.0
0.0
0.0
0.0
0.0
0.0
0.0
0.0
0.0
0.0
0.0
0.0
0.0
0.0
0.0
0.0
0.0
0.0
0.0
0.0
0.0
0.0
0.0
0.0
0.0
0.0
0.0
0.0
0.0
0.0
0.0
0.0
0.0
0.0
0.0
0.0
0.0
0.0
0.0
0.0
0.0
0.0
0.0
0.0
0.0
0.0
0.0
0.0
0.0
0.0
0.0
0.0
0.0
0.0
0.0
0.0
0.0
0.0
0.0
0.0
0.0
0.0
0.0
0.0
0.0
0.0
0.0
0.0
0.0
0.0
0.0
0.0
0.0
0.0
0.0
0.0
0.0
0.0
0.0
0.0
0.0
0.0
0.0
0.0
0.0
0.0
0.0
0.0
0.0
0.0
0.0
0.0
0.0
0.0
0.0
0.0
0.0
0.0
0.0
0.0
0.0
0.0
0.0
0.0
0.0
0.0
0.0
0.0
0.0
0.0
0.0
0.0
0.0
0.0
0.0
0.0
0.0
0.0
0.0
0.0
0.0
0.0
0.0
0.0
0.0
0.0
0.0
0.0
0.0
0.0
0.0
0.0
0.0
0.0
0.0
0.0
0.0
0.0
0.0
0.0
0.0
0.0
0.0
0.0
0.0
0.0
0.0
0.0
0.0
0.0
0.0
0.0
0.0
0.0
0.0
0.0
0.0
0.0
0.0
0.0
0.0
0.0
0.0
0.0
0.0
0.0
0.0
0.0
0.0
0.0
0.0
0.0
0.0
0.0
0.0
0.0
0.0
0.0
0.0
0.0
0.0
0.0
0.0
0.0
0.0
0.0
0.0
0.0
0.0
0.0
0.0
0.0
0.0
0.0
0.0
0.0
0.0
0.0
0.0
0.0
0.0
0.0
0.0
0.0
0.0
0.0
0.0
0.0
0.0
0.0
0.0
0.0
0.0
0.0
0.0
0.0
0.0
0.0
0.0
0.0
0.0
0.0
0.0
0.0
0.0
0.0
0.0
0.0
0.0
0.0
0.0
0.0
0.0
0.0
0.0
0.0
0.0
0.0
0.0
0.0
0.0
0.0
0.0
0.0
0.0
0.0
0.0
0.0
0.0
0.0
0.0
0.0
0.0
0.0
0.0
0.0
0.0
0.0
0.0
0.0
0.0
0.0
0.0
0.0
0.0
0.0
0.0
0.0
0.0
0.0
0.0
0.0
0.0
0.0
0.0
0.0
0.0
0.0
0.0
0.0
0.0
0.0
0.0
2
2
1
295.0
63.8885973653729
0.0
0.0
44.0
9.8
1.0
2.0
3.0
4.0
5.0
6.0
7.0
8.0
9.0
10.0
11.0
12.0
13.0
14.0
15.0
16.0
17.0
18.0
19.0
20.0
21.0
22.0
23.0
24.0
25.0
26.0
27.0
28.0
29.0
30.0
31.0
32.0
33.0
34.0
35.0
36.0
37.0
38.0
39.0
40.0
41.0
42.0
43.0
44.0
45.0
46.0
47.0
48.0
49.0
50.0
51.0
52.0
53.0
54.0
55.0
56.0
57.0
58.0
59.0
60.0
0.0
0.0
0.0
0.0
0.0
0.0
0.0
0.0
0.0
0.0
0.0
0.0
0.0
0.0
0.0
0.0
0.0
0.0
0.0
0.0
0.0
0.0
0.0
0.0
0.0
0.0
0.99
0.0
0.0
0.0
0.0
0.0
0.0
0.0
0.0
0.0
0.0
0.0
0.0
0.0
0.0
0.0
0.0
0.0
0.0
0.0
0.0
0.0
0.0
0.0
0.0
0.0
0.0
0.0
0.0
0.0
0.0
0.0
0.0
0.0
0.0
0.0
0.0
0.0
0.0
0.0
0.0
0.0
0.0
0.0
0.0
0.0
0.0
0.0
0.0
0.0
0.0
0.0
0.0
0.0
0.0
0.0
0.0
0.0
0.0
0.0
0.8
0.0
0.0
0.0
0.0
0.0
0.0
0.0
0.0
0.0
0.0
0.0
0.0
0.0
0.0
0.0
0.0
0.0
0.0
0.0
0.0
0.0
0.0
0.0
0.0
0.0
0.0
0.0
0.0
0.0
0.0
0.0
0.0
0.0
0.0
0.0
0.0
0.0
0.0
0.0
0.0
0.0
0.0
0.0
0.0
0.0
0.0
0.0
0.0
0.0
0.0
0.0
0.0
0.0
0.0
0.0
0.0
0.0
0.0
0.0
0.5
0.0
0.0
0.0
0.0
0.0
0.0
0.0
0.0
0.0
0.0
0.0
0.0
0.0
0.0
0.0
0.0
0.0
0.0
0.0
0.0
0.0
0.0
0.0
0.0
0.0
0.0
0.0
0.0
0.0
0.0
0.0
0.0
0.0
0.0
