9.81
6.022e+23
0
0
0
3
0
1
290.0
2
2
0
0
1
1
0
1
100
7
1014.8
1.0


3
3
0
42.05
2
6.7
100.0
400.0
287.04
9.81
79000.0
40.0
20000.0
0.0
0.0
0.0
0.0
0.0280134
0.04401
0.0319988
0.039948
0.01604
0.01801528
0.048
99000.0
2.11538021997e+29
0.8
1e-06
1000000.0
0.6
3.0
0.0001
1000
100
7.117185643344922
20
2
3
1
1
0
1
0
0.05
1e+12
289.8811367386402
287.8903800469397
285.88772618008085
283.8812108524264
281.8731434283813
279.8636583956207
277.853323996865
275.8429075118166
273.83246032134116
271.82224172222794
269.8123978774765
267.8026952711562
265.7931908018204
263.78403887200193
261.7748771742616
259.76597185420263
257.75732204714154
255.7483287668598
253.7396529362593
251.55678709799045
249.7002523636808
247.69322030457812
245.68560593593966
243.6779924192451
241.67046352728906
239.66316267732532
237.6561310263364
235.64942372746813
233.64299457646817
231.6368530107684
229.630665238438
227.62471807211543
225.61906702217783
223.61362815908873
221.6081644234561
219.60268090916628
217.59719744060936
215.5916790555769
213.58621242032623
211.5804868170991
209.57458834478766
207.56847434756907
205.56223261897185
203.55582241865582
201.54938061894202
199.5431290973603
197.53824529784134
195.998200744932
194.59716882834053
193.39167823966406
192.46022364810997
191.7995713438375
191.32014719254272
190.95064664679506
190.65132000228033
190.45181087951565
190.34975711924884
190.3273233861703
190.37300526839897
190.48270229154937
190.64813749277286
190.8568850045625
191.08895111568296
191.33328247519063
191.57502774038917
191.79320790998895
191.97099870541177
192.09984933521912
192.17435420123775
192.18327536137252
192.1266204736532
192.01242416623893
191.8413830842219
191.60552602573682
191.31676521049852
190.98270620189697
190.60281554649532
190.1708739550695
189.7015970513136
189.1951867700805
188.65181259807906
188.06662649218396
187.449413304783
186.80110241568948
186.1127498510846
185.38505626780602
184.6416438711866
183.85646114961122
183.01755905894487
182.12745206189186
181.18027419179052
180.16050588855805
179.03865392635302
177.80049262589606
176.41851199975665
174.84829916771994
173.0371278254544
171.0242196059649
168.99848795601105
166.83369751431675
289.8811367386402
287.8903800469397
285.88772618008085
283.8812108524264
281.8731434283813
279.8636583956207
277.853323996865
275.8429075118166
273.83246032134116
271.82224172222794
269.8123978774765
267.8026952711562
265.7931908018204
263.78403887200193
261.7748771742616
259.76597185420263
257.75732204714154
255.7483287668598
253.7396529362593
251.55678709799045
249.7002523636808
247.69322030457812
245.68560593593966
243.6779924192451
241.67046352728906
239.66316267732532
237.6561310263364
235.64942372746813
233.64299457646817
231.6368530107684
229.630665238438
227.62471807211543
225.61906702217783
223.61362815908873
221.6081644234561
219.60268090916628
217.59719744060936
215.5916790555769
213.58621242032623
211.5804868170991
209.57458834478766
207.56847434756907
205.56223261897185
203.55582241865582
201.54938061894202
199.5431290973603
197.53824529784134
195.998200744932
194.59716882834053
193.39167823966406
192.46022364810997
191.7995713438375
191.32014719254272
190.95064664679506
190.65132000228033
190.45181087951565
190.34975711924884
190.3273233861703
190.37300526839897
190.48270229154937
190.64813749277286
190.8568850045625
191.08895111568296
191.33328247519063
191.57502774038917
191.79320790998895
191.97099870541177
192.09984933521912
192.17435420123775
192.18327536137252
192.1266204736532
192.01242416623893
191.8413830842219
191.60552602573682
191.31676521049852
190.98270620189697
190.60281554649532
190.1708739550695
189.7015970513136
189.1951867700805
188.65181259807906
188.06662649218396
187.449413304783
186.80110241568948
186.1127498510846
185.38505626780602
184.6416438711866
183.85646114961122
183.01755905894487
182.12745206189186
181.18027419179052
180.16050588855805
179.03865392635302
177.80049262589606
176.41851199975665
174.84829916771994
173.0371278254544
171.0242196059649
168.99848795601105
166.83369751431675
997.2403384875004
962.6129215374456
928.9588250322076
896.2572182266506
864.4875745334174
833.6296691792863
803.6635768631952
774.5696694159456
746.3286134615932
718.9213680805419
692.3291824743467
666.5335936322396
641.5164239993878
617.2597791469002
593.7460454435891
570.9578877295012
548.8782469912301
527.4903380390213
506.77764718568244
486.72392992731375
467.3132086258678
448.52977019355467
430.358163779103
412.7831984558916
395.7899409119669
379.3637131419571
363.49009014089745
348.15489759998434
333.3442096042668
319.04434633229505
305.2418717577401
291.92359135299705
279.07654979478923
266.6880286717897
254.74554419427494
243.23684490582673
232.14990939709872
221.47294402166577
211.1943806139709
201.3028742093889
191.78730076642424
182.6367548910595
173.84054756327475
165.3882038657552
157.26946071480563
149.47426459349316
141.9927692870351
134.81533362045417
127.93251919851978
121.3350881479978
115.02981866458478
109.03660690555661
103.35564972195544
97.97067822094125
92.86627114136647
88.027810690999
83.44144068468668
79.09402686358084
74.97311928178311
71.06691665269958
67.36423255299871
63.854463387389856
60.527558022480676
57.373989002752424
54.384725266222574
51.5512062816587
48.86531753327938
46.31936728273569
43.90606454182556
41.618498192859974
39.45011719688667
37.39471183309284
35.44639591566054
33.59958993714855
31.849005090127136
30.18962812130762
28.616706974792656
27.12573718333289
25.712448968617913
24.37279501365974
23.10293887225194
21.899243982311916
20.758263251643108
19.676729186293382
18.651544533239477
17.67977341060044
16.758632899979208
15.885485076854678
15.05782945620139
14.273295831702761
13.529637488051165
12.824724766896534
12.156538968017866
11.523166568252098
10.922793741624744
10.353701164989236
9.8142590942996
9.302922697416147
8.818227630078358
8.35878584237567
997.2403384875004
962.6129215374456
928.9588250322076
896.2572182266506
864.4875745334174
833.6296691792863
803.6635768631952
774.5696694159456
746.3286134615932
718.9213680805419
692.3291824743467
666.5335936322396
641.5164239993878
617.2597791469002
593.7460454435891
570.9578877295012
548.8782469912301
527.4903380390213
506.77764718568244
486.72392992731375
467.3132086258678
448.52977019355467
430.358163779103
412.7831984558916
395.7899409119669
379.3637131419571
363.49009014089745
348.15489759998434
333.3442096042668
319.04434633229505
305.2418717577401
291.92359135299705
279.07654979478923
266.6880286717897
254.74554419427494
243.23684490582673
232.14990939709872
221.47294402166577
211.1943806139709
201.3028742093889
191.78730076642424
182.6367548910595
173.84054756327475
165.3882038657552
157.26946071480563
149.47426459349316
141.9927692870351
134.81533362045417
127.93251919851978
121.3350881479978
115.02981866458478
109.03660690555661
103.35564972195544
97.97067822094125
92.86627114136647
88.027810690999
83.44144068468668
79.09402686358084
74.97311928178311
71.06691665269958
67.36423255299871
63.854463387389856
60.527558022480676
57.373989002752424
54.384725266222574
51.5512062816587
48.86531753327938
46.31936728273569
43.90606454182556
41.618498192859974
39.45011719688667
37.39471183309284
35.44639591566054
33.59958993714855
31.849005090127136
30.18962812130762
28.616706974792656
27.12573718333289
25.712448968617913
24.37279501365974
23.10293887225194
21.899243982311916
20.758263251643108
19.676729186293382
18.651544533239477
17.67977341060044
16.758632899979208
15.885485076854678
15.05782945620139
14.273295831702761
13.529637488051165
12.824724766896534
12.156538968017866
11.523166568252098
10.922793741624744
10.353701164989236
9.8142590942996
9.302922697416147
8.818227630078358
8.35878584237567
150.0
450.0
750.0
1050.0
1350.0
1650.0
1950.0
2250.0
2550.0
2850.0
3150.0
3450.0
3750.0
4050.0
4350.0
4650.0
4950.0
5250.0
5550.0
5850.0
6150.0
6450.0
6750.0
7049.999999999999
7350.0
7650.0
7950.0
8250.0
8550.0
8850.0
9150.0
9450.0
9750.0
10050.0
10350.0
10650.0
10950.0
11250.0
11550.0
11850.0
12150.0
12450.0
12750.0
13050.0
13350.0
13650.0
13950.0
14250.0
14550.0
14850.0
15150.0
15450.0
15750.0
16050.0
16350.0
16650.0
16950.0
17250.0
17550.0
17850.0
18150.0
18450.0
18750.0
19050.0
19350.0
19650.0
19950.0
20250.0
20550.0
20850.0
21150.0
21450.0
21750.0
22050.0
22350.0
22650.0
22950.0
23250.0
23550.0
23850.0
24150.0
24450.0
24750.0
25050.0
25350.0
25650.0
25950.0
26250.0
26550.0
26850.0
27150.0
27450.0
27750.0
28050.0
28350.0
28650.0
28949.999999999996
29250.0
29550.0
29850.0
150.0
450.0
750.0
1050.0
1350.0
1650.0
1950.0
2250.0
2550.0
2850.0
3150.0
3450.0
3750.0
4050.0
4350.0
4650.0
4950.0
5250.0
5550.0
5850.0
6150.0
6450.0
6750.0
7049.999999999999
7350.0
7650.0
7950.0
8250.0
8550.0
8850.0
9150.0
9450.0
9750.0
10050.0
10350.0
10650.0
10950.0
11250.0
11550.0
11850.0
12150.0
12450.0
12750.0
13050.0
13350.0
13650.0
13950.0
14250.0
14550.0
14850.0
15150.0
15450.0
15750.0
16050.0
16350.0
16650.0
16950.0
17250.0
17550.0
17850.0
18150.0
18450.0
18750.0
19050.0
19350.0
19650.0
19950.0
20250.0
20550.0
20850.0
21150.0
21450.0
21750.0
22050.0
22350.0
22650.0
22950.0
23250.0
23550.0
23850.0
24150.0
24450.0
24750.0
25050.0
25350.0
25650.0
25950.0
26250.0
26550.0
26850.0
27150.0
27450.0
27750.0
28050.0
28350.0
28650.0
28949.999999999996
29250.0
29550.0
29850.0
7.318794551870123e+23
7.113770127067195e+23
6.91311860169995e+23
6.716776345622432e+23
6.524680217271871e+23
6.336767563323205e+23
6.15297621833955e+23
5.973244504421648e+23
5.7975112308550546e+23
5.625715693753989e+23
5.45779767570368e+23
5.293697445401388e+23
5.133355757292325e+23
4.9767138512056956e+23
4.823713451986714e+23
4.674296769127335e+23
4.528406496392825e+23
4.385985811448273e+23
4.2469783754796774e+23
4.111328332814071e+23
3.978980310536844e+23
3.8498794181056374e+23
3.723971246962541e+23
3.601201870142501e+23
3.481517841878762e+23
3.3648661972069964e+23
3.251194451564452e+23
3.1404506003872216e+23
3.032583118705013e+23
2.9275409607309995e+23
2.8252735594504017e+23
2.7257308262051583e+23
2.628863150274983e+23
2.5346213984559483e+23
2.4429569146345985e+23
2.3538215193601844e+23
2.2671675094120084e+23
2.1829476573638465e+23
2.1011152111453004e+23
2.021623893598311e+23
1.9444279020308762e+23
1.8694819077672682e+23
1.796741055692748e+23
1.7261609637969302e+23
1.6576977227105372e+23
1.591307895239991e+23
1.5269485158969894e+23
1.4645770904239528e+23
1.4041515953157154e+23
1.345630477335738e+23
1.2823798581953406e+23
1.2155661038584257e+23
1.152233438014929e+23
1.0922004911666782e+23
1.0352953434156907e+23
9.813550321272065e+22
9.30225085243803e+22
8.817590789147847e+22
8.358182181733428e+22
7.922709394614386e+22
7.509925338633027e+22
7.118647899692024e+22
6.747756553464668e+22
6.396189156482015e+22
6.062938904411526e+22
5.747051448810641e+22
5.447622164103223e+22
5.1637935569502275e+22
4.8947528105942275e+22
4.639729457149421e+22
4.397993171166222e+22
4.168851678155455e+22
3.951648772081067e+22
3.745762436143696e+22
3.5506030614751096e+22
3.3656117586397713e+22
3.1902587571104677e+22
3.0240418881331943e+22
2.8664851466364205e+22
2.7171373280677927e+22
2.575570736252564e+22
2.4413799585748825e+22
2.3141807049740114e+22
2.1936087074295117e+22
2.079318676786182e+22
1.970983313928487e+22
1.8682923724750409e+22
1.7709517703076437e+22
1.6786827473908211e+22
1.5912210674704378e+22
1.5083162613646122e+22
1.4297309096802328e+22
1.3552399629012716e+22
1.284630096900783e+22
1.2176991020324223e+22
1.154255304050439e+22
1.0941170152009642e+22
1.0371120139119115e+22
9.830770515919914e+21
9.318573851261083e+21
7.318794551870123e+23
7.113770127067195e+23
6.91311860169995e+23
6.716776345622432e+23
6.524680217271871e+23
6.336767563323205e+23
6.15297621833955e+23
5.973244504421648e+23
5.7975112308550546e+23
5.625715693753989e+23
5.45779767570368e+23
5.293697445401388e+23
5.133355757292325e+23
4.9767138512056956e+23
4.823713451986714e+23
4.674296769127335e+23
4.528406496392825e+23
4.385985811448273e+23
4.2469783754796774e+23
4.111328332814071e+23
3.978980310536844e+23
3.8498794181056374e+23
3.723971246962541e+23
3.601201870142501e+23
3.481517841878762e+23
3.3648661972069964e+23
3.251194451564452e+23
3.1404506003872216e+23
3.032583118705013e+23
2.9275409607309995e+23
2.8252735594504017e+23
2.7257308262051583e+23
2.628863150274983e+23
2.5346213984559483e+23
2.4429569146345985e+23
2.3538215193601844e+23
2.2671675094120084e+23
2.1829476573638465e+23
2.1011152111453004e+23
2.021623893598311e+23
1.9444279020308762e+23
1.8694819077672682e+23
1.796741055692748e+23
1.7261609637969302e+23
1.6576977227105372e+23
1.591307895239991e+23
1.5269485158969894e+23
1.4645770904239528e+23
1.4041515953157154e+23
1.345630477335738e+23
1.2823798581953406e+23
1.2155661038584257e+23
1.152233438014929e+23
1.0922004911666782e+23
1.0352953434156907e+23
9.813550321272065e+22
9.30225085243803e+22
8.817590789147847e+22
8.358182181733428e+22
7.922709394614386e+22
7.509925338633027e+22
7.118647899692024e+22
6.747756553464668e+22
6.396189156482015e+22
6.062938904411526e+22
5.747051448810641e+22
5.447622164103223e+22
5.1637935569502275e+22
4.8947528105942275e+22
4.639729457149421e+22
4.397993171166222e+22
4.168851678155455e+22
3.951648772081067e+22
3.745762436143696e+22
3.5506030614751096e+22
3.3656117586397713e+22
3.1902587571104677e+22
3.0240418881331943e+22
2.8664851466364205e+22
2.7171373280677927e+22
2.575570736252564e+22
2.4413799585748825e+22
2.3141807049740114e+22
2.1936087074295117e+22
2.079318676786182e+22
1.970983313928487e+22
1.8682923724750409e+22
1.7709517703076437e+22
1.6786827473908211e+22
1.5912210674704378e+22
1.5083162613646122e+22
1.4297309096802328e+22
1.3552399629012716e+22
1.284630096900783e+22
1.2176991020324223e+22
1.154255304050439e+22
1.0941170152009642e+22
1.0371120139119115e+22
9.830770515919914e+21
9.318573851261083e+21
290.0
288.8857584308867
286.8890531516282
284.8844685534969
282.87717717672024
280.8684009475378
278.85849123126536
276.84811578892896
274.8376839509757
272.8273510563598
270.81731983462777
268.80754660937885
266.7979430723723
264.7886148739992
262.7794580615806
260.77042455440346
258.7616469930008
256.75282545203584
254.7439909005048
252.67914242790337
250.62851993726443
248.69673640544
246.68941319783028
244.68179926310597
242.67422806803188
240.66681320751172
238.65964696905615
236.65277750814417
234.64620929919982
232.63992395872054
230.63375931017373
228.62769186437703
226.62189278285018
224.61634785740063
222.61089659495204
220.6054230142928
218.5999395760188
216.59443871164666
214.58894627344833
212.58335024137318
210.57753831377582
208.57153222395726
206.56535456755188
204.5590289494645
202.55260372958898
200.54626011612766
198.54132976404182
196.76960414338666
195.29869463362695
193.994482896215
192.9254814727342
192.1297602556483
191.5605928851392
191.13706173158644
190.80346724886942
190.55467572204256
190.40428581672163
190.34221883600162
190.35383186272492
190.43135096740764
190.5686230174341
190.75533376514363
190.97530636915582
191.21307444213494
191.45572162840529
191.6853530192264
191.88310166596736
192.03629447168578
192.13797042212698
192.17981172542318
192.15619670046965
192.07113545614027
191.92901000465673
191.72616241060945
191.4645367930528
191.15390871979312
190.79781241761657
190.39284408478437
189.94325435195785
189.4564920931636
188.93275548557543
188.36968045592195
187.76973911042853
187.1383027457248
186.47130810094575
185.7646857222282
185.03058113992608
184.26775517549825
183.45722676792496
182.59428012864242
181.6772421860092
180.6954151528038
179.6262629479204
178.44793131115088
177.13956221855847
175.66510916295044
173.97583813739465
172.08330929128115
170.21319272494046
168.36702870372204
166.61705236713627
290.0
288.8857584308867
286.8890531516282
284.8844685534969
282.87717717672024
280.8684009475378
278.85849123126536
276.84811578892896
274.8376839509757
272.8273510563598
270.81731983462777
268.80754660937885
266.7979430723723
264.7886148739992
262.7794580615806
260.77042455440346
258.7616469930008
256.75282545203584
254.7439909005048
252.67914242790337
250.62851993726443
248.69673640544
246.68941319783028
244.68179926310597
242.67422806803188
240.66681320751172
238.65964696905615
236.65277750814417
234.64620929919982
232.63992395872054
230.63375931017373
228.62769186437703
226.62189278285018
224.61634785740063
222.61089659495204
220.6054230142928
218.5999395760188
216.59443871164666
214.58894627344833
212.58335024137318
210.57753831377582
208.57153222395726
206.56535456755188
204.5590289494645
202.55260372958898
200.54626011612766
198.54132976404182
196.76960414338666
195.29869463362695
193.994482896215
192.9254814727342
192.1297602556483
191.5605928851392
191.13706173158644
190.80346724886942
190.55467572204256
190.40428581672163
190.34221883600162
190.35383186272492
190.43135096740764
190.5686230174341
190.75533376514363
190.97530636915582
191.21307444213494
191.45572162840529
191.6853530192264
191.88310166596736
192.03629447168578
192.13797042212698
192.17981172542318
192.15619670046965
192.07113545614027
191.92901000465673
191.72616241060945
191.4645367930528
191.15390871979312
190.79781241761657
190.39284408478437
189.94325435195785
189.4564920931636
188.93275548557543
188.36968045592195
187.76973911042853
187.1383027457248
186.47130810094575
185.7646857222282
185.03058113992608
184.26775517549825
183.45722676792496
182.59428012864242
181.6772421860092
180.6954151528038
179.6262629479204
178.44793131115088
177.13956221855847
175.66510916295044
173.97583813739465
172.08330929128115
170.21319272494046
168.36702870372204
166.61705236713627
1014.8
979.6806769750008
945.5451660998903
912.3724839645249
880.1419524887763
848.8331965780585
818.4261417805141
788.9010119458763
760.2383268860146
732.418900037172
705.4238361239119
679.2345288247816
653.8326584396975
629.200189559078
605.3193687347224
582.1727221524559
559.7430533065465
538.0134406759136
516.967235402129
496.588058969236
476.8598008853915
457.7666163663441
439.2929240207652
421.4234035374408
404.1429933743424
387.4368884495914
371.2905378343227
355.68964244747224
340.6201527524965
326.06826645603707
312.020426208553
298.4633173069273
285.3838653990668
272.76923419051167
260.60682315306775
248.8842652354821
237.58942457617135
226.7103942180261
216.23549382530544
206.1532674026364
196.45248101614138
187.1221205167071
178.1513892654119
169.52970586113761
161.24670187037276
153.29221955923848
145.65630962774782
138.32922894632236
131.30143829458595
124.56360010245362
118.10657619354198
111.95306113562756
106.12015267548566
100.59114676842522
95.35020967345729
90.38233260927565
85.67328877272236
81.209592596651
76.97846113051068
72.96777743305556
69.1660558723436
65.56240923365381
62.14651754112591
58.908598503835435
55.83937950166942
52.930071030775736
50.172341532541665
47.558293534017096
45.080441031454285
42.73168805219684
40.505308333523104
38.39492606025024
36.39449760593544
34.498294225385635
32.70088564891146
30.997124531342816
29.38213171127242
27.851282238312887
26.400192128352895
25.02470580888293
23.720884218436552
22.484993526067328
21.313494438556503
20.203032064729715
19.15042630785705
18.152662758621904
17.20688406257898
16.310381737379437
15.46058841632992
14.655070496072858
13.891521167332662
13.167753808769666
12.481695725023403
11.831382211012329
11.214950925491866
10.630636557757624
10.076765772220845
9.551752416378356
9.054092978453937
8.582362281702776
8.135209403048565
1014.8
979.6806769750008
945.5451660998903
912.3724839645249
880.1419524887763
848.8331965780585
818.4261417805141
788.9010119458763
760.2383268860146
732.418900037172
705.4238361239119
679.2345288247816
653.8326584396975
629.200189559078
605.3193687347224
582.1727221524559
559.7430533065465
538.0134406759136
516.967235402129
496.588058969236
476.8598008853915
457.7666163663441
439.2929240207652
421.4234035374408
404.1429933743424
387.4368884495914
371.2905378343227
355.68964244747224
340.6201527524965
326.06826645603707
312.020426208553
298.4633173069273
285.3838653990668
272.76923419051167
260.60682315306775
248.8842652354821
237.58942457617135
226.7103942180261
216.23549382530544
206.1532674026364
196.45248101614138
187.1221205167071
178.1513892654119
169.52970586113761
161.24670187037276
153.29221955923848
145.65630962774782
138.32922894632236
131.30143829458595
124.56360010245362
118.10657619354198
111.95306113562756
106.12015267548566
100.59114676842522
95.35020967345729
90.38233260927565
85.67328877272236
81.209592596651
76.97846113051068
72.96777743305556
69.1660558723436
65.56240923365381
62.14651754112591
58.908598503835435
55.83937950166942
52.930071030775736
50.172341532541665
47.558293534017096
45.080441031454285
42.73168805219684
40.505308333523104
38.39492606025024
36.39449760593544
34.498294225385635
32.70088564891146
30.997124531342816
29.38213171127242
27.851282238312887
26.400192128352895
25.02470580888293
23.720884218436552
22.484993526067328
21.313494438556503
20.203032064729715
19.15042630785705
18.152662758621904
17.20688406257898
16.310381737379437
15.46058841632992
14.655070496072858
13.891521167332662
13.167753808769666
12.481695725023403
11.831382211012329
11.214950925491866
10.630636557757624
10.076765772220845
9.551752416378356
9.054092978453937
8.582362281702776
8.135209403048565
0.0
307.32296578744433
614.705273372987
922.1435832128129
1229.6370014541026
1537.1847618930192
1844.7867099438208
2152.443542888963
2460.1560310325262
2767.9252553109054
3075.7524876971365
3383.638760560633
3691.585195689835
3999.593120920763
4307.663468524481
4615.797508092227
4923.9965380559415
5232.261165656997
5540.592815412859
5848.779154607099
6157.220848520184
6465.734673068535
6774.3210774571835
7082.98126017805
7391.716556644849
7700.52852074135
8009.41879948504
8318.389154613933
8627.441332545803
8936.577138052022
9245.797974134168
9555.105670671026
9864.502182863578
10173.989402847796
10483.568943370825
10793.242468668886
11103.011717346892
11412.878426441037
11722.84450781399
12032.911472610658
12343.081002594867
12653.354764468282
12963.734606180402
13274.222368331515
13584.820158029346
13895.530496533054
14206.359819012958
14518.048098511428
14830.835310572016
15145.062983389062
15461.17075967457
15777.888615024447
16093.816402871318
16409.13550947534
16723.96157231235
17038.459023099065
17352.788410096073
17667.080879240435
17981.448619275772
18295.997102055844
18610.818195064636
18925.983306449252
19241.53087825754
19557.481239537225
19873.83017493975
20190.538914008703
20507.540931644504
20824.755603377616
21142.09341474895
21459.44627105248
21776.706091734668
22093.778025825442
22410.568464750588
22726.970476887825
23042.89687428646
23358.27300999346
23673.023368151782
23987.062060454893
24300.327609125972
24612.758726417647
24924.294589050573
25234.86610171826
25544.420605488776
25852.90674423342
26160.25843974521
26466.41089616747
26771.338146971455
27074.97130380477
27377.22171352148
27678.004913464236
27977.2267250214
28274.767355155956
28570.45819787372
28864.107284528403
29155.477123674114
29444.256699916034
29730.047573480144
30012.51456543738
30291.636441010618
30567.183309849188
30828.373807847063
0.0
307.32296578744433
614.705273372987
922.1435832128129
1229.6370014541026
1537.1847618930192
1844.7867099438208
2152.443542888963
2460.1560310325262
2767.9252553109054
3075.7524876971365
3383.638760560633
3691.585195689835
3999.593120920763
4307.663468524481
4615.797508092227
4923.9965380559415
5232.261165656997
5540.592815412859
5848.779154607099
6157.220848520184
6465.734673068535
6774.3210774571835
7082.98126017805
7391.716556644849
7700.52852074135
8009.41879948504
8318.389154613933
8627.441332545803
8936.577138052022
9245.797974134168
9555.105670671026
9864.502182863578
10173.989402847796
10483.568943370825
10793.242468668886
11103.011717346892
11412.878426441037
11722.84450781399
12032.911472610658
12343.081002594867
12653.354764468282
12963.734606180402
13274.222368331515
13584.820158029346
13895.530496533054
14206.359819012958
14518.048098511428
14830.835310572016
15145.062983389062
15461.17075967457
15777.888615024447
16093.816402871318
16409.13550947534
16723.96157231235
17038.459023099065
17352.788410096073
17667.080879240435
17981.448619275772
18295.997102055844
18610.818195064636
18925.983306449252
19241.53087825754
19557.481239537225
19873.83017493975
20190.538914008703
20507.540931644504
20824.755603377616
21142.09341474895
21459.44627105248
21776.706091734668
22093.778025825442
22410.568464750588
22726.970476887825
23042.89687428646
23358.27300999346
23673.023368151782
23987.062060454893
24300.327609125972
24612.758726417647
24924.294589050573
25234.86610171826
25544.420605488776
25852.90674423342
26160.25843974521
26466.41089616747
26771.338146971455
27074.97130380477
27377.22171352148
27678.004913464236
27977.2267250214
28274.767355155956
28570.45819787372
28864.107284528403
29155.477123674114
29444.256699916034
29730.047573480144
30012.51456543738
30291.636441010618
30567.183309849188
30828.373807847063
401.0507967169305
398.588039910651
392.6142466826833
386.4034290789044
380.1956628682222
374.0982296883336
368.1489828296043
362.3822281154245
356.8150858142246
351.4614904460926
346.3214069885105
341.3876484278459
336.6606756691878
332.1418854518939
327.8286647996365
323.7172696390705
319.8002443547953
316.0693159296794
312.55042539917
309.1885824185755
289.1477600056057
286.5733671031285
283.9800320350272
281.4903248023792
279.1169357157888
276.8703544132429
274.7513456493456
272.754736925196
270.8769728436617
269.1118963173285
267.4549474554649
265.9025141852181
264.4478750890666
263.0855815746069
261.8092523975907
260.6139348638335
259.4948907350751
258.4474246458335
257.4653436735525
256.5442005693784
255.677920487367
254.8633513099923
254.0982305348229
253.3788084381822
252.700754332781
252.0622956247688
251.4603260681038
250.9074982205501
250.4288134945703
249.9974258664878
249.6163201702015
249.2906267651767
249.0159760933649
248.7804308820646
248.5731991774778
248.4004577220694
248.2484429276426
248.1113590054312
247.984396170067
247.8635124075351
247.7450361000139
247.6258871682791
247.5034955676922
247.3750039220448
247.238914321136
247.0941510649164
246.9402543015699
246.7770847252847
246.6055394931165
246.4268447254603
246.2421850738997
246.0530375447347
245.8612464329985
245.6683512483429
245.4752384633132
245.2832229003807
245.0936710622743
244.9076447117364
244.7251698043728
244.5474190718156
244.3749423332503
244.2080951963261
244.0467363805743
243.8914800638181
243.7424937580565
243.5995151366721
243.462477655182
243.3315536132049
243.2066663546409
243.0871474320112
242.9729445799496
242.8638866565221
242.7595931413831
242.6591249878145
242.562191051866
242.468413232892
242.377092589447
242.2878001700342
242.2018752758467
242.1208389436604
242.0446462282427
401.0504714843534
399.2932831033959
394.611992268988
389.6076681668449
384.5409189260075
379.5181462868998
374.6079468530559
369.8457832584911
365.232734709073
360.7834374389118
356.5017498526075
352.3926369162327
348.4640326799674
344.7146283133784
341.1389963207849
337.7436515467596
334.5239246239926
331.4717238854056
328.5805979778448
325.8223529363046
323.164075903872
320.7799007438232
318.4786383193228
316.304949208337
314.2528052518339
312.3173016390447
310.4931551147468
308.7738029830563
307.1531555269824
305.6244440735554
304.1830154450367
302.8227714823811
301.5385901752225
300.3255400153447
299.1787268678945
298.0942149496714
297.0682810173833
296.0974611412533
295.1771407336486
294.3039285986146
293.4773336561022
292.6943067934188
291.9515414049582
291.2471792164541
290.578750509478
289.9454220009672
289.3447693639877
288.7899890149729
288.3087822339151
287.875834581537
287.4934374507716
287.1661118716755
286.8891490210876
286.6504821970166
286.4392574945021
286.2642365603654
286.108686002694
285.9664969931529
285.8325796505554
285.7027158289829
285.5729714810715
285.4401272085668
285.3016391112816
285.1546944202125
284.9979840032692
284.8307276009622
284.6528662985672
284.4646271900638
284.2672961734715
284.0624835568704
283.8517201835223
283.6367409709138
283.4195972492752
283.2019992825996
282.9849567673618
282.7698630303307
282.5581621517734
282.3509859822869
282.1483679219643
281.9515113212443
281.7609949575013
281.5771727704039
281.3998847737226
281.2297339233023
281.0668752230239
280.9110171563268
280.7620479659281
280.6201069686267
280.4850943322445
280.3562888068817
280.2335993184214
280.1168232534128
280.0055509017368
279.89879026416
279.7962237356179
279.6974465341628
279.6017348396234
279.5086230065105
279.419400850699
279.3355178634607
279.2568912331683
401.0507967169305
398.588039910651
392.6142466826833
386.4034290789044
380.1956628682222
374.0982296883336
368.1489828296043
362.3822281154245
356.8150858142246
351.4614904460926
346.3214069885105
341.3876484278459
336.6606756691878
332.1418854518939
327.8286647996365
323.7172696390705
319.8002443547953
316.0693159296794
312.55042539917
309.1885824185755
289.1477600056057
286.5733671031285
283.9800320350272
281.4903248023792
279.1169357157888
276.8703544132429
274.7513456493456
272.754736925196
270.8769728436617
269.1118963173285
267.4549474554649
265.9025141852181
264.4478750890666
263.0855815746069
261.8092523975907
260.6139348638335
259.4948907350751
258.4474246458335
257.4653436735525
256.5442005693784
255.677920487367
254.8633513099923
254.0982305348229
253.3788084381822
252.700754332781
252.0622956247688
251.4603260681038
250.9074982205501
250.4288134945703
249.9974258664878
249.6163201702015
249.2906267651767
249.0159760933649
248.7804308820646
248.5731991774778
248.4004577220694
248.2484429276426
248.1113590054312
247.984396170067
247.8635124075351
247.7450361000139
247.6258871682791
247.5034955676922
247.3750039220448
247.238914321136
247.0941510649164
246.9402543015699
246.7770847252847
246.6055394931165
246.4268447254603
246.2421850738997
246.0530375447347
245.8612464329985
245.6683512483429
245.4752384633132
245.2832229003807
245.0936710622743
244.9076447117364
244.7251698043728
244.5474190718156
244.3749423332503
244.2080951963261
244.0467363805743
243.8914800638181
243.7424937580565
243.5995151366721
243.462477655182
243.3315536132049
243.2066663546409
243.0871474320112
242.9729445799496
242.8638866565221
242.7595931413831
242.6591249878145
242.562191051866
242.468413232892
242.377092589447
242.2878001700342
242.2018752758467
242.1208389436604
242.0446462282427
401.0504714843534
399.2932831033959
394.611992268988
389.6076681668449
384.5409189260075
379.5181462868998
374.6079468530559
369.8457832584911
365.232734709073
360.7834374389118
356.5017498526075
352.3926369162327
348.4640326799674
344.7146283133784
341.1389963207849
337.7436515467596
334.5239246239926
331.4717238854056
328.5805979778448
325.8223529363046
323.164075903872
320.7799007438232
318.4786383193228
316.304949208337
314.2528052518339
312.3173016390447
310.4931551147468
308.7738029830563
307.1531555269824
305.6244440735554
304.1830154450367
302.8227714823811
301.5385901752225
300.3255400153447
299.1787268678945
298.0942149496714
297.0682810173833
296.0974611412533
295.1771407336486
294.3039285986146
293.4773336561022
292.6943067934188
291.9515414049582
291.2471792164541
290.578750509478
289.9454220009672
289.3447693639877
288.7899890149729
288.3087822339151
287.875834581537
287.4934374507716
287.1661118716755
286.8891490210876
286.6504821970166
286.4392574945021
286.2642365603654
286.108686002694
285.9664969931529
285.8325796505554
285.7027158289829
285.5729714810715
285.4401272085668
285.3016391112816
285.1546944202125
284.9979840032692
284.8307276009622
284.6528662985672
284.4646271900638
284.2672961734715
284.0624835568704
283.8517201835223
283.6367409709138
283.4195972492752
283.2019992825996
282.9849567673618
282.7698630303307
282.5581621517734
282.3509859822869
282.1483679219643
281.9515113212443
281.7609949575013
281.5771727704039
281.3998847737226
281.2297339233023
281.0668752230239
280.9110171563268
280.7620479659281
280.6201069686267
280.4850943322445
280.3562888068817
280.2335993184214
280.1168232534128
280.0055509017368
279.89879026416
279.7962237356179
279.6974465341628
279.6017348396234
279.5086230065105
279.419400850699
279.3355178634607
279.2568912331683
0.0
0.0
0.0
0.0
0.0
0.0
0.0
0.0
0.0
0.0
0.0
0.0
0.0
0.0
0.0
0.0
0.0
0.0
0.0
0.0
0.0
0.0
0.0
0.0
0.0
0.0
0.0
0.0
0.0
0.0
0.0
0.0
0.0
0.0
0.0
0.0
0.0
0.0
0.0
0.0
0.0
0.0
0.0
0.0
0.0
0.0
0.0
0.0
0.0
0.0
0.0
0.0
0.0
0.0
0.0
0.0
0.0
0.0
0.0
0.0
0.0
0.0
0.0
0.0
0.0
0.0
0.0
0.0
0.0
0.0
0.0
0.0
0.0
0.0
0.0
0.0
0.0
0.0
0.0
0.0
0.0
0.0
0.0
0.0
0.0
0.0
0.0
0.0
0.0
0.0
0.0
0.0
0.0
0.0
0.0
0.0
0.0
0.0
0.0
0.0
0.0
0.0
0.0
0.0
0.0
0.0
0.0
0.0
0.0
0.0
0.0
0.0
0.0
0.0
0.0
0.0
0.0
0.0
0.0
0.0
0.0
0.0
0.0
0.0
0.0
0.0
0.0
0.0
0.0
0.0
0.0
0.0
0.0
0.0
0.0
0.0
0.0
0.0
0.0
0.0
0.0
0.0
0.0
0.0
0.0
0.0
0.0
0.0
0.0
0.0
0.0
0.0
0.0
0.0
0.0
0.0
0.0
0.0
0.0
0.0
0.0
0.0
0.0
0.0
0.0
0.0
0.0
0.0
0.0
0.0
0.0
0.0
0.0
0.0
0.0
0.0
0.0
0.0
0.0
0.0
0.0
0.0
0.0
0.0
0.0
0.0
0.0
0.0
0.0
0.0
0.0
0.0
0.0
0.0
0.0
0.0
0.0
0.0
0.0
0.0
0.0
0.0
312.320945178661
301.7372492764659
289.3883016950154
277.6420216543674
266.3933219237275
255.5632537705832
245.0502651226351
234.8194641185305
224.8651829264856
215.1997970917437
205.8446805748238
196.8096198345296
188.1076411000844
179.7548460688257
171.7658646489043
164.1408252776338
156.8784453988607
149.9826805665972
143.438723330659
137.2293765973249
100.5401319289968
93.61462973037067
86.93670534773256
80.56967745766224
74.51398778055044
68.76890655509764
63.33576479890827
58.21354541668386
53.40226914758341
48.898427924106
44.70227890994102
40.80265186323019
37.19722467032912
33.88450169264709
30.85682801577352
28.10150239972528
25.60637917995007
23.35932582670178
21.34517376511143
19.55043926396575
17.95231918440535
16.53226556784928
15.27235440312102
14.15805793549642
13.17435409649034
12.31206904148743
11.5640672595696
10.95593318522436
10.43113792897821
9.969318050230106
9.57195549690708
9.232304132774754
8.935261125290559
8.667424971152197
8.41985671448194
8.201927821034534
8.001478280435224
7.814994036566308
7.63938731710172
7.471830668740795
7.309409742675846
7.149450734161126
6.989521625687223
6.826595135286207
6.65865854724268
6.484274393340038
6.302442277142256
6.11243898980756
5.914675374734643
5.709884326665722
5.498872341727999
5.282793115255909
5.063314656122826
4.841632821272634
4.618653360133338
4.395579468680804
4.173747215845337
3.95418638935178
3.7370397855886
3.523444954578909
3.314171838763117
3.109474116595426
2.909507374555576
2.714795814074276
2.525735843166173
2.342194713612023
2.164076495596465
1.991747101735949
1.825203793066683
1.663848703175509
1.507684917509902
1.35661876174752
1.21032581740077
1.067983776959071
0.929331803961828
0.7940854531726004
0.6617360785700338
0.5322294309896956
0.4051736578203645
0.2697325828128391
0.0
261.7882618202514
251.4544234492071
239.545975004012
227.833232948359
216.3605315651738
205.1929090991098
194.3448758718
183.8102775827241
173.5991496846216
163.7204281337786
154.177612337305
144.9928459532516
136.1684340683867
127.6997350249072
119.5885746176404
111.8256422005041
104.4123759363411
97.33877205005466
90.59723469738199
84.13686545722032
78.14521275611857
72.49414678987948
67.125960405811
62.08248530731188
57.35292700708031
52.93270048638064
48.81426352077583
44.98679770983443
41.44268920699954
38.17044578091926
35.15798842744893
32.38502258858846
29.83622203329162
27.4990131619602
25.36107451395283
23.40598848509801
21.61828727937176
19.98445329516772
18.49057167371078
17.12833482145549
15.88837554485131
14.76243350526319
13.7420551344823
12.81982838035812
11.98731755556193
11.23992867890664
10.57544589234904
10.02454439296073
9.547707014168925
9.13077710077566
8.775384156314322
8.47488556181429
8.214520597380456
7.981187887316838
7.76605068158025
7.57944215841476
7.408971714957382
7.251188406235639
7.103006703297246
6.961771809136919
6.82462920518083
6.688919396677885
6.552237575904648
6.411732104385218
6.265338117639775
6.111651464754904
5.949689728308819
5.778814985269038
5.599423530388481
5.412232649965388
5.218098009498691
5.018184206411938
4.814160161693318
4.607204529710774
4.39829067882474
4.188638685783175
3.979585051242793
3.772167378811777
3.566592624941852
3.36401337810111
3.16520490932875
2.970459346464162
2.77997246706718
2.594274512046844
2.413777154740789
2.238388603056639
2.068046964932511
1.903129049322856
1.743653129314206
1.589079117876461
1.439425265328942
1.294623628342269
1.154386206131846
1.017947872658781
0.8850767881749791
0.7555227568784016
0.6288435818674273
0.5050640562536771
0.3839946928040706
0.2556562116753723
0.0
312.320945178661
301.7372492764659
289.3883016950154
277.6420216543674
266.3933219237275
255.5632537705832
245.0502651226351
234.8194641185305
224.8651829264856
215.1997970917437
205.8446805748238
196.8096198345296
188.1076411000844
179.7548460688257
171.7658646489043
164.1408252776338
156.8784453988607
149.9826805665972
143.438723330659
137.2293765973249
100.5401319289968
93.61462973037067
86.93670534773256
80.56967745766224
74.51398778055044
68.76890655509764
63.33576479890827
58.21354541668386
53.40226914758341
48.898427924106
44.70227890994102
40.80265186323019
37.19722467032912
33.88450169264709
30.85682801577352
28.10150239972528
25.60637917995007
23.35932582670178
21.34517376511143
19.55043926396575
17.95231918440535
16.53226556784928
15.27235440312102
14.15805793549642
13.17435409649034
12.31206904148743
11.5640672595696
10.95593318522436
10.43113792897821
9.969318050230106
9.57195549690708
9.232304132774754
8.935261125290559
8.667424971152197
8.41985671448194
8.201927821034534
8.001478280435224
7.814994036566308
7.63938731710172
7.471830668740795
7.309409742675846
7.149450734161126
6.989521625687223
6.826595135286207
6.65865854724268
6.484274393340038
6.302442277142256
6.11243898980756
5.914675374734643
5.709884326665722
5.498872341727999
5.282793115255909
5.063314656122826
4.841632821272634
4.618653360133338
4.395579468680804
4.173747215845337
3.95418638935178
3.7370397855886
3.523444954578909
3.314171838763117
3.109474116595426
2.909507374555576
2.714795814074276
2.525735843166173
2.342194713612023
2.164076495596465
1.991747101735949
1.825203793066683
1.663848703175509
1.507684917509902
1.35661876174752
1.21032581740077
1.067983776959071
0.929331803961828
0.7940854531726004
0.6617360785700338
0.5322294309896956
0.4051736578203645
0.2697325828128391
0.0
261.7882618202514
251.4544234492071
239.545975004012
227.833232948359
216.3605315651738
205.1929090991098
194.3448758718
183.8102775827241
173.5991496846216
163.7204281337786
154.177612337305
144.9928459532516
136.1684340683867
127.6997350249072
119.5885746176404
111.8256422005041
104.4123759363411
97.33877205005466
90.59723469738199
84.13686545722032
78.14521275611857
72.49414678987948
67.125960405811
62.08248530731188
57.35292700708031
52.93270048638064
48.81426352077583
44.98679770983443
41.44268920699954
38.17044578091926
35.15798842744893
32.38502258858846
29.83622203329162
27.4990131619602
25.36107451395283
23.40598848509801
21.61828727937176
19.98445329516772
18.49057167371078
17.12833482145549
15.88837554485131
14.76243350526319
13.7420551344823
12.81982838035812
11.98731755556193
11.23992867890664
10.57544589234904
10.02454439296073
9.547707014168925
9.13077710077566
8.775384156314322
8.47488556181429
8.214520597380456
7.981187887316838
7.76605068158025
7.57944215841476
7.408971714957382
7.251188406235639
7.103006703297246
6.961771809136919
6.82462920518083
6.688919396677885
6.552237575904648
6.411732104385218
6.265338117639775
6.111651464754904
5.949689728308819
5.778814985269038
5.599423530388481
5.412232649965388
5.218098009498691
5.018184206411938
4.814160161693318
4.607204529710774
4.39829067882474
4.188638685783175
3.979585051242793
3.772167378811777
3.566592624941852
3.36401337810111
3.16520490932875
2.970459346464162
2.77997246706718
2.594274512046844
2.413777154740789
2.238388603056639
2.068046964932511
1.903129049322856
1.743653129314206
1.589079117876461
1.439425265328942
1.294623628342269
1.154386206131846
1.017947872658781
0.8850767881749791
0.7555227568784016
0.6288435818674273
0.5050640562536771
0.3839946928040706
0.2556562116753723
0.0
0.0
0.0
0.0
0.0
0.0
0.0
0.0
0.0
0.0
0.0
0.0
0.0
0.0
0.0
0.0
0.0
0.0
0.0
0.0
0.0
0.0
0.0
0.0
0.0
0.0
0.0
0.0
0.0
0.0
0.0
0.0
0.0
0.0
0.0
0.0
0.0
0.0
0.0
0.0
0.0
0.0
0.0
0.0
0.0
0.0
0.0
0.0
0.0
0.0
0.0
0.0
0.0
0.0
0.0
0.0
0.0
0.0
0.0
0.0
0.0
0.0
0.0
0.0
0.0
0.0
0.0
0.0
0.0
0.0
0.0
0.0
0.0
0.0
0.0
0.0
0.0
0.0
0.0
0.0
0.0
0.0
0.0
0.0
0.0
0.0
0.0
0.0
0.0
0.0
0.0
0.0
0.0
0.0
0.0
0.0
0.0
0.0
0.0
0.0
0.0
0.0
0.0
0.0
0.0
0.0
0.0
0.0
0.0
0.0
0.0
0.0
0.0
0.0
0.0
0.0
0.0
0.0
0.0
0.0
0.0
0.0
0.0
0.0
0.0
0.0
0.0
0.0
0.0
0.0
0.0
0.0
0.0
0.0
0.0
0.0
0.0
0.0
0.0
0.0
0.0
0.0
0.0
0.0
0.0
0.0
0.0
0.0
0.0
0.0
0.0
0.0
0.0
0.0
0.0
0.0
0.0
0.0
0.0
0.0
0.0
0.0
0.0
0.0
0.0
0.0
0.0
0.0
0.0
0.0
0.0
0.0
0.0
0.0
0.0
0.0
0.0
0.0
0.0
0.0
0.0
0.0
0.0
0.0
0.0
0.0
0.0
0.0
0.0
0.0
0.0
0.0
0.0
0.0
0.0
0.0
0.0
0.0
0.0
0.0
0.0
0.0
0.0
-88.72985153826956
-96.8507906341851
-103.2259449876678
-108.761407424537
-113.8023409444947
-118.5349759177504
-123.0987177069693
-127.562763996894
-131.949902887739
-136.2616933543489
-140.4767264136868
-144.5780285933163
-148.5530345691034
-152.3870393830682
-156.0628001507322
-159.5764443614368
-162.9217989559347
-166.0866353630821
-169.111702068511
-171.9592058212505
-188.607628076609
-192.9587373727579
-197.0433266872947
-200.9206473447169
-204.6029479352383
-208.1014478581453
-211.4155808504373
-214.5411915085121
-217.4747036960783
-220.2134683932225
-222.7526685455239
-225.099862321988
-227.2506504187375
-229.2010798819598
-230.9524243818172
-232.5124324641083
-233.8885115551251
-235.0880988191317
-236.1201699084411
-236.9937613054126
-237.7256013029617
-238.3310857421431
-238.8258761317019
-239.2207505026858
-239.5264002362906
-239.7502265832814
-239.8962588085342
-239.9515650353257
-239.9976755655921
-240.0281078162577
-240.0443646732945
-240.058322632402
-240.0807149680743
-240.1130059109124
-240.1533424629958
-240.1985299010348
-240.2469646472074
-240.2963649688648
-240.3450088529653
-240.3916817387942
-240.4356263573381
-240.476436434118
-240.513973942005
-240.5484087867586
-240.5802557738933
-240.6098766715764
-240.6378120244276
-240.6646457354771
-240.6908641183819
-240.7169603987946
-240.7433127321716
-240.7702444294788
-240.7979317768757
-240.8267184270703
-240.8565851031799
-240.8876434316999
-240.9199238464289
-240.9534583223846
-240.9881300187842
-241.0239741172367
-241.0607704944872
-241.0986210797307
-241.1372290060187
-241.1766842497438
-241.2167579148904
-241.2573204230601
-241.2984011595855
-241.339806511469
-241.3814625615742
-241.4232987288357
-241.4652596624398
-241.5072678947746
-241.5492673239823
-241.5911412108554
-241.6328592479042
-241.6743277797194
-241.7153565108769
-241.7555707390445
-241.7967016180263
-241.8511063608475
-242.0446462282427
-139.262209664102
-147.8388596541887
-155.066017264976
-161.7744352184858
-168.1803873608337
-174.32523718779
-180.2630709812559
-186.0355056757669
-191.6335850244514
-197.0630093051332
-202.3241375153026
-207.399790962981
-212.2955986115807
-217.0148932884712
-221.5504217031446
-225.9180093462555
-230.1115486876515
-234.1329518353509
-237.9833632804629
-241.6854874790843
-245.0188631477534
-248.2857539539438
-251.3526779135118
-254.2224639010251
-256.8998782447535
-259.384601152664
-261.678891593971
-263.7870052732219
-265.7104663199829
-267.4539982926361
-269.0250270175878
-270.4377488937927
-271.7023681419309
-272.8265268533846
-273.8176523539417
-274.6882264645734
-275.4499937380115
-276.1130078460856
-276.6865690599378
-277.1755937771591
-277.5889581112509
-277.9318732881556
-278.2094862704759
-278.427350836096
-278.5914329539161
-278.7054933220605
-278.7693234716387
-278.7654446220122
-278.7610752197462
-278.7450574807614
-278.7180532944573
-278.6912263098612
-278.6746284237072
-278.6692943096997
-278.6732068129218
-278.6847944019507
-278.6997142877366
-278.7153085869173
-278.7295729472581
-278.740944019846
-278.7483422758907
-278.751207811889
-278.749401535377
-278.7429623158273
-278.7326458856294
-278.7190761362073
-278.7031765702583
-278.6858122047948
-278.667872643083
-278.650250906905
-278.6336221740236
-278.6185567645018
-278.6054370875819
-278.5947947528888
-278.5866660885371
-278.5812243445475
-278.5785771005306
-278.578818603475
-278.5817752970225
-278.5874979431432
-278.5957900481725
-278.6067134239397
-278.6199123066554
-278.6354594112554
-278.6530980682831
-278.6726285532702
-278.6940010009956
-278.7169779193039
-278.7414412029303
-278.7672096890053
-278.7941740530924
-278.8221996250706
-278.8511646956049
-278.8808423915012
-278.9111469474429
-278.9419237772845
-278.9728912577559
-279.0035589502568
-279.0354061578949
-279.0798616517853
-279.2568912331683
88.72985153826956
96.8507906341851
103.2259449876678
108.761407424537
113.8023409444947
118.5349759177504
123.0987177069693
127.562763996894
131.949902887739
136.2616933543489
140.4767264136868
144.5780285933163
148.5530345691034
152.3870393830682
156.0628001507322
159.5764443614368
162.9217989559347
166.0866353630821
169.111702068511
171.9592058212505
188.607628076609
192.9587373727579
197.0433266872947
200.9206473447169
204.6029479352383
208.1014478581453
211.4155808504373
214.5411915085121
217.4747036960783
220.2134683932225
222.7526685455239
225.099862321988
227.2506504187375
229.2010798819598
230.9524243818172
232.5124324641083
233.8885115551251
235.0880988191317
236.1201699084411
236.9937613054126
237.7256013029617
238.3310857421431
238.8258761317019
239.2207505026858
239.5264002362906
239.7502265832814
239.8962588085342
239.9515650353257
239.9976755655921
240.0281078162577
240.0443646732945
240.058322632402
240.0807149680743
240.1130059109124
240.1533424629958
240.1985299010348
240.2469646472074
240.2963649688648
240.3450088529653
240.3916817387942
240.4356263573381
240.476436434118
240.513973942005
240.5484087867586
240.5802557738933
240.6098766715764
240.6378120244276
240.6646457354771
240.6908641183819
240.7169603987946
240.7433127321716
240.7702444294788
240.7979317768757
240.8267184270703
240.8565851031799
240.8876434316999
240.9199238464289
240.9534583223846
240.9881300187842
241.0239741172367
241.0607704944872
241.0986210797307
241.1372290060187
241.1766842497438
241.2167579148904
241.2573204230601
241.2984011595855
241.339806511469
241.3814625615742
241.4232987288357
241.4652596624398
241.5072678947746
241.5492673239823
241.5911412108554
241.6328592479042
241.6743277797194
241.7153565108769
241.7555707390445
241.7967016180263
241.8511063608475
242.0446462282427
139.262209664102
147.8388596541887
155.066017264976
161.7744352184858
168.1803873608337
174.32523718779
180.2630709812559
186.0355056757669
191.6335850244514
197.0630093051332
202.3241375153026
207.399790962981
212.2955986115807
217.0148932884712
221.5504217031446
225.9180093462555
230.1115486876515
234.1329518353509
237.9833632804629
241.6854874790843
245.0188631477534
248.2857539539438
251.3526779135118
254.2224639010251
256.8998782447535
259.384601152664
261.678891593971
263.7870052732219
265.7104663199829
267.4539982926361
269.0250270175878
270.4377488937927
271.7023681419309
272.8265268533846
273.8176523539417
274.6882264645734
275.4499937380115
276.1130078460856
276.6865690599378
277.1755937771591
277.5889581112509
277.9318732881556
278.2094862704759
278.427350836096
278.5914329539161
278.7054933220605
278.7693234716387
278.7654446220122
278.7610752197462
278.7450574807614
278.7180532944573
278.6912263098612
278.6746284237072
278.6692943096997
278.6732068129218
278.6847944019507
278.6997142877366
278.7153085869173
278.7295729472581
278.740944019846
278.7483422758907
278.751207811889
278.749401535377
278.7429623158273
278.7326458856294
278.7190761362073
278.7031765702583
278.6858122047948
278.667872643083
278.650250906905
278.6336221740236
278.6185567645018
278.6054370875819
278.5947947528888
278.5866660885371
278.5812243445475
278.5785771005306
278.578818603475
278.5817752970225
278.5874979431432
278.5957900481725
278.6067134239397
278.6199123066554
278.6354594112554
278.6530980682831
278.6726285532702
278.6940010009956
278.7169779193039
278.7414412029303
278.7672096890053
278.7941740530924
278.8221996250706
278.8511646956049
278.8808423915012
278.9111469474429
278.9419237772845
278.9728912577559
279.0035589502568
279.0354061578949
279.0798616517853
279.2568912331683
0.0
0.0
0.0
0.0
0.0
0.0
0.0
0.0
0.0
0.0
0.0
0.0
0.0
0.0
0.0
0.0
0.0
0.0
0.0
0.0
0.0
0.0
0.0
0.0
0.0
0.0
0.0
0.0
0.0
0.0
0.0
0.0
0.0
0.0
0.0
0.0
0.0
0.0
0.0
0.0
0.0
0.0
0.0
0.0
0.0
0.0
0.0
0.0
0.0
0.0
0.0
0.0
0.0
0.0
0.0
0.0
0.0
0.0
0.0
0.0
0.0
0.0
0.0
0.0
0.0
0.0
0.0
0.0
0.0
0.0
0.0
0.0
0.0
0.0
0.0
0.0
0.0
0.0
0.0
0.0
0.0
0.0
0.0
0.0
0.0
0.0
0.0
0.0
0.0
0.0
0.0
0.0
0.0
0.0
0.0
0.0
0.0
0.0
0.0
0.0
0.0
0.0
0.0
0.0
0.0
0.0
0.0
0.0
0.0
0.0
0.0
0.0
0.0
0.0
0.0
0.0
0.0
0.0
0.0
0.0
0.0
0.0
0.0
0.0
0.0
0.0
0.0
0.0
0.0
0.0
0.0
0.0
0.0
0.0
0.0
0.0
0.0
0.0
0.0
0.0
0.0
0.0
0.0
0.0
0.0
0.0
0.0
0.0
0.0
0.0
0.0
0.0
0.0
0.0
0.0
0.0
0.0
0.0
0.0
0.0
0.0
0.0
0.0
0.0
0.0
0.0
0.0
0.0
0.0
0.0
0.0
0.0
0.0
0.0
0.0
0.0
0.0
0.0
0.0
0.0
0.0
0.0
0.0
0.0
0.0
0.0
0.0
0.0
0.0
0.0
0.0
0.0
0.0
0.0
0.0
0.0
0.0
0.0
0.0
0.0
0.0
0.0
-1.950222084509959
-1.575100428557944
-1.40733430175833
-1.319068821995228
-1.274856052998904
-1.265816231098909
-1.27514867993901
-1.290887704924155
-1.307174063418273
-1.316862945724094
-1.320753315506012
-1.319763285492151
-1.312709606300963
-1.298141219922468
-1.280246669595478
-1.257891691986981
-1.228353121903944
-1.212230218893166
-1.178424133965661
-7.117185643344922
-1.921965444980184
-1.864741526907231
-1.829964954463573
-1.797169929746616
-1.766162324806133
-1.731089434127444
-1.689698843424693
-1.6417737342386
-1.587301332572812
-1.524443482982067
-1.460178039886171
-1.386858112448569
-1.304006159437706
-1.214439427783967
-1.122350265455201
-1.027512797790689
-0.9299628716630163
-0.8309667818596655
-0.7307618295213048
-0.6362578482192411
-0.5473038644752927
-0.465176066350773
-0.3862698654445187
-0.3112147006885761
-0.2373139339594621
-0.1612916401994406
-0.0636600548953968
-0.0553356802233349
-0.038092322063716
-0.021233820629998
-0.0191303363696226
-0.0323771179452493
-0.0492558280225931
-0.0649103241339364
-0.0767133293152047
-0.0867457581638601
-0.0933381314925282
-0.0969606856289388
-0.0981454553299121
-0.0974875925155987
-0.0955100704125191
-0.0926798445556838
-0.0896924932252826
-0.0875113586393651
-0.0858682074561072
-0.0854331558113082
-0.086574727551863
-0.0892389400593092
-0.093705529422304
-0.0998260280057275
-0.1076283163962718
-0.1167299444533158
-0.128035430561917
-0.1401406201386895
-0.1537422841103885
-0.1685747259127673
-0.1847493790222236
-0.2015137390373846
-0.219778567618925
-0.2380185727672415
-0.258295291680717
-0.2779447486289434
-0.2996572813359059
-0.3210829735670823
-0.3428633940113035
-0.3663301354260709
-0.3895193276374353
-0.413417375828814
-0.4380267530665494
-0.4634810637536898
-0.4895075186215327
-0.5163051470658138
-0.5430557902878501
-0.570772638123403
-0.5985439516122089
-0.624746138102998
-0.6460012204048123
-0.6970432055656913
-0.9726723628481052
-3.650382388802024
0.0
-2.059659852663079
-1.785603676213435
-1.70554615882203
-1.676255342926138
-1.655272177324828
-1.64693945023195
-1.648888027293274
-1.647199229886879
-1.645998954253639
-1.643684567865298
-1.634526261604669
-1.625483641235014
-1.615820469174832
-1.601778995252438
-1.591393208573583
-1.576818883785397
-1.560808356398794
-1.542969317192306
-1.532104215278568
-1.4250151208948
-1.443046086564324
-1.400145773999752
-1.354442474059222
-1.306728885851169
-1.254373041085502
-1.198389428246589
-1.139642020491499
-1.076487031070837
-1.010495946023251
-0.9431885466608623
-0.8788475330778677
-0.8154440998114282
-0.7515831315936571
-0.6872787654609066
-0.6263359114979262
-0.5688086008322445
-0.513992205817766
-0.4617998905416357
-0.4090706459297609
-0.359376779925394
-0.3099646982851136
-0.2609972178295614
-0.2131171902535122
-0.1670695622189948
-0.1209335497681512
-0.0704999838344786
0.0044647374171089
0.0052435711573986
0.0200495480550303
0.0352713963678883
0.0367682148337141
0.023998913088572
0.0081365292899959
-0.0062960724008846
-0.0196718949273649
-0.0267212467596194
-0.0294642362362312
-0.0284328068015983
-0.0239115082965924
-0.0164124344348253
-0.0067063717237609
0.0044596840808405
0.0167722450896678
0.0283482019541838
0.0393374323414301
0.0486247695629613
0.0560233806775494
0.0610604962976266
0.0632754588697261
0.062991778775963
0.0602065530498681
0.055312599511866
0.0473342988988528
0.0381413739840412
0.0269372561361236
0.0138244331216606
-0.001330496980696
-0.0171844597699363
-0.035088480996872
-0.0536377532735348
-0.074541952568637
-0.0950209061013483
-0.1180781730704696
-0.1413265401967371
-0.1650856584449551
-0.1905849878024784
-0.2161545153826133
-0.2427869780126791
-0.2697973314892577
-0.2978358934636068
-0.3265723748526967
-0.3560718629786002
-0.3848853259729805
-0.4146170952808675
-0.4442232349469255
-0.4715430695876826
-0.492645704899872
-0.5397132337029803
-0.7947952336822758
-3.338979585317469
0.0
-1.950222084509959
-1.575100428557944
-1.40733430175833
-1.319068821995228
-1.274856052998904
-1.265816231098909
-1.27514867993901
-1.290887704924155
-1.307174063418273
-1.316862945724094
-1.320753315506012
-1.319763285492151
-1.312709606300963
-1.298141219922468
-1.280246669595478
-1.257891691986981
-1.228353121903944
-1.212230218893166
-1.178424133965661
-7.117185643344922
-1.921965444980184
-1.864741526907231
-1.829964954463573
-1.797169929746616
-1.766162324806133
-1.731089434127444
-1.689698843424693
-1.6417737342386
-1.587301332572812
-1.524443482982067
-1.460178039886171
-1.386858112448569
-1.304006159437706
-1.214439427783967
-1.122350265455201
-1.027512797790689
-0.9299628716630163
-0.8309667818596655
-0.7307618295213048
-0.6362578482192411
-0.5473038644752927
-0.465176066350773
-0.3862698654445187
-0.3112147006885761
-0.2373139339594621
-0.1612916401994406
-0.0636600548953968
-0.0553356802233349
-0.038092322063716
-0.021233820629998
-0.0191303363696226
-0.0323771179452493
-0.0492558280225931
-0.0649103241339364
-0.0767133293152047
-0.0867457581638601
-0.0933381314925282
-0.0969606856289388
-0.0981454553299121
-0.0974875925155987
-0.0955100704125191
-0.0926798445556838
-0.0896924932252826
-0.0875113586393651
-0.0858682074561072
-0.0854331558113082
-0.086574727551863
-0.0892389400593092
-0.093705529422304
-0.0998260280057275
-0.1076283163962718
-0.1167299444533158
-0.128035430561917
-0.1401406201386895
-0.1537422841103885
-0.1685747259127673
-0.1847493790222236
-0.2015137390373846
-0.219778567618925
-0.2380185727672415
-0.258295291680717
-0.2779447486289434
-0.2996572813359059
-0.3210829735670823
-0.3428633940113035
-0.3663301354260709
-0.3895193276374353
-0.413417375828814
-0.4380267530665494
-0.4634810637536898
-0.4895075186215327
-0.5163051470658138
-0.5430557902878501
-0.570772638123403
-0.5985439516122089
-0.624746138102998
-0.6460012204048123
-0.6970432055656913
-0.9726723628481052
-3.650382388802024
0.0
-2.059659852663079
-1.785603676213435
-1.70554615882203
-1.676255342926138
-1.655272177324828
-1.64693945023195
-1.648888027293274
-1.647199229886879
-1.645998954253639
-1.643684567865298
-1.634526261604669
-1.625483641235014
-1.615820469174832
-1.601778995252438
-1.591393208573583
-1.576818883785397
-1.560808356398794
-1.542969317192306
-1.532104215278568
-1.4250151208948
-1.443046086564324
-1.400145773999752
-1.354442474059222
-1.306728885851169
-1.254373041085502
-1.198389428246589
-1.139642020491499
-1.076487031070837
-1.010495946023251
-0.9431885466608623
-0.8788475330778677
-0.8154440998114282
-0.7515831315936571
-0.6872787654609066
-0.6263359114979262
-0.5688086008322445
-0.513992205817766
-0.4617998905416357
-0.4090706459297609
-0.359376779925394
-0.3099646982851136
-0.2609972178295614
-0.2131171902535122
-0.1670695622189948
-0.1209335497681512
-0.0704999838344786
0.0044647374171089
0.0052435711573986
0.0200495480550303
0.0352713963678883
0.0367682148337141
0.023998913088572
0.0081365292899959
-0.0062960724008846
-0.0196718949273649
-0.0267212467596194
-0.0294642362362312
-0.0284328068015983
-0.0239115082965924
-0.0164124344348253
-0.0067063717237609
0.0044596840808405
0.0167722450896678
0.0283482019541838
0.0393374323414301
0.0486247695629613
0.0560233806775494
0.0610604962976266
0.0632754588697261
0.062991778775963
0.0602065530498681
0.055312599511866
0.0473342988988528
0.0381413739840412
0.0269372561361236
0.0138244331216606
-0.001330496980696
-0.0171844597699363
-0.035088480996872
-0.0536377532735348
-0.074541952568637
-0.0950209061013483
-0.1180781730704696
-0.1413265401967371
-0.1650856584449551
-0.1905849878024784
-0.2161545153826133
-0.2427869780126791
-0.2697973314892577
-0.2978358934636068
-0.3265723748526967
-0.3560718629786002
-0.3848853259729805
-0.4146170952808675
-0.4442232349469255
-0.4715430695876826
-0.492645704899872
-0.5397132337029803
-0.7947952336822758
-3.338979585317469
0.0
0.0
0.0
0.0
0.0
0.0
0.0
0.0
0.0
0.0
0.0
0.0
0.0
0.0
0.0
0.0
0.0
0.0
0.0
0.0
0.0
0.0
0.0
0.0
0.0
0.0
0.0
0.0
0.0
0.0
0.0
0.0
0.0
0.0
0.0
0.0
0.0
0.0
0.0
0.0
0.0
0.0
0.0
0.0
0.0
0.0
0.0
0.0
0.0
0.0
0.0
0.0
0.0
0.0
0.0
0.0
0.0
0.0
0.0
0.0
0.0
0.0
0.0
0.0
0.0
0.0
0.0
0.0
0.0
0.0
0.0
0.0
0.0
0.0
0.0
0.0
0.0
0.0
0.0
0.0
0.0
0.0
0.0
0.0
0.0
0.0
0.0
0.0
0.0
0.0
0.0
0.0
0.0
0.0
0.0
0.0
0.0
0.0
0.0
0.0
0.0
0.0
0.0
0.0
0.0
0.0
0.0
0.0
0.0
0.0
0.0
0.0
0.0
0.0
0.0
0.0
0.0
0.0
0.0
0.0
0.0
0.0
0.0
0.0
0.0
0.0
0.0
0.0
0.0
0.0
0.0
0.0
0.0
0.0
0.0
0.0
0.0
0.0
0.0
0.0
0.0
0.0
0.0
0.0
0.0
0.0
0.0
0.0
0.0
0.0
0.0
0.0
0.0
0.0
0.0
0.0
0.0
0.0
0.0
0.0
0.0
0.0
0.0
0.0
0.0
0.0
0.0
0.0
0.0
0.0
0.0
0.0
0.0
0.0
0.0
0.0
0.0
0.0
0.0
0.0
0.0
0.0
0.0
0.0
0.0
0.0
0.0
0.0
0.0
0.0
0.0
0.0
0.0
0.0
0.0
0.0
0.0
0.0
0.0
0.0
0.0
0.0
0.0
1.0
1.0
1.0
1.0
1.0
1.0
1.0
1.0
1.0
1.0
1.0
1.0
1.0
1.0
1.0
1.0
1.0
1.0
1.0
1.0
1.0
1.0
1.0
1.0
1.0
1.0
1.0
1.0
1.0
1.0
1.0
1.0
1.0
1.0
1.0
1.0
1.0
1.0
1.0
1.0
1.0
1.0
1.0
1.0
1.0
1.0
1.0
0.0
0.0
0.0
0.0
0.0
0.0
0.0
0.0
0.0
0.0
0.0
0.0
0.0
0.0
0.0
0.0
0.0
0.0
0.0
0.0
0.0
0.0
0.0
0.0
0.0
0.0
0.0
0.0
0.0
0.0
0.0
0.0
0.0
0.0
0.0
0.0
0.0
0.0
0.0
0.0
0.0
0.0
0.0
0.0
0.0
0.0
0.0
0.0
0.0
0.0
1.0
1.0
1.0
1.0
1.0
1.0
1.0
1.0
1.0
1.0
1.0
1.0
1.0
1.0
1.0
1.0
1.0
1.0
1.0
1.0
1.0
1.0
1.0
1.0
1.0
1.0
1.0
1.0
1.0
1.0
1.0
1.0
1.0
1.0
1.0
1.0
1.0
1.0
1.0
1.0
1.0
1.0
1.0
1.0
1.0
1.0
1.0
1.0
1.0
1.0
1.0
0.0
0.0
0.0
0.0
0.0
0.0
0.0
0.0
0.0
0.0
0.0
0.0
0.0
0.0
0.0
0.0
0.0
0.0
0.0
0.0
0.0
0.0
0.0
0.0
0.0
0.0
0.0
0.0
0.0
0.0
0.0
0.0
0.0
0.0
0.0
0.0
0.0
0.0
0.0
0.0
0.0
0.0
0.0
0.0
0.0
0.0
0.0
0.0
0.0
0.0
1.0
1.0
1.0
1.0
1.0
1.0
1.0
1.0
1.0
1.0
1.0
1.0
1.0
1.0
1.0
1.0
1.0
1.0
1.0
1.0
0.93
0.93
0.93
0.93
0.93
0.93
0.93
0.93
0.93
0.93
0.93
0.93
0.93
0.93
0.93
0.93
0.93
0.93
0.93
0.93
0.93
0.93
0.93
0.93
0.93
0.93
0.93
0.93
0.93
0.4031544001224745
0.4031544001224745
0.4031544001224745
0.4031544001224745
0.4031544001224745
0.4031544001224745
0.4031544001224745
0.4031544001224745
0.4031544001224745
0.4031544001224745
0.4031544001224745
0.4031544001224745
0.4031544001224745
0.4031544001224745
0.4031544001224745
0.4031544001224745
0.4031544001224745
0.4031544001224745
0.4031544001224745
0.4031544001224745
0.4031544001224745
0.4031544001224745
0.4031544001224745
0.4031544001224745
0.4031544001224745
0.4031544001224745
0.4031544001224745
0.4031544001224745
0.4031544001224745
0.009706907863897751
0.009165059729760382
0.00803867255004852
0.007033966050365731
0.006141797369228926
0.005351466194770308
0.004652758096761386
0.004036425342041098
0.0034939233381127595
0.003017403752608636
0.0025997532293016547
0.0022344795496065492
0.0019157154145433705
0.0016381984234090563
0.0013971588448616077
0.0011883179298533997
0.0010078511170475103
0.0008522950446581337
0.0007185827932484328
0.0006010540864431329
0.0005016866805882714
0.0004217912941120205
0.0003510785357982093
0.00029119772145098515
0.0002406667763730443
0.00019817384328331525
0.00016256751513473718
0.0001328403993019776
0.00010811439177852526
8.762713646736882e-05
7.071823172224584e-05
5.682000703246944e-05
4.5445876410462726e-05
3.617812369360077e-05
2.866030076686336e-05
2.2590297597270268e-05
1.7713157088874137e-05
1.3814163844916897e-05
1.0713409197405976e-05
8.260637052433746e-06
6.331193979357445e-06
4.8222539983247725e-06
3.6492895326002724e-06
2.743194775038971e-06
2.0477993079822785e-06
1.5177341516062043e-06
1.1168738428039398e-06
1e-06
1e-06
1e-06
1e-06
1e-06
1e-06
1e-06
1e-06
1e-06
1e-06
1e-06
1e-06
1e-06
1e-06
1e-06
1e-06
1e-06
1e-06
1e-06
1e-06
1e-06
1e-06
1e-06
1e-06
1e-06
1e-06
1e-06
1e-06
1e-06
1e-06
1e-06
1e-06
1e-06
1e-06
1e-06
1e-06
1e-06
1e-06
1e-06
1e-06
1e-06
1e-06
1e-06
1e-06
1e-06
1e-06
1e-06
1e-06
1e-06
1e-06
1e-06
1e-06
1e-06
0.0017261594389514274
0.0016298037009209784
0.0014295005879796368
0.0012508356998278184
0.0010921831802331024
0.0009516402147679384
0.0008273903923362659
0.0007177892075911002
0.0006213171932420382
0.0005365786965038118
0.0004623087638849331
0.00039735289752183725
0.00034066772771766554
0.00029131745259065503
0.0002484538806371163
0.00021131613072383778
0.0001792240889830316
0.00015156187291937636
0.00012778409856419444
0.0001068842106241578
8.921390943808968e-05
7.500627736530777e-05
6.243157315165684e-05
5.178309123065365e-05
4.279727731046266e-05
3.524084651189998e-05
2.890904649052941e-05
2.3622734690005564e-05
1.9225759682863287e-05
1.5582553254059283e-05
1.2575677538603117e-05
1.0104184858410721e-05
8.081546629189946e-06
6.4334812458171555e-06
5.096602273923587e-06
4.017186108387747e-06
3.1498942537929867e-06
2.456544313231984e-06
1.905143498706867e-06
1.468972078414755e-06
1.1258631894453738e-06
8.575314995198814e-07
6.489456437093629e-07
4.878166786178157e-07
3.641559345276841e-07
2.6989553917142064e-07
1.9861137582692948e-07
1.778279410038923e-07
1.778279410038923e-07
1.778279410038923e-07
1.778279410038923e-07
1.778279410038923e-07
1.778279410038923e-07
1.778279410038923e-07
1.778279410038923e-07
1.778279410038923e-07
1.778279410038923e-07
1.778279410038923e-07
1.778279410038923e-07
1.778279410038923e-07
1.778279410038923e-07
1.778279410038923e-07
1.778279410038923e-07
1.778279410038923e-07
1.778279410038923e-07
1.778279410038923e-07
1.778279410038923e-07
1.778279410038923e-07
1.778279410038923e-07
1.778279410038923e-07
1.778279410038923e-07
1.778279410038923e-07
1.778279410038923e-07
1.778279410038923e-07
1.778279410038923e-07
1.778279410038923e-07
1.778279410038923e-07
1.778279410038923e-07
1.778279410038923e-07
1.778279410038923e-07
1.778279410038923e-07
1.778279410038923e-07
1.778279410038923e-07
1.778279410038923e-07
1.778279410038923e-07
1.778279410038923e-07
1.778279410038923e-07
1.778279410038923e-07
1.778279410038923e-07
1.778279410038923e-07
1.778279410038923e-07
1.778279410038923e-07
1.778279410038923e-07
1.778279410038923e-07
1.778279410038923e-07
1.778279410038923e-07
1.778279410038923e-07
1.778279410038923e-07
1.778279410038923e-07
1.778279410038923e-07
0.001392
0.001392
0.001392
0.001392
0.001392
0.001392
0.001392
0.001392
0.001392
0.001392
0.001392
0.001392
0.001392
0.001392
0.001392
0.001392
0.001392
0.001392
0.001392
0.001392
0.001392
0.001392
0.001392
0.001392
0.001392
0.001392
0.001392
0.001392
0.001392
0.001392
0.001392
0.001392
0.001392
0.001392
0.001392
0.001392
0.001392
0.001392
0.001392
0.001392
0.001392
0.001392
0.001392
0.001392
0.001392
0.001392
0.001392
0.001392
0.001392
0.001392
0.001392
0.001392
0.001392
0.001392
0.001392
0.001392
0.001392
0.001392
0.001392
0.001392
0.001392
0.001392
0.001392
0.001392
0.001392
0.001392
0.001392
0.001392
0.001392
0.001392
0.001392
0.001392
0.001392
0.001392
0.001392
0.001392
0.001392
0.001392
0.001392
0.001392
0.001392
0.001392
0.001392
0.001392
0.001392
0.001392
0.001392
0.001392
0.001392
0.001392
0.001392
0.001392
0.001392
0.001392
0.001392
0.001392
0.001392
0.001392
0.001392
0.001392
0.001392
0.001392
0.001392
0.001392
0.001392
0.001392
0.001392
0.001392
0.001392
0.001392
0.001392
0.001392
0.001392
0.001392
0.001392
0.001392
0.001392
0.001392
0.001392
0.001392
0.001392
0.001392
0.001392
0.001392
0.001392
0.001392
0.001392
0.001392
0.001392
0.001392
0.001392
0.001392
0.001392
0.001392
0.001392
0.001392
0.001392
0.001392
0.001392
0.001392
0.001392
0.001392
0.001392
0.001392
0.001392
0.001392
0.001392
0.001392
0.001392
0.001392
0.001392
0.001392
0.001392
0.001392
0.001392
0.001392
0.001392
0.001392
0.001392
0.001392
0.001392
0.001392
0.001392
0.001392
0.001392
0.001392
0.001392
0.001392
0.001392
0.001392
0.001392
0.001392
0.001392
0.001392
0.001392
0.001392
0.001392
0.001392
0.001392
0.001392
0.001392
0.001392
0.001392
0.001392
0.001392
0.001392
0.001392
0.001392
0.001392
0.001392
0.001392
0.001392
0.001392
0.001392
0.001392
0.001392
0.001392
0.001392
0.001392
0.001392
1.7322297340509496e-42
3.711078833378232e-41
7.2889829301663145e-40
1.3149441549071187e-38
2.1827860018407845e-37
3.340078856607049e-36
4.719659783990183e-35
6.16919279975193e-34
7.4722875910571e-33
8.400769070953085e-32
8.781045306822986e-31
8.547625315440906e-30
7.760973628105229e-29
6.583349104526265e-28
5.2253473192813286e-27
3.886762068681088e-26
2.7134482059547986e-25
1.7805805119737836e-24
1.0998752645479204e-23
6.404597642294908e-23
3.52063842183636e-22
1.829517238470514e-21
8.999768239730555e-21
4.196527546159341e-20
1.857321174443374e-19
7.812436607437913e-19
3.127110142556019e-18
1.1926196150104513e-17
4.3390847860176346e-17
1.5078479455683028e-16
5.010678755372086e-16
1.5941243759891594e-15
4.861074196124026e-15
1.422378905468393e-14
3.9980744364323515e-14
1.0807107709161197e-13
2.812242133766419e-13
7.052341439283161e-13
1.706064139076633e-12
3.985420347276723e-12
8.999045364777151e-12
1.9659866014800332e-11
4.1594541092148476e-11
8.530320110895753e-11
1.6973086387812954e-10
3.2795023463072254e-10
6.158624892823656e-10
1.1250123685841621e-09
2.0007356820134913e-09
3.4668441637620976e-09
5.857828593806157e-09
9.634438525487363e-09
1.540459002991265e-08
2.397987639103832e-08
3.63933953832477e-08
5.3920172025920165e-08
7.808674507523841e-08
1.1066662632004167e-07
1.536591336061275e-07
2.0925027049420264e-07
2.797557622786115e-07
3.675479031652697e-07
4.7496934864683363e-07
6.042382347380767e-07
7.573498872896328e-07
9.359808135353098e-07
1.141400613775196e-06
1.3743969383501605e-06
1.6352177155648632e-06
1.92353369532292e-06
2.2384230140155095e-06
2.578378113663239e-06
2.9413340558769862e-06
3.3247161507673327e-06
3.7255039370503116e-06
4.140307937712861e-06
4.565455283672999e-06
4.99708023049267e-06
5.431215757210487e-06
5.8638827869921304e-06
6.291174056112218e-06
6.709330229837497e-06
7.11480647368634e-06
7.504328295296645e-06
7.874936042800832e-06
8.224017955918322e-06
8.549332100133901e-06
8.84901786420611e-06
9.121597965194434e-06
9.365972086686651e-06
9.581403382162219e-06
9.767499116098254e-06
9.924186701468562e-06
1.0051686335029568e-05
1.0150481342204106e-05
1.0221287231573557e-05
1.0265020333881191e-05
1.0282766769574493e-05
1.0275752358387613e-05
1.0245313959022464e-05
1.7322297340509496e-42
3.711078833378232e-41
7.2889829301663145e-40
1.3149441549071187e-38
2.1827860018407845e-37
3.340078856607049e-36
4.719659783990183e-35
6.16919279975193e-34
7.4722875910571e-33
8.400769070953085e-32
8.781045306822986e-31
8.547625315440906e-30
7.760973628105229e-29
6.583349104526265e-28
5.2253473192813286e-27
3.886762068681088e-26
2.7134482059547986e-25
1.7805805119737836e-24
1.0998752645479204e-23
6.404597642294908e-23
3.52063842183636e-22
1.829517238470514e-21
8.999768239730555e-21
4.196527546159341e-20
1.857321174443374e-19
7.812436607437913e-19
3.127110142556019e-18
1.1926196150104513e-17
4.3390847860176346e-17
1.5078479455683028e-16
5.010678755372086e-16
1.5941243759891594e-15
4.861074196124026e-15
1.422378905468393e-14
3.9980744364323515e-14
1.0807107709161197e-13
2.812242133766419e-13
7.052341439283161e-13
1.706064139076633e-12
3.985420347276723e-12
8.999045364777151e-12
1.9659866014800332e-11
4.1594541092148476e-11
8.530320110895753e-11
1.6973086387812954e-10
3.2795023463072254e-10
6.158624892823656e-10
1.1250123685841621e-09
2.0007356820134913e-09
3.4668441637620976e-09
5.857828593806157e-09
9.634438525487363e-09
1.540459002991265e-08
2.397987639103832e-08
3.63933953832477e-08
5.3920172025920165e-08
7.808674507523841e-08
1.1066662632004167e-07
1.536591336061275e-07
2.0925027049420264e-07
2.797557622786115e-07
3.675479031652697e-07
4.7496934864683363e-07
6.042382347380767e-07
7.573498872896328e-07
9.359808135353098e-07
1.141400613775196e-06
1.3743969383501605e-06
1.6352177155648632e-06
1.92353369532292e-06
2.2384230140155095e-06
2.578378113663239e-06
2.9413340558769862e-06
3.3247161507673327e-06
3.7255039370503116e-06
4.140307937712861e-06
4.565455283672999e-06
4.99708023049267e-06
5.431215757210487e-06
5.8638827869921304e-06
6.291174056112218e-06
6.709330229837497e-06
7.11480647368634e-06
7.504328295296645e-06
7.874936042800832e-06
8.224017955918322e-06
8.549332100133901e-06
8.84901786420611e-06
9.121597965194434e-06
9.365972086686651e-06
9.581403382162219e-06
9.767499116098254e-06
9.924186701468562e-06
1.0051686335029568e-05
1.0150481342204106e-05
1.0221287231573557e-05
1.0265020333881191e-05
1.0282766769574493e-05
1.0275752358387613e-05
1.0245313959022464e-05
3.06e-07
3.06e-07
3.06e-07
3.06e-07
3.06e-07
3.06e-07
3.06e-07
3.06e-07
3.06e-07
3.06e-07
3.06e-07
3.06e-07
3.06e-07
3.06e-07
3.06e-07
3.06e-07
3.06e-07
3.06e-07
3.06e-07
3.06e-07
3.06e-07
3.06e-07
3.06e-07
3.06e-07
3.06e-07
3.06e-07
3.06e-07
3.06e-07
3.06e-07
3.06e-07
3.06e-07
3.06e-07
3.06e-07
3.06e-07
3.06e-07
3.06e-07
3.06e-07
3.06e-07
3.06e-07
3.06e-07
3.06e-07
3.06e-07
3.06e-07
3.06e-07
3.06e-07
3.06e-07
3.06e-07
3.06e-07
3.06e-07
3.06e-07
3.06e-07
3.06e-07
3.06e-07
3.06e-07
3.06e-07
3.06e-07
3.06e-07
3.06e-07
3.06e-07
3.06e-07
3.06e-07
3.06e-07
3.06e-07
3.06e-07
3.06e-07
3.06e-07
3.06e-07
3.06e-07
3.06e-07
3.06e-07
3.06e-07
3.06e-07
3.06e-07
3.06e-07
3.06e-07
3.06e-07
3.06e-07
3.06e-07
3.06e-07
3.06e-07
3.06e-07
3.06e-07
3.06e-07
3.06e-07
3.06e-07
3.06e-07
3.06e-07
3.06e-07
3.06e-07
3.06e-07
3.06e-07
3.06e-07
3.06e-07
3.06e-07
3.06e-07
3.06e-07
3.06e-07
3.06e-07
3.06e-07
3.06e-07
3.06e-07
3.06e-07
3.06e-07
3.06e-07
3.06e-07
3.06e-07
3.06e-07
3.06e-07
3.06e-07
3.06e-07
3.06e-07
3.06e-07
3.06e-07
3.06e-07
3.06e-07
3.06e-07
3.06e-07
3.06e-07
3.06e-07
3.06e-07
3.06e-07
3.06e-07
3.06e-07
3.06e-07
3.06e-07
3.06e-07
3.06e-07
3.06e-07
3.06e-07
3.06e-07
3.06e-07
3.06e-07
3.06e-07
3.06e-07
3.06e-07
3.06e-07
3.06e-07
3.06e-07
3.06e-07
3.06e-07
3.06e-07
3.06e-07
3.06e-07
3.06e-07
3.06e-07
3.06e-07
3.06e-07
3.06e-07
3.06e-07
3.06e-07
3.06e-07
3.06e-07
3.06e-07
3.06e-07
3.06e-07
3.06e-07
3.06e-07
3.06e-07
3.06e-07
3.06e-07
3.06e-07
3.06e-07
3.06e-07
3.06e-07
3.06e-07
3.06e-07
3.06e-07
3.06e-07
3.06e-07
3.06e-07
3.06e-07
3.06e-07
3.06e-07
3.06e-07
3.06e-07
3.06e-07
3.06e-07
3.06e-07
3.06e-07
3.06e-07
3.06e-07
3.06e-07
3.06e-07
3.06e-07
3.06e-07
3.06e-07
3.06e-07
3.06e-07
3.06e-07
3.06e-07
3.06e-07
3.06e-07
3.06e-07
3.06e-07
3.06e-07
3.06e-07
3.06e-07
3.06e-07
3.06e-07
3.06e-07
0.0
0.0
0.0
0.0
0.0
0.0
0.0
0.0
0.0
0.0
0.0
0.0
0.0
0.0
0.0
0.0
0.0
0.0
0.0
0.0
0.0
0.0
0.0
0.0
0.0
0.0
0.0
0.0
0.0
0.0
0.0
0.0
0.0
0.0
0.0
0.0
0.0
0.0
0.0
0.0
0.0
0.0
0.0
0.0
0.0
0.0
0.0
0.0
0.0
0.0
0.0
0.0
0.0
0.0
0.0
0.0
0.0
0.0
0.0
0.0
0.0
0.0
0.0
0.0
0.0
0.0
0.0
0.0
0.0
0.0
0.0
0.0
0.0
0.0
0.0
0.0
0.0
0.0
0.0
0.0
0.0
0.0
0.0
0.0
0.0
0.0
0.0
0.0
0.0
0.0
0.0
0.0
0.0
0.0
0.0
0.0
0.0
0.0
0.0
0.0
0.0
0.0
0.0
0.0
0.0
0.0
0.0
0.0
0.0
0.0
0.0
0.0
0.0
0.0
0.0
0.0
0.0
0.0
0.0
0.0
0.0
0.0
0.0
0.0
0.0
0.0
0.0
0.0
0.0
0.0
0.0
0.0
0.0
0.0
0.0
0.0
0.0
0.0
0.0
0.0
0.0
0.0
0.0
0.0
0.0
0.0
0.0
0.0
0.0
0.0
0.0
0.0
0.0
0.0
0.0
0.0
0.0
0.0
0.0
0.0
0.0
0.0
0.0
0.0
0.0
0.0
0.0
0.0
0.0
0.0
0.0
0.0
0.0
0.0
0.0
0.0
0.0
0.0
0.0
0.0
0.0
0.0
0.0
0.0
0.0
0.0
0.0
0.0
0.0
0.0
0.0
0.0
0.0
0.0
0.0
0.0
0.0
0.0
0.0
0.0
1.65e-06
1.65e-06
1.65e-06
1.65e-06
1.65e-06
1.65e-06
1.65e-06
1.65e-06
1.65e-06
1.65e-06
1.65e-06
1.65e-06
1.65e-06
1.65e-06
1.65e-06
1.65e-06
1.65e-06
1.65e-06
1.65e-06
1.65e-06
1.65e-06
1.65e-06
1.65e-06
1.65e-06
1.65e-06
1.65e-06
1.65e-06
1.65e-06
1.65e-06
1.65e-06
1.65e-06
1.65e-06
1.65e-06
1.65e-06
1.65e-06
1.65e-06
1.65e-06
1.65e-06
1.65e-06
1.65e-06
1.65e-06
1.65e-06
1.65e-06
1.65e-06
1.65e-06
1.65e-06
1.65e-06
1.65e-06
1.65e-06
1.65e-06
1.65e-06
1.65e-06
1.65e-06
1.65e-06
1.65e-06
1.65e-06
1.65e-06
1.65e-06
1.65e-06
1.65e-06
1.65e-06
1.65e-06
1.65e-06
1.65e-06
1.65e-06
1.65e-06
1.65e-06
1.65e-06
1.65e-06
1.65e-06
1.65e-06
1.65e-06
1.65e-06
1.65e-06
1.65e-06
1.65e-06
1.65e-06
1.65e-06
1.65e-06
1.65e-06
1.65e-06
1.65e-06
1.65e-06
1.65e-06
1.65e-06
1.65e-06
1.65e-06
1.65e-06
1.65e-06
1.65e-06
1.65e-06
1.65e-06
1.65e-06
1.65e-06
1.65e-06
1.65e-06
1.65e-06
1.65e-06
1.65e-06
1.65e-06
1.65e-06
1.65e-06
1.65e-06
1.65e-06
1.65e-06
1.65e-06
1.65e-06
1.65e-06
1.65e-06
1.65e-06
1.65e-06
1.65e-06
1.65e-06
1.65e-06
1.65e-06
1.65e-06
1.65e-06
1.65e-06
1.65e-06
1.65e-06
1.65e-06
1.65e-06
1.65e-06
1.65e-06
1.65e-06
1.65e-06
1.65e-06
1.65e-06
1.65e-06
1.65e-06
1.65e-06
1.65e-06
1.65e-06
1.65e-06
1.65e-06
1.65e-06
1.65e-06
1.65e-06
1.65e-06
1.65e-06
1.65e-06
1.65e-06
1.65e-06
1.65e-06
1.65e-06
1.65e-06
1.65e-06
1.65e-06
1.65e-06
1.65e-06
1.65e-06
1.65e-06
1.65e-06
1.65e-06
1.65e-06
1.65e-06
1.65e-06
1.65e-06
1.65e-06
1.65e-06
1.65e-06
1.65e-06
1.65e-06
1.65e-06
1.65e-06
1.65e-06
1.65e-06
1.65e-06
1.65e-06
1.65e-06
1.65e-06
1.65e-06
1.65e-06
1.65e-06
1.65e-06
1.65e-06
1.65e-06
1.65e-06
1.65e-06
1.65e-06
1.65e-06
1.65e-06
1.65e-06
1.65e-06
1.65e-06
1.65e-06
1.65e-06
1.65e-06
1.65e-06
1.65e-06
1.65e-06
1.65e-06
1.65e-06
1.65e-06
1.65e-06
1.65e-06
1.65e-06
1.65e-06
1.65e-06
1.65e-06
0.0
0.0
0.0
0.0
0.0
0.0
0.0
0.0
0.0
0.0
0.0
0.0
0.0
0.0
0.0
0.0
0.0
0.0
0.0
0.0
0.0
0.0
0.0
0.0
0.0
0.0
0.0
0.0
0.0
0.0
0.0
0.0
0.0
0.0
0.0
0.0
0.0
0.0
0.0
0.0
0.0
0.0
0.0
0.0
0.0
0.0
0.0
0.0
0.0
0.0
0.0
0.0
0.0
0.0
0.0
0.0
0.0
0.0
0.0
0.0
0.0
0.0
0.0
0.0
0.0
0.0
0.0
0.0
0.0
0.0
0.0
0.0
0.0
0.0
0.0
0.0
0.0
0.0
0.0
0.0
0.0
0.0
0.0
0.0
0.0
0.0
0.0
0.0
0.0
0.0
0.0
0.0
0.0
0.0
0.0
0.0
0.0
0.0
0.0
0.0
0.0
0.0
0.0
0.0
0.0
0.0
0.0
0.0
0.0
0.0
0.0
0.0
0.0
0.0
0.0
0.0
0.0
0.0
0.0
0.0
0.0
0.0
0.0
0.0
0.0
0.0
0.0
0.0
0.0
0.0
0.0
0.0
0.0
0.0
0.0
0.0
0.0
0.0
0.0
0.0
0.0
0.0
0.0
0.0
0.0
0.0
0.0
0.0
0.0
0.0
0.0
0.0
0.0
0.0
0.0
0.0
0.0
0.0
0.0
0.0
0.0
0.0
0.0
0.0
0.0
0.0
0.0
0.0
0.0
0.0
0.0
0.0
0.0
0.0
0.0
0.0
0.0
0.0
0.0
0.0
0.0
0.0
0.0
0.0
0.0
0.0
0.0
0.0
0.0
0.0
0.0
0.0
0.0
0.0
0.0
0.0
0.0
0.0
0.0
0.0
0.0
0.0
0.0
0.0
0.0
0.0
0.0
0.0
0.0
0.0
0.0
0.0
0.0
0.0
0.0
0.0
0.0
0.0
0.0
0.0
0.0
0.0
0.0
0.0
0.0
0.0
0.0
0.0
0.0
0.0
0.0
0.0
0.0
0.0
0.0
0.0
0.0
0.0
0.0
0.0
0.0
0.0
0.0
0.0
0.0
0.0
0.0
0.0
0.0
0.0
0.0
0.0
0.0
0.0
0.0
0.0
0.0
0.0
0.0
0.0
0.0
0.0
0.0
0.0
0.0
0.0
0.0
0.0
0.0
0.0
0.0
0.0
0.0
0.0
0.0
0.0
0.0
0.0
0.0
0.0
0.0
0.0
0.0
0.0
0.0
0.0
0.0
0.0
0.0
0.0
0.0
0.0
0.0
0.0
0.0
0.0
0.0
0.0
0.0
0.0
0.0
0.0
0.0
0.0
0.0
0.0
0.0
0.0
0.0
0.0
0.0
0.0
0.0
0.0
0.0
0.0
0.0
0.0
0.0
0.0
0.0
0.0
0.0
0.0
0.0
0.0
0.0
0.0
0.0
0.0
0.0
0.0
0.0
0.0
0.0
0.0
0.0
0.0
0.0
0.0
0.0
0.0
0.0
0.0
0.0
0.0
0.0
0.0
0.0
0.0
0.0
0.0
0.0
0.0
0.0
0.0
0.0
0.0
0.0
0.0
0.0
0.0
0.0
0.0
0.0
0.0
0.0
0.0
0.0
0.0
0.0
0.0
0.0
0.0
0.0
0.0
0.0
0.0
0.0
0.0
0.0
0.0
0.0
0.0
0.0
0.0
0.0
0.0
0.0
0.0
0.0
0.0
0.0
0.0
0.0
0.0
0.0
0.0
0.0
0.0
2
2
2
2
1
1
20.0
20.0
1.0
1.0
3.0
0.0
0.5
0.0
290.0
290.0
-242.0446462282427
-279.2568912331683
0.0
-0.0
