9.81
6.022e+23
0
0
0
3
0
1
296.004530051
2
2
0
0
1
1
0
1
60
7
1014.8
1.0


3
3
0
42.05
2
6.7
120
400.0
287.04
9.81
79000.0
40.0
20000.0
0.0
0.0
0.0
0.0
0.0280134
0.04401
0.0319988
0.039948
0.01604
0.01801528
0.048
99000.0
2.11538021997e+29
0.8
1e-06
1000000.0
0.6
3.0
0.0001
10000
0
1.68040762113
6.0
977.075534201
903.915119982
835.225174674
770.79598029
710.42458805
653.914702077
601.076563275
551.726833404
505.688479342
462.790657536
422.868598662
385.763492475
351.32237287
319.398003147
289.848761486
262.538526635
237.336563821
214.117410872
192.760764577
173.151367264
155.178893617
138.73783773
127.223988712
116.801886937
104.023672939
92.6434051326
82.5081471561
73.4816940006
65.4427415876
58.2832565953
51.9070246286
46.2283572194
41.1709402821
36.6668085493
32.6554322048
29.0829034397
25.9012119999
23.0675999889
20.5439872562
18.2964596485
16.2948132461
14.5121484607
12.9245085393
11.5105576156
10.2512939829
9.12979473576
8.13098834704
7.24145212605
6.44923183452
5.74368103682
5.11531802534
4.5556983984
4.05730157819
3.61342974377
3.2181178208
2.86605331858
2.55250493684
2.27325898313
2.0245627461
1.80307406386
296.004530051
291.537863385
287.071196718
282.604530051
278.137863385
273.671196718
269.204530051
264.737863385
260.271196718
255.804530051
251.337863385
246.871196718
242.404530051
237.937863385
233.471196718
229.004530051
224.74600019
221.435985136
218.782490224
216.613097185
214.84763186
213.453329862
212.772776474
212.19830359
211.856843371
212.016410851
212.920390449
214.550093663
216.806637591
219.465236487
222.254721385
224.898163929
227.253751522
229.395660418
231.269361809
232.894567276
234.317418654
235.615011423
236.792518847
237.915436069
238.992863258
240.053540694
241.151880941
242.28607924
243.552952825
244.964049285
246.571483201
248.385414355
250.379595178
252.563131255
254.86934723
257.370673254
260.096264543
263.149010476
266.561040183
270.149306301
273.585211384
276.053303582
275.891715593
264.28684024
26.1451362587
20.2798957257
15.5629407357
11.8065291655
8.8480057105
6.5460296795
4.77812624226
3.43900664094
2.43923339339
1.70395432778
1.17156499217
0.792263611158
0.526529461228
0.343587270066
0.219925621108
0.137926530632
0.0846452722035
0.0507604942118
0.0296983642948
0.0169223851718
0.00937276371817
0.00503514922717
0.00261729824958
0.00186248975438
0.00186248975438
0.00186248975438
0.00186248975438
0.00186248975438
0.00186248975438
0.00186248975438
0.00186248975438
0.00186248975438
0.00186248975438
0.00186248975438
0.00186248975438
0.00186248975438
0.00186248975438
0.00186248975438
0.00186248975438
0.00186248975438
0.00186248975438
0.00186248975438
0.00186248975438
0.00186248975438
0.00186248975438
0.00186248975438
0.00186248975438
0.00186248975438
0.00186248975438
0.00186248975438
0.00186248975438
0.00186248975438
0.00186248975438
0.00186248975438
0.00186248975438
0.00186248975438
0.00186248975438
0.00186248975438
0.00186248975438
0.00186248975438
0.812081632653
0.750490668084
0.692636058417
0.638343818601
0.587445536975
0.539778280251
0.49518449865
0.453511931186
0.414613511107
0.378347271493
0.344576251016
0.313168399861
0.283996485812
0.256938000506
0.231875065856
0.208694340651
0.187286927325
0.167548278913
0.149378106184
0.132680284962
0.117362763632
0.103337470845
0.0905202234087
0.0845393499988
0.0735045470405
0.0636769597987
0.0549245179689
0.047129599837
0.0401874515926
0.0340047795707
0.0284984965032
0.0235946049313
0.0192272027739
0.0153375976867
0.0118735183121
0.00878841181813
0.00604081828751
0.00359381354901
0.00141451296343
-0.000526370504254
-0.00225491986549
-0.00379436463071
-0.00516539298449
-0.0063864298085
-0.00747388428855
-0.00844237043322
-0.00930490346758
-0.0100730747413
-0.0107572075018
-0.0113664956255
-0.0119091271716
-0.0123923944197
-0.0128227918686
-0.0132061035139
-0.0135474805779
-0.0138515107351
-0.0141222797652
-0.0143634264604
-0.0145781915263
-0.0147694611331
0.0138163767933
0.0106524263707
0.00813251882428
0.00614179264519
0.00458431592001
0.0033792141572
0.00245809217481
0.00176326431812
0.00124644625946
0.000867680364774
0.000594362601511
0.000400309888046
0.000264853128369
0.000171966418825
0.000109452384792
6.82029945809e-05
4.15494151136e-05
2.47070824786e-05
1.43153252226e-05
8.06562567282e-06
4.40918994771e-06
2.33274499478e-06
1.15829989746e-06
1e-06
1e-06
1e-06
1e-06
1e-06
1e-06
1e-06
1e-06
1e-06
1e-06
1e-06
1e-06
1e-06
1e-06
1e-06
1e-06
1e-06
1e-06
1e-06
1e-06
1e-06
1e-06
1e-06
1e-06
1e-06
1e-06
1e-06
1e-06
1e-06
1e-06
1e-06
1e-06
1e-06
1e-06
1e-06
1e-06
1e-06
1.57234018756e+24
1.47695572637e+24
1.38601288569e+24
1.29936938379e+24
1.21688536463e+24
1.13842339402e+24
1.0638484557e+24
9.93027947373e+23
9.25831676702e+23
8.62131857198e+23
8.0180310409e+23
7.4472243011e+23
6.90769241212e+23
6.39825332226e+23
5.91774882438e+23
5.46504451094e+23
5.03902972832e+23
4.63861753031e+23
4.26274463077e+23
3.91037135543e+23
3.58048159283e+23
3.27208274431e+23
1.52684207578e+23
2.81704699291e+23
2.50885993994e+23
2.23438878161e+23
1.98994497377e+23
1.77224350178e+23
1.57835873403e+23
1.40568510522e+23
1.25190210087e+23
1.11494307248e+23
9.92967464472e+22
8.84336079429e+22
7.8758904935e+22
7.01426216893e+22
6.24689662904e+22
5.56348145451e+22
4.95483241243e+22
4.41277003186e+22
3.93000968211e+22
3.50006367655e+22
3.11715408632e+22
2.77613509234e+22
2.47242383196e+22
2.20193881116e+22
1.96104505442e+22
1.74650525527e+22
1.55543627098e+22
1.38527037682e+22
1.23372075906e+22
1.09875078309e+22
9.78546623685e+21
8.71492889435e+21
7.7615091397e+21
6.91239422099e+21
6.15617311098e+21
5.48268315734e+21
4.88287350954e+21
4.34868348689e+21
1.57275500118e+28
1.47734537573e+28
1.38637854258e+28
1.29971218245e+28
1.21720640242e+28
1.13872373203e+28
1.0641291194e+28
9.93289927265e+27
9.26075928924e+27
8.62359304181e+27
8.02014635186e+27
7.44918902225e+27
6.90951479437e+27
6.39994130468e+27
5.91931004045e+27
5.4664862949e+27
5.04035912138e+27
4.63984128693e+27
4.26386922488e+27
3.91140298668e+27
3.58142619281e+27
3.27294598274e+27
1.52724488612e+27
2.81779018415e+27
2.5095218255e+27
2.23497825639e+27
1.99046995957e+27
1.77271105373e+27
1.57877513545e+27
1.40605595202e+27
1.25223237674e+27
1.11523721593e+27
9.93229428408e+26
8.84569384313e+26
7.87796830505e+26
7.01611266635e+26
6.24854468065e+26
5.56494920803e+26
4.95613959262e+26
4.41393420555e+26
3.93104649433e+26
3.50098706073e+26
3.11797645159e+26
2.77686749023e+26
2.47307610497e+26
2.20251972502e+26
1.96156241587e+26
1.74696601698e+26
1.55584662502e+26
1.38563583782e+26
1.23404623835e+26
1.0990406547e+26
9.78804783125e+25
8.71722806039e+25
7.76355677525e+25
6.91421784368e+25
6.15779722797e+25
5.48412959472e+25
4.88416170559e+25
4.34983075333e+25
1.57234018756e+28
1.47695572637e+28
1.38601288569e+28
1.29936938379e+28
1.21688536463e+28
1.13842339402e+28
1.0638484557e+28
9.93027947373e+27
9.25831676702e+27
8.62131857198e+27
8.0180310409e+27
7.4472243011e+27
6.90769241212e+27
6.39825332226e+27
5.91774882438e+27
5.46504451094e+27
5.03902972832e+27
4.63861753031e+27
4.26274463077e+27
3.91037135543e+27
3.58048159283e+27
3.27208274431e+27
1.52684207578e+27
2.81704699291e+27
2.50885993994e+27
2.23438878161e+27
1.98994497377e+27
1.77224350178e+27
1.57835873403e+27
1.40568510522e+27
1.25190210087e+27
1.11494307248e+27
9.92967464472e+26
8.84336079429e+26
7.8758904935e+26
7.01426216893e+26
6.24689662904e+26
5.56348145451e+26
4.95483241243e+26
4.41277003186e+26
3.93000968211e+26
3.50006367655e+26
3.11715408632e+26
2.77613509234e+26
2.47242383196e+26
2.20193881116e+26
1.96104505442e+26
1.74650525527e+26
1.55543627098e+26
1.38527037682e+26
1.23372075906e+26
1.09875078309e+26
9.78546623685e+25
8.71492889435e+25
7.7615091397e+25
6.91239422099e+25
6.15617311098e+25
5.48268315734e+25
4.88287350954e+25
4.34868348689e+25
1.0
1.0
1.0
1.0
1.0
1.0
1.0
1.0
1.0
1.0
1.0
1.0
1.0
1.0
1.0
1.0
0.0
0.0
0.0
0.0
0.0
0.0
0.0
0.0
0.0
0.0
0.0
0.0
0.0
0.0
0.0
0.0
0.0
0.0
0.0
0.0
0.0
0.0
0.0
0.0
0.0
0.0
0.0
0.0
0.0
0.0
0.0
0.0
0.0
0.0
0.0
0.0
0.0
0.0
0.0
0.0
0.0
0.0
0.0
0.0
333.333333333
1000.0
1666.66666667
2333.33333333
3000.0
3666.66666667
4333.33333333
5000.0
5666.66666667
6333.33333333
7000.0
7666.66666667
8333.33333333
9000.0
9666.66666667
10333.3333333
11000.0
11666.6666667
12333.3333333
13000.0
13666.6666667
14333.3333333
15000.0
15666.6666667
16333.3333333
17000.0
17666.6666667
18333.3333333
19000.0
19666.6666667
20333.3333333
21000.0
21666.6666667
22333.3333333
23000.0
23666.6666667
24333.3333333
25000.0
25666.6666667
26333.3333333
27000.0
27666.6666667
28333.3333333
29000.0
29666.6666667
30333.3333333
31000.0
31666.6666667
32333.3333333
33000.0
33666.6666667
34333.3333333
35000.0
35666.6666667
36333.3333333
37000.0
37666.6666667
38333.3333333
39000.0
39666.6666667
461.111431369
462.475058124
459.035033588
454.963203485
450.76387667
446.655740957
441.699222218
438.190882964
434.793096139
431.635415995
428.71595052
426.027153753
423.55823925
421.292123992
419.21948952
417.323420196
415.60164104
414.065773851
412.876105435
411.94546908
411.216786634
410.644840097
410.203597298
410.023168803
409.766459429
409.588139123
409.521606024
409.524733446
409.56739497
409.614784096
409.636357368
409.612274226
409.536139361
409.415704974
409.267287355
409.1055595
408.943192301
408.788681055
408.64960028
408.528341432
408.428340811
408.349825753
408.292702353
408.257484587
408.242284639
408.248299143
408.27423384
408.319673929
408.382824735
408.460918457
408.551584362
408.651441859
408.759566979
408.875386876
408.999758775
409.132879749
409.271618579
409.408993421
409.530242022
409.60751468
409.540986588
435.313036775
435.05922087
430.122536007
424.664885204
419.182645191
413.888089035
404.886100067
400.382821428
396.065235275
392.058513272
388.356361866
384.946939016
381.815548583
378.94128183
376.311154943
373.904798341
371.716634675
369.755178452
368.177772059
366.894470072
365.845563624
364.983365007
364.279532083
363.977537778
363.498236469
363.124000712
362.885621442
362.739094113
362.653176914
362.592572732
362.526613121
362.435341755
362.311882407
362.162884769
362.002881811
361.844181479
361.696727064
361.566163945
361.457314578
361.370073301
361.305749137
361.262858917
361.24001489
361.236828705
361.25083746
361.282941588
361.331756299
361.39693151
361.476842295
361.568953637
361.671166432
361.780381295
361.895956815
362.017588441
362.146381768
362.282757201
362.423776057
362.562621387
362.684666285
362.76216788
362.695342019
25.7983945936
27.415837254
28.9124975819
30.2983182811
31.5812314793
32.7676519222
36.8131221515
37.8080615362
38.7278608648
39.5769027231
40.3595886546
41.0802147378
41.7426906671
42.3508421619
42.9083345772
43.4186218547
43.8850063655
44.3105953988
44.6983333759
45.0509990088
45.3712230102
45.6614750896
45.9240652148
46.0456310242
46.2682229594
46.4641384111
46.6359845816
46.7856393327
46.9142180564
47.0222113641
47.1097442464
47.1769324715
47.2242569539
47.2528202049
47.2644055441
47.261378021
47.2464652365
47.2225171098
47.1922857024
47.1582681313
47.1225916739
47.086966836
47.0526874632
47.0206558819
46.9914471798
46.9653575553
46.9424775409
46.922742419
46.90598244
46.8919648193
46.8804179299
46.8710605642
46.863610164
46.8577984357
46.8533770068
46.8501225482
46.8478425224
46.8463720344
46.8455757367
46.8453468002
46.8456445686
530.757042208
519.482902262
507.017958714
495.694019131
485.453159516
476.297090572
460.455598595
452.902706539
446.085599905
440.063510415
434.765152321
430.115258321
426.058628379
422.536772875
419.514685573
416.949343964
414.834302542
413.198636884
412.00075093
411.100401681
410.424376429
409.919497297
409.553688387
409.412011717
409.232627457
409.126814289
409.125823517
409.184868389
409.273202798
409.35672763
409.406281687
409.403512722
409.343673539
409.235787149
409.097566832
408.944192752
408.788924477
408.640453057
408.506637353
408.39010908
408.294358991
408.219792831
408.166207349
408.134219743
408.122050865
408.130787936
408.159353429
408.207172573
408.272545061
408.35267335
408.445171647
408.546712204
408.656308992
408.773290418
408.89873861
409.032760474
409.172215887
409.31014986
409.431841571
409.509430905
409.44312529
162.208548992
148.573194273
133.96160931
120.683891931
108.663841407
97.8873567573
76.8625914002
67.9807219087
59.9521511755
52.8240350307
46.5136789426
40.9356027166
36.0257087047
31.7174661587
27.9696930387
24.7333792658
21.9977089306
19.7874473513
18.0576625347
16.6648459006
15.5339404364
14.6095353731
13.8581706172
13.5357023427
13.0216077212
12.6147123907
12.3412295438
12.1499861924
12.0032651622
11.8595065507
11.6816271876
11.4438045305
11.1341594731
10.7564560247
10.3249686225
9.85369233791
9.35699088108
8.84617073106
8.33318413443
7.82504657335
7.32983701835
6.85217107422
6.39539540828
5.96309938334
5.55541608674
5.17468206098
4.82013300534
4.49088480025
4.18447394004
3.89693408403
3.62433162074
3.36087079859
3.10161543368
2.83968586505
2.56762146842
2.27585346322
1.95285476087
1.58755269836
1.16725267895
0.671577027339
0.0
368.548493216
370.909707989
373.056349404
375.0101272
376.789318109
378.409733815
383.593007195
384.92198463
386.13344873
387.239475385
388.251473379
389.179655604
390.032919675
390.819306716
391.544992535
392.215964699
392.836593611
393.411189533
393.943088395
394.43555578
394.890435992
395.309961923
395.69551777
395.876309375
396.211019736
396.512101899
396.784593974
397.034882197
397.269937636
397.49722108
397.724654499
397.959708191
398.209514066
398.479331125
398.77259821
399.090500415
399.431933596
399.794282326
400.173453218
400.565062507
400.964521972
401.367621756
401.77081194
402.17112036
402.566634778
402.956105875
403.339220423
403.716287773
404.088071121
404.455739266
404.820840027
405.185841405
405.554693558
405.933604553
406.331117142
406.756907011
407.219361126
407.722597162
408.264588892
408.837853877
409.44312529
69.6456108397
57.0078441377
47.9829251254
40.7308156462
34.6892828459
29.6413496155
18.7563763772
14.7118235743
11.2925037657
8.42809442054
6.04920180065
4.08810456718
2.5003891289
1.24464888273
0.295196052936
-0.374076231091
-0.767338498667
-0.867136966253
-0.875354504763
-0.84506739944
-0.792410205748
-0.725342800328
-0.649908911055
-0.611157085046
-0.533831971864
-0.461324834051
-0.395782506483
-0.339865056755
-0.294192172067
-0.25805646607
-0.230075680856
-0.208761504757
-0.192465822036
-0.179917824572
-0.169720522616
-0.161366747639
-0.154267823402
-0.148227997777
-0.142962927649
-0.138232352308
-0.133981820396
-0.1300329219
-0.126495004479
-0.123264844159
-0.120233774856
-0.117511207921
-0.114880411184
-0.112501356498
-0.110279674019
-0.108245106333
-0.106412714311
-0.104729655041
-0.103257987381
-0.102096458474
-0.101020164985
-0.100119275361
-0.0994026921105
-0.0988435610337
-0.0984004503945
-0.0980837756727
-0.0978612980358
273.104487783
286.486026597
296.160926697
303.980993273
310.518803784
316.000732277
328.023508666
332.402099519
336.113084099
339.234478241
341.842682923
344.011336299
345.789839879
347.223815672
348.341461905
349.171419075
349.718925744
349.9677311
350.120109524
350.229624171
350.311623188
350.373829634
350.421361466
350.441835436
350.476628748
350.509288322
350.544391898
350.589107921
350.649911752
350.733066182
350.844985934
350.991537224
351.177722934
351.406428744
351.677913188
351.990489141
352.339736183
352.719993214
353.124130444
353.545026728
353.975912119
354.410687842
354.844619482
355.273729322
355.695421373
356.108259527
356.511623294
356.90604671
357.292368355
357.672019553
358.046834811
358.419510496
358.794341381
359.177902576
359.5787603
360.006903738
360.470921296
360.975068688
361.517413606
362.090590853
362.695342019
342.750098623
343.493870735
344.143851822
344.711808919
345.20808663
345.642081893
346.779885044
347.113923094
347.405587865
347.662572662
347.891884724
348.099440866
348.290229007
348.468464554
348.636657957
348.797342844
348.951587246
349.100594134
349.24475502
349.384556772
349.519212982
349.648486834
349.771452555
349.830678351
349.942796776
350.047963487
350.148609392
350.249242864
350.35571958
350.475009716
350.614910253
350.78277572
350.985257112
351.22651092
351.508192666
351.829122393
352.18546836
352.571765216
352.981167516
353.406794375
353.841930299
354.28065492
354.718124477
355.150464478
355.575187598
355.990748319
356.396742883
356.793545354
357.182088681
357.563774447
357.940422097
358.314780841
358.691083394
359.075806117
359.477740135
359.906784462
360.371518604
360.876225127
361.419013156
361.992507077
362.597480721
-1.41262058336
-1.07392205661
-0.919589830426
-0.817164119374
-0.729048413093
-1.68040762113
-0.668169126668
-0.605162432411
-0.543739143709
-0.484945327242
-0.429859355757
-0.374674995249
-0.319485971399
-0.260780940528
-0.198752034205
-0.126436541974
-0.0347769748995
-0.00308318880549
0.0125093618284
0.0237184946372
0.0329655111641
0.04056523898
0.0446190922613
0.0482756624129
0.0508338939274
0.051618651111
0.049432563785
0.0454127845328
0.0403886245346
0.0349707022301
0.0299642343313
0.0258925546523
0.0229059863052
0.0210798251003
0.0189501766207
0.0172348397246
0.0167976672216
0.0172710594614
0.0225601652836
0.0159490507733
0.0145481284429
0.0185017007248
0.0291874610271
0.0050766686731
0.0372273054904
0.0126386722727
0.0273746985508
0.0157852655822
0.0628894514365
-0.0114125964313
0.0454322734123
-0.00408679121815
0.0186738619303
-0.00822681770323
0.0905223371522
0.0862555883174
-0.195859780453
0.231850637068
0.410987625239
-0.13038849298
0.0
-1.49581166664
-1.15132089098
-0.99165488432
-0.884335526407
-0.791773698698
-1.85617248604
-0.723389117032
-0.656818007834
-0.592562205361
-0.531722881639
-0.475378769519
-0.419737413431
-0.364859956434
-0.307015499109
-0.246499774538
-0.176081238027
-0.0867821044865
-0.0577367434967
-0.0451544194404
-0.0368559843235
-0.0305359418493
-0.025531577319
-0.0235681402785
-0.0217079622245
-0.0228797599879
-0.0276127716257
-0.0394947591561
-0.0603010570027
-0.0925970273207
-0.139938130988
-0.205748487997
-0.293501972618
-0.404817754453
-0.53956650106
-0.697546665978
-0.87512101862
-1.06986826662
-1.27673154299
-1.49301267422
-1.71619980249
-1.94441534089
-2.17902766618
-2.41951086051
-2.66975981194
-2.93477140894
-3.21965257123
-3.53502501833
-3.88773377283
-4.28992723792
-4.75554271732
-5.30923023623
-5.99588843585
-6.88922727266
-8.08432531524
-9.69528302818
-11.7984046986
-14.3934225177
-17.3860049399
-20.6315017302
-24.4419745909
0.0
0.0831910832795
0.0773988343719
0.0720650538941
0.067171407033
0.0627252856049
0.175764864915
0.0552199903646
0.0516555754224
0.0488230616514
0.0467775543973
0.0455194137619
0.0450624181824
0.0453739850356
0.0462345585805
0.0477477403338
0.0496446960525
0.0520051295869
0.0546535546912
0.0576637812687
0.0605744789608
0.0635014530134
0.0660968162989
0.0681872325398
0.0699836246374
0.0737136539153
0.0792314227367
0.0889273229411
0.105713841535
0.132985651855
0.174908833218
0.235712722328
0.319394527271
0.427723740759
0.56064632616
0.716496842598
0.892355858345
1.08666593384
1.29400260245
1.5155728395
1.73214885327
1.95896346933
2.1975293669
2.44869832154
2.67483648062
2.97199871443
3.2322912435
3.56239971688
3.90351903841
4.35281668936
4.74413012089
5.35466250964
5.99180164463
6.90790113459
8.07609849753
9.78580536533
11.8846602869
14.1975627373
17.6178555769
21.0424893554
24.3115860979
0.0
1014.8
939.351068402
868.479171561
801.971177787
739.620782794
681.228393307
626.601010846
575.552115703
527.901551106
483.475407579
442.105907494
403.63128983
367.89569512
334.74905062
304.046955674
275.650567297
249.426485973
225.246641668
202.988180076
182.533349079
163.76938545
146.588401785
130.887273676
123.560703748
110.043070125
98.0042757534
87.2825345119
77.7337598003
69.229628201
61.6558549741
54.9106582164
48.9033910409
43.553323398
38.7885571662
34.5450599323
30.7658044772
27.4000024022
24.4024215975
21.7327783802
19.3551961323
17.2377231648
15.3519033274
13.672393594
12.1766234846
10.8444917465
9.65809621931
8.60149325222
7.66048344186
6.82242081024
6.07604285881
5.41131921483
4.81931683585
4.29207996095
3.82252319544
3.4043362921
3.03189934951
2.70020728765
2.40480258602
2.14171538023
1.90741011198
1.69873801574
296.004530051
295.523732504
291.177544766
286.765778469
282.335545922
277.900223211
273.107717882
268.98854832
264.54429398
260.099474702
255.653724699
251.206655062
246.75961341
242.312582158
237.866794571
233.422195212
229.003472868
224.74600019
221.435985136
218.782490224
216.613097185
214.84763186
213.453329862
212.772776474
212.19830359
211.856843371
212.016410851
212.920390449
214.550093663
216.806637591
219.465236487
222.254721385
224.898163929
227.253751522
229.395660418
231.269361809
232.894567276
234.317418654
235.615011423
236.792518847
237.915436069
238.992863258
240.053540694
241.151880941
242.28607924
243.552952825
244.964049285
246.571483201
248.385414355
250.379595178
252.563131255
254.86934723
257.370673254
260.096264543
263.149010476
266.561040183
270.149306301
273.585211384
276.053303582
275.891715593
264.28684024
0.0
711.142668385
1423.12828067
2135.93761692
2849.58476499
3563.13164153
4278.43094435
4994.63050964
5711.76049214
6429.85163599
7148.93524758
7869.04830043
8590.22981488
9312.52481403
10035.9808167
10760.7263481
11487.3357582
12219.0190359
12958.2199231
13706.9548567
14467.0989346
15240.5439617
16008.8802131
16398.3431744
17203.8781435
18010.0198298
18819.5986822
19635.3740913
20459.7294689
21294.1935328
22139.2639458
22994.3854167
23858.463446
24730.6855715
25610.0319983
26495.5578802
27386.493814
28282.363534
29182.7104443
30087.3269787
30996.0401722
31908.786338
32825.7086799
33746.9435395
34672.9953828
35604.4125829
36541.9416659
37486.3677882
38438.3763061
39398.6871976
40367.7669237
41346.3573437
42335.3111725
43335.8723375
44349.4069293
45376.5850447
46416.8273672
47466.45402
48515.4662731
49520.3537636
50415.3058093
1.0
1.0
1.0
1.0
1.0
1.0
1.0
1.0
1.0
1.0
1.0
1.0
1.0
1.0
1.0
1.0
0.93
0.93
0.93
0.93
0.93
0.93
0.93
0.93
0.93
0.93
0.93
0.93
0.93
0.93
0.93
0.93
0.93
0.93
0.93
0.93
0.93
0.93
0.93
0.93
0.93
0.93
0.93
0.93
0.93
0.403154400122
0.403154400122
0.403154400122
0.403154400122
0.403154400122
0.403154400122
0.403154400122
0.403154400122
0.403154400122
0.403154400122
0.403154400122
0.403154400122
0.403154400122
0.403154400122
0.403154400122
0.403154400122
0.403154400122
0.403154400122
0.403154400122
0.403154400122
0.403154400122
0.403154400122
0.403154400122
0.403154400122
0.403154400122
0.403154400122
0.403154400122
0.403154400122
0.403154400122
0.0
0.0
0.0
0.0
0.0
0.0
0.0
0.0
0.0
0.0
0.0
0.0
0.0
0.0
0.0
0.0
0.0
0.0
0.0
0.0
0.0
0.0
0.0
0.0
0.0
0.0
0.0
0.0
0.0
0.0
0.0
0.0
0.0
0.0
0.0
0.0
0.0
0.0
0.0
0.0
0.0
0.0
0.0
0.0
0.0
0.0
0.0
0.0
0.0
0.0
0.0
0.0
0.0
0.0
0.0
0.0
0.0
0.0
0.0
0.0
1.2e-05
1.00778379299e-05
8.33087404615e-06
6.77876911274e-06
5.42935439015e-06
4.28038283172e-06
3.32165185322e-06
2.5372466304e-06
1.90769232372e-06
1.41185811626e-06
1.02851552658e-06
7.37509679387e-07
5.20549066171e-07
3.61653517726e-07
2.47320884279e-07
1.6648149315e-07
1.10308304409e-07
7.1942832121e-08
4.61853167713e-08
2.91848454494e-08
1.8152980612e-08
1.11141323626e-08
6.69792469392e-09
1e-14
1e-14
1e-14
1e-14
1e-14
1e-14
1e-14
1e-14
1e-14
1e-14
1e-14
1e-14
1e-14
1e-14
1e-14
1e-14
1e-14
1e-14
1e-14
1e-14
1e-14
1e-14
1e-14
1e-14
1e-14
1e-14
1e-14
1e-14
1e-14
1e-14
1e-14
1e-14
1e-14
1e-14
1e-14
1e-14
1e-14
0.000348
0.000348
0.000348
0.000348
0.000348
0.000348
0.000348
0.000348
0.000348
0.000348
0.000348
0.000348
0.000348
0.000348
0.000348
0.000348
0.000348
0.000348
0.000348
0.000348
0.000348
0.000348
0.000348
0.000348
0.000348
0.000348
0.000348
0.000348
0.000348
0.000348
0.000348
0.000348
0.000348
0.000348
0.000348
0.000348
0.000348
0.000348
0.000348
0.000348
0.000348
0.000348
0.000348
0.000348
0.000348
0.000348
0.000348
0.000348
0.000348
0.000348
0.000348
0.000348
0.000348
0.000348
0.000348
0.000348
0.000348
0.000348
0.000348
0.000348
1.73222973405e-42
1.25103785154e-39
6.03106916871e-37
1.97750600858e-34
4.49076009952e-32
7.18822898251e-30
8.24883061709e-28
6.89844317342e-26
4.27143246333e-24
1.98836163056e-22
7.06182042556e-21
1.94091412812e-19
4.18510489817e-18
7.17358438032e-17
9.89913194207e-16
1.11320789147e-14
1.032169947e-13
7.97983572557e-13
5.19966412341e-12
2.88515384925e-11
1.37675254767e-10
5.70332597218e-10
2.069633615e-09
3.76168670776e-09
1.12378152713e-08
2.94715228509e-08
6.88231310587e-08
1.44940586294e-07
2.78406156825e-07
4.92689475607e-07
8.10526866453e-07
1.24947986741e-06
1.81780570388e-06
2.51172880348e-06
3.31478158017e-06
4.19928901747e-06
5.12953970318e-06
6.06587324008e-06
6.96886056465e-06
7.80290509675e-06
8.53885054446e-06
9.15545083032e-06
9.63977473248e-06
9.98675470634e-06
1.01981472177e-05
1.02811686267e-05
1.02470294229e-05
1.01095315419e-05
9.88383409763e-06
9.58544145486e-06
9.22942823349e-06
8.82988909558e-06
8.39958543209e-06
7.94975389521e-06
7.49004054649e-06
7.02852697232e-06
6.57181930285e-06
6.12517641501e-06
5.69265889683e-06
5.27728513738e-06
3.06e-07
3.06e-07
3.06e-07
3.06e-07
3.06e-07
3.06e-07
3.06e-07
3.06e-07
3.06e-07
3.06e-07
3.06e-07
3.06e-07
3.06e-07
3.06e-07
3.06e-07
3.06e-07
3.06e-07
3.06e-07
3.06e-07
3.06e-07
3.06e-07
3.06e-07
3.06e-07
3.06e-07
3.06e-07
3.06e-07
3.06e-07
3.06e-07
3.06e-07
3.06e-07
3.06e-07
3.06e-07
3.06e-07
3.06e-07
3.06e-07
3.06e-07
3.06e-07
3.06e-07
3.06e-07
3.06e-07
3.06e-07
3.06e-07
3.06e-07
3.06e-07
3.06e-07
3.06e-07
3.06e-07
3.06e-07
3.06e-07
3.06e-07
3.06e-07
3.06e-07
3.06e-07
3.06e-07
3.06e-07
3.06e-07
3.06e-07
3.06e-07
3.06e-07
3.06e-07
0.0
0.0
0.0
0.0
0.0
0.0
0.0
0.0
0.0
0.0
0.0
0.0
0.0
0.0
0.0
0.0
0.0
0.0
0.0
0.0
0.0
0.0
0.0
0.0
0.0
0.0
0.0
0.0
0.0
0.0
0.0
0.0
0.0
0.0
0.0
0.0
0.0
0.0
0.0
0.0
0.0
0.0
0.0
0.0
0.0
0.0
0.0
0.0
0.0
0.0
0.0
0.0
0.0
0.0
0.0
0.0
0.0
0.0
0.0
0.0
1.65e-06
1.65e-06
1.65e-06
1.65e-06
1.65e-06
1.65e-06
1.65e-06
1.65e-06
1.65e-06
1.65e-06
1.65e-06
1.65e-06
1.65e-06
1.65e-06
1.65e-06
1.65e-06
1.65e-06
1.65e-06
1.65e-06
1.65e-06
1.65e-06
1.65e-06
1.65e-06
1.65e-06
1.65e-06
1.65e-06
1.65e-06
1.65e-06
1.65e-06
1.65e-06
1.65e-06
1.65e-06
1.65e-06
1.65e-06
1.65e-06
1.65e-06
1.65e-06
1.65e-06
1.65e-06
1.65e-06
1.65e-06
1.65e-06
1.65e-06
1.65e-06
1.65e-06
1.65e-06
1.65e-06
1.65e-06
1.65e-06
1.65e-06
1.65e-06
1.65e-06
1.65e-06
1.65e-06
1.65e-06
1.65e-06
1.65e-06
1.65e-06
1.65e-06
1.65e-06
0.0
0.0
0.0
0.0
0.0
0.0
0.0
0.0
0.0
0.0
0.0
0.0
0.0
0.0
0.0
0.0
0.0
0.0
0.0
0.0
0.0
0.0
0.0
0.0
0.0
0.0
0.0
0.0
0.0
0.0
0.0
0.0
0.0
0.0
0.0
0.0
0.0
0.0
0.0
0.0
0.0
0.0
0.0
0.0
0.0
0.0
0.0
0.0
0.0
0.0
0.0
0.0
0.0
0.0
0.0
0.0
0.0
0.0
0.0
0.0
